0.9999999999918865 0.11538461538461539 0.6 0.1935483870967742
1.0 0.08196721311475409 0.5 0.14084507042253522
0.9999999943938118 0.0 0.0 0.0
1.0 0.0967741935483871 0.6 0.16666666666666666
0.9999999999999982 0.06779661016949153 0.4 0.11594202898550726
1.0 0.1016949152542373 0.6 0.17391304347826086
0.9999999999998739 0.1111111111111111 0.6 0.18750000000000003
0.9999999999999982 0.11538461538461539 0.6 0.1935483870967742
0.9999999999999987 0.08620689655172414 0.5 0.14705882352941177
0.9999999999999232 0.07142857142857142 0.4 0.12121212121212122
0.9999999999999956 0.09615384615384616 0.5 0.16129032258064518
0.9999999999999858 0.18 0.9 0.3
1.0 0.0 0.0 0.0
0.9999999999994849 0.14545454545454545 0.8 0.24615384615384614
0.9999999999997984 0.07407407407407407 0.4 0.125
0.9999999999999973 0.06896551724137931 0.4 0.1176470588235294
0.9999998938751812 0.0 0.0 0.0
0.9999999998854379 0.13333333333333333 0.8 0.2285714285714286
1.0 0.07017543859649122 0.4 0.11940298507462686
1.0 0.09090909090909091 0.5 0.15384615384615385
0.9999999994741087 0.11764705882352941 0.6 0.19672131147540983
0.9999999999999747 0.08928571428571429 0.5 0.15151515151515152
0.9999999999986819 0.07017543859649122 0.4 0.11940298507462686
0.9999912690761384 0.07407407407407407 0.4 0.125
0.999999999999992 0.14035087719298245 0.8 0.23880597014925373
0.9999999983995354 0.13793103448275862 0.8 0.2352941176470588
0.9999999999999996 0.09803921568627451 0.5 0.1639344262295082
1.0 0.11475409836065574 0.7 0.1971830985915493
1.0 0.08955223880597014 0.6 0.1558441558441558
0.999999999999746 0.0847457627118644 0.5 0.14492753623188406
0.9999999999999987 0.14545454545454545 0.8 0.24615384615384614
0.999999889019342 0.08771929824561403 0.5 0.14925373134328357
0.9999999999999987 0.0847457627118644 0.5 0.14492753623188406
0.9999999997861502 0.03636363636363636 0.2 0.061538461538461535
0.9999999999999996 0.10344827586206896 0.6 0.17647058823529413
1.0 0.07407407407407407 0.4 0.125
0.9999999981926764 0.07692307692307693 0.4 0.12903225806451613
0.999999999999873 0.09803921568627451 0.5 0.1639344262295082
0.9999999997326086 0.1 0.5 0.16666666666666669
0.999999999999952 0.10606060606060606 0.7 0.18421052631578946
1.0 0.08771929824561403 0.5 0.14925373134328357
0.9999999999999916 0.07017543859649122 0.4 0.11940298507462686
1.0 0.08771929824561403 0.5 0.14925373134328357
1.0 0.08064516129032258 0.5 0.13888888888888887
0.9999999999881266 0.0 0.0 0.0
0.9999999999999778 0.07017543859649122 0.4 0.11940298507462686
0.9999923419912549 0.10714285714285714 0.6 0.18181818181818182
0.999999998946524 0.05084745762711865 0.3 0.08695652173913043
0.999999999816052 0.07272727272727272 0.4 0.12307692307692307
0.9999999999999831 0.06666666666666667 0.4 0.1142857142857143
0.9999999999999698 0.07272727272727272 0.4 0.12307692307692307
1.0 0.08771929824561403 0.5 0.14925373134328357
0.9999999999951594 0.08620689655172414 0.5 0.14705882352941177
1.0 0.05172413793103448 0.3 0.08823529411764706
0.9999999999999991 0.12727272727272726 0.7 0.2153846153846154
0.9999999999771885 0.1111111111111111 0.6 0.18750000000000003
0.9999999987182147 0.10204081632653061 0.5 0.1694915254237288
0.9999999921253635 0.058823529411764705 0.3 0.09836065573770492
0.9999999999999996 0.11320754716981132 0.6 0.1904761904761905
0.9999999999999787 0.08928571428571429 0.5 0.15151515151515152
0.9999999999463078 0.07547169811320754 0.4 0.12698412698412698
1.0 0.13114754098360656 0.8 0.22535211267605634
1.0 0.14035087719298245 0.8 0.23880597014925373
0.9999999998946629 0.07142857142857142 0.4 0.12121212121212122
0.9999999999999993 0.0 0.0 0.0
0.9999999999999996 0.07692307692307693 0.4 0.12903225806451613
0.9999999999998122 0.07142857142857142 0.4 0.12121212121212122
0.9999998478461922 0.043478260869565216 0.2 0.07142857142857142
0.9999999999937161 0.03773584905660377 0.2 0.06349206349206349
0.9999999999102485 0.02 0.1 0.03333333333333333
0.9999999999986895 0.10714285714285714 0.6 0.18181818181818182
0.9999999999998193 0.1016949152542373 0.6 0.17391304347826086
0.9999999999999916 0.10909090909090909 0.6 0.1846153846153846
0.999999973525924 0.12727272727272726 0.7 0.2153846153846154
0.9999999999999991 0.14545454545454545 0.8 0.24615384615384614
0.9999999999948803 0.0 0.0 0.0
0.9999999966328859 0.07407407407407407 0.4 0.125
0.9999999999444404 0.11764705882352941 0.6 0.19672131147540983
1.0 0.1 0.6 0.17142857142857143
0.9999999999999982 0.038461538461538464 0.2 0.06451612903225806
1.0 0.11864406779661017 0.7 0.20289855072463767
1.0 0.10526315789473684 0.6 0.17910447761194026
0.9999999983311931 0.08928571428571429 0.5 0.15151515151515152
0.9999999724050996 0.1 0.5 0.16666666666666669
0.999999999997419 0.125 0.7 0.21212121212121213
1.0 0.08196721311475409 0.5 0.14084507042253522
0.9999999999961586 0.08771929824561403 0.5 0.14925373134328357
1.0 0.09836065573770492 0.6 0.16901408450704225
0.999722499818591 0.0 0.0 0.0
0.9999999604442928 0.11764705882352941 0.6 0.19672131147540983
0.999999999999309 0.1320754716981132 0.7 0.22222222222222224
0.9999999995755635 0.0 0.0 0.0
0.99999999999994 0.10714285714285714 0.6 0.18181818181818182
1.0 0.15517241379310345 0.9 0.2647058823529411
0.9999999999819784 0.09433962264150944 0.5 0.15873015873015875
0.9999999999932943 0.0 0.0 0.0
0.9999999325472084 0.10416666666666667 0.5 0.1724137931034483
1.0 0.06666666666666667 0.4 0.1142857142857143
0.9999999999999769 0.11666666666666667 0.7 0.2
0.9999999999999516 0.1206896551724138 0.7 0.2058823529411765
