0.99999945899441 0.10526315789473684 0.6 0.17910447761194026
1.0 0.07462686567164178 0.5 0.12987012987012986
0.9999998037381238 0.0 0.0 0.0
0.9999999999996749 0.08823529411764706 0.6 0.15384615384615385
0.9999999999999578 0.06666666666666667 0.4 0.1142857142857143
1.0 0.09090909090909091 0.6 0.15789473684210525
0.9999999999988227 0.10344827586206896 0.6 0.17647058823529413
0.9999999999738822 0.10344827586206896 0.6 0.17647058823529413
0.9999999999993872 0.07692307692307693 0.5 0.13333333333333336
0.9999999999871725 0.06666666666666667 0.4 0.1142857142857143
0.9999999999753997 0.0847457627118644 0.5 0.14492753623188406
0.9999999999998357 0.15789473684210525 0.9 0.26865671641791045
0.9999999999999847 0.0 0.0 0.0
0.9999999999972049 0.13333333333333333 0.8 0.2285714285714286
0.9999999999750084 0.07017543859649122 0.4 0.11940298507462686
0.9999999999999178 0.06896551724137931 0.4 0.1176470588235294
0.9999996085273225 0.0 0.0 0.0
0.9999999998113296 0.12903225806451613 0.8 0.2222222222222222
0.9999999999999951 0.06451612903225806 0.4 0.1111111111111111
0.9999999999999973 0.08196721311475409 0.5 0.14084507042253522
0.9999999632433562 0.10714285714285714 0.6 0.18181818181818182
0.9999999999999116 0.08928571428571429 0.5 0.15151515151515152
0.9999999999603317 0.047619047619047616 0.3 0.0821917808219178
0.9999991473156963 0.07407407407407407 0.4 0.125
0.9999999999975051 0.12698412698412698 0.8 0.2191780821917808
0.9999999989541153 0.11666666666666667 0.7 0.2
0.9999999999998699 0.08928571428571429 0.5 0.15151515151515152
1.0 0.07462686567164178 0.5 0.12987012987012986
1.0 0.08108108108108109 0.6 0.14285714285714288
0.9999999999968718 0.07936507936507936 0.5 0.13698630136986303
0.999999999999996 0.14035087719298245 0.8 0.23880597014925373
0.9999771309701584 0.08196721311475409 0.5 0.14084507042253522
0.9999999999999307 0.078125 0.5 0.13513513513513514
0.9999999999553677 0.03571428571428571 0.2 0.06060606060606061
0.9999999999999964 0.09836065573770492 0.6 0.16901408450704225
0.9999999999999765 0.06557377049180328 0.4 0.11267605633802817
0.9999999881120649 0.05084745762711865 0.3 0.08695652173913043
0.9999999999898832 0.08333333333333333 0.5 0.14285714285714285
0.9999999756586145 0.08771929824561403 0.5 0.14925373134328357
0.9999999999998219 0.10294117647058823 0.7 0.1794871794871795
1.0 0.07936507936507936 0.5 0.13698630136986303
0.9999999999991305 0.06557377049180328 0.4 0.11267605633802817
1.0 0.08196721311475409 0.5 0.14084507042253522
0.9999999999999996 0.07462686567164178 0.5 0.12987012987012986
0.9999999909082082 0.0 0.0 0.0
0.9999999999952935 0.06153846153846154 0.4 0.10666666666666667
0.9999988354859621 0.10909090909090909 0.6 0.1846153846153846
0.999999986473239 0.04838709677419355 0.3 0.08333333333333333
0.9999999998296922 0.06896551724137931 0.4 0.1176470588235294
0.9999999999999822 0.06557377049180328 0.4 0.11267605633802817
0.999999999999396 0.06557377049180328 0.4 0.11267605633802817
0.999999999999964 0.06451612903225806 0.4 0.1111111111111111
0.9999999998941589 0.08064516129032258 0.5 0.13888888888888887
1.0 0.04838709677419355 0.3 0.08333333333333333
0.9999999999999409 0.11666666666666667 0.7 0.2
0.9999999999024562 0.1111111111111111 0.6 0.18750000000000003
0.9999999969038638 0.09259259259259259 0.5 0.15625
0.999999977782528 0.05555555555555555 0.3 0.09375000000000001
0.9999999999990483 0.09836065573770492 0.6 0.16901408450704225
0.9999999999997375 0.06451612903225806 0.4 0.1111111111111111
0.9999998387843522 0.06666666666666667 0.4 0.1142857142857143
0.9999999999999996 0.11940298507462686 0.8 0.20779220779220778
0.9999999999999245 0.12121212121212122 0.8 0.2105263157894737
0.9999999982900092 0.06666666666666667 0.4 0.1142857142857143
0.9999999999999838 0.0 0.0 0.0
0.9999999999999933 0.07017543859649122 0.4 0.11940298507462686
0.9999999999318772 0.06451612903225806 0.4 0.1111111111111111
0.9999982214162443 0.03773584905660377 0.2 0.06349206349206349
0.9999999999912625 0.03571428571428571 0.2 0.06060606060606061
0.9999999999999207 0.0 0.0 0.0
0.9999999999609206 0.1 0.6 0.17142857142857143
0.9999999999856821 0.09230769230769231 0.6 0.16
0.9999999999988409 0.09836065573770492 0.6 0.16901408450704225
0.999999985152225 0.12280701754385964 0.7 0.208955223880597
0.9999999999999938 0.11864406779661017 0.7 0.20289855072463767
0.9999999997402451 0.0 0.0 0.0
0.9999999915655371 0.05555555555555555 0.3 0.09375000000000001
0.9999999966302617 0.08928571428571429 0.5 0.15151515151515152
0.9999999999999947 0.09375 0.6 0.16216216216216214
0.9999999999999933 0.03571428571428571 0.2 0.06060606060606061
1.0 0.11475409836065574 0.7 0.1971830985915493
0.9999999999999996 0.1016949152542373 0.6 0.17391304347826086
0.9999999974980986 0.08771929824561403 0.5 0.14925373134328357
0.9999986720389212 0.09259259259259259 0.5 0.15625
0.9999999999343858 0.11666666666666667 0.7 0.2
1.0 0.07692307692307693 0.5 0.13333333333333336
0.9999999999973213 0.08333333333333333 0.5 0.14285714285714285
0.9999999999999996 0.09230769230769231 0.6 0.16
0.9783039046213694 0.0 0.0 0.0
0.9999990215092986 0.08771929824561403 0.5 0.14925373134328357
0.9999999999931859 0.11864406779661017 0.7 0.20289855072463767
0.999999751500252 0.0 0.0 0.0
0.9999999999999263 0.10714285714285714 0.6 0.18181818181818182
0.9999999999999991 0.140625 0.9 0.24324324324324326
0.9999999996875579 0.06896551724137931 0.4 0.1176470588235294
0.9999999959040526 0.0 0.0 0.0
0.9999139026043566 0.09615384615384616 0.5 0.16129032258064518
1.0 0.06153846153846154 0.4 0.10666666666666667
0.9999999999872382 0.10294117647058823 0.7 0.1794871794871795
0.9999999999893991 0.1111111111111111 0.7 0.19178082191780818
