1.0 0.992 0.9959839357429718 9238.90315571113
1.0 0.9973333333333333 0.9986648865153538 9649.436335998023
1.0 0.9946666666666667 0.9973262032085561 9464.4982331315
1.0 0.9946666666666667 0.9973262032085561 9283.751406354893
1.0 0.9973333333333333 0.9986648865153538 9479.20274873098
1.0 0.992 0.9959839357429718 9347.211856655682
1.0 0.9973333333333333 0.9986648865153538 9425.898112703018
1.0 0.9973333333333333 0.9986648865153538 9610.350450643984
1.0 0.9973333333333333 0.9986648865153538 9342.012646552932
1.0 0.9946666666666667 0.9973262032085561 9209.032428506998
1.0 0.9946666666666667 0.9973262032085561 9199.022754819503
1.0 0.992 0.9959839357429718 9236.558853592476
1.0 0.9946666666666667 0.9973262032085561 9218.953862154733
1.0 0.9946666666666667 0.9973262032085561 9460.034306451385
1.0 0.9946666666666667 0.9973262032085561 9193.376894814466
1.0 0.9973333333333333 0.9986648865153538 9172.283719340474
1.0 0.9946666666666667 0.9973262032085561 9460.161598638191
1.0 0.9946666666666667 0.9973262032085561 9313.738312205149
1.0 1.0 1.0 9246.612134331299
1.0 1.0 1.0 9272.589177468779
1.0 0.9946666666666667 0.9973262032085561 9227.161407640959
1.0 0.9973333333333333 0.9986648865153538 9399.221870593863
1.0 0.9946666666666667 0.9973262032085561 9496.936094023362
1.0 0.9973333333333333 0.9986648865153538 9159.669269730448
1.0 0.9973333333333333 0.9986648865153538 9065.335416553864
1.0 0.9973333333333333 0.9986648865153538 9427.971129127965
1.0 0.9946666666666667 0.9973262032085561 9172.89850819455
1.0 1.0 1.0 9167.700209566532
1.0 0.992 0.9959839357429718 9243.004513495222
1.0 0.9973333333333333 0.9986648865153538 8837.673330202973
1.0 1.0 1.0 9490.169631773215
1.0 0.9946666666666667 0.9973262032085561 9090.221109490041
1.0 0.9973333333333333 0.9986648865153538 9340.851159097992
1.0 0.9946666666666667 0.9973262032085561 9403.308947881273
1.0 0.9973333333333333 0.9986648865153538 9192.711075255953
1.0 0.9946666666666667 0.9973262032085561 9180.856560293065
1.0 0.9946666666666667 0.9973262032085561 9495.140984195981
1.0 0.9973333333333333 0.9986648865153538 9241.39692928866
1.0 0.9973333333333333 0.9986648865153538 9494.004584589975
1.0 0.9973333333333333 0.9986648865153538 9832.425513321774
1.0 0.992 0.9959839357429718 9326.29809488433
1.0 0.9973333333333333 0.9986648865153538 9183.329133570809
1.0 1.0 1.0 9540.006033023148
1.0 0.9946666666666667 0.9973262032085561 9460.235186362017
1.0 0.992 0.9959839357429718 9318.719370285033
1.0 0.9973333333333333 0.9986648865153538 9528.349267553374
1.0 0.9973333333333333 0.9986648865153538 9022.720894538836
1.0 0.9946666666666667 0.9973262032085561 9284.725979326267
1.0 0.9973333333333333 0.9986648865153538 9357.51991139943
1.0 0.9973333333333333 0.9986648865153538 9276.295067132425
