#################################################################
#APDM Input Graph, this input graph includes 3 sections:
#section1 : general information
#section2 : nodes
#section3 : edges
#section4 : trueSubGraph (Optional)
#
#if nodes haven't information set weight to null
#################################################################
SECTION1 (General Information)
numNodes = 100
numEdges = 200
usedAlgorithm = NULL
dataSource = SimulationData2
END
#################################################################
SECTION2 (Nodes Information)
NodeID Base Counts
0 0.866205 -0.814082 0.268415 -0.701612 -0.325939 -1.315519 -0.190443 0.283703 -0.528236 1.272871 -1.610804 -0.744903 -1.000100 0.974532 -0.137355 -0.877010 1.013292 0.374213 -1.262415 2.349248 0.853660 -0.864305 0.734320 -1.175554 1.629478 1.109131 0.257678 0.358981 -1.005981 0.854465 -0.546951 -0.301549 1.533233 -0.234393 -1.543093 2.009425 -1.843672 0.405380 1.409849 1.129349 -0.074410 1.049215 -0.264050 -0.245660 1.238281 -0.637938 1.096762 0.810183 0.335642 -0.019685
1 1.146947 0.918752 -0.764659 -0.478883 0.641283 -1.581790 -1.418789 0.314028 -1.485324 -0.595729 1.047636 2.076155 -1.081675 -0.905488 0.354737 -2.288070 0.399837 -0.668315 -0.544824 2.121126 -1.518643 0.020771 1.650302 0.912699 0.276593 0.059993 -1.867246 -0.473377 0.081618 0.521248 0.682854 0.133617 -0.699766 0.660046 0.284491 -0.622552 2.762817 0.825053 1.053441 -0.300177 1.109301 -0.502195 0.789224 -0.152216 0.729851 1.486504 1.203141 -0.493951 2.424504 0.195317
2 1.362486 -0.767420 -0.635829 0.858278 0.732610 0.647678 -2.277152 -0.005728 -0.968944 -1.253745 -0.855499 -0.238669 0.668546 0.776523 0.283724 2.316398 0.880149 1.788899 -0.449986 1.331880 -0.474196 -0.808139 1.251060 0.218504 0.552750 -0.810550 0.127347 1.089438 -1.259705 -0.141730 -0.194434 -2.406428 0.665040 2.628913 0.854762 0.743630 -0.012587 0.100555 -0.015697 -0.707225 -0.128159 -0.851187 0.444115 0.555982 -0.285594 -0.876118 -1.330604 -1.026361 0.704525 0.305515
3 -0.337989 0.227193 0.799787 0.895356 -0.301042 0.551058 -0.140896 1.881928 -0.087770 0.627158 -1.840801 -0.667430 0.608171 -1.079904 0.146109 -0.020681 0.038080 0.395123 -0.204550 -0.420481 0.127291 0.285204 -0.796876 0.423473 -1.071535 0.707105 2.428712 -0.876682 0.167376 -1.979142 1.275794 -0.629332 -0.261969 -1.236708 0.084353 1.675086 2.008071 0.751918 -1.840143 -0.948102 1.063087 0.752593 -0.915702 0.084520 1.029841 0.778346 -2.587213 0.499847 -0.907255 0.039261
4 -0.518970 3.352431 0.276049 1.817403 -0.848782 -0.136530 -0.582564 -0.724786 -0.677181 1.329476 0.810291 -1.253076 1.111556 -0.259147 0.563021 -1.297298 -0.073984 -0.454836 0.151197 0.280084 -0.119203 -1.339507 2.206195 -0.135065 -0.784213 -0.519605 0.145749 1.045797 0.505598 -0.523596 1.023080 0.030690 -0.802677 2.166668 -2.076492 0.612575 0.848770 0.275771 -0.429268 1.118662 1.041053 -0.575435 1.566592 -0.319585 0.978266 -0.613761 0.155959 0.218762 -0.305277 2.013175
5 -2.337721 0.693721 0.300577 1.403752 -0.612014 -0.139822 0.149337 0.276386 3.006620 -1.352157 0.341162 -0.411143 0.777269 1.039473 1.491182 -0.038499 -1.314262 0.324735 0.866177 -0.611602 -0.520484 0.312941 0.780472 0.455069 1.527939 1.164041 0.757940 0.218550 -0.078528 0.135753 -0.712547 0.260070 1.330816 0.817742 0.529288 1.128635 -0.760219 0.813400 0.366198 -1.260301 0.030762 -0.276061 0.016889 -1.338511 -0.423208 -0.625371 -0.491030 -0.971865 1.269293 0.322764
6 -0.363350 0.435052 1.298135 -0.264515 -0.426515 -0.596726 -2.809715 -0.466922 -0.531825 -0.409497 1.010127 -1.640287 0.926113 -0.956111 -0.403531 -0.477983 -0.484441 0.118019 -1.368960 1.021961 1.016696 1.827185 -0.098295 -1.493113 -1.520662 1.473868 1.890690 0.823050 -1.606810 -0.374614 1.046271 -1.330840 0.187897 0.828900 0.903430 -0.906122 0.009197 1.528549 -0.043489 -1.623314 0.787957 -0.356609 -0.001847 1.718530 -1.300943 -0.585529 0.412301 0.393692 -1.628999 -0.649604
7 -0.182961 9.648299 9.582857 9.647767 8.955799 11.222886 11.202461 7.733335 10.102009 10.278461 11.918272 11.503607 9.723197 10.847422 9.113163 10.057533 8.997162 10.170170 10.371391 9.746082 9.953125 10.798430 9.613493 8.947598 7.824055 9.152684 10.822711 9.880760 10.252594 10.769411 9.570178 10.169370 9.726442 8.963365 10.482432 9.953000 8.167684 11.704430 8.591992 10.351395 8.334690 9.619451 10.262276 9.585349 9.225184 10.282293 10.222880 10.227534 11.536243 10.416616
8 0.399599 10.483022 10.198841 12.193291 10.140129 9.079222 10.059769 10.109976 10.546714 10.958448 8.200585 12.308171 9.615677 9.485822 10.188899 10.223093 9.849780 10.225548 9.687344 12.289256 9.735113 10.872487 8.210712 8.786939 9.301579 9.655700 10.281017 10.391923 8.250863 9.745577 9.635613 10.180072 10.300867 10.587079 11.517817 10.396848 9.922337 11.624801 10.635060 8.088284 8.022806 8.982205 10.554939 9.069669 10.372819 9.237163 11.617545 11.144668 8.676152 8.607641
9 0.627304 0.112967 0.713961 -0.819296 -0.091669 -0.604128 0.124961 0.338409 -0.641069 0.155793 0.338860 -0.936025 0.180672 -0.250998 -0.615880 -1.651246 1.147992 0.483265 0.500394 -0.737132 0.819873 -1.304670 -0.760664 -1.079037 1.194871 -0.752752 0.340676 0.634911 0.709052 -2.114995 -0.572032 0.961672 0.243566 -0.913346 0.835776 -0.746363 -2.109357 -1.122106 -1.963241 -1.472927 0.271383 -1.000269 1.503000 -1.342626 -0.158529 -1.194159 0.180136 0.539954 0.921857 0.713407
10 -1.496672 -0.450851 0.215127 1.112831 -1.036828 0.959871 -2.360987 1.350666 -1.811578 0.128127 -0.521174 0.713292 -0.257296 -0.031739 0.098659 -1.019458 0.787601 -0.251680 -0.180030 0.256364 0.118230 0.099383 0.799575 0.466378 -0.206920 1.337052 1.851895 -0.214114 -1.051969 -0.250941 -0.965974 0.557210 -1.340847 0.097187 -1.081593 0.557986 1.288659 0.122300 1.790872 1.153812 -2.254313 -0.213600 1.446004 -0.211697 1.554925 0.382109 -0.538147 -0.768167 0.401274 -0.869294
11 -0.948485 0.200977 -0.208587 0.710982 -1.132537 -0.484369 1.103161 -0.771702 -0.341918 2.403188 0.250996 -2.136785 0.617445 2.513996 -1.593423 0.236840 0.934743 -0.446438 0.266413 -0.097253 -0.135528 1.323732 0.085217 0.093805 -1.718963 1.292537 -0.355797 -1.763705 -0.022704 0.408772 0.569708 -0.360103 -1.241925 -2.007176 1.658910 -0.044955 -0.922971 0.733019 -0.111685 -0.470665 -0.918015 0.008565 0.063767 1.349367 -0.856677 3.086196 0.743755 0.160663 -1.092033 0.507714
12 -1.165847 -2.145341 2.030911 -0.804417 -1.038689 1.439216 -0.299444 0.838514 0.292972 -0.590481 0.481641 -0.526349 0.796645 1.316130 0.604232 0.751649 0.162644 -0.592051 -0.684166 1.357937 -0.928881 -0.177322 0.528526 0.209630 0.954238 -0.102384 -1.358651 -0.846429 -0.409351 1.078943 0.502717 -0.771570 -0.105467 0.677350 -0.502246 0.921537 -1.129072 -0.286640 0.292976 -0.443393 0.407438 -0.799946 -0.363637 -1.179049 -0.278237 0.169399 0.371983 -0.472629 -0.634075 1.616018
13 -0.005657 0.105364 -0.235149 -2.072645 0.209918 -0.807834 1.205965 0.018274 -0.580878 -0.748615 -2.323879 -0.038919 -1.144784 -0.281908 -0.258553 1.404413 1.111220 0.156978 -1.951203 0.352198 0.618371 -0.163046 0.060205 0.230274 0.080995 0.071850 2.337991 0.388690 -0.473521 0.565616 -0.036479 1.744822 -0.272324 1.556511 1.159753 0.194534 0.327744 -1.064293 -0.647095 -0.196757 0.852451 -2.283465 -1.498416 -1.952976 0.331334 0.390645 -0.226963 1.461194 0.010565 1.727407
14 0.714434 0.805954 -0.604486 -0.357494 0.968644 -0.997739 -0.178058 -2.510246 -0.242074 -0.060435 0.483710 -0.581335 1.855547 1.598531 0.852384 -0.624834 1.141777 -0.483616 0.004183 0.761360 -0.604591 1.981997 2.288958 0.776494 2.120436 -0.821848 -1.249606 0.532740 -0.891264 -1.035081 -0.608827 -0.972555 0.263917 -2.080105 0.134987 -0.829226 1.139447 0.334117 0.883063 2.904749 1.376724 0.709604 -1.554985 0.339263 -0.384125 0.367306 0.106969 0.175948 -1.144653 1.651906
15 1.468815 -0.053776 0.382070 -0.651015 0.863426 1.157665 -0.005644 -0.330752 -0.374523 -2.463984 0.485092 -1.984091 -0.503272 -0.873986 0.209244 1.086543 -1.393611 0.327937 -0.334067 -2.412530 0.846665 -2.579720 -1.303437 1.657169 0.875690 -0.827983 0.485727 -0.928912 -1.535237 -0.323953 -1.622869 -0.269757 -0.144989 -1.215714 0.688022 1.099483 -0.431924 0.360405 0.982900 -0.038485 -1.457684 -0.430222 0.911272 0.250838 0.113746 1.517558 -1.540789 0.458818 -1.327529 0.040387
16 -0.521796 10.828042 10.250954 8.386185 8.920433 8.949070 8.072026 9.473560 8.315186 8.854455 8.657439 10.391969 9.441424 9.739831 10.192095 8.560922 8.808674 8.815565 8.668764 9.449636 10.602840 10.022992 10.694848 9.918485 9.902278 8.944213 10.070241 9.716253 7.770549 9.772791 10.021406 8.231213 8.749495 10.558624 9.807136 8.889699 9.335794 11.273324 11.686320 10.453111 8.676108 8.853278 9.772112 9.272422 11.019954 9.530825 11.780319 8.984357 11.349090 9.341801
17 1.081931 9.304972 8.102938 10.565574 10.376187 10.031309 8.673380 9.060205 10.985105 9.544318 11.716761 8.421854 10.933462 11.531534 9.878268 10.242525 10.190486 11.314676 9.639947 10.909934 8.837836 9.284855 10.005749 9.931451 11.630079 8.294858 8.095996 9.248249 8.920466 9.607219 10.328942 8.702631 9.836344 10.923795 9.778314 9.659110 9.405706 9.022202 10.197139 10.467208 10.494296 9.127917 8.808247 10.461324 9.477684 9.298823 9.139362 10.711241 10.362858 10.391269
18 -0.433611 8.519056 10.055993 9.824924 10.239304 9.305491 9.871985 7.934225 11.440509 9.724068 10.293697 9.340838 8.197400 10.138871 9.190568 9.667316 9.764294 12.153131 11.208487 10.165735 10.232809 11.395480 9.968687 10.927166 10.693651 10.672020 11.772593 10.105840 10.825223 9.484571 11.847427 9.994820 10.918989 9.840038 9.560716 10.831758 9.390765 11.168427 9.337421 11.236467 9.685107 10.761323 11.243824 9.880966 7.902459 10.145598 9.567639 11.350843 10.155422 9.986005
19 -0.849578 10.213495 10.605659 10.315301 8.233104 11.179418 10.428594 9.977124 10.714264 10.208710 11.295730 9.500898 8.576788 11.029361 9.635895 10.288808 9.735783 10.278850 10.510573 9.919664 10.950043 10.756527 8.951389 9.158193 9.922870 8.977224 11.121334 9.478553 10.184323 9.295808 10.448912 9.554836 8.826404 10.983242 11.023980 8.929177 10.357181 8.820529 9.521627 9.346749 11.637072 12.458478 10.895317 10.455640 11.076242 10.063944 9.746094 10.456486 10.597314 11.971306
20 0.654742 -0.051598 -0.045560 -0.511156 -1.558211 -1.014148 0.845973 -1.394195 -1.194399 1.071884 -0.357854 -0.106833 -0.031861 -0.035584 -0.164497 0.280950 1.301131 -0.339093 1.084871 1.254230 0.258422 -0.890404 0.870693 0.896354 -0.568777 -0.373324 1.340324 -0.819752 -0.462348 0.257131 -2.326200 -0.686556 1.129302 -0.365229 1.309835 0.620616 0.418843 -1.369562 -0.726721 0.166607 0.400072 -0.473646 0.834667 -1.298387 0.330301 -1.319021 -1.232103 1.100117 1.656097 -1.107648
21 0.729461 1.457879 -1.835227 3.809719 -0.111355 -0.752970 -0.885123 0.179245 0.432376 0.163832 -0.209895 0.153808 0.320952 -0.922760 -1.317146 -0.708466 -1.067795 0.741195 -0.143793 1.106907 1.133139 0.482684 -0.470564 -0.879078 0.030705 -0.373594 -1.450768 -0.918084 -0.849255 -0.896178 -0.264529 0.211321 0.043379 -0.975113 0.820899 -0.041445 0.942965 -1.176261 2.386711 -1.517694 -0.356334 -0.077208 -0.374738 0.953925 -0.996199 -0.413215 0.790181 0.631917 -0.944774 1.223053
22 -1.098615 -0.889853 -0.966240 0.433259 0.043350 -1.555849 -0.429886 -0.355349 -0.182465 -0.035066 0.005790 0.357975 0.798372 0.516372 0.643084 0.055161 -1.626621 -0.330061 0.287394 -0.265926 1.360366 1.191031 0.363269 -0.785094 1.419742 1.869986 -0.333446 0.506499 0.434032 -1.775655 -1.624170 1.065093 -0.678161 0.071018 -1.455700 0.663832 1.235911 -1.131234 -0.397690 -0.568725 0.575766 0.479725 -1.186867 -0.369904 0.847830 1.031624 -0.724243 0.760822 0.283479 1.468014
23 -0.447143 0.008681 0.196418 -1.469819 0.334838 -0.313678 0.447087 -1.095317 -1.049660 -0.382997 0.929364 0.737289 0.449924 0.492387 -0.265287 2.115000 1.638980 -1.703528 -0.232495 0.524935 1.217344 0.784549 -0.410024 1.408986 0.698951 -0.408007 1.076501 -0.477562 0.642888 -0.090092 -0.401892 -0.127008 0.569643 1.113224 2.263892 -0.371876 -0.503598 -0.190165 -0.455988 0.560181 -1.121583 1.953010 -1.404678 -0.289245 0.579085 0.602184 0.461956 1.642805 -0.698027 -0.126706
24 1.236467 2.858962 -0.028378 0.174294 -0.501231 -0.220923 0.137152 -0.287576 1.346867 -1.558703 3.232567 0.022343 -0.268342 1.295891 1.130557 -2.205118 -0.487695 0.250052 -2.116495 -0.821436 1.580859 -1.554347 0.214664 -0.794970 -0.632127 1.302844 -0.041347 0.002021 -1.044177 1.564092 0.408128 0.152888 0.176210 0.682027 0.526446 1.229391 1.674529 -0.772535 1.598857 -0.089358 0.612119 -0.414188 -0.692492 -0.300529 -0.022892 0.119588 0.719576 0.440013 -1.639686 -0.688201
25 -1.190658 0.356528 1.672742 0.190453 0.364750 0.688846 -0.042476 -0.351001 -1.376525 0.353889 -0.732501 -0.694600 -1.394195 -1.858212 -2.334344 -0.182470 -2.329845 0.240788 -1.117229 -1.165884 -1.155701 -0.613386 -1.697577 0.430276 -1.410272 0.830274 0.694029 -0.115928 1.253031 0.359473 0.385536 0.332242 -0.949183 -0.406965 0.972130 0.860732 -0.521106 0.987344 0.367477 0.425021 -1.062487 -0.104704 -0.387747 -0.424034 -0.609989 0.549587 0.561911 -0.979406 -1.118040 -1.136194
26 -0.469536 9.957821 10.275797 9.913978 9.306211 10.619492 9.525847 11.042684 12.053713 11.803133 9.285188 11.344271 10.356286 10.448986 10.988915 10.541123 7.697942 11.574209 9.494977 11.450948 10.895758 10.322497 10.431259 9.537821 9.356696 9.470555 8.925134 11.075066 9.614390 10.569957 10.955945 9.165550 10.713071 11.059017 10.399040 8.533739 9.736423 9.995025 10.535594 9.660098 11.306997 11.454823 10.920153 9.911338 9.915741 10.938701 10.784402 9.156973 9.013660 11.293822
27 -0.296291 0.324579 -0.590720 1.333326 1.553839 0.824469 -0.695042 -0.068612 -2.114238 0.103338 -0.511997 -0.622146 0.435270 1.083149 1.235444 -0.811061 0.040566 2.003703 0.046933 0.214812 0.907119 0.057973 -0.480202 0.606889 0.850211 2.471280 2.270081 -0.485858 -0.903605 -0.201943 -1.181722 -0.533023 0.819841 0.060942 -0.590256 -1.024959 1.719353 -0.485745 -0.504146 -0.863347 0.104096 0.062072 -1.817584 0.488440 -0.054788 0.151548 0.930240 -1.734960 -0.066319 -0.272644
28 -0.498915 9.809277 8.462535 9.376677 11.805128 10.958711 11.596636 9.368540 9.680875 11.657909 12.467084 8.337225 9.495595 10.271307 10.130006 10.546914 9.375446 9.553313 8.917570 10.565600 10.018781 9.964570 10.900674 9.203801 10.783081 11.346016 9.289861 10.515300 10.565571 9.069753 8.843734 8.336724 9.883542 10.800012 10.147465 9.254483 9.556183 8.964500 9.532505 10.097245 9.444909 10.213433 9.759106 9.171111 9.701027 9.996902 10.276543 8.597076 10.304118 9.495594
29 0.030267 8.651697 10.225934 9.770771 8.492065 8.481637 9.944622 11.502496 10.655506 11.110237 10.411292 9.350611 10.246640 11.147368 10.649727 9.703666 9.441129 9.962340 9.983722 10.295228 10.757319 9.862218 11.964757 9.303856 9.998673 8.637450 10.039635 10.842221 10.239029 10.752199 11.043242 11.345738 10.266939 10.862231 10.839969 9.261759 10.844985 10.388556 9.163267 10.974925 9.129615 8.465590 9.466014 9.606720 10.668454 9.078465 8.606369 8.674238 9.580557 10.192967
30 0.191971 0.413648 -0.547488 0.642375 0.050878 0.076824 -1.163105 -0.051294 0.727480 -0.021108 1.774314 0.955669 -1.840596 -0.486836 0.769359 -0.558078 0.039009 -1.209734 0.293509 -0.235268 0.809573 -0.461152 1.090650 2.301599 -1.352294 0.451967 -2.482656 -1.855768 0.578616 0.751441 1.853505 -0.723992 -1.678971 1.702211 0.380774 0.835990 0.990652 1.395253 1.552348 0.482474 -0.720640 -0.636930 -0.274168 1.022335 -0.186779 0.660923 -0.070396 -1.518245 -0.371946 -0.881160
31 -0.884707 0.516396 -0.636137 -0.128806 0.874441 0.044967 -0.430301 1.335165 -0.013139 2.099080 0.098667 -1.128982 -0.475127 0.309184 0.404435 -1.320822 -0.709198 -1.089021 -1.058978 -0.532024 -0.393436 0.472423 -0.658187 -0.186465 -0.872430 0.119485 0.568578 -0.257163 0.559205 -1.609158 -0.764663 0.085721 1.600157 -0.495493 0.361201 -0.528068 0.911351 -0.174198 0.244199 -0.811144 -0.484346 0.055452 0.769631 -0.033701 2.182012 -0.842381 -1.149837 0.928705 -0.204086 0.589882
32 0.325189 -0.762736 1.249843 0.837363 -0.165022 0.735386 0.366336 -1.618112 0.659364 0.571531 -1.189071 0.292922 0.146202 0.187398 1.096439 -0.695903 0.482263 0.297497 1.316160 -1.377087 -0.162026 0.187099 -0.083259 0.751991 0.094529 1.803336 0.044357 -1.012627 -0.740258 -1.100841 -1.456245 0.375999 0.940677 1.214611 0.651678 -0.951113 -0.377055 -0.435217 -0.001444 -0.223653 -0.248331 0.408046 0.574476 -0.609936 0.059537 1.085748 1.225922 0.606602 2.517760 1.227036
33 0.014772 0.490531 1.511972 -1.260098 -1.265507 -0.741779 -1.423118 -1.179003 1.225246 0.944232 -1.560910 0.102830 -1.478556 2.361026 0.667247 0.094898 -0.183035 -0.016595 -1.936605 -1.163532 0.680273 -0.635494 1.821231 -0.015341 -0.998198 0.099603 0.305177 0.239262 -0.421549 -2.367123 -0.490349 0.599224 0.541708 -0.712114 1.516970 -0.380349 0.049539 -1.092115 -0.942859 0.971283 0.236124 -0.236314 1.361387 0.993504 -0.587617 0.220741 -1.155733 -1.682448 0.888398 1.736697
34 -0.944205 -1.389688 -1.168500 0.279599 0.948406 -0.460669 0.097231 -0.786301 0.730604 -0.285946 0.290557 0.335760 -2.052320 -0.630509 2.109739 0.597113 -0.577020 -1.833077 -0.925815 -0.065846 0.164222 1.583172 0.686586 0.595854 -0.156181 0.447678 -0.730693 -1.092269 -0.943725 0.331450 -0.194636 -0.933226 -0.334511 1.907138 -1.163400 -0.564010 0.276336 0.273134 -2.156904 -1.146470 0.758620 -0.702377 0.314013 -1.169215 -0.077227 0.470340 0.208020 1.814752 -0.865170 -0.692651
35 -0.672140 2.006628 -0.542118 0.301456 -1.228946 2.269402 0.820953 -0.149811 0.222624 2.069066 -0.786405 0.710539 0.297083 -0.033039 1.936932 0.614329 -0.630659 -1.406711 -1.427365 0.217139 0.042783 0.302260 -0.404624 -0.498251 -0.923665 0.327051 -0.741649 -1.107368 1.025845 0.118108 0.702051 0.575644 -1.920726 -0.079145 2.184681 -0.198839 -0.790959 0.398155 -0.264257 2.142860 2.063891 -1.672672 -2.139027 0.207582 -0.916219 -1.066486 0.353624 -0.132505 0.147467 -0.611131
36 -0.823182 0.309344 -0.561660 -0.689872 -0.715045 0.143946 1.978409 0.099352 0.372217 2.943408 0.205720 0.330884 -0.282175 -0.226146 -1.919072 0.085565 0.446576 -1.500564 -0.872257 -0.837124 1.372231 0.581692 -0.406582 0.833060 1.355662 -0.538689 -3.140079 -0.337320 0.695717 0.216442 -0.155352 -1.302540 -1.851550 -1.106429 -0.498252 1.039282 -1.935764 0.030273 -0.990092 0.522707 -1.950533 -0.242997 1.389310 0.419763 -0.818070 -0.689778 -0.519215 0.046932 0.945059 0.704617
37 1.375463 -0.864133 -0.150956 0.385603 -0.667169 -2.343610 0.970291 -0.264606 -0.289945 -1.276159 0.726181 -0.284967 0.394782 -1.236566 1.099229 1.814933 0.574966 -1.018746 0.520224 -1.145069 -0.369666 0.875964 -0.287827 -1.872137 0.739465 1.204328 -0.451749 0.798179 -0.501716 1.005440 -1.160094 -0.610537 -0.277058 1.693098 0.655325 -0.873127 1.310759 -1.360073 -0.308861 0.681135 -0.867625 0.643658 -0.603303 -0.156591 0.244046 -1.223588 -0.153989 0.864845 0.128926 0.838738
38 -1.840622 -1.615402 1.460620 -0.109925 0.831249 0.567097 -0.054102 0.392110 1.049391 2.137486 -0.088250 0.792273 -1.767473 0.344672 -0.588768 -0.422160 -1.397938 0.811802 0.244594 0.304753 0.050658 0.345039 -0.862995 0.590149 1.270457 -0.017919 -0.753742 -0.959117 0.436867 -1.918291 -0.569343 -0.210812 -0.184015 0.504861 0.194663 -0.075500 0.180203 0.524601 0.080195 -1.302851 -0.063725 -0.348064 0.344143 -0.650709 -0.022617 0.314404 0.082450 -0.560062 2.277143 -1.423177
39 0.726726 -0.411875 0.768595 1.040670 0.243169 0.494500 -0.722089 -1.159350 -2.994546 0.656336 -1.303987 -1.184690 -1.109587 0.246917 -1.290129 0.001585 -0.279849 0.385411 0.616536 0.603629 0.572263 0.125847 -0.528438 -0.058859 1.762510 -1.845858 0.404907 0.575731 -0.133205 1.309303 0.586729 -1.247040 1.714258 -0.462762 1.016152 0.932651 -0.358153 0.998704 -0.396179 1.472857 -2.268773 1.816027 -0.440109 1.249200 -0.431931 -0.905714 0.029296 -0.854942 -0.511897 -0.363228
40 -0.461565 0.808661 -0.409704 -1.524961 0.396059 -0.595734 1.474827 -0.961007 -0.096615 -0.208321 1.173527 1.019742 1.203383 -0.258286 -0.190763 -1.440326 0.783033 -1.291099 -0.113254 0.569949 -0.064536 -0.559292 -0.196873 0.526159 -0.008302 0.413312 1.217640 -1.745960 0.340366 0.697197 0.385273 -0.478204 -0.440509 -0.535532 -2.648585 1.206255 -0.133878 1.301068 -0.720414 0.566766 -0.482794 -0.486503 -0.499901 -0.124780 0.328775 1.193474 -0.369791 2.067749 -0.067997 2.089996
41 -1.525161 -1.019859 -0.191055 0.958206 0.402514 -0.039854 0.056923 0.253127 0.014600 -0.838560 -1.197611 -1.833798 0.354078 -1.408649 1.679418 -0.552283 0.358848 -0.206782 -0.162424 -0.185034 -0.563569 -1.062238 1.147950 -0.468114 0.395566 -0.151791 0.827294 1.329994 0.260601 -1.492333 -0.170826 0.856096 0.278210 0.871877 -0.869040 -0.115412 -0.584113 0.569196 -0.237267 1.089529 0.365066 -0.654404 1.633285 -0.926894 -1.245543 1.335120 -0.930443 0.368345 -0.165238 0.240604
42 1.789629 -0.306290 0.105064 0.399792 0.478935 2.163974 -1.430065 1.867609 0.390769 -1.254686 -0.558956 0.868808 -1.615365 -0.606690 1.861206 -0.398287 0.424198 -0.232272 0.613639 -0.785673 -0.048208 -0.429548 0.281150 1.948722 0.411854 0.571621 -0.429216 0.164626 -0.058541 -0.345754 -1.559479 -1.162775 0.262725 0.609352 1.473757 -0.887693 -0.435987 1.124789 -0.326802 -0.583900 0.917306 0.769201 0.797913 0.155808 0.914974 1.129784 0.203229 0.638932 -1.187382 0.561645
43 1.015068 0.251735 -1.509978 -0.259079 0.904494 -0.201668 -0.271454 -0.511552 -0.704166 0.988669 0.152209 1.239960 -0.968159 -0.478720 0.281275 0.112799 -0.197713 -0.540275 -0.104463 -0.199045 -0.277608 0.324554 -0.394595 1.148469 1.646935 -0.584217 -0.232761 -1.042930 -0.383164 -0.295982 -1.032011 0.898507 -0.016824 -0.290657 -1.298487 0.637858 -0.793098 -0.070585 1.311830 0.951777 -1.331717 0.297115 0.097753 1.352846 0.528852 0.845581 1.439426 -1.013095 0.200337 1.001211
44 -0.855814 0.134936 -0.803410 1.374945 0.974155 -1.605852 -0.034467 -0.428540 0.756959 0.323526 -0.004300 0.814954 0.774728 -1.265937 -0.076285 0.964948 -0.152604 -1.755572 -0.187335 -0.138218 1.464932 0.316215 1.103280 1.204577 -0.190599 -0.177543 -0.086510 1.796207 0.531094 -0.324102 0.051333 1.337624 2.598717 -0.187804 0.142832 0.093019 0.817363 -0.956943 1.821931 0.418077 1.135608 -0.155115 1.136916 -1.201949 1.398861 -0.751191 -0.678759 1.543900 0.079042 0.427471
45 1.916324 -0.559408 0.005716 0.808279 -0.236726 1.315021 0.163936 -1.750292 2.022481 0.078739 0.310382 1.521691 -0.005500 -2.702720 -1.283832 0.023259 -0.039740 -2.840260 -0.866278 -0.751071 -1.321970 -1.337714 -0.603590 -0.659271 1.360436 -0.747274 0.798722 1.050122 -0.711429 -0.658444 0.688724 0.347390 -1.343872 1.948909 -0.014849 -1.757897 1.577805 0.662247 0.272683 0.214674 -0.949128 0.419805 -1.154584 -0.851057 0.322602 0.444145 0.523628 -1.230384 0.388495 0.171590
46 0.088504 -0.655864 0.646249 -0.333334 -1.688353 1.276123 -0.516064 -0.344996 0.699325 1.013905 0.666936 -0.716650 -0.758545 -1.078478 -0.877408 -0.124391 0.089002 0.837579 0.963594 -0.093075 -2.047932 -0.435770 -0.719147 1.427961 -0.550944 0.094619 -0.201504 1.464635 2.014411 1.674235 -0.463267 0.805478 0.622843 0.271968 -1.082204 0.779863 0.255116 -0.911588 0.335753 0.404506 -0.343549 -0.408787 1.330875 -1.167945 1.555020 1.054886 1.077792 -0.229858 1.295939 -1.136152
47 -2.020468 -0.592923 -0.926527 0.175159 -0.142299 -0.793293 1.457990 -0.481780 1.241137 1.527346 -1.518486 -0.484031 -0.620304 -1.118374 0.217713 -0.251518 0.718590 -0.918669 1.265129 -0.742128 -1.928115 0.629968 0.243118 -0.092086 0.032082 0.892611 -0.321699 0.325394 1.106185 0.174540 -0.133713 -1.221995 -1.327224 1.395293 -1.122388 1.051881 0.507691 0.281459 -1.343943 -0.055172 -0.140917 2.856221 -2.102793 1.814238 -0.390926 -1.217937 -1.752886 0.046676 -0.147945 -0.001693
48 -0.696220 1.838925 -0.849095 -0.673193 -0.963537 -1.523404 2.238055 0.661964 0.819488 -1.213481 0.633070 0.256547 1.119583 1.218355 1.384500 1.047039 0.557788 -1.114081 0.610610 -0.577439 0.080808 -0.560195 -0.264270 0.184884 2.123709 -1.158205 -0.524713 0.302314 0.022478 1.767892 1.117878 0.156499 -0.856358 1.592619 -0.361113 -0.107914 0.119075 -0.826306 2.098608 1.180579 1.065135 -1.697252 -0.990146 1.419212 -0.132961 -0.215080 -1.239102 0.123375 -2.458806 2.064402
49 -0.347499 0.895342 0.710623 0.055915 1.320004 -1.002961 -0.143536 -0.201893 0.297034 1.333427 0.434573 0.382028 -2.551280 0.867303 0.948295 -1.005831 0.282742 -0.485412 -0.378304 0.844727 -2.375465 -0.321656 -0.350574 -0.307821 0.581556 -0.322695 0.931256 -1.007626 -1.867367 1.066979 -0.458601 -0.700737 1.517552 0.232936 0.090573 -0.273261 0.659544 -1.824947 -1.567492 -1.168813 0.097827 1.298157 -0.583945 -0.180041 0.354873 -0.307106 1.316107 -0.241598 -1.217941 0.585788
50 0.390757 -1.302872 -1.444130 0.018179 -1.084309 1.634252 -0.341432 1.424488 0.084760 0.332488 -0.978316 -0.374390 1.519871 1.114186 0.202293 0.720527 -1.456517 -1.200752 1.291294 0.911094 0.587864 0.083665 0.693828 -0.427283 -0.924036 -1.323845 -1.368970 0.128217 1.792991 1.598487 1.078715 0.122977 0.075983 -0.470997 -0.320744 0.993660 -0.386535 -0.344564 -0.610489 -0.417094 -0.675404 1.109081 -1.058276 1.370357 1.070059 -0.251815 1.025357 -0.457061 1.269092 -0.653687
51 0.279008 0.027260 -1.638874 -0.541965 -0.205768 -0.391399 -0.357661 1.564409 -0.223130 1.977085 1.885154 0.228696 2.194097 -1.280523 0.588032 -0.708608 0.190382 0.825042 -1.052458 -0.804962 2.257964 1.733866 -1.821504 -1.067671 -1.280271 0.744960 1.484730 -0.480165 0.400652 -1.677692 -0.526247 1.010445 -0.934195 0.899591 -1.770780 -0.547321 -0.687094 2.188738 0.210641 0.115715 -0.693029 1.198726 -1.516954 -1.205887 -1.803029 -0.754283 0.289354 -0.129027 0.056347 -2.607517
52 -0.588592 -0.599294 -0.044585 1.154863 -0.793419 -1.301358 0.835998 0.424531 0.307407 0.923418 -0.154661 1.321438 -0.192546 -0.527989 1.102505 1.101465 0.174263 1.669514 -0.615639 -1.584110 0.546198 -2.535812 -0.196649 0.164442 0.010376 0.469978 0.906337 0.602233 1.129242 0.004084 -0.571301 1.383741 0.076581 0.339512 -1.983921 -0.424720 -0.684662 -0.842877 -0.529001 -0.533554 -0.657414 0.925992 -1.173191 -1.022601 1.270609 -0.235740 -0.058931 0.368761 1.169685 0.128924
53 0.590650 -1.187327 -1.254358 -0.107720 1.138719 0.612184 0.082212 0.141271 -0.581509 -1.870443 0.502157 0.144864 -0.559246 -0.598986 -1.198160 1.707840 -1.367116 1.539905 0.899328 0.928019 1.107115 2.052308 0.684530 0.038319 -1.787538 1.330090 1.109938 0.381644 -0.680964 0.183432 -0.237731 0.206264 -2.039471 -0.206958 -1.280748 1.344040 1.763095 0.451737 -0.733206 0.711715 1.076953 0.250696 -0.216788 -0.196787 -0.739860 -1.276284 1.310644 0.256690 1.632552 -0.517416
54 0.054493 0.038414 0.160403 1.194810 -0.861736 -1.135256 -0.274089 -0.006759 0.619621 -0.406061 -0.508559 -0.055131 -0.221149 -0.335279 0.076166 0.021839 -2.360844 -0.262818 -0.172018 -0.569111 -0.295760 0.903255 0.501742 0.772540 1.081394 -2.703451 -0.018121 0.914693 1.676944 0.944032 -0.716894 -0.271566 -0.590258 -0.719503 -0.670102 0.291118 -2.195636 0.387161 -1.162660 -1.520961 -0.211180 -0.016325 0.605462 1.221708 -0.765841 -0.633197 -0.824396 -1.158558 -0.572937 1.645135
55 2.452866 -0.510886 -1.403301 -1.558224 -0.931173 0.987071 0.165790 -0.306208 1.150551 -0.730274 -0.645958 -1.600997 -0.735204 -0.176119 -0.888334 -0.106193 0.516341 0.335156 -1.128242 1.171544 0.912955 -0.461959 0.366143 -0.079519 -0.227393 -0.169726 0.872834 1.851573 -0.135318 -1.233387 1.431178 -0.880455 0.720373 0.635030 1.815765 -0.377627 1.222515 -0.128362 1.346411 -0.065652 -0.898810 -0.275620 0.337202 1.031795 -0.289390 1.082706 0.581193 -0.109717 -1.343726 -0.491139
56 -0.154009 -0.475713 -0.042238 0.424266 -0.604321 -2.166230 -0.087145 -1.963207 -0.783032 -0.223315 0.636106 -0.683259 -0.211668 0.156677 0.159219 0.143604 -0.480345 0.795989 1.413918 -0.282115 -1.235106 0.565565 1.107986 1.664454 0.264392 -1.618537 0.606205 0.157007 2.054145 -0.576221 1.732993 0.324211 0.090287 0.290823 -1.605645 -0.561783 0.999157 0.945864 -0.465245 -0.431631 1.099158 -0.289848 -1.148475 -0.690132 -0.173504 -0.727135 0.814014 -0.697419 -0.765831 0.804130
57 0.125394 0.943156 0.262217 1.097838 0.250042 0.099298 1.881771 -1.094928 -0.202085 -1.470901 0.531178 0.051234 -0.717987 -0.544073 1.769264 1.144666 -0.171754 -0.804503 -2.389205 0.788725 0.173338 1.258866 -1.033931 -0.360512 1.185138 0.020335 -0.153750 -0.311127 -0.061962 0.295707 0.019091 -1.125277 -0.921276 0.209063 0.594086 0.590502 -1.053807 -1.054770 0.806050 0.900207 -0.125011 -0.220412 0.590009 -0.870867 -0.504759 -1.025422 1.098486 2.129933 1.222560 0.278940
58 -0.381995 0.562914 -0.718425 -0.092615 0.761718 -0.774554 0.655258 0.078816 0.742390 1.282183 2.962250 -0.161538 -0.293443 -0.219133 1.198145 -0.500928 -2.603741 -1.328441 -1.583782 0.416527 -0.091930 1.330110 -2.211157 0.284801 1.101953 0.033338 0.532134 -0.519677 1.047829 -0.922773 -0.469747 0.566364 0.772881 -0.350624 0.474260 0.233430 0.886781 1.194029 0.837521 0.625536 0.817087 -0.913658 0.019012 1.271619 0.645675 -0.904196 1.264157 -0.513820 0.183232 0.635435
59 -0.689212 -0.152116 -2.182569 -0.281530 0.535076 -0.719965 -0.338218 1.414551 -0.733140 -0.051339 0.347104 -1.162614 0.896743 -0.922261 2.366933 1.123843 -0.063499 -1.315129 -0.424185 -1.371385 0.742192 -0.790098 2.077108 -0.279121 0.801598 1.431183 -0.443066 -0.256188 1.371166 1.458589 0.295191 -2.144967 -0.757438 1.063615 -1.042380 -0.464820 1.505219 -0.237863 -1.492296 0.356544 -0.746217 -0.264758 -1.466321 0.938903 -0.709107 2.148837 -0.345415 -0.681725 2.103637 0.597920
60 -0.884667 -1.393743 1.981197 0.831543 -0.477739 1.151489 -0.833517 -1.294766 1.152912 -0.513797 1.291579 0.200497 1.222180 -1.004178 -0.241285 -0.773045 -0.598800 -0.446335 1.247829 0.512988 -0.500812 0.831195 0.249009 0.255795 1.263245 -0.924030 -0.145146 -0.834301 -0.739768 -1.215330 1.530872 1.615739 0.571432 0.735070 -0.763210 1.935648 -0.221881 2.009485 -0.644061 -0.512879 0.630673 -1.000665 -0.580637 -0.693351 1.017569 0.204847 -0.406415 -1.485246 -0.058913 -0.368490
61 -1.001711 -0.587084 -0.151081 0.403069 -2.144359 -0.922458 0.569404 -0.727306 -0.056986 -0.127470 0.442857 0.468890 1.311884 -1.041860 1.225860 1.057305 -0.245958 1.013936 -0.163267 1.055099 1.300585 -2.240268 1.199569 -1.590494 -1.991147 -1.249760 -0.634172 1.148506 -0.703280 -2.431189 -0.700937 1.583353 -0.281704 1.969762 -1.148169 -1.128321 -0.487394 0.296194 0.703404 -2.156756 -0.153797 -1.996013 -0.244983 1.003214 0.850566 -1.228975 0.556257 -0.910273 -2.749462 1.047562
62 0.523259 0.898575 -2.254839 -1.202891 0.388673 1.558959 1.241582 -2.423903 0.466139 -0.847344 0.403789 0.122396 1.433916 -0.413668 1.350754 0.499323 -0.943018 0.177416 0.129227 -1.071354 0.312536 -0.617087 -0.550183 0.171073 1.402932 0.916334 -0.345964 -0.612949 1.025446 -0.167525 0.875937 0.633240 -0.537716 0.814422 1.251637 -2.104781 0.876915 0.179435 1.308365 -0.043198 1.322491 -0.369812 0.756164 -0.402597 -1.371076 -0.609915 -0.510246 0.437577 0.346668 1.733830
63 0.388411 -0.320454 0.646799 -0.268940 1.791986 0.193933 -1.227804 1.844686 1.837401 -0.096868 -0.860630 1.989345 0.612351 0.283225 0.176692 1.372464 -0.583653 -0.516422 0.429310 -0.301099 0.611738 -0.100004 -0.528596 -0.303985 -0.888264 -0.562265 1.721130 0.598596 0.332428 -1.085744 1.074210 -1.058679 0.169555 -0.012588 0.597234 0.951773 -0.714702 -1.804952 -0.631926 0.810507 -1.148648 -1.058436 -0.494200 -0.455082 0.235807 1.213367 0.033489 0.568794 0.405578 1.453313
64 0.101606 -0.363845 0.062355 -0.608710 1.131167 0.340344 1.918452 0.182521 0.750299 0.451037 -0.097700 0.725594 0.287102 -0.507501 -1.053743 -0.698443 0.115832 -0.057901 -0.350147 -0.233754 -0.092012 1.352408 0.256181 -0.100022 1.346887 0.625690 0.690452 0.431012 -0.428283 1.066884 0.746043 1.098034 -0.756311 -1.299249 -0.961582 -1.014869 1.972625 0.338599 0.489221 0.669355 1.279668 -0.910149 -0.181328 -0.839737 0.121872 -1.446826 0.503452 -0.156096 0.876743 -0.378303
65 -1.275087 1.222346 -0.095004 1.046109 -0.525581 -1.971046 -0.372635 0.256053 -0.311172 -1.222945 1.259466 -0.821772 -0.700712 -1.063823 -1.145547 0.725900 -1.126218 -0.789208 0.755096 -0.518918 0.453612 -0.283589 -0.035226 0.147524 0.295587 0.178693 0.018056 -0.543670 0.777911 1.336114 0.413427 -0.451386 1.548774 -0.177978 -0.196729 0.974405 1.224482 1.677503 0.286523 0.611291 -0.046021 -0.469552 -0.686587 1.880698 -2.036267 0.080771 1.095796 0.227296 -0.665168 1.153824
66 1.908093 0.369904 -1.597547 -0.474039 0.513704 -0.695707 -2.004887 -0.281383 1.246830 1.704155 0.802700 -0.259981 0.883651 1.610589 -1.482090 1.764491 0.416894 0.274872 -0.707247 -1.996109 -0.477926 1.049599 -0.677044 -1.316604 0.129072 0.951028 0.038366 -0.023251 0.401937 -0.712283 -0.525236 -0.944780 0.494046 0.710100 0.846019 0.538978 0.444111 -1.418413 0.047527 -1.952632 0.767152 -0.819523 -0.855085 0.958024 -0.098594 0.475709 -1.131600 0.163631 -1.118376 0.452415
67 -1.394478 -1.626039 -0.102604 1.414461 0.614048 -0.215402 -0.630210 0.264780 -1.571492 0.228530 -0.347880 0.092643 0.259701 -2.587105 -1.021624 1.321890 -1.444608 -0.661727 -0.115962 -0.556449 0.626544 0.206052 -0.250284 -0.235496 -0.393217 -0.316794 0.071942 -0.654814 1.368169 -1.468987 -0.229923 -0.278843 -1.135131 -0.048842 -0.427035 -0.013491 1.470059 -1.116164 -0.726859 -0.700640 0.078961 0.248858 -0.686478 -0.140035 -0.981329 0.269941 1.874532 -0.043221 -1.159310 -0.134860
68 -1.051681 -1.152548 0.172539 -0.949671 -0.370998 1.140562 0.025082 -0.849298 -1.391855 -0.936839 -0.729820 -1.286218 -0.804188 2.250336 1.455920 0.777769 0.122210 1.344392 1.853705 -0.124471 -1.839159 1.048073 1.460425 0.847991 -0.747071 -0.953123 0.371950 -0.826071 0.075320 0.335088 -0.482851 -1.406912 0.103845 0.375724 -0.747864 -0.370847 0.663516 0.580100 1.071509 1.422937 -0.013273 0.656669 0.456590 -0.342653 1.500982 0.823363 1.482275 0.099013 0.631705 0.069521
69 0.430753 -0.414135 -0.778396 -0.681574 -0.990544 -1.090190 0.350155 -0.810342 -0.863599 0.949637 -0.868598 -1.592998 0.800116 1.816643 -1.478054 0.690061 0.789191 0.662494 2.233568 1.210793 1.526672 0.753854 2.595697 1.997962 -0.177840 1.301151 -0.337795 -1.406076 -0.585080 0.620749 1.063824 -0.024880 -1.046386 0.519059 -0.103065 -0.147496 -0.090245 0.281423 -0.166537 0.305573 1.071321 1.846155 -0.841001 1.125418 2.267779 0.797622 -0.642515 0.367131 0.881526 0.278493
70 -0.314476 0.876722 -0.633828 -0.948442 1.107049 -0.156254 -1.486482 -1.604574 -0.538351 -1.686522 -0.040209 -0.873406 -1.433437 -1.119385 -2.189359 0.129174 -1.022539 0.068746 1.105018 -0.343408 -1.684104 1.496242 1.441211 0.623203 0.834765 0.490266 1.095658 1.247279 0.825413 0.818023 -1.165240 0.294050 -0.036692 -0.002788 0.253032 0.652753 -0.078679 -0.124423 -0.287379 0.494237 1.821622 -0.851335 0.164860 -1.168487 0.777397 0.521392 -0.859141 -0.387300 -2.883604 0.308611
71 0.939072 1.521655 -0.922051 -0.582133 1.309139 -0.554362 -0.352802 -1.414772 0.755494 0.612060 0.917448 0.322889 -1.368917 1.135175 -0.247974 -0.180687 -0.344399 0.007105 0.692781 -0.461873 0.840794 0.986037 -1.394676 -0.911971 0.661348 -1.400327 -0.678138 0.306136 -0.815399 -0.008376 0.871379 0.496920 -1.601959 1.172315 1.519093 -0.116265 -0.293635 -1.653007 0.029407 -1.086895 1.915097 0.429269 0.660329 -0.907203 -0.723559 -0.417318 -0.375305 1.733704 0.151279 -0.626878
72 0.643079 -3.890393 -0.079053 0.891948 -0.082429 0.705519 1.475676 0.765536 -0.793981 -0.975499 -0.875867 1.699723 -0.811696 1.386737 0.075696 0.390348 0.555682 0.759845 0.965989 -0.992365 1.187139 -0.771019 0.362337 -0.848621 -0.712091 -0.117991 0.369415 0.930323 1.344788 -1.939913 0.919532 -0.170053 -1.000912 -0.431554 -1.213639 -0.029970 -1.054560 -0.186055 -0.199931 1.014303 -0.064606 0.759894 -0.026529 0.859372 0.582188 -0.531424 -0.643159 0.100241 0.392480 1.202853
73 1.929095 1.874520 -1.380306 -0.359889 -0.899205 -0.180635 -0.617050 -0.165623 0.924716 0.936129 -0.537042 -0.232617 0.173841 -0.168376 -0.107611 -0.265244 0.349800 0.927256 -1.104995 0.323518 0.024954 -0.583802 0.690115 -0.949716 1.078763 -1.000256 0.565429 -0.204623 -0.112337 0.529138 -0.688858 0.814449 0.248738 1.243690 1.483115 -0.278553 1.205429 -1.170631 1.130388 1.346895 2.824852 0.015831 -0.303072 -0.494989 1.758387 0.522147 0.807398 -1.309924 0.502073 1.976858
74 0.448759 1.081517 -0.552636 0.083149 0.075701 0.965041 -0.546958 1.809160 2.099924 0.472458 -0.099581 -0.994871 0.009575 -1.582498 -1.544156 0.412379 0.094006 0.010486 -1.557612 0.525106 -1.243240 -0.620963 -0.393950 -0.948317 -0.214440 0.153945 0.221091 -1.019213 0.449817 1.098930 1.407897 0.109795 1.419060 -1.686575 -0.362691 -0.468556 0.331259 0.717734 0.579349 0.453314 0.280997 0.593146 -0.380004 2.190119 -0.257621 -0.740043 -0.788508 -0.980772 -0.115003 -0.722627
75 0.841506 0.593904 -0.834941 -0.409478 -0.250643 -0.158667 -0.305642 0.204172 0.782392 0.904385 -1.207872 3.476449 1.761525 -1.686054 0.097033 0.995854 0.650222 1.075113 0.953395 1.965258 -0.149756 0.333173 1.273215 -0.481795 0.408808 1.246889 0.527267 -0.760197 0.684836 -1.471333 -0.732469 0.023373 0.216634 -0.412264 0.252444 0.334389 -0.663355 -0.579478 0.567895 1.296599 -0.460282 -1.322515 1.958998 1.930068 -0.567376 -1.399926 0.167474 0.683594 1.518804 -0.638648
76 -0.926613 0.435878 0.960719 -0.023412 -1.853253 0.426392 -0.799460 -1.025925 1.000939 0.736552 1.252924 1.628956 0.459194 0.302196 -1.390724 -1.106304 -0.378571 -0.018464 -0.911596 -1.273470 -0.727451 -0.860529 -0.524009 -0.868554 -0.368096 0.561940 -0.274359 1.097429 -0.263692 1.870766 -1.193360 0.636599 0.583356 0.571722 -0.950654 1.727496 1.061479 0.397834 -1.237362 -0.213800 -0.252759 -0.045798 -0.299323 -0.094426 0.032832 2.200886 -0.386331 1.204859 -1.757451 0.400626
77 0.091167 0.969455 -1.187073 -0.643616 0.420514 1.513900 -0.761692 -0.119372 -0.109732 0.379048 1.716204 -1.874867 0.179493 1.253997 0.585785 -0.952355 0.356376 0.360007 -1.003342 0.465902 -1.065898 0.204121 0.780276 -0.063777 0.886465 1.315456 -1.393904 -0.749195 0.801502 -1.182657 -0.612174 -0.102987 -0.912124 1.674416 1.356444 0.015878 0.094998 0.202630 2.127980 0.634490 -1.024059 -0.163025 1.370499 0.458929 0.214953 -0.297765 -0.322718 -0.944836 -0.427184 1.419200
78 0.386006 -0.636669 0.792379 -0.978414 0.056279 1.358963 0.282117 1.836359 -0.553732 0.563260 -1.964413 -0.226765 -1.384003 0.500433 -0.432142 0.858257 1.493502 1.460594 1.838409 0.714395 -1.290157 0.255363 0.037166 -0.944106 -1.328026 0.004157 0.234918 0.567280 0.695756 0.560845 0.726354 0.311844 -0.082311 1.450473 0.512026 1.257359 -0.300276 -0.100991 0.097375 -0.248094 -1.445292 -0.798071 -0.560972 0.494337 -1.134347 0.336943 -0.687595 1.589330 1.128621 0.627689
79 -0.755409 -0.838693 0.756877 -0.872036 0.270271 0.755399 -0.952812 0.847365 -0.609278 1.637271 -0.086938 -0.556221 -0.120154 -0.310479 -1.698000 0.039658 0.884032 -0.630027 1.818706 1.786575 1.777036 1.310371 0.037192 -1.141490 0.538311 1.352162 -0.517610 0.506933 0.554013 -0.693903 3.148362 0.452667 0.032231 -0.524125 0.271116 -0.539001 -0.169521 1.755105 -1.277170 0.132482 -0.226593 0.098350 -0.180345 0.110076 -1.638576 1.283215 1.943004 -1.086758 0.962049 0.354223
80 -0.563095 -1.120275 1.008798 0.718493 0.345787 0.212030 -0.718426 0.415118 2.185639 -0.376478 -2.427827 0.452234 -0.225055 -0.290561 -1.523561 0.608662 -0.468060 1.181478 0.147531 0.033316 -0.345088 -0.574445 0.059059 -0.207437 -0.747187 -1.855156 0.033567 0.195938 -0.473711 -0.710866 -2.532544 -0.733980 -0.453458 0.093482 -1.448502 -0.066011 -1.326303 0.604481 -0.634493 -1.585188 -1.677713 -0.126941 0.086753 -1.345085 0.351488 0.552422 0.397130 1.032792 0.368238 0.471010
81 -0.221110 -0.383617 -0.585855 -0.763798 0.137463 -0.313837 -1.127651 0.444598 -3.251265 -1.130000 -1.696944 -1.440438 -1.543047 0.820028 0.055545 2.267427 0.052802 1.221142 -1.236664 -0.659375 1.030265 -1.354367 0.061163 2.130547 0.693028 -2.277548 -0.165278 1.191853 0.312933 -1.053186 -1.077405 -0.436173 -1.391214 -1.230453 -0.135162 -1.059244 -0.481982 1.838059 -1.251294 1.972939 -0.395087 0.560006 0.161830 0.866447 -0.322510 1.498070 0.308351 -0.133804 -0.072610 -0.503643
82 0.023764 -1.232964 -0.020089 0.607013 0.296155 -0.970983 0.488016 1.428580 -2.539920 -1.109490 -1.154983 -0.063883 -0.756120 0.904656 -1.754214 -0.306676 0.551213 0.465601 -1.040819 -0.800542 -0.426706 -1.406270 0.428541 0.843859 0.585606 2.315653 0.853460 0.402691 0.338920 0.686500 -0.721944 -0.345836 0.338949 0.071839 0.368418 0.048381 0.532567 -0.126283 -0.189009 0.795184 -0.869587 1.182539 1.409914 -0.802583 0.567377 1.897624 -1.168057 0.904615 -0.158384 1.248533
83 0.820062 -2.067597 -2.214064 2.387180 0.988196 0.954737 -0.594346 0.297273 1.227177 2.525803 -1.371190 -0.587328 -0.476626 0.328713 1.780775 0.071833 1.629528 2.653236 -0.327340 -0.200662 1.110299 -1.264261 0.196931 -0.773515 0.365856 -1.039490 -0.272042 -1.481145 -1.493486 1.046529 0.115444 -0.289795 0.514138 -1.114837 1.065194 -1.460540 -0.628924 -2.933801 -0.530248 -0.594555 -0.764561 0.464622 -0.370406 -0.875186 1.262611 -0.714433 0.714960 0.354720 -0.127004 0.327340
84 0.156839 -0.433479 0.488612 -2.190053 0.195108 -1.051045 -1.916202 -0.941223 1.931603 -0.741422 -2.029990 -1.478619 -0.994235 0.855437 0.476736 1.613551 0.540502 -1.311882 -2.671488 -0.343685 2.030192 -0.493361 0.835233 -0.969112 0.467476 0.072778 -0.341876 0.494954 0.816017 0.281113 1.314342 0.257408 -0.443158 -0.321420 -0.813475 1.110166 -1.566162 0.223383 1.335872 0.743288 -2.240747 1.174697 -1.960726 -0.132942 0.230442 0.670801 1.073041 -2.084864 -0.095643 -0.851522
85 1.620426 -2.001590 1.592135 1.552777 -0.657564 -0.098253 0.184727 1.302391 -0.427412 1.292571 -0.658428 -1.488037 1.264561 2.110474 1.247515 -1.312236 0.859399 1.741973 -0.287041 -0.117213 -0.629279 -0.228286 0.807380 -2.091616 -1.483925 -0.636299 -0.281352 -1.570523 0.685902 -0.202394 -1.059727 1.285468 -0.412933 -0.780795 0.350717 -0.029324 0.567982 0.139297 -0.578888 0.141035 1.390210 -0.630204 -0.923774 -0.372738 1.530039 0.012347 -0.725227 -1.215418 1.117793 -0.288631
86 1.207969 0.482435 -0.685843 -0.632960 -0.152259 1.580007 0.383849 -2.529025 -0.242362 -0.334955 2.378844 2.225760 -0.212456 -0.193978 -0.324722 0.428957 1.843958 1.758850 -0.914913 -1.110633 -0.011344 -0.829341 -0.451813 1.683102 -0.392485 -0.327460 0.336802 0.775654 0.568613 -2.654496 0.853325 -0.576131 -0.572603 0.578320 0.303153 0.545035 0.106385 1.322450 -0.173521 0.982858 0.701616 -0.875710 0.281327 0.099016 -0.530883 -1.919860 1.127457 2.022848 0.464433 0.053717
87 -0.801110 -0.687318 0.466175 0.337618 -0.201203 0.257968 -2.572154 -0.499193 -0.498286 -0.942785 -1.153402 0.008434 -0.225596 -1.618486 -1.360887 -0.899471 0.280266 -0.949361 -0.297006 0.820028 -0.422720 -0.866410 -0.273711 -0.367818 0.643405 -0.577037 0.103709 -0.410158 0.093334 -1.470221 0.236147 1.579461 0.259824 -1.735194 0.400591 0.836199 0.513370 0.078836 1.798181 -0.120152 0.527736 -0.151785 0.080113 -1.465923 1.294011 1.765313 0.564221 0.381652 -0.082292 -0.532314
88 -0.927821 1.867825 -0.738186 1.409346 0.612359 -0.373088 0.280850 -0.023060 -1.309691 -0.851278 0.164352 1.653943 -0.729854 -2.156584 0.466673 0.163876 0.234621 0.519813 2.061662 0.884500 -0.037697 -0.583610 0.964024 0.056893 -0.083361 0.769682 -1.787224 0.216025 0.745682 2.415681 0.223258 -0.261145 1.760777 -1.471859 2.147793 0.135669 1.520872 0.005085 0.174011 0.815415 0.452842 -0.160574 -1.213506 0.155933 0.093060 0.525773 0.665660 -0.943613 2.205422 -1.829626
89 -0.203872 -0.433856 -0.810321 -1.083621 -0.490490 -0.803041 0.100427 0.324132 0.276048 -0.408701 0.287443 0.644771 -0.464133 -0.565975 1.057270 0.492845 -0.856359 0.790097 0.814811 -0.118432 -1.159413 0.464445 0.127898 -1.471538 -0.839843 0.758674 0.100738 -0.478447 0.149398 0.354260 -0.867666 -1.288260 -0.786041 0.442300 0.676576 0.750431 -0.043815 -2.766160 0.583899 0.293533 -0.229763 0.186497 -1.381934 -0.393818 0.408903 0.513086 -1.111209 0.040510 -1.706486 0.603867
90 0.557805 -0.502942 -1.534607 -0.628808 1.935946 1.116061 -2.039954 0.646713 -0.988043 0.242318 1.827939 2.239605 1.174550 -1.223790 -0.567584 0.891986 -0.623155 0.867938 1.452339 -0.889710 -0.838299 -2.135332 -1.441184 0.487480 0.689926 -1.514694 1.323985 0.729048 -1.011793 0.273835 0.165011 0.605405 0.518260 -0.646999 -1.009358 -1.750836 0.294112 2.687579 -1.217063 0.865744 0.405575 1.122474 -1.576848 -0.033840 -0.386390 -0.821390 1.418710 -0.247289 0.209009 0.816670
91 0.422822 1.160324 0.218822 0.046885 -0.233574 -1.306165 0.124662 -2.135101 -0.579781 0.414062 -0.718996 -0.684568 0.878364 -0.260882 -1.829926 -2.785629 0.569771 0.748023 -0.857067 -0.049565 -0.340578 -0.504782 -0.638168 1.517779 -1.396746 -2.141766 0.075346 -1.495441 -1.776897 -0.596272 1.636754 -0.239216 0.978180 -1.139533 -0.559807 -0.619223 0.235132 0.247517 -0.280502 0.936082 0.343046 1.432640 1.902828 0.206478 0.468082 -1.487570 0.106625 0.232880 0.493820 -2.112433
92 0.260259 -1.090591 0.977796 0.389209 -0.511261 -0.786901 0.162478 1.447550 -0.868739 0.440405 -0.861328 -1.042906 0.107956 -2.187216 0.278965 -1.155373 0.629752 -0.092032 -2.180494 -2.175345 -0.166550 -0.254992 -0.014607 1.139704 1.638778 0.197578 0.876357 -2.206868 0.442039 1.025376 -0.929896 1.281268 -1.476952 -1.713103 -0.047021 -0.095886 0.918359 -0.292938 0.311105 -1.951373 0.717574 1.128008 2.315472 0.386865 -0.901982 -0.266934 0.430857 -0.610301 0.886044 0.581051
93 0.968696 0.272374 -0.416921 -0.001095 0.708989 -0.080770 1.111250 0.646608 -0.402263 -0.560542 -0.871742 -1.918591 1.218947 2.298072 -0.461512 -1.999184 -0.016088 -1.246261 -1.079144 -0.375599 0.448444 -0.103156 -1.997288 0.605647 0.726640 1.516897 -1.261718 0.315381 -1.142146 -1.770564 -2.255763 0.993080 0.038092 -0.026696 -0.599802 -0.370477 -2.013805 -0.862659 -0.415934 0.593320 -1.258137 -0.563434 -0.235568 -2.241265 1.317659 1.776177 0.512928 0.568381 0.924914 0.416246
94 0.377557 -0.988435 -2.798062 0.412859 -0.332911 -1.512520 0.991644 -0.444737 -0.568263 1.899222 0.646047 0.544114 1.056466 0.578046 -0.104467 -0.682950 -1.728604 -1.859395 2.217161 -0.052111 1.087330 0.028481 0.414286 -0.677082 1.480163 0.320781 1.306194 -0.779463 -0.974409 -1.031679 -1.006694 -1.194916 0.167875 0.628804 -0.179856 1.715805 -1.866915 -0.671190 0.229517 0.322364 2.187005 -0.631047 0.068564 -0.869207 0.157841 0.668394 -0.798458 0.323679 -0.583743 -0.094629
95 -0.183869 -1.420528 -0.411412 0.409118 0.698196 -0.514277 0.521850 -0.935266 -0.505005 0.473636 -0.739673 0.550893 0.399035 -0.020154 0.889573 0.992497 -0.938089 -0.560385 1.122417 0.430592 -0.484865 0.419738 -1.646739 -0.149585 -1.556864 -0.620790 -0.209595 -0.124552 0.150855 -1.309131 -0.811753 1.661605 0.161981 0.497464 0.802053 -0.591695 -1.805424 -0.712002 0.859119 0.723681 -0.367443 0.145560 0.096633 0.408897 -0.309177 0.352731 0.995860 -0.910997 -1.201240 -0.196081
96 1.141556 1.778139 0.783502 1.369495 0.313159 0.411590 0.753650 0.578021 0.180722 0.313601 -0.000723 -0.695652 -0.407250 -0.271192 1.820914 -1.417090 -0.411146 -1.142257 -1.172731 -0.905751 -1.619329 -0.648947 -0.955225 -0.154880 2.976653 -0.392196 -0.893855 -1.138100 -1.667460 -0.438650 1.017005 -0.001644 2.835420 -0.125598 -0.249559 0.179565 1.175878 1.755221 1.196426 0.491925 0.488269 1.479842 -1.046658 -0.066439 -0.467049 -0.418891 0.147476 -1.668707 0.526077 -1.177725
97 -0.466998 0.084141 -0.454389 0.195633 0.998927 0.843202 1.123989 1.232614 -0.293359 0.527212 0.270268 -1.081311 -1.274657 -0.660968 -0.142156 -0.390909 1.129593 -1.096038 0.732076 -1.008997 -0.114829 -0.539643 0.811743 2.155017 1.569699 0.172644 0.110826 0.965954 0.954399 0.767869 0.413124 0.285103 -1.717975 -0.259314 1.389987 -0.859202 0.011375 0.425489 -0.214111 -0.914569 2.705831 -1.439680 0.398398 -1.828929 1.431056 0.504172 -0.518106 -0.486194 1.997418 0.391894
98 1.330041 11.105275 10.261772 8.705209 9.913218 10.083435 10.431780 8.779295 9.715874 10.363976 9.715525 10.934349 9.514257 10.281190 9.988908 9.640586 11.233460 9.769879 11.079813 10.535925 10.047324 7.239713 10.320932 10.518150 11.754488 8.915319 8.508186 10.426884 9.116703 8.775693 8.968336 10.566881 10.144832 11.579644 11.120464 10.944539 9.737099 9.130518 8.516104 11.606159 9.044532 10.534873 9.811994 8.700241 10.049223 10.907963 11.028872 11.597528 9.085205 9.553594
99 1.259303 0.569396 0.994932 0.626719 1.331105 -0.548927 -0.288578 -0.429062 -0.518714 0.709410 1.725015 0.982273 -0.594725 -1.352503 0.148646 0.776006 0.132954 -0.296437 -0.286265 -0.168216 -0.501679 -1.317409 0.693410 -0.293828 0.978832 1.122638 -1.409423 0.181050 1.991501 0.801640 -1.048345 0.314270 -0.752848 -1.921210 0.490029 0.873979 -0.119295 -0.133593 0.275486 -0.640106 -0.657986 -0.112967 0.373397 0.001128 -2.139615 -1.338542 0.986864 -1.308111 -0.143571 -0.003384
END
#################################################################
SECTION3 (Edges Information)
EndPoint0 EndPoint1 Weight
0 1 1.000000
0 9 1.000000
0 10 1.000000
0 90 1.000000
1 0 1.000000
1 2 1.000000
1 11 1.000000
1 91 1.000000
2 1 1.000000
2 3 1.000000
2 12 1.000000
2 92 1.000000
3 2 1.000000
3 4 1.000000
3 13 1.000000
3 93 1.000000
4 3 1.000000
4 5 1.000000
4 14 1.000000
4 94 1.000000
5 4 1.000000
5 6 1.000000
5 15 1.000000
5 95 1.000000
6 5 1.000000
6 7 1.000000
6 16 1.000000
6 96 1.000000
7 6 1.000000
7 8 1.000000
7 17 1.000000
7 97 1.000000
8 7 1.000000
8 9 1.000000
8 18 1.000000
8 98 1.000000
9 0 1.000000
9 8 1.000000
9 19 1.000000
9 99 1.000000
10 0 1.000000
10 11 1.000000
10 19 1.000000
10 20 1.000000
11 1 1.000000
11 10 1.000000
11 12 1.000000
11 21 1.000000
12 2 1.000000
12 11 1.000000
12 13 1.000000
12 22 1.000000
13 3 1.000000
13 12 1.000000
13 14 1.000000
13 23 1.000000
14 4 1.000000
14 13 1.000000
14 15 1.000000
14 24 1.000000
15 5 1.000000
15 14 1.000000
15 16 1.000000
15 25 1.000000
16 6 1.000000
16 15 1.000000
16 17 1.000000
16 26 1.000000
17 7 1.000000
17 16 1.000000
17 18 1.000000
17 27 1.000000
18 8 1.000000
18 17 1.000000
18 19 1.000000
18 28 1.000000
19 9 1.000000
19 10 1.000000
19 18 1.000000
19 29 1.000000
20 10 1.000000
20 21 1.000000
20 29 1.000000
20 30 1.000000
21 11 1.000000
21 20 1.000000
21 22 1.000000
21 31 1.000000
22 12 1.000000
22 21 1.000000
22 23 1.000000
22 32 1.000000
23 13 1.000000
23 22 1.000000
23 24 1.000000
23 33 1.000000
24 14 1.000000
24 23 1.000000
24 25 1.000000
24 34 1.000000
25 15 1.000000
25 24 1.000000
25 26 1.000000
25 35 1.000000
26 16 1.000000
26 25 1.000000
26 27 1.000000
26 36 1.000000
27 17 1.000000
27 26 1.000000
27 28 1.000000
27 37 1.000000
28 18 1.000000
28 27 1.000000
28 29 1.000000
28 38 1.000000
29 19 1.000000
29 20 1.000000
29 28 1.000000
29 39 1.000000
30 20 1.000000
30 31 1.000000
30 39 1.000000
30 40 1.000000
31 21 1.000000
31 30 1.000000
31 32 1.000000
31 41 1.000000
32 22 1.000000
32 31 1.000000
32 33 1.000000
32 42 1.000000
33 23 1.000000
33 32 1.000000
33 34 1.000000
33 43 1.000000
34 24 1.000000
34 33 1.000000
34 35 1.000000
34 44 1.000000
35 25 1.000000
35 34 1.000000
35 36 1.000000
35 45 1.000000
36 26 1.000000
36 35 1.000000
36 37 1.000000
36 46 1.000000
37 27 1.000000
37 36 1.000000
37 38 1.000000
37 47 1.000000
38 28 1.000000
38 37 1.000000
38 39 1.000000
38 48 1.000000
39 29 1.000000
39 30 1.000000
39 38 1.000000
39 49 1.000000
40 30 1.000000
40 41 1.000000
40 49 1.000000
40 50 1.000000
41 31 1.000000
41 40 1.000000
41 42 1.000000
41 51 1.000000
42 32 1.000000
42 41 1.000000
42 43 1.000000
42 52 1.000000
43 33 1.000000
43 42 1.000000
43 44 1.000000
43 53 1.000000
44 34 1.000000
44 43 1.000000
44 45 1.000000
44 54 1.000000
45 35 1.000000
45 44 1.000000
45 46 1.000000
45 55 1.000000
46 36 1.000000
46 45 1.000000
46 47 1.000000
46 56 1.000000
47 37 1.000000
47 46 1.000000
47 48 1.000000
47 57 1.000000
48 38 1.000000
48 47 1.000000
48 49 1.000000
48 58 1.000000
49 39 1.000000
49 40 1.000000
49 48 1.000000
49 59 1.000000
50 40 1.000000
50 51 1.000000
50 59 1.000000
50 60 1.000000
51 41 1.000000
51 50 1.000000
51 52 1.000000
51 61 1.000000
52 42 1.000000
52 51 1.000000
52 53 1.000000
52 62 1.000000
53 43 1.000000
53 52 1.000000
53 54 1.000000
53 63 1.000000
54 44 1.000000
54 53 1.000000
54 55 1.000000
54 64 1.000000
55 45 1.000000
55 54 1.000000
55 56 1.000000
55 65 1.000000
56 46 1.000000
56 55 1.000000
56 57 1.000000
56 66 1.000000
57 47 1.000000
57 56 1.000000
57 58 1.000000
57 67 1.000000
58 48 1.000000
58 57 1.000000
58 59 1.000000
58 68 1.000000
59 49 1.000000
59 50 1.000000
59 58 1.000000
59 69 1.000000
60 50 1.000000
60 61 1.000000
60 69 1.000000
60 70 1.000000
61 51 1.000000
61 60 1.000000
61 62 1.000000
61 71 1.000000
62 52 1.000000
62 61 1.000000
62 63 1.000000
62 72 1.000000
63 53 1.000000
63 62 1.000000
63 64 1.000000
63 73 1.000000
64 54 1.000000
64 63 1.000000
64 65 1.000000
64 74 1.000000
65 55 1.000000
65 64 1.000000
65 66 1.000000
65 75 1.000000
66 56 1.000000
66 65 1.000000
66 67 1.000000
66 76 1.000000
67 57 1.000000
67 66 1.000000
67 68 1.000000
67 77 1.000000
68 58 1.000000
68 67 1.000000
68 69 1.000000
68 78 1.000000
69 59 1.000000
69 60 1.000000
69 68 1.000000
69 79 1.000000
70 60 1.000000
70 71 1.000000
70 79 1.000000
70 80 1.000000
71 61 1.000000
71 70 1.000000
71 72 1.000000
71 81 1.000000
72 62 1.000000
72 71 1.000000
72 73 1.000000
72 82 1.000000
73 63 1.000000
73 72 1.000000
73 74 1.000000
73 83 1.000000
74 64 1.000000
74 73 1.000000
74 75 1.000000
74 84 1.000000
75 65 1.000000
75 74 1.000000
75 76 1.000000
75 85 1.000000
76 66 1.000000
76 75 1.000000
76 77 1.000000
76 86 1.000000
77 67 1.000000
77 76 1.000000
77 78 1.000000
77 87 1.000000
78 68 1.000000
78 77 1.000000
78 79 1.000000
78 88 1.000000
79 69 1.000000
79 70 1.000000
79 78 1.000000
79 89 1.000000
80 70 1.000000
80 81 1.000000
80 89 1.000000
80 90 1.000000
81 71 1.000000
81 80 1.000000
81 82 1.000000
81 91 1.000000
82 72 1.000000
82 81 1.000000
82 83 1.000000
82 92 1.000000
83 73 1.000000
83 82 1.000000
83 84 1.000000
83 93 1.000000
84 74 1.000000
84 83 1.000000
84 85 1.000000
84 94 1.000000
85 75 1.000000
85 84 1.000000
85 86 1.000000
85 95 1.000000
86 76 1.000000
86 85 1.000000
86 87 1.000000
86 96 1.000000
87 77 1.000000
87 86 1.000000
87 88 1.000000
87 97 1.000000
88 78 1.000000
88 87 1.000000
88 89 1.000000
88 98 1.000000
89 79 1.000000
89 80 1.000000
89 88 1.000000
89 99 1.000000
90 0 1.000000
90 80 1.000000
90 91 1.000000
90 99 1.000000
91 1 1.000000
91 81 1.000000
91 90 1.000000
91 92 1.000000
92 2 1.000000
92 82 1.000000
92 91 1.000000
92 93 1.000000
93 3 1.000000
93 83 1.000000
93 92 1.000000
93 94 1.000000
94 4 1.000000
94 84 1.000000
94 93 1.000000
94 95 1.000000
95 5 1.000000
95 85 1.000000
95 94 1.000000
95 96 1.000000
96 6 1.000000
96 86 1.000000
96 95 1.000000
96 97 1.000000
97 7 1.000000
97 87 1.000000
97 96 1.000000
97 98 1.000000
98 8 1.000000
98 88 1.000000
98 97 1.000000
98 99 1.000000
99 9 1.000000
99 89 1.000000
99 90 1.000000
99 98 1.000000
END
#################################################################
SECTION4 (TrueSubGraph Information)
EndPoint0 EndPoint1 Weight
26 16 1.0
16 17 1.0
17 18 1.0
18 8 1.0
8 98 1.0
8 7 1.0
7 17 1.0
18 28 1.0
28 29 1.0
18 19 1.0
END
#################################################################
SECTION5 (Labels Information)
0 1 1 1 1 1 1 1 1 1 1 1 1 1 1 1 1 1 1 1 1 1 1 1 1 1 1 1 1 1 1 1 1 1 1 1 1 1 1 1 1 1 1 1 1 1 1 1 1 1 
END
#################################################################
SECTION6 (bt Information)
-5 5 5 5 5 5 5 5 5 5 5 5 5 5 5 5 5 5 5 5 5 5 5 5 5 5 5 5 5 5 5 5 5 5 5 5 5 5 5 5 5 5 5 5 5 5 5 5 5 5 
END
#################################################################
