#################################################################
#APDM Input Graph, this input graph includes 3 sections:
#section1 : general information
#section2 : nodes
#section3 : edges
#section4 : trueSubGraph (Optional)
#
#if nodes haven't information set weight to null
#################################################################
SECTION1 (General Information)
numNodes = 100
numEdges = 200
usedAlgorithm = NULL
dataSource = SimulationData2
END
#################################################################
SECTION2 (Nodes Information)
NodeID Base Counts
0 -0.320207 -0.552058 0.670942 1.851953 1.937020 0.067149 -0.656456 0.424376 -0.287998 0.817245 0.043567 0.451696 -0.702605 -1.245250 -0.147963 -0.332336 -1.929066 -1.103908 -1.636675 0.635233 0.142688 -0.151231 0.582075 -0.324359 1.062069 0.155188 -0.581820 0.251800 1.198029 0.288161 -0.469346 -0.562882 -1.264716 -0.312173 0.781859 -0.517183 1.009245 0.953950 1.379377 -0.214827 0.452937 -0.460126 0.098822 0.995151 -0.460009 -1.154136 -1.596891 2.070727 -0.812042 -0.643637
1 -0.135240 -2.306844 -0.830801 -0.349808 0.428487 0.619846 -0.553301 -0.413409 -1.296009 0.547451 -1.018976 -0.020401 -1.341326 0.339476 0.330409 1.046154 0.634059 -0.257994 -0.390210 1.002964 -0.412193 -1.743325 0.241687 1.919717 0.758589 0.885471 0.240445 -0.160662 -0.361121 1.381846 -1.103486 -0.356371 0.497971 1.080052 -0.002313 -0.806859 -0.110739 -0.817193 -1.038150 -0.291109 -0.755394 1.244652 0.196220 -1.351932 1.529251 0.017004 -0.624299 0.955798 -1.062293 -1.104807
2 0.940865 -1.381780 -1.199267 -0.478691 -2.044850 2.348105 1.059647 0.285371 -0.312954 0.363896 0.751326 -0.645954 -0.513981 -0.121593 0.233283 -1.764456 1.584861 -0.465620 -0.331924 0.815381 0.931693 0.451584 -1.263728 -1.891805 -0.797327 -0.608132 -0.388705 -0.235182 1.950933 -1.545512 1.265213 1.652838 0.431773 -0.067155 -1.693097 0.402438 0.089736 1.182120 -1.851087 -0.519543 0.921751 -0.795364 -0.671734 0.689686 -1.418190 -0.000599 -0.263837 -0.598033 0.121735 -0.678928
3 0.019296 -0.935153 -0.898328 -0.659224 -1.631015 0.950861 0.526138 -0.545057 1.771131 -0.198608 -0.018142 -0.198037 0.399020 1.430001 1.095438 2.234512 -2.410060 -0.980670 0.380569 -2.245554 -0.052508 0.618311 -0.127808 0.272795 -1.768751 -2.219752 -0.290107 0.815923 -1.282330 0.270047 0.967455 1.027025 0.044010 -0.850604 -0.118550 -1.305645 -0.415594 -0.709547 2.104598 0.139510 -0.002394 0.040106 0.203713 -0.087728 0.666494 -0.736587 1.118299 -1.336918 -2.033337 0.070387
4 -0.212168 -0.744872 -0.355428 0.699604 -1.305772 -0.030723 0.548971 -0.504629 0.702390 -1.632369 0.392377 0.010517 0.437959 0.064340 1.167901 0.941755 0.863157 -0.411903 0.937228 -0.239064 -1.676934 0.341983 -0.138629 0.043062 0.083797 -1.894734 0.543297 0.222377 1.182529 0.033998 -0.411732 -1.435723 -0.702052 0.964870 -0.178873 1.628519 -0.907784 -1.069429 -0.344920 0.785746 -1.248793 0.184007 -1.121589 -0.873154 -0.176820 -0.491468 0.210544 -2.586558 1.186398 -0.360451
5 -0.656177 -0.149135 -1.351034 -0.430849 -0.298252 0.420153 -1.168210 0.289522 0.250762 0.523058 -1.184442 1.727292 -1.320485 1.425214 -0.164131 0.773006 1.307976 0.597960 -0.710883 1.792862 -0.413326 1.258680 -0.503461 1.531465 -1.208758 -1.178438 -1.156082 -0.256236 -1.313534 -0.004209 0.116263 -0.741321 0.982069 -0.015932 -0.988070 0.336661 -0.019299 0.464185 0.674538 -0.094788 -0.051272 -1.376513 0.448908 -1.296799 -0.275683 2.050776 0.533429 -1.144492 -0.671477 0.348628
6 1.168452 -1.286861 1.448091 -1.000442 -0.796979 -0.258087 1.263315 0.201157 -2.519885 0.422628 -2.243978 -0.201465 1.870708 1.320211 0.364499 -1.427630 -0.148132 -1.069663 0.471105 -0.339564 -0.782133 0.371832 0.753082 -0.707392 0.717656 0.312511 0.804442 0.279558 -0.313803 -0.588020 -2.327412 0.513852 0.593951 -0.097343 0.147809 -2.016675 1.566190 0.171470 -0.551747 0.530245 0.412819 0.043542 -1.555271 0.440121 0.171173 -0.833799 -0.054655 -0.406672 0.486872 -0.258209
7 -0.949419 -0.752311 -0.517060 0.998833 -1.250241 0.075751 0.348053 1.838625 0.478853 -0.112338 -0.558993 0.329347 0.157971 -0.308240 0.883467 0.733942 0.799687 -0.620097 -0.404724 1.721077 0.673471 1.640399 1.225082 0.355341 0.408624 -0.910511 -1.570774 1.342040 -0.785987 0.893509 0.295326 -1.266871 0.750307 -2.385113 -0.172841 -0.609657 0.929539 -2.240956 0.915972 -1.332600 0.794842 -0.948617 -0.034028 0.194963 1.062931 -0.317321 0.324855 -1.328023 0.653497 -0.898019
8 -0.739286 1.668484 -0.125883 -0.994947 -0.457934 1.992224 0.456608 -0.940496 0.227353 1.141422 0.193096 1.080323 -1.798496 0.696051 0.252490 -0.416826 -1.046835 0.325921 1.329959 -0.811676 1.243636 -0.500036 0.223121 -1.280044 1.127812 -1.038705 -0.451717 0.596553 1.546274 -0.071628 -0.126509 0.560985 1.027428 -0.154123 0.556249 0.108818 -0.089961 -1.031443 0.894955 1.296361 0.980742 0.394789 -1.253620 -1.744181 1.387184 -0.153485 0.559650 0.344960 -0.088137 0.807951
9 -0.084099 -1.070098 -1.364572 -0.467014 0.430980 -0.931558 -1.484520 -0.252964 0.960926 0.801479 0.562602 0.068664 1.039602 0.000550 -0.707752 -2.813526 -0.145557 -0.618666 1.581584 -0.458460 0.902842 1.532747 0.395460 -2.002388 0.401429 -0.736898 -1.407799 1.093595 0.369010 1.793398 -0.183708 0.526321 0.333816 1.533523 0.007111 -0.140891 0.780341 0.717658 0.240174 0.723463 0.311392 0.228048 -0.208301 0.832894 0.286412 -0.425939 0.901560 0.118200 0.171057 0.865138
10 -0.388053 -0.496826 -0.616181 -0.352990 -0.356387 -0.967754 -0.748359 0.283175 0.154129 0.440868 0.484151 0.800516 -0.131441 0.467744 1.021809 -0.685939 -0.559617 0.305521 0.266403 0.464572 -0.917597 2.154439 0.075424 -0.190533 0.136454 -0.732646 1.231670 -2.032508 0.426119 1.668210 0.921247 -0.960065 -0.604944 -0.238913 1.167570 -0.431745 1.068409 -0.330771 0.727145 -1.253104 -0.822372 -1.615843 0.211397 -0.774445 -0.992498 -1.764645 0.983933 -0.044743 0.414521 0.048038
11 -1.124233 1.386040 -0.244024 -0.006975 0.076520 -0.512057 -0.323357 -0.479179 -1.059040 -0.208992 0.264817 0.378974 0.042775 0.408117 -0.263855 1.075252 -0.774987 1.141977 0.229454 -0.154054 0.444077 0.864556 -1.380875 0.525542 0.726824 -0.859034 -0.157336 -0.077218 0.670703 -1.303474 1.173975 -0.141009 -0.160138 -1.394831 -0.055539 -0.939015 -3.094779 -1.661939 -0.838515 0.122093 -0.541380 -1.464764 0.302536 1.341557 -0.816402 3.114376 0.103441 0.013459 -0.423671 -0.768801
12 0.053254 -2.761452 -0.229906 -0.023908 1.997449 1.105953 -0.558544 -0.921775 0.939349 1.173730 1.038372 0.196071 0.599488 -0.104402 -0.113208 -2.165970 0.474980 -0.077005 -0.357988 -0.666585 0.445782 -0.412145 0.711980 1.349082 0.528185 0.234752 -0.871310 1.570051 1.160113 -0.603329 -1.358020 -1.625762 -0.264228 0.668432 0.449920 0.575770 -1.028596 1.630655 0.387663 -0.627161 -0.446501 -0.911962 -0.125996 0.131443 -0.326682 -0.171742 -0.049096 -0.235648 0.186271 1.650126
13 -0.521705 0.921549 0.119169 1.758164 0.955568 0.677863 -0.882775 0.424893 -0.398348 -0.183176 2.973674 1.478981 0.363559 0.458823 1.337284 0.490175 0.816647 1.962779 -0.129537 -0.940224 -0.110383 0.098293 1.398338 -0.818613 0.242735 0.312597 -1.455283 -0.826464 0.526998 1.210789 -0.499076 0.099072 -1.792880 -0.491140 -0.360817 -1.044570 -0.139912 0.498428 0.754365 -0.127582 0.067366 -2.028012 -1.013807 0.191626 0.678570 -0.261736 1.036880 1.604010 0.073390 -0.518317
14 1.585047 -0.076594 0.647019 -0.683030 -0.377034 0.952050 0.810724 -0.390559 -1.208164 -0.034006 0.427812 0.117360 1.219358 -0.793312 -0.391296 1.624209 -0.022396 1.583921 0.245056 0.585448 0.333001 0.009520 0.632023 0.295167 0.721303 1.238337 -2.116689 0.312370 -0.206371 1.298188 -0.297006 0.824450 -1.370641 -0.683511 0.630031 -1.717067 -0.653851 0.093039 0.726386 1.227844 -0.362755 -0.918618 0.452972 -0.453443 -1.010007 -0.619317 1.778470 0.735265 0.228409 0.481323
15 2.025390 1.627151 -0.491209 0.466187 0.491866 -0.726107 -0.453393 -1.285054 -0.703811 0.567898 0.917093 0.075117 -0.915087 -0.164611 -2.100064 0.963927 1.186733 1.752049 1.558623 -1.009994 -0.013293 0.530162 -0.955926 1.753891 -0.164428 -1.442953 1.176127 0.879861 1.152499 -1.057566 -1.375069 -0.915397 0.930979 0.357734 0.629106 0.241983 1.185998 2.355608 -0.043178 -0.924564 -0.055128 -0.324055 0.978027 -2.431852 0.197350 0.273969 -1.086560 0.979658 0.239107 0.218287
16 0.722629 0.147944 -1.316845 -0.679989 0.305540 0.572447 -0.299419 0.919213 -0.225970 1.246336 1.291435 -0.428283 2.056675 -1.273152 0.526608 -0.425890 0.412664 0.018918 1.700651 0.617562 0.070664 0.327438 -0.490393 0.514783 0.445948 0.065120 0.542940 0.981165 2.228767 0.603773 -0.418107 -0.012550 -1.024328 -0.878217 -0.195456 1.753616 0.787374 -1.034544 1.038177 0.214920 -0.580148 -1.870746 0.886642 0.019243 -0.896504 -0.872145 -1.611388 -0.454776 0.127327 0.432299
17 -0.391883 -0.274037 -1.047571 0.236641 -1.079270 0.651352 -0.725883 1.006606 -1.574073 0.638023 0.052686 -0.465996 -0.678711 -1.757559 0.376770 0.401251 1.585488 -0.035430 -0.339252 -1.181988 -1.605458 -1.179595 0.784244 1.687799 0.106023 -0.670063 -0.238533 0.507477 0.390878 -1.706572 -0.559477 1.153093 0.521741 -0.822020 1.485091 -1.894920 1.516348 -0.580682 -1.120104 0.019594 -0.648628 -0.217991 0.987379 1.882199 -1.455077 -2.114922 -0.075180 -0.731081 -0.140621 1.772192
18 -1.642790 0.814334 -0.555947 -1.106068 -0.088384 -0.379173 1.311986 0.301303 0.433609 2.155940 0.115523 -0.098358 0.351195 -0.831072 0.121185 -0.562291 -0.578266 1.086493 -1.556931 0.283107 -1.071535 0.288669 1.856148 -0.339497 -1.055321 -0.013201 -0.086419 0.253920 1.824183 0.244853 -2.098088 -0.373218 -1.179689 0.075366 -1.635331 0.777228 -0.998162 -0.186722 -0.841663 0.519288 -0.619730 -0.263263 -1.233609 0.610008 0.833109 0.652506 -0.890799 -1.235123 1.692483 -1.469681
19 0.348739 1.489093 1.293893 0.787257 -0.074796 0.120692 -1.696769 -0.447787 0.333224 0.548396 -0.393498 -1.188629 0.489644 -1.216063 -2.410780 -0.226070 1.017524 -1.358873 1.568415 -1.203254 0.212991 2.284057 0.492223 1.505539 -1.726625 -0.231689 0.544296 -0.757999 0.088934 0.636491 0.157210 -0.292714 -0.163287 0.425894 -0.101991 -0.101145 -1.240656 -0.900586 0.636409 0.354838 0.113226 0.450663 -0.535497 -1.288563 -0.137301 -0.993117 -1.056740 -0.785536 0.279089 1.654572
20 0.146790 -0.242841 -1.061280 1.518861 -1.823800 1.471652 0.701644 -0.770788 1.562285 1.243040 0.318969 0.194549 0.729401 1.345954 2.313511 -0.716016 0.069711 -2.175963 -0.193490 0.058135 0.186531 1.039642 0.424809 -0.460992 -0.718410 -1.751246 -1.799824 -0.151102 -0.222300 -2.441333 -0.238958 -1.254045 -1.152762 -0.366689 -1.735528 0.658353 -0.258155 -0.279306 1.934468 0.131974 -1.873800 -0.662568 0.062225 1.916408 0.272851 1.489540 -0.537435 -1.886879 -1.004095 -0.449271
21 -0.257752 -0.487269 -1.154515 0.063141 0.095339 -1.599043 -0.006035 -0.091772 0.187670 -0.624539 0.921588 -1.753720 -0.037926 -1.788635 0.149500 -0.194368 -1.026674 0.860529 2.321264 -0.187879 -0.257594 -1.028103 -0.043904 -0.056674 -1.025851 -0.769479 0.306341 2.058185 0.770839 0.165774 -0.829323 0.767051 0.827857 0.242983 0.272451 1.854269 0.522398 -1.782198 -0.082805 -0.326742 -0.897586 0.029782 0.685540 -0.140470 -0.088543 -0.606025 -0.657061 0.048938 -1.624773 1.055685
22 0.686983 -0.359749 0.691525 1.115188 -0.251134 0.509435 -0.677226 0.524095 0.498661 0.312893 -0.237699 -1.065332 -0.539100 -1.647750 -0.602130 -1.249955 0.454347 -1.244056 2.099967 1.092502 0.242006 -0.117587 -0.676300 0.632975 0.218523 -0.564477 1.865260 0.437385 -1.172457 -0.357709 -0.373297 1.625487 -0.376761 -1.080340 1.357959 -0.585829 1.006209 2.488138 0.668869 0.048192 0.359534 0.219825 0.670273 -1.048918 -0.497697 -1.626244 0.944036 -0.356133 -1.060542 0.839717
23 -1.020686 0.652459 -0.759090 0.793744 0.963439 -0.485687 0.898696 0.655137 1.661195 -0.118933 2.745991 -0.988721 0.667192 1.593788 -1.186807 -0.264114 1.798306 2.691314 1.774689 1.142094 -0.364349 -1.848518 -0.575256 -0.796469 0.023136 -0.269284 0.188371 -0.711344 1.459633 -0.453201 -0.438872 1.182032 -0.291791 -0.166634 1.270231 1.109244 2.539330 -2.005114 1.649268 0.121455 0.545479 0.323946 0.181843 0.938196 1.090310 1.195300 0.201087 -0.145374 -0.723661 -0.044475
24 0.355873 0.111696 -1.545942 -1.521820 0.316366 0.183963 -1.989044 -0.535519 0.663863 0.246559 1.070997 0.713626 0.994265 0.318671 1.632947 0.452240 1.054235 0.661676 1.778495 1.914638 0.553726 -0.505751 1.243515 1.061577 2.878810 -0.160453 1.324474 0.530894 1.031620 -0.190821 0.334773 2.175694 -0.193361 -1.317004 -0.671364 -0.841384 -0.174695 0.845633 -1.444100 0.803350 -1.706302 0.398718 -1.834750 0.129579 -0.534099 0.435774 1.305937 -1.714157 1.310225 -0.179320
25 0.017848 0.714281 1.266609 1.129786 0.736857 0.413623 0.041438 -0.115834 0.545577 -0.698043 1.727223 1.809097 -1.284707 -0.429437 1.598917 0.043435 0.286534 -0.037296 0.290870 0.883814 -1.222228 1.679203 1.865849 -0.506017 -0.597348 -0.317493 -0.450428 -0.691824 -0.640622 1.238809 -1.006254 -0.142216 -1.630748 0.232167 0.098715 -0.462315 -0.065520 2.344795 0.154482 0.642206 0.858507 2.007134 0.869700 -0.089144 -0.232864 0.247492 0.228886 1.286220 0.994906 -0.588725
26 0.297265 -0.875442 0.736430 -1.772647 1.042316 -0.676207 -0.526293 0.913060 -0.758590 1.557590 0.483410 0.504699 0.160247 -0.164824 -0.236596 -0.773585 0.095811 0.740465 1.673174 1.361877 1.295913 0.458513 0.512268 0.236451 1.292166 0.436719 -0.439767 -0.014812 0.227588 -1.015899 0.242012 0.769363 -1.253789 -0.766200 -0.413304 1.177486 1.119012 0.348738 -0.474879 0.124328 0.582573 0.081802 -0.334631 0.552296 1.297784 1.294050 -0.288252 0.041885 2.525378 0.435550
27 1.029414 -0.848566 -1.617079 -0.597689 -0.714769 -0.846021 -0.767143 0.081409 -0.275696 1.552553 0.009948 0.171714 0.683782 0.064999 -0.888242 1.287066 -0.233797 0.874974 -0.500467 0.425446 -0.583153 -0.216255 -0.188825 2.073045 2.101248 0.277178 -0.572372 0.160812 -0.858952 1.433087 0.457335 -0.594289 -0.544994 1.417510 -2.234424 -0.751652 0.648435 -0.652807 0.742450 1.323806 0.346688 -1.454407 -1.498367 -2.065545 -0.603904 0.324116 0.401514 0.756685 0.488788 1.086148
28 0.320608 0.769514 0.040281 -0.805283 0.620828 -0.992133 -0.223506 0.120480 0.253149 0.525441 -1.047810 1.193588 -1.825074 0.956466 -2.811133 -2.122600 0.945286 0.435434 -1.886090 0.715280 -0.302206 0.219443 0.025149 -0.669571 0.487200 0.224524 1.808741 -0.173121 0.783599 1.708920 1.759377 -0.948356 -0.045742 -0.815879 -0.179512 -0.175637 1.495380 1.276261 0.053542 -0.103832 -1.517598 0.045515 -0.043802 -1.078734 -0.274555 1.443445 1.255411 -0.215032 0.681564 1.182842
29 0.774270 0.754059 -0.582629 -0.727566 -0.709265 -0.063257 0.637904 1.401885 1.308876 0.621457 0.142199 -0.457830 1.042350 0.142020 0.687320 -0.053966 0.398381 1.182983 0.274791 -1.726407 0.853850 0.900324 -0.927177 0.661176 -0.715021 0.089171 -2.139357 0.363346 1.784617 1.194815 -0.488297 -0.584788 0.761028 -0.310107 1.817654 -0.866706 0.455466 -0.646561 0.442265 -0.031177 -0.295766 0.690022 1.605877 0.764787 0.950196 -0.814025 -1.179260 0.737909 -1.889534 -0.126006
30 -2.025756 -0.806101 -1.639085 0.056247 -2.425646 0.743819 0.608089 0.576888 1.264330 0.765168 -1.038632 1.262462 -0.165789 0.797419 -0.748340 0.404309 0.099993 -0.035800 -0.548381 1.018952 -1.972828 0.250845 1.460353 0.311182 0.669098 -0.979730 -0.793555 -1.323433 -0.135918 -0.170016 -0.027895 -1.227111 -2.246665 0.205347 0.295889 -0.005045 0.524204 -0.966332 0.453201 1.187868 0.651329 0.882887 0.592706 -1.811878 0.752322 0.777650 0.686086 0.248135 0.153119 0.286878
31 2.800979 1.131121 -1.082533 -1.188749 1.543549 1.105461 -0.526371 1.042987 0.003279 0.388123 -0.112027 0.672021 -2.005120 -1.971904 0.705549 1.476002 1.730776 1.485089 0.039561 0.869936 0.464639 0.471793 1.852461 -0.400626 -1.244612 -1.457872 -0.629781 -0.745113 0.136528 -0.099727 -0.726099 -0.504251 1.016605 0.080632 0.543609 -0.483163 0.455417 0.734004 1.112938 0.103750 -0.476683 0.988728 -0.675501 -0.631764 0.210788 1.630401 1.435611 1.083581 -1.142666 0.022207
32 -0.296968 -0.902111 -0.855299 -0.085408 1.159409 -0.904095 -1.397044 -0.175227 0.211765 1.969917 0.215198 0.602503 -2.555417 -0.434134 0.495775 1.667721 0.685312 0.203808 0.204815 -1.171117 -0.658523 0.554456 -0.296184 0.042800 0.463195 0.495281 0.442969 1.219456 0.849533 1.869647 0.906095 -1.008788 1.290974 -2.421821 -0.444148 -0.717780 -0.402468 0.041770 0.717001 -1.190298 -1.212732 -0.171837 0.612704 0.277058 2.013788 -1.260681 1.661315 0.204235 0.634709 0.789505
33 -0.128875 0.107376 1.091022 -2.112105 0.613029 0.597525 0.849108 0.328465 -0.416246 -0.501134 -0.592689 -0.874214 0.351294 1.550121 0.277636 -0.034567 -0.806470 -0.564239 -0.291640 -0.143920 -0.694244 -2.008697 -0.706231 -0.603210 0.089894 -0.088754 -0.643302 0.696637 -0.738254 0.616414 0.843129 -0.585999 1.075577 0.323855 1.624824 -0.762076 -1.236547 0.255139 0.320895 0.724797 1.378174 0.051913 -0.468216 1.117895 -2.054383 0.758199 0.447764 -0.812857 0.373913 0.201169
34 -0.023798 -0.771963 0.342082 2.928238 2.056009 0.174837 0.137378 0.454420 -1.116689 -1.366618 -0.989308 -2.302915 0.575091 0.874161 -1.096297 -1.215690 0.578084 0.005812 0.424675 -0.053364 2.461366 -0.376999 0.250682 1.704596 1.185652 1.666338 0.110729 -1.044636 -0.811473 0.951093 -0.043483 0.904602 1.877096 -0.468259 -3.007725 0.853293 0.267719 -0.208499 -1.735330 1.231630 -0.256290 1.461301 -1.661592 0.648247 -0.271637 1.162546 -1.469822 -0.163997 0.785332 0.086140
35 0.515250 -0.724236 0.697840 -0.748229 -0.195672 -0.237193 -0.754616 0.152869 -0.068680 -0.412497 -0.076761 0.943155 0.671859 2.526504 -0.545486 -0.281920 0.192614 -1.436658 0.286640 1.412853 -0.260593 -1.822221 -0.165043 -1.244198 0.499644 -0.367054 -1.151932 -1.837893 -0.211699 1.145106 -0.791378 0.705945 -0.252508 -0.558764 -1.417102 -0.676325 -0.214170 0.105903 -0.453912 0.443208 0.846245 0.893866 -0.688876 -0.651931 -0.710883 2.251087 -0.261634 1.213175 -0.106579 -0.729982
36 -0.877669 1.218735 -1.170790 -0.345022 1.663590 -0.873055 -1.173909 1.215045 1.126380 0.858883 1.354160 1.712862 -2.404941 -0.838556 0.221863 -0.096503 0.071239 -0.215923 -0.030400 -0.013963 -0.177029 -0.546938 0.515170 0.375165 1.655318 -0.802538 0.464424 -1.072189 0.377085 0.880461 -0.450080 1.672627 -0.925551 -0.218906 1.492766 1.365717 -0.789819 -0.357002 -0.554461 -0.585638 2.332199 -1.428203 1.440049 0.785663 0.249144 1.209511 0.177297 0.442351 0.036855 2.419824
37 -2.066662 -0.510230 1.106918 0.217827 -0.461381 0.283964 0.487037 1.025675 -0.953719 0.558230 -0.563521 -0.299062 -1.565954 1.558915 0.045629 -1.117953 0.147346 1.377090 -0.361142 0.386405 -0.583567 -1.455008 0.545232 0.076982 -1.668171 -0.120545 -1.705762 1.227871 -0.163744 -0.284684 0.347174 -1.519176 0.392337 -0.176486 0.841764 -0.640245 -0.800411 0.367009 0.343183 0.927960 -0.503796 -0.646635 -0.977080 0.460403 0.085146 -0.611068 -0.767227 0.806682 -0.923972 -1.230359
38 0.404801 0.225718 -1.020053 0.091843 0.060840 -1.359382 0.646651 0.333771 0.760815 -0.337300 0.416411 -1.410147 -0.152150 -1.051839 -0.828331 -0.175214 0.076445 -0.406436 0.774319 0.393575 0.560512 0.004330 -0.855558 -0.972141 0.522683 0.530543 0.561275 -0.424138 0.637213 -0.714161 -1.008838 0.644251 1.173836 1.309972 0.221875 -0.771165 -1.753857 -0.874347 -0.168641 -0.437374 -0.334953 -0.593765 -0.309533 -0.036990 -0.303178 -0.635382 0.540888 1.520058 0.766055 -0.515799
39 0.882494 -0.070638 0.206516 -0.046100 1.138582 0.680274 1.436897 0.696199 0.490047 -0.062608 0.102176 -0.186352 -1.423058 0.866462 0.214373 -0.648174 -0.661369 -1.262051 -1.568328 0.545324 2.020076 -0.752139 1.102745 -0.372191 0.597502 -0.583652 0.462907 -1.734320 -0.215311 0.552337 1.235611 0.835214 -0.164007 0.954253 1.066698 1.524288 -0.212377 0.952729 1.221009 1.177535 0.009245 -0.489154 -1.320400 1.360063 1.578446 0.104371 1.030162 0.758113 0.294161 0.626983
40 0.084921 -1.834063 -0.449076 -0.853137 0.368930 -1.291038 0.067867 -0.430578 1.316913 0.142294 0.265157 0.636797 -0.131421 -1.307722 -0.728320 -0.185014 -0.212991 -0.808723 -1.056704 0.955769 1.904485 -0.368919 0.640433 -0.738133 -0.122842 0.013016 -0.490108 0.947970 0.521697 0.830507 0.107923 -1.371388 0.248823 1.369041 -0.368909 1.061442 0.526957 -0.126035 0.575849 -1.045561 -2.092125 -2.347109 -1.083172 1.219192 0.940260 0.813288 -0.010215 -0.629103 0.202907 -0.571639
41 -1.055793 -0.319420 0.563128 2.009546 0.435526 0.149049 -1.363461 0.147399 0.372104 0.851544 0.047203 -0.193141 1.065693 -1.066406 1.395912 1.234853 0.202229 2.070911 1.214624 1.691670 0.326517 -0.156598 1.771589 -0.162512 0.084173 -1.773594 -0.219560 0.819103 -0.318712 1.374263 0.421426 -0.757780 -0.632677 -0.643782 0.732076 0.031323 -1.580285 0.675648 -0.975595 -0.006347 0.539412 1.928728 -2.212536 1.303483 -0.275937 -1.499375 1.408424 -0.917201 -1.033935 -0.418593
42 -2.206525 0.622794 -0.109299 -0.561875 -0.010731 0.990454 0.328314 0.028642 1.230798 -1.163284 0.711935 1.177188 0.252315 0.472398 1.549165 -1.703112 -1.952275 2.077170 -0.021065 -1.322723 0.301895 0.544604 -0.740053 -0.704081 -0.890312 1.492581 -1.889030 -0.648813 -0.929973 -0.213214 0.342040 -0.519817 -2.261750 -0.894235 -0.110502 0.109956 1.342631 -0.455189 0.393823 -0.549399 -1.042327 0.052758 -1.613849 0.185674 -1.140900 -1.194461 0.545826 1.990083 0.548718 -0.256532
43 1.687795 1.946848 1.109855 0.406566 -0.269489 0.610766 -0.724246 -1.114693 2.051898 -0.241148 -1.431922 3.014341 -0.402419 -0.051951 -0.863988 1.427891 1.355573 2.129645 0.606441 -1.903507 -1.422321 0.633921 0.691137 0.405930 -0.019658 0.914210 0.253651 -0.379753 -0.683029 -0.333792 1.504096 -0.176733 0.985539 0.426456 -0.255396 0.916112 1.234162 -1.285002 0.667521 0.258107 -0.438557 -0.152541 1.032649 1.409347 0.118829 -1.046444 -0.478393 0.519707 1.100806 1.270776
44 -2.301644 -2.538755 -0.622958 -0.071180 -0.043188 0.364542 1.738867 0.030625 -0.400089 -0.363902 -0.453138 0.048698 2.152555 -0.486873 -0.975808 -1.871390 1.266311 -0.586395 0.545484 -0.201109 1.155488 1.110705 0.394619 -0.475062 1.088025 0.177299 1.236567 0.118202 1.717595 -0.597411 -1.042738 0.376898 0.795313 0.162353 0.263049 -1.030701 -2.112137 0.680494 -1.379774 1.424929 -1.421762 -0.878141 0.083497 0.813901 -0.595126 -0.268861 -0.495335 1.670756 -0.660134 0.243714
45 -0.559455 -0.652617 -0.993784 -0.860857 -0.766340 -0.274990 -3.178152 -0.590408 2.002620 -0.481492 0.497142 -0.668617 -0.280149 0.122977 -0.926193 0.029530 -0.451374 0.081096 -0.916935 1.020813 -1.107817 -0.728172 0.989541 0.732486 -0.141543 -0.234927 -1.779059 1.637520 0.060610 0.426381 0.468041 0.383674 -0.571542 -0.030124 0.313737 1.882510 0.087980 0.393230 0.246194 1.258560 -0.029803 -0.796917 -0.499205 1.048812 2.266098 0.196652 1.824083 0.960604 0.768577 -0.406746
46 1.359547 -0.345657 0.375399 -0.128516 -0.424785 0.934176 -1.444698 0.728160 -0.843850 0.569017 -0.301193 0.090923 -0.395596 0.270697 -0.660616 0.285357 -0.184936 0.065029 -1.535747 0.812640 0.173390 0.544383 0.667670 0.000235 -1.294218 -0.230110 -1.438341 -0.423697 -1.853118 0.487158 -0.557171 0.605193 -0.016420 -0.487295 1.397595 -1.270331 -0.179638 -0.223352 0.470252 -2.451324 -0.525603 1.637722 -0.256349 0.835658 1.575684 0.471518 -1.311809 1.319230 -0.723101 1.208497
47 -1.320590 -1.155168 -0.085056 0.213960 1.443583 0.901373 -0.202401 -1.589352 -0.403028 0.903066 0.649006 0.022337 1.028656 0.489260 2.202843 -1.049999 -1.075696 0.164690 0.679798 -0.949478 -0.616308 -0.386323 0.036349 -0.545601 -0.226224 0.478259 2.272804 0.841475 0.459237 1.476057 0.281675 0.164498 0.580414 1.658698 1.037135 -1.303012 -1.871589 2.227564 -0.415645 0.837975 1.145145 -0.340011 1.467996 2.233509 -0.070184 0.300556 -1.772624 0.519195 0.932013 -1.384924
48 0.157061 0.353569 1.086819 -0.418531 1.912277 -1.370630 -1.085406 0.504201 1.311899 -0.429909 1.561371 0.410619 -1.362169 0.881791 -0.801254 -0.612159 1.545004 0.918111 1.091180 0.473777 0.145816 0.948032 -1.160122 0.396100 0.454993 -0.871259 0.220379 -0.155110 -1.913108 0.970462 0.265342 0.906664 0.594724 -1.561399 -0.842041 0.602243 -1.908456 1.276883 -1.303903 1.044272 -0.202116 -0.565325 0.113102 -0.436888 -0.396397 -0.233628 -2.022495 0.567779 -0.072813 -0.116689
49 -1.094287 -0.810907 -0.908427 -1.932101 -2.416441 -0.612723 0.870504 0.267369 -0.381136 1.112320 1.613867 1.179260 1.210293 -2.504734 1.125371 -0.712567 -1.052484 0.135421 0.454446 0.119062 -1.463981 2.278822 -1.737387 0.492591 -0.557209 -0.814261 0.931910 0.437684 1.512064 -0.287244 -0.164856 -0.415437 0.028032 0.821764 1.315852 -1.116129 2.252576 -1.153580 1.297636 -1.259505 -0.994997 0.897605 0.994390 -0.340516 -0.181602 0.695872 1.929885 0.252254 0.194102 -0.094201
50 -0.766348 -0.398561 0.480967 0.763282 -0.369100 -1.284801 -0.103302 0.911304 -0.572237 0.037307 0.301254 0.717547 -1.413935 -0.152348 -1.096359 0.513941 -0.824219 0.715726 0.241666 2.013126 1.337015 1.919509 -1.281599 -0.548273 0.144719 1.480481 0.959812 -0.047693 0.952046 0.356769 0.531121 -0.562109 -0.607799 -1.457899 0.705433 -0.953665 0.205124 0.830788 -2.448504 0.895866 -1.176952 0.764843 0.423924 0.323849 -0.183555 1.680031 -0.749358 -0.452769 -1.450789 1.108994
51 1.041455 -0.280677 1.230062 -0.042761 0.003949 0.303885 -2.155530 5.082406 -0.007571 -0.986470 2.511276 0.033578 0.482886 -0.082351 1.700396 2.988223 2.071882 0.842191 0.238446 -0.298829 -0.524773 5.251142 -1.122917 1.646431 0.013638 4.932258 -0.203428 -0.761035 0.108524 1.314795 0.230032 3.420336 -1.739987 0.923511 1.121933 1.635563 2.291895 2.877567 -0.545677 -0.520623 4.212708 1.518945 4.219860 2.262477 1.096759 5.332986 0.446655 0.916879 0.788145 0.598102
52 -2.518837 -0.378716 0.368202 -0.770053 0.535495 -0.494129 1.040190 0.597575 -0.630545 0.258930 0.176912 0.671301 -0.143988 -0.998613 -0.251034 -0.564031 -0.708806 -0.584417 1.484251 -2.173862 2.086956 -0.319352 2.857506 -0.647702 1.743614 1.300050 1.597943 -1.037646 0.007609 -0.037935 1.663656 -0.452018 1.816043 0.441414 0.599645 -1.458357 -0.533256 0.418779 -1.270026 -1.413716 -0.611091 -0.105834 0.443717 -0.898136 1.611605 -1.084729 -0.295843 -0.423071 -0.994760 0.969976
53 1.372625 1.869960 2.133694 -1.692731 0.671868 -0.211085 0.157432 1.182182 1.559450 0.876291 -0.051844 -0.610668 -0.066773 1.415823 -1.052230 -0.378775 -0.550345 0.010087 -0.477934 0.216405 0.018026 -0.154151 -1.085927 -1.339845 1.455877 -0.204304 -0.773859 2.101336 0.447925 1.766239 0.543024 -2.559531 0.600215 0.698576 0.850953 -0.808819 -1.113567 -0.620202 0.324419 -0.406168 -0.476721 0.732452 -1.119856 -1.117424 -0.217921 0.815817 1.194764 -0.054839 -0.694044 1.223649
54 -0.052714 0.135270 1.204274 1.063046 0.701797 1.354455 -1.427309 -1.577418 0.567070 -0.446916 -1.377017 -1.330424 0.020441 0.637637 -1.151949 -0.022371 0.446145 0.288797 0.770673 0.468588 0.212395 0.784046 -0.627815 -1.205442 0.329061 -0.421958 -0.730794 -0.923639 -0.717940 0.405915 -1.065499 -0.535483 0.037497 -0.118846 1.397518 1.245395 0.904194 0.709950 0.209153 -0.481293 -1.058946 0.059970 0.574578 -0.248791 -0.650990 -0.502458 1.877687 1.538876 0.452378 0.554068
55 -0.230602 0.294959 -0.289051 0.593648 1.593044 1.243857 0.476952 -0.797526 -0.670122 0.842379 1.301183 -1.818238 0.928127 -0.781944 0.513476 0.695763 -1.453978 0.729237 -0.692899 1.166674 -1.040605 0.676212 0.193089 -0.633842 0.250054 -1.954726 -0.649706 -0.982065 -0.289583 1.815688 0.524251 0.927926 -1.439002 1.053919 0.250012 -0.291359 -0.890645 -0.452491 -0.779350 1.169230 1.549120 1.889485 -0.739215 0.390118 1.177604 0.365190 -0.336159 -1.633030 -2.336725 -1.622134
56 -0.392888 -0.670410 -0.387155 -0.343541 -0.396085 -0.827252 0.647081 1.555156 0.754170 0.445626 0.846549 -0.870909 -0.970636 -0.991383 0.136689 -2.499661 0.893711 1.392729 -0.472565 0.883120 -0.340551 1.130098 -0.606114 -1.384895 -2.111206 1.265641 1.210396 1.362691 -0.834000 0.155424 0.839807 -1.136549 0.351298 -0.375647 0.418974 -1.975083 -1.145097 1.467954 -2.546443 -1.248778 1.262874 -1.637223 0.493773 0.658942 0.042123 0.795609 1.638104 0.535278 -0.089088 -2.936725
57 -0.742141 -0.409388 -0.694220 1.422636 0.267132 0.063544 -0.423398 -1.283198 -0.990713 -0.555822 0.966750 -0.334273 1.223416 0.674807 0.050020 -0.363349 -0.059549 -0.914063 -0.327866 -0.599367 1.355179 0.588360 1.729553 -0.658258 -2.304224 -0.484673 1.536671 1.361918 -0.161192 -0.628080 -1.630016 1.450964 -0.620633 0.710034 0.318561 -1.117406 0.782688 0.344801 -0.015759 0.102766 -1.596127 -0.780466 1.635362 0.931839 -0.093147 0.389059 -0.196717 -0.586953 -1.585656 1.029048
58 0.731749 0.466224 -0.821031 -1.264557 0.996119 -0.310417 0.574383 -0.059294 0.155524 -0.307394 1.199754 1.732162 -0.253896 -1.800519 0.379401 0.065620 0.451760 0.336609 1.956979 1.064459 -1.095392 0.140031 -0.732754 -2.131118 0.209004 0.057209 -1.398660 -0.227515 -1.956148 -0.315504 0.088467 1.262027 0.139627 -0.431075 0.374817 1.553961 -0.557199 -0.379421 0.507337 -0.968248 0.940758 0.349894 -0.036350 0.124918 -1.494673 -0.857890 -0.783364 0.542350 -0.335891 -1.043001
59 -3.072414 0.202352 0.080817 0.051579 -2.605896 -0.960698 0.240017 0.241003 -0.477872 -0.686490 -0.594466 1.679104 -0.360102 -0.062937 0.483420 -0.459432 0.514550 0.419240 1.644178 -0.314502 -1.203590 -0.716366 0.202570 -0.670951 -0.989602 -0.932900 -0.179678 1.786940 0.186892 1.051992 0.885493 2.125063 1.000511 -0.702514 1.526488 0.980079 -1.640163 0.235674 0.119486 -0.630702 -0.672082 0.212131 0.577070 -1.236869 -0.638369 0.655309 0.331066 0.114610 1.320042 -1.163450
60 -0.113400 -0.327131 -0.260351 0.550892 -0.734829 1.595519 0.943348 0.252112 -1.176089 0.797256 0.160715 1.794479 -0.260900 0.975723 -0.615250 -0.116683 0.251262 0.135902 0.997139 -0.251712 -1.801584 0.810738 -0.137073 0.536627 -0.485019 0.229335 0.587455 2.646531 1.142743 0.080221 -0.539838 -0.260842 0.032311 0.663424 -1.120946 0.846886 -0.477519 1.362207 0.688999 0.504298 -0.193006 0.363145 -0.316825 -0.124251 1.671286 1.208113 -1.111839 -0.901573 0.440143 0.175904
61 -1.190088 -0.015539 -1.073576 0.160198 -1.905257 -0.172291 1.297228 5.168489 0.828761 -1.551517 4.895846 0.539142 1.752818 -0.223610 -0.487996 4.662098 -0.206277 -0.817358 0.101308 1.340948 -0.786703 4.472832 0.121255 0.978937 0.750220 4.507577 -0.095607 -0.381448 -0.121060 1.065312 -1.360749 3.578208 0.363315 0.064792 -0.000765 1.308381 -0.552993 4.504571 -1.124170 0.342188 4.358872 -0.468200 2.279762 -0.815775 -0.354806 3.232701 0.315686 0.480433 -0.234228 -1.297501
62 -0.763171 -0.170226 0.465758 0.215397 0.574754 0.815970 -0.262961 -1.128212 0.379428 1.325873 1.905141 -0.157855 0.791769 1.432563 -0.478877 -0.184220 -0.239838 -0.613122 -0.224609 -0.194985 -0.022947 -0.940441 0.569004 -0.408165 -2.489033 -1.138171 0.926168 1.041192 0.818688 -0.019603 0.589308 0.598480 0.255857 -1.295415 -1.496991 0.248863 -0.667887 -2.359043 -1.074449 -1.246128 -0.118633 -1.478723 -1.385585 -0.144423 -0.960456 0.808931 0.938145 0.902927 0.392995 -1.291768
63 -0.393867 0.270907 -0.106160 1.570132 -1.645274 -2.733757 1.083050 0.497158 1.264529 -2.023667 -0.126964 -0.013533 0.535995 -2.071505 -1.139661 -0.474569 1.007936 0.792076 -1.481629 -0.215629 1.086498 1.759223 0.054878 0.890787 0.241891 0.987058 -0.987293 -1.151677 0.498437 -0.574952 -0.203174 -0.707850 1.815156 1.832672 -2.193405 1.233007 -1.628534 2.407186 1.827660 0.560744 0.441500 0.482217 -1.656780 0.151669 1.273135 1.017510 -0.074454 -0.033373 -0.674427 0.195174
64 -0.306819 0.389132 0.823101 0.077082 -0.359464 -2.500355 -0.935194 -0.253478 -0.013907 0.780496 -0.407280 -2.025697 -2.188023 -0.595074 -1.437356 1.570126 1.668334 -0.513846 -0.939105 0.114718 0.546133 -1.432035 -1.853633 0.542742 1.148605 0.565011 1.151508 0.863605 2.037830 0.126409 -0.104462 0.473143 1.976368 0.932246 0.167482 2.083305 -1.113465 1.310964 0.268890 -1.698090 -1.928298 -0.236618 -0.889556 0.338484 1.353984 -0.807211 -0.228783 -0.134179 -0.376833 0.210605
65 -0.984554 0.104055 0.273737 1.067956 -0.026474 -0.747143 2.422386 1.655330 1.587082 1.024868 0.146115 -1.199650 -0.779944 0.671736 -0.087702 1.428261 -1.413275 1.070706 -1.168164 -0.724074 0.251125 -1.727062 -0.137147 0.461354 0.146033 -1.489781 -0.124953 -1.444467 1.322982 1.263989 0.278807 -0.573008 1.311047 -0.341682 -0.369504 -1.483485 2.008155 0.659076 -0.495193 0.825450 0.162171 1.025078 0.313133 0.923347 -0.454392 -1.478859 -1.067265 0.055693 0.563738 0.945227
66 0.297790 0.438325 0.414866 0.979902 1.110583 0.875098 0.309928 -0.267063 0.118210 -0.904216 0.550006 -0.229339 -1.790309 0.697176 -0.899856 2.280053 0.876044 -0.088243 -2.333261 -1.387315 0.122957 0.555323 -0.534501 -0.897341 -1.758016 -1.125426 0.007943 0.363189 -0.072201 -0.320699 -0.831701 -1.825619 0.062942 1.478244 0.002933 0.231698 2.843660 -0.065391 -0.252988 1.402231 -0.214665 1.316394 -0.106070 -0.206430 -1.000226 -1.497641 -0.098197 0.542300 -0.020234 0.717209
67 -0.399964 -0.346539 0.947050 0.330591 -0.463746 0.353565 0.875322 -0.350426 1.497706 1.101378 0.117574 -0.437417 -0.971047 -0.749817 -1.339517 0.921635 -1.150423 0.358254 0.534163 -1.057255 -0.171471 1.994778 -0.290658 1.000429 0.723528 -1.260681 -0.351190 -0.640174 0.827319 0.989482 2.035566 -1.327679 -0.817097 -0.178067 -1.605179 0.380226 1.659840 -0.299449 0.739924 -0.105907 0.832966 0.829913 -0.493227 -0.507954 1.268428 -1.078775 0.057362 0.938094 0.311399 0.017951
68 -0.310057 2.405061 -2.070062 0.554153 -0.411074 0.968267 0.075792 0.705303 -0.647635 -0.785162 -0.507307 -1.002760 0.350792 0.560473 -1.724789 0.915712 -0.578393 -0.428967 -0.777357 -0.490081 0.808757 -0.335538 -0.563484 1.905898 0.428407 0.580922 -1.717687 -1.616039 0.316484 -0.443874 -0.396918 0.622417 -0.769446 1.416794 1.490672 -1.149722 0.945852 0.453263 -1.660475 -0.212341 0.883385 0.861807 0.364713 -1.134972 0.044766 0.861553 -0.571335 -2.061096 -0.343535 -0.452320
69 0.034038 0.350708 0.293992 -1.789740 -1.445346 0.651638 -0.426969 2.763776 -0.629185 1.015201 1.316142 -1.819313 1.184332 0.213638 0.848208 -0.258675 -0.637748 -1.686802 0.910658 2.268763 0.660747 0.453876 2.575282 0.215623 -0.108873 -1.019006 1.322230 1.541461 0.514881 -0.010830 1.494907 -0.742911 -0.354620 -0.749227 -1.048371 -0.287617 1.770365 0.597158 0.223920 -1.486506 -1.294290 -1.658054 -0.237851 0.022042 -0.623307 -0.605840 -0.720967 -0.055989 -1.840700 0.631407
70 -0.425062 1.313950 1.187956 1.300246 0.534392 1.621809 0.526400 4.306499 -0.151515 -1.207468 3.149344 -0.056421 -0.553208 -1.548660 -0.503976 4.565753 1.514778 0.044660 1.648355 -0.897311 1.492575 3.333297 0.073255 1.228294 0.456379 6.047016 -1.511557 0.684685 -0.183917 0.221402 0.127352 2.310954 0.800192 1.480856 0.989932 0.613349 -1.480974 5.190483 -0.729146 1.849564 2.855661 0.473106 4.297644 -0.623346 0.941589 5.423459 0.490212 1.236285 1.562349 -1.535467
71 -2.137674 0.057129 -1.898151 0.503364 0.663111 0.628795 0.521899 4.758816 1.353860 -1.290293 4.004574 -1.160755 -0.518394 0.276756 1.080578 1.782646 -0.897854 -0.303160 1.957818 0.055978 -0.038563 3.117539 -0.268323 0.390707 -1.598453 4.802554 -1.260125 0.423665 -0.443789 -1.810712 -1.028071 4.220675 -1.239619 1.340942 1.425616 1.527850 -0.358353 3.703638 1.513199 0.554476 2.514845 -1.189705 4.163279 -0.590682 -0.088963 4.785636 -0.095082 -1.057778 0.532392 -0.390440
72 1.187127 0.932905 1.139798 -0.095192 1.278064 -1.031003 -0.093628 0.013520 -1.988942 -0.565631 1.165488 -1.433906 0.008087 0.004451 1.419972 -0.493183 -0.888527 -0.668307 0.858901 -2.295201 -1.351415 -0.647410 -1.827689 -0.196163 -0.239285 -0.816455 -0.091136 1.039964 0.324219 1.467688 1.756068 -2.392870 -0.006082 -0.759270 0.523268 0.801522 -0.463654 -0.311207 0.465704 0.664995 -1.148980 -1.515719 1.212026 0.172230 -0.313074 0.306378 1.703648 -1.623807 -0.827847 -1.074709
73 -1.011026 -0.260962 1.806492 -1.778554 0.777679 0.279784 1.278298 -0.047101 0.275352 -0.026741 1.608649 0.280409 -0.865489 -1.184956 -0.190302 -0.451573 0.181416 -0.569594 0.947903 -0.966818 -0.401326 -1.679829 -1.303028 -0.044998 -0.982083 -1.156286 -0.104634 1.477883 3.060444 1.786192 -0.714608 -0.063042 -0.001513 -1.294766 -1.012549 1.323201 -1.211652 -1.207036 0.851852 1.069820 0.946262 0.980675 0.066527 0.868966 -0.589476 -0.845845 0.763669 -0.306774 1.194277 -0.816017
74 -1.234740 -0.463978 0.907689 -0.045781 -0.545406 -0.072634 -0.105959 0.631956 -0.636652 -1.724780 -0.920052 2.156124 -0.516712 -0.069189 -0.050755 -0.766836 0.028518 0.669756 0.653563 0.358194 0.398776 0.679748 0.304440 -0.038242 -1.129234 1.394430 -0.126621 -0.338896 0.051204 1.347088 0.260984 -0.365311 -0.007313 -0.796382 -0.176769 1.019552 -0.136326 0.627211 -0.500147 1.708488 0.079758 0.439181 0.019391 0.862661 -0.123202 -1.191646 -0.362256 0.649028 0.861087 -0.975926
75 -0.375490 0.345068 -0.052966 1.410934 -0.190393 0.029435 0.236147 0.459333 -1.480828 -0.665574 -0.290491 0.488869 1.258331 -0.795504 0.940525 -0.478268 -1.660897 -0.418940 1.575562 -0.342741 1.019595 0.043430 -0.382300 -0.323478 -0.806555 1.599704 -0.618879 -1.561890 0.403106 0.011439 1.231251 -0.594050 0.641054 0.394424 0.486116 -0.295656 0.593837 -1.134456 0.501757 0.090488 2.862642 1.380619 0.257925 0.721172 -1.852709 -0.350134 -1.186964 0.447381 1.318524 -0.397859
76 -0.593491 0.425992 0.342714 -0.166190 -0.441329 -0.439355 0.050493 -1.026360 1.300571 -0.281945 1.693514 -0.578123 -1.430507 2.328339 0.507915 0.213560 -1.473697 -1.985683 -0.564321 0.397882 0.403098 0.373386 -0.106135 0.545365 0.408098 -0.264958 -1.311889 -1.153389 0.136538 0.785945 1.793685 0.266461 -1.453614 -0.831874 0.580523 0.323904 -0.482633 -0.260987 -0.604289 0.653239 1.369814 -0.771209 0.382976 -0.979375 0.294896 -1.768240 -0.357359 0.396039 0.443133 -0.196110
77 -0.826259 0.647682 1.100887 1.088706 0.388509 1.279850 0.526052 -0.043354 1.850904 -1.576700 1.080436 -1.693513 -0.603017 0.024808 1.066541 1.162058 -1.133073 0.165071 0.447861 -0.320387 0.315084 0.790512 0.124215 0.666608 -0.459024 1.121112 0.413490 -0.270914 -0.800409 -0.038090 -0.225703 0.599556 -1.143742 -1.054867 -0.822317 0.019273 -0.131212 0.053201 2.178120 -0.142725 0.014629 -1.426286 -0.249435 -0.027348 -0.095656 -1.043530 1.779893 -1.805520 -0.480498 -0.369524
78 -0.337773 -0.395937 1.575548 -0.678434 -1.654046 -0.257969 -0.148458 -2.366226 -0.311609 0.307557 -0.614558 1.096095 0.761251 -1.033668 0.416987 1.984439 -0.540742 -0.935382 0.015225 0.114017 0.102845 -1.260319 -0.266782 0.234026 -1.367103 -0.284211 2.015340 0.018148 1.685977 2.413685 -0.013169 -0.825924 -0.270353 -1.216501 -0.282313 1.444104 -0.743512 -0.285997 -0.038184 0.364778 2.101725 0.193144 -1.518711 -1.052918 -0.129452 -0.371861 -1.309405 0.808026 0.237546 1.468128
79 -1.214410 -1.046979 -1.119689 1.491641 0.300657 0.736943 -0.413513 -0.805460 2.034908 -0.658340 -1.038476 1.005680 0.657359 0.490853 -0.263152 -2.477198 -0.214965 0.388351 1.290668 -0.658307 0.733578 -0.883824 0.577295 -1.386986 1.064033 -1.718697 0.363517 -0.076817 0.618632 -2.058187 -0.207637 0.693079 1.425654 -1.025582 -1.373627 1.263012 0.646380 1.184459 -1.937362 -0.009728 -0.420098 -0.936812 0.313452 0.265201 0.362746 -0.908466 -1.656329 1.572471 1.549823 1.897905
80 -0.698584 0.952585 0.856488 0.165355 -1.257078 0.442914 -0.274434 3.876233 -1.555246 -1.753213 3.050095 -1.062379 1.706565 -1.187504 0.046324 3.415350 -0.375981 -0.299604 -1.614376 1.733474 0.639319 4.160281 0.474661 -0.852118 -0.748524 3.920200 0.760839 -0.619149 -0.652127 1.382301 0.319206 3.224713 -0.205963 -0.488586 0.469932 0.238174 -0.048695 3.012146 -1.087121 -0.741217 5.997627 -0.323683 5.990881 1.143208 0.311887 2.919606 0.468156 1.527446 0.341099 -1.223972
81 -0.050964 1.159061 1.585956 0.278886 -0.493674 0.952914 1.709831 5.131727 0.416595 -0.729258 2.241371 0.466749 -0.849774 -1.021009 0.172532 4.001663 0.514499 0.228854 0.722706 0.548495 -0.420481 4.918486 1.972531 -2.268282 1.349415 2.973812 1.672026 0.407713 -0.122475 -1.302527 0.220558 4.945705 -0.898728 0.573336 -0.730134 -0.384261 -1.289866 4.140440 -1.052670 -1.404269 3.641560 0.871364 2.875387 -0.840483 -0.429774 5.652789 -0.735977 -1.470043 0.094368 1.197790
82 0.954587 0.529708 -0.851923 -0.628327 -0.771802 -0.500388 -0.962426 2.433087 -0.566136 -0.740089 4.316737 0.070003 0.053989 0.959000 0.087165 4.752770 0.234645 1.444201 -1.419774 1.036536 -0.707605 2.618402 -1.447318 0.392785 -0.882367 3.321782 -0.311641 -0.483594 0.234851 1.205031 -0.206293 3.225800 0.665393 -1.344088 -0.030365 -0.985577 -0.736527 4.512831 -0.388898 0.375069 3.717526 -0.619844 2.135465 0.619755 -1.841670 4.131188 -0.725044 0.164221 -1.230870 -0.107697
83 -0.751204 -0.146534 -0.821443 -0.434024 -0.307551 -0.420718 -0.774137 2.349257 1.651407 0.383131 3.796673 0.794853 1.254216 0.150121 1.834178 3.450964 -0.255266 0.460326 -2.120603 0.357209 1.337616 2.861467 2.085155 -0.961715 3.463966 4.705985 -0.718114 -1.762262 -0.047299 -0.286246 0.183171 3.662649 1.902967 0.101431 -0.218717 2.111543 -0.448518 4.202797 -0.254488 2.081947 3.960201 0.040102 3.604593 1.401293 -1.752365 6.014295 0.091097 0.505010 -0.128614 -0.836737
84 -0.378234 -1.713680 1.015503 -1.582378 0.444061 0.588015 -0.064424 4.774253 -0.661025 0.861104 3.015243 1.046441 -0.641550 -0.003641 0.511624 3.836502 0.367960 0.361123 -0.582169 -0.122811 1.173279 3.503349 -0.150573 1.956369 0.369962 3.373142 0.271090 0.713855 -1.508514 0.499518 -1.328540 3.396375 -0.766430 -0.158104 -0.051645 -0.707733 -0.050596 1.768565 -0.709479 0.268619 3.765205 -0.140191 2.912354 -0.762498 -0.485540 4.577495 0.841593 1.084110 -0.974658 -0.147592
85 0.618310 -1.695137 0.807189 0.659023 0.137189 -0.671931 -0.832937 -0.038022 0.814911 -1.139806 -0.108201 -0.142816 0.132508 -0.046485 1.306933 0.631948 -0.812846 -1.912129 0.541704 -1.029259 0.105132 0.708495 -0.005367 1.864325 0.479349 0.404483 0.716171 -0.852016 1.345775 -1.248826 -0.565244 0.137670 -1.431088 -1.221265 0.204090 -0.924364 0.282567 -0.455481 -0.567616 1.159048 1.156522 0.194560 0.527392 -0.470115 0.576553 -0.403948 -0.588654 -0.063166 0.500672 -0.059237
86 0.184254 -0.389647 1.490594 -0.023674 0.862358 -1.000752 -1.396729 -0.888189 -0.194211 -0.026286 0.012512 0.838794 0.523101 0.139767 -0.774864 -1.710880 -1.572903 0.161331 -1.137114 1.423848 0.732683 0.789210 1.329552 0.487610 -0.399733 -0.345874 0.279505 -1.028143 -1.487996 -0.297088 1.525972 -1.102667 0.470785 0.710663 -1.095209 -0.987507 -0.152601 -0.805778 -0.431164 -0.714278 -0.321925 0.942987 0.188161 0.674542 -1.090591 0.090432 0.552145 1.284954 1.543896 -1.080376
87 2.575144 -0.758985 -1.091089 0.855252 0.046439 0.122332 -0.600832 0.630002 1.257939 0.008738 2.177829 -0.099271 -1.177128 0.849989 0.765407 1.198347 0.085055 1.501498 -0.913778 0.760759 -0.568295 1.417477 -0.590811 0.655347 1.305195 0.842374 0.196592 -0.161672 -0.232493 0.064843 0.515246 -0.721730 0.722693 0.748420 0.505516 1.585924 -0.556257 0.978284 -0.267652 0.485883 -0.432856 1.612011 -0.149856 0.380132 -0.898634 0.461327 -1.575973 1.349178 -0.779888 -0.934077
88 1.501369 0.267103 -0.122140 -1.603137 -0.470364 0.073612 -1.087953 -0.466230 -0.204303 -0.087851 -0.715908 0.233053 1.296009 -1.119011 0.395884 -0.588132 -1.427886 0.421214 -1.278844 0.419508 -0.813471 0.515919 -0.231320 0.223488 -0.217232 -2.150075 -1.840419 1.487753 -0.892451 -1.159818 -1.564037 -2.141037 1.513183 1.564256 0.435149 1.222986 0.051382 0.979474 0.712565 -0.785917 0.829226 0.751455 1.032214 1.762664 0.143054 -0.977172 0.132992 -0.022209 0.535195 1.161116
89 0.834479 0.266515 -0.294762 -1.735820 0.269512 0.137523 -0.301331 -0.519817 1.044883 -0.311097 0.781440 -1.070553 -0.109536 -0.378360 0.748636 0.008293 -0.697293 -1.262529 -1.151321 0.078527 -0.461792 1.069021 -0.190593 0.329059 -1.502282 -0.912965 0.799453 -0.897045 1.675407 0.922402 0.966393 -1.339680 0.658947 0.608787 0.939428 0.029084 -0.133486 2.444297 -0.247572 0.164070 0.485753 -1.804008 0.307875 -2.294874 0.130606 0.510954 -0.404015 -0.034864 -0.938449 -1.006395
90 0.044305 -1.381982 -0.028133 1.018678 -0.315121 -0.622624 1.722060 -1.820643 1.091437 1.029689 1.203567 -0.612970 0.082401 1.688657 2.366327 1.378800 -0.628282 0.036357 1.603976 0.297585 1.404095 -2.346777 -0.114667 0.458570 -0.884187 1.304267 0.456062 1.288990 1.722511 0.121706 1.103864 -1.107838 2.383672 0.281278 0.500596 -0.213676 0.600117 0.086737 0.784726 -0.158252 1.855636 0.111718 0.229167 -0.781758 -0.634122 0.637379 0.067198 0.369338 0.898306 -2.343265
91 -0.026843 0.535147 -1.641576 0.486681 -2.005535 -0.402383 -1.095137 0.898719 -1.698730 -0.291465 -1.216975 -0.809565 -0.509208 -0.704840 -0.478403 0.124270 -1.390388 0.586872 0.754668 -0.809374 -0.604030 -0.992717 0.128712 -1.301654 -1.852834 -0.651663 -0.121941 0.859779 0.504104 -1.619936 -0.061467 -0.313362 -0.873502 -1.111533 0.952747 -1.439540 -0.215525 0.501755 -1.506744 -0.387647 -0.480100 0.366085 -1.545299 -0.519939 -1.201373 0.726269 -0.138973 -1.646161 0.649927 0.779549
92 1.064722 -2.174323 -0.586024 0.355232 0.385146 -1.654051 1.040151 1.917257 -1.034627 1.515359 0.677518 2.828915 0.529534 2.661759 0.704436 0.072418 0.586161 -0.977185 0.934512 0.127391 0.380845 0.351052 1.960906 -0.375156 -0.084306 -0.375710 1.436393 1.866366 0.789382 -0.748321 -0.141810 -1.554732 0.525580 0.974618 0.979730 -0.524634 1.088184 2.104881 -0.098237 0.743483 0.371081 0.177968 -0.799406 -0.709466 -0.498242 -0.416058 -1.783517 1.901102 -0.775636 -1.440033
93 0.005165 2.155255 0.374641 0.045220 -0.310035 -0.974706 2.295399 1.959055 1.210043 -0.040491 0.319849 1.012987 1.013163 1.292012 0.505394 -0.574633 0.736029 1.965048 1.680085 -2.129904 -0.122697 -0.024702 1.186618 0.811497 -0.631019 0.055321 0.206709 -2.036472 -2.405861 -1.130259 0.964931 1.415696 -1.632952 -0.243618 -0.605433 0.028723 0.889400 -0.606677 0.946015 -0.958861 -0.052346 -1.436868 -0.316637 -0.398471 0.976204 0.473233 0.868710 0.549778 -0.409572 -0.594538
94 0.086758 1.149202 -0.358624 0.928813 1.948802 2.821684 0.934327 4.049565 -0.895197 0.892992 4.021365 0.286975 0.120418 -3.344792 0.989956 4.677109 -0.674423 1.190975 0.797008 -0.868699 1.474651 3.680219 -2.273265 1.033593 0.705717 3.369272 -1.991914 -0.379227 0.403950 0.090861 -0.561333 4.075068 -1.312058 -0.322388 -0.557155 0.937778 -0.387182 4.914871 -0.295123 0.465551 3.099854 -0.110889 4.368263 1.363400 0.900892 5.517296 1.521330 1.294026 -0.262235 -0.556244
95 0.824419 2.351797 -1.001347 -0.833585 2.250127 0.521647 0.025259 -0.366520 -1.684446 1.706737 1.295852 0.387804 0.803535 1.014167 0.391556 1.098317 -0.338303 0.710929 -0.868477 -2.153639 0.253741 -0.092530 -0.499820 -0.233222 -1.720465 -1.832882 0.686694 1.014844 1.277910 -0.219824 0.198067 -0.453484 0.972099 -0.204721 0.523270 -1.090283 0.513541 0.995733 0.792317 0.642501 0.065995 0.372687 -0.523155 -0.476914 0.145956 -1.143309 -2.244394 -1.311836 0.647623 0.305601
96 -0.667140 0.728430 -0.200259 -0.150497 0.091273 0.419512 -0.781769 0.939149 -0.956072 0.222175 -0.558458 0.541572 0.720261 -0.597828 -0.604414 -0.227996 -0.798467 0.577174 0.904231 1.088685 0.715902 1.807076 0.473274 1.178265 -0.178161 -0.286194 -1.134735 0.858592 1.625290 0.939148 0.736543 1.427871 0.696691 -0.345845 0.583334 1.391815 0.481151 0.018563 1.792127 -1.177295 -1.264404 -0.950806 -0.974492 0.966445 0.980610 0.269907 -0.428190 0.381915 0.914137 0.803853
97 0.685527 0.429670 -1.000256 0.661783 -0.877968 0.961453 -0.767948 1.217797 -0.174377 0.502178 -0.600872 0.945147 -1.061792 -0.244028 -0.476767 -0.927479 -0.547632 0.004574 -1.663867 -0.550395 -1.025096 0.302087 1.168327 0.137483 0.024251 2.090997 -0.431668 0.674392 -0.108423 0.630590 -0.570140 1.352103 -0.416885 -0.115470 -2.292357 -0.616412 0.795478 0.480777 -0.237216 -0.452229 -1.779879 -0.026987 -0.566376 1.509733 -0.281554 2.000007 -0.555914 -0.436438 -1.161004 0.402726
98 -0.981933 -0.888594 1.445335 -0.693303 -1.124095 0.229843 -0.357480 -2.153099 0.847622 -1.109566 0.237817 -1.442138 1.440080 -0.513381 -0.250674 -0.314865 -1.271262 0.034338 -1.970259 0.545404 -0.320318 0.351915 -0.875245 -0.213884 -0.757143 -1.439421 -0.931545 -0.035313 -0.486707 -0.523385 -0.081634 0.225377 0.209806 -0.998852 0.161382 1.599816 -0.041712 0.663830 0.197318 -0.376214 0.476070 0.112829 -0.779517 -0.888351 0.780111 -0.351976 0.844439 -1.136981 -0.152602 -0.180024
99 1.297206 -0.206627 -0.040996 2.480110 -0.622448 -0.010982 0.096156 -0.643156 1.093984 -2.259908 -1.234442 -1.502956 0.260963 1.272752 -0.609360 2.104982 -1.522163 -1.752395 0.632666 -1.061468 -0.428188 0.570611 -2.393046 0.194229 -1.006700 1.418990 -0.364228 0.368136 -0.050732 -1.226427 -0.923303 -0.776531 0.421207 -1.509439 -0.910566 0.171288 -0.297579 0.564466 1.113220 -2.591621 -0.098495 1.238417 -0.622016 2.068918 -1.585288 -0.715676 -0.126707 0.905265 1.291740 0.785453
END
#################################################################
SECTION3 (Edges Information)
EndPoint0 EndPoint1 Weight
0 1 1.000000
0 9 1.000000
0 10 1.000000
0 90 1.000000
1 0 1.000000
1 2 1.000000
1 11 1.000000
1 91 1.000000
2 1 1.000000
2 3 1.000000
2 12 1.000000
2 92 1.000000
3 2 1.000000
3 4 1.000000
3 13 1.000000
3 93 1.000000
4 3 1.000000
4 5 1.000000
4 14 1.000000
4 94 1.000000
5 4 1.000000
5 6 1.000000
5 15 1.000000
5 95 1.000000
6 5 1.000000
6 7 1.000000
6 16 1.000000
6 96 1.000000
7 6 1.000000
7 8 1.000000
7 17 1.000000
7 97 1.000000
8 7 1.000000
8 9 1.000000
8 18 1.000000
8 98 1.000000
9 0 1.000000
9 8 1.000000
9 19 1.000000
9 99 1.000000
10 0 1.000000
10 11 1.000000
10 19 1.000000
10 20 1.000000
11 1 1.000000
11 10 1.000000
11 12 1.000000
11 21 1.000000
12 2 1.000000
12 11 1.000000
12 13 1.000000
12 22 1.000000
13 3 1.000000
13 12 1.000000
13 14 1.000000
13 23 1.000000
14 4 1.000000
14 13 1.000000
14 15 1.000000
14 24 1.000000
15 5 1.000000
15 14 1.000000
15 16 1.000000
15 25 1.000000
16 6 1.000000
16 15 1.000000
16 17 1.000000
16 26 1.000000
17 7 1.000000
17 16 1.000000
17 18 1.000000
17 27 1.000000
18 8 1.000000
18 17 1.000000
18 19 1.000000
18 28 1.000000
19 9 1.000000
19 10 1.000000
19 18 1.000000
19 29 1.000000
20 10 1.000000
20 21 1.000000
20 29 1.000000
20 30 1.000000
21 11 1.000000
21 20 1.000000
21 22 1.000000
21 31 1.000000
22 12 1.000000
22 21 1.000000
22 23 1.000000
22 32 1.000000
23 13 1.000000
23 22 1.000000
23 24 1.000000
23 33 1.000000
24 14 1.000000
24 23 1.000000
24 25 1.000000
24 34 1.000000
25 15 1.000000
25 24 1.000000
25 26 1.000000
25 35 1.000000
26 16 1.000000
26 25 1.000000
26 27 1.000000
26 36 1.000000
27 17 1.000000
27 26 1.000000
27 28 1.000000
27 37 1.000000
28 18 1.000000
28 27 1.000000
28 29 1.000000
28 38 1.000000
29 19 1.000000
29 20 1.000000
29 28 1.000000
29 39 1.000000
30 20 1.000000
30 31 1.000000
30 39 1.000000
30 40 1.000000
31 21 1.000000
31 30 1.000000
31 32 1.000000
31 41 1.000000
32 22 1.000000
32 31 1.000000
32 33 1.000000
32 42 1.000000
33 23 1.000000
33 32 1.000000
33 34 1.000000
33 43 1.000000
34 24 1.000000
34 33 1.000000
34 35 1.000000
34 44 1.000000
35 25 1.000000
35 34 1.000000
35 36 1.000000
35 45 1.000000
36 26 1.000000
36 35 1.000000
36 37 1.000000
36 46 1.000000
37 27 1.000000
37 36 1.000000
37 38 1.000000
37 47 1.000000
38 28 1.000000
38 37 1.000000
38 39 1.000000
38 48 1.000000
39 29 1.000000
39 30 1.000000
39 38 1.000000
39 49 1.000000
40 30 1.000000
40 41 1.000000
40 49 1.000000
40 50 1.000000
41 31 1.000000
41 40 1.000000
41 42 1.000000
41 51 1.000000
42 32 1.000000
42 41 1.000000
42 43 1.000000
42 52 1.000000
43 33 1.000000
43 42 1.000000
43 44 1.000000
43 53 1.000000
44 34 1.000000
44 43 1.000000
44 45 1.000000
44 54 1.000000
45 35 1.000000
45 44 1.000000
45 46 1.000000
45 55 1.000000
46 36 1.000000
46 45 1.000000
46 47 1.000000
46 56 1.000000
47 37 1.000000
47 46 1.000000
47 48 1.000000
47 57 1.000000
48 38 1.000000
48 47 1.000000
48 49 1.000000
48 58 1.000000
49 39 1.000000
49 40 1.000000
49 48 1.000000
49 59 1.000000
50 40 1.000000
50 51 1.000000
50 59 1.000000
50 60 1.000000
51 41 1.000000
51 50 1.000000
51 52 1.000000
51 61 1.000000
52 42 1.000000
52 51 1.000000
52 53 1.000000
52 62 1.000000
53 43 1.000000
53 52 1.000000
53 54 1.000000
53 63 1.000000
54 44 1.000000
54 53 1.000000
54 55 1.000000
54 64 1.000000
55 45 1.000000
55 54 1.000000
55 56 1.000000
55 65 1.000000
56 46 1.000000
56 55 1.000000
56 57 1.000000
56 66 1.000000
57 47 1.000000
57 56 1.000000
57 58 1.000000
57 67 1.000000
58 48 1.000000
58 57 1.000000
58 59 1.000000
58 68 1.000000
59 49 1.000000
59 50 1.000000
59 58 1.000000
59 69 1.000000
60 50 1.000000
60 61 1.000000
60 69 1.000000
60 70 1.000000
61 51 1.000000
61 60 1.000000
61 62 1.000000
61 71 1.000000
62 52 1.000000
62 61 1.000000
62 63 1.000000
62 72 1.000000
63 53 1.000000
63 62 1.000000
63 64 1.000000
63 73 1.000000
64 54 1.000000
64 63 1.000000
64 65 1.000000
64 74 1.000000
65 55 1.000000
65 64 1.000000
65 66 1.000000
65 75 1.000000
66 56 1.000000
66 65 1.000000
66 67 1.000000
66 76 1.000000
67 57 1.000000
67 66 1.000000
67 68 1.000000
67 77 1.000000
68 58 1.000000
68 67 1.000000
68 69 1.000000
68 78 1.000000
69 59 1.000000
69 60 1.000000
69 68 1.000000
69 79 1.000000
70 60 1.000000
70 71 1.000000
70 79 1.000000
70 80 1.000000
71 61 1.000000
71 70 1.000000
71 72 1.000000
71 81 1.000000
72 62 1.000000
72 71 1.000000
72 73 1.000000
72 82 1.000000
73 63 1.000000
73 72 1.000000
73 74 1.000000
73 83 1.000000
74 64 1.000000
74 73 1.000000
74 75 1.000000
74 84 1.000000
75 65 1.000000
75 74 1.000000
75 76 1.000000
75 85 1.000000
76 66 1.000000
76 75 1.000000
76 77 1.000000
76 86 1.000000
77 67 1.000000
77 76 1.000000
77 78 1.000000
77 87 1.000000
78 68 1.000000
78 77 1.000000
78 79 1.000000
78 88 1.000000
79 69 1.000000
79 70 1.000000
79 78 1.000000
79 89 1.000000
80 70 1.000000
80 81 1.000000
80 89 1.000000
80 90 1.000000
81 71 1.000000
81 80 1.000000
81 82 1.000000
81 91 1.000000
82 72 1.000000
82 81 1.000000
82 83 1.000000
82 92 1.000000
83 73 1.000000
83 82 1.000000
83 84 1.000000
83 93 1.000000
84 74 1.000000
84 83 1.000000
84 85 1.000000
84 94 1.000000
85 75 1.000000
85 84 1.000000
85 86 1.000000
85 95 1.000000
86 76 1.000000
86 85 1.000000
86 87 1.000000
86 96 1.000000
87 77 1.000000
87 86 1.000000
87 88 1.000000
87 97 1.000000
88 78 1.000000
88 87 1.000000
88 89 1.000000
88 98 1.000000
89 79 1.000000
89 80 1.000000
89 88 1.000000
89 99 1.000000
90 0 1.000000
90 80 1.000000
90 91 1.000000
90 99 1.000000
91 1 1.000000
91 81 1.000000
91 90 1.000000
91 92 1.000000
92 2 1.000000
92 82 1.000000
92 91 1.000000
92 93 1.000000
93 3 1.000000
93 83 1.000000
93 92 1.000000
93 94 1.000000
94 4 1.000000
94 84 1.000000
94 93 1.000000
94 95 1.000000
95 5 1.000000
95 85 1.000000
95 94 1.000000
95 96 1.000000
96 6 1.000000
96 86 1.000000
96 95 1.000000
96 97 1.000000
97 7 1.000000
97 87 1.000000
97 96 1.000000
97 98 1.000000
98 8 1.000000
98 88 1.000000
98 97 1.000000
98 99 1.000000
99 9 1.000000
99 89 1.000000
99 90 1.000000
99 98 1.000000
END
#################################################################
SECTION4 (TrueSubGraph Information)
EndPoint0 EndPoint1 Weight
94 84 1.0
84 83 1.0
83 82 1.0
82 81 1.0
81 71 1.0
71 70 1.0
81 80 1.0
71 61 1.0
61 51 1.0
END
#################################################################
SECTION5 (Labels Information)
0 0 0 0 0 0 0 1 0 0 1 0 0 0 0 1 0 0 0 0 0 1 0 0 0 1 0 0 0 0 0 1 0 0 0 0 0 1 0 0 1 0 1 0 0 1 0 0 0 0 
END
#################################################################
SECTION6 (bt Information)
-5 -5 -5 -5 -5 -5 -5 5 -5 -5 5 -5 -5 -5 -5 5 -5 -5 -5 -5 -5 5 -5 -5 -5 5 -5 -5 -5 -5 -5 5 -5 -5 -5 -5 -5 5 -5 -5 5 -5 5 -5 -5 5 -5 -5 -5 -5 
END
#################################################################
