#################################################################
#APDM Input Graph, this input graph includes 3 sections:
#section1 : general information
#section2 : nodes
#section3 : edges
#section4 : trueSubGraph (Optional)
#
#if nodes haven't information set weight to null
#################################################################
SECTION1 (General Information)
numNodes = 100
numEdges = 200
usedAlgorithm = NULL
dataSource = SimulationData2
END
#################################################################
SECTION2 (Nodes Information)
NodeID Base Counts
0 0.401915 -0.674412 1.178755 0.160238 0.656390 0.516702 0.775466 -0.098587 0.394850 -0.411701 1.940118 -0.007279 -0.333223 1.213710 1.131437 0.745523 -0.509363 -1.820825 -1.932293 0.803865 0.064465 -2.025750 0.698829 -1.249399 -0.926997 -0.809182 -1.055996 -3.068994 -0.028323 -0.780708 -1.814560 -0.079148 -0.596277 -0.610205 -0.837063 -1.693643 -0.419778 -0.545959 -0.839064 -1.262687 -1.582882 0.970343 0.058593 -0.179861 0.101522 -1.949728 -0.659845 -1.544637 3.654681 -1.324142
1 -1.539524 -1.490366 0.321141 -0.626096 -0.396404 -2.388206 0.471694 1.026817 -0.514128 0.369067 0.789565 0.116740 -2.187099 0.603837 -0.771392 -0.923458 -1.225701 1.047555 0.519493 0.167716 -0.246450 0.661976 -1.144526 -1.034209 1.150329 -2.644775 -0.113855 -0.939473 -1.430835 -0.335361 0.771054 -0.837893 -0.216312 -0.045852 -1.101089 1.859480 1.213272 0.938298 -1.085994 0.412487 0.233256 0.745226 0.848610 0.227893 0.379766 -1.018362 -0.085396 0.617645 -0.353881 -0.501613
2 -0.019872 -0.167076 1.345540 0.039410 -1.689362 -1.770182 -0.148949 -0.523697 0.852213 0.241075 0.106714 -1.497175 0.167077 0.454782 0.466443 -1.641199 0.733659 0.424645 -0.115193 0.277277 0.838322 -0.046722 -0.257383 0.943760 -0.037357 0.741969 -0.636274 1.266561 -1.921077 -0.259305 -0.403977 -1.012127 2.535746 0.939937 0.740039 1.451955 0.286097 1.281049 -1.837077 0.381255 -0.055839 -1.076640 -1.987737 0.677874 -1.674999 0.522823 1.170446 -0.992956 0.899383 -0.630101
3 0.952554 -0.023396 0.805745 -0.797344 0.213403 -1.301964 -0.055632 0.579322 -0.348061 0.541089 1.027597 0.158244 -0.836636 -0.813215 -0.448777 -0.365084 -0.169577 -0.509460 -1.098562 1.765867 -0.573241 1.805835 0.297764 -1.355022 -0.469420 -1.275488 0.796852 -1.128138 0.454098 -0.390947 0.666795 0.590760 -0.209195 -0.591091 -0.300305 0.593405 -0.806933 -2.150040 0.779540 -0.210020 -0.015319 2.431293 -0.797931 0.227523 -1.091275 1.551352 1.236681 1.450255 0.886316 0.557539
4 -0.536847 0.071454 1.783330 0.063267 0.404284 -0.027132 0.013101 1.014685 1.381193 -0.313887 1.229642 -0.446566 0.533661 1.191882 -0.204155 -0.367604 0.837350 1.399513 0.086501 1.123783 -0.057635 -1.009626 -0.447214 0.244431 -0.068477 -1.248710 0.208248 -0.566609 0.159747 -1.067039 0.980785 0.977311 1.611352 -1.254216 0.771149 -0.699220 0.463102 1.146085 0.871422 0.412793 0.062678 -1.172355 0.322653 1.274689 -0.216869 -0.822911 0.943606 -1.230290 0.273341 -0.153541
5 -0.136544 -0.737505 0.803431 -0.678343 -0.625994 -0.722759 -1.464353 0.378434 -1.997107 0.320781 -0.508469 -1.637364 -1.623476 0.853208 -0.684241 1.365101 -0.377599 1.952111 -1.232175 0.545279 1.150228 1.735176 1.734142 -1.316549 1.496086 -0.019954 0.628374 0.629367 -0.306110 -0.764224 -1.018524 0.334187 0.347887 -0.093593 0.204310 0.821322 0.327280 0.917016 -0.172844 -0.772177 -2.608041 -1.409457 -1.566288 -2.914648 0.007165 -0.246996 0.276131 -2.156370 2.240803 0.081908
6 -0.902692 0.343221 0.662311 -1.116189 -1.719494 -0.854228 0.052017 -1.605146 2.409924 -0.791387 -0.437651 2.440367 -2.066266 0.006416 -2.239780 0.153255 0.657242 0.031746 -0.117148 0.429801 0.560466 -0.046105 -0.200292 -1.181207 0.811069 -0.264208 0.153695 0.027391 -0.841609 0.245477 -0.377528 1.918110 -1.026359 0.856566 0.241143 -0.641112 1.065113 -0.048552 1.576297 0.695849 -0.548765 -0.167852 -0.859050 0.135745 0.763165 0.229771 -1.337934 1.356249 0.783172 -0.216493
7 -0.814204 0.250580 -0.272257 0.184394 0.479678 -0.326025 0.807490 0.663475 -0.517610 0.302317 1.489284 -0.335183 2.347080 1.174217 -0.810288 1.603932 1.056263 1.118842 -1.109228 -1.759270 -0.474907 1.226267 -0.877832 -1.039295 0.090491 -0.020670 1.302990 0.447174 0.276686 -1.141270 -1.208276 -0.455384 1.455964 2.469628 2.201673 -1.855634 -0.700876 -0.819027 -0.692826 -1.223037 -0.729880 -0.922746 0.611554 -0.874879 -0.220749 1.100191 -0.441338 -0.068922 2.463956 -1.170101
8 0.340729 1.833511 -0.577228 -1.178747 1.284287 0.493383 -0.079519 0.523680 -0.952904 -0.482899 -1.222470 0.903394 -0.112229 -1.572749 0.840736 -0.819618 -0.206866 0.200683 -0.108765 0.251510 0.343964 0.202232 0.283356 -0.122520 -1.784001 -0.031145 0.447754 -1.134821 1.743273 0.175691 -0.455227 2.016343 1.085628 -0.039354 0.701381 0.080664 0.911810 0.935031 -0.292053 0.699841 -0.132631 -0.862037 1.544489 1.261227 0.965125 -0.672042 0.823260 0.590650 -1.185664 0.328560
9 0.626416 -0.295291 -0.894098 0.263020 -0.428424 -0.880896 -1.337369 1.627496 -0.204327 -0.981192 0.616922 0.450016 -0.336496 -1.543495 -0.076751 1.583849 0.544555 -0.474669 0.481597 0.025947 -1.301431 -0.229032 0.296805 -1.117440 1.881875 1.334638 0.165751 0.515041 0.486624 -0.482619 -3.160177 -0.678456 0.151678 -0.063430 -0.720967 -0.415642 -0.042290 0.182206 0.009015 -0.420312 -0.596491 0.779999 0.776599 -0.624833 0.526264 1.991151 -0.840856 0.301429 0.647600 -2.191567
10 1.946728 0.022414 -0.732598 -0.719244 -0.238386 1.305161 -0.654782 -0.557236 1.944246 0.473077 -0.316913 1.980743 -0.059832 0.159183 -1.003704 0.155888 0.659379 -0.508534 -1.379841 0.906535 0.354936 0.848205 -1.271450 -0.974147 0.084443 -0.189442 -0.369452 -0.958641 0.289467 -0.029402 -0.971033 0.611381 -0.725188 0.753520 -1.690809 0.917774 -0.051590 0.610159 0.461331 -1.133139 -0.770352 -0.137319 -2.682997 0.168575 -0.903847 -0.458754 0.115053 0.368892 -1.929227 0.522055
11 1.957519 1.625329 -0.819367 -0.094576 1.293606 0.432578 3.073066 1.624072 2.163823 0.069067 1.701343 0.309506 -0.598632 -0.397739 0.313432 0.277804 0.600591 -0.061474 0.902317 -0.234801 0.528276 -0.320411 0.013674 -0.139737 -0.695764 0.692404 0.042173 -0.277804 -0.105897 1.118975 1.708668 -1.308766 1.372289 0.206942 0.518460 1.278178 -0.001297 0.433776 -0.739820 -1.096372 -1.413846 -0.860650 0.468959 0.385953 0.823427 -0.740903 -0.515081 0.149966 -1.832534 -0.363084
12 1.071058 -1.557805 0.518465 0.369752 0.856180 -0.345678 0.961676 -0.876008 1.101588 -0.991694 -2.524086 0.232221 -0.292865 0.041424 0.855902 0.451663 1.423884 1.209107 -0.206512 -1.224214 0.117103 0.281994 -0.917832 0.373667 0.734961 0.756940 -0.891007 -0.250891 -1.200811 -0.158693 -0.768706 0.951466 0.131557 1.256287 -2.077476 0.399601 -1.255261 1.734869 -0.311928 -0.487381 -0.041242 0.859923 0.479280 -0.631335 -0.113716 0.089404 0.192821 -0.761379 0.406790 1.157601
13 0.114775 0.812456 1.059945 -0.745382 -0.232893 -0.237982 -1.293938 -1.618236 -0.026292 -0.663307 -1.195023 2.041850 -1.798693 -0.233625 -0.159763 -0.586159 -0.937120 -0.405694 -0.475950 -0.383766 -0.407019 -0.424640 -0.420498 -0.807751 -0.126512 0.638691 0.409416 1.198684 -0.130209 0.205123 -0.069996 0.080393 0.183992 -0.109467 -0.629609 0.669015 1.026562 0.888059 0.548475 -0.259332 1.981399 0.406651 1.022896 -0.384580 0.397503 -1.000225 -1.927356 0.050380 0.675480 0.038107
14 -0.400489 1.328491 1.219738 0.434825 0.359593 -0.112024 1.986628 -0.000994 -0.855252 -0.338585 0.401033 0.333325 0.735465 0.169710 -0.593238 -0.250497 -0.068912 -0.017611 -0.235032 -0.052468 -1.673120 2.129938 0.340943 -1.146328 1.543278 -0.369386 -0.069560 -1.630770 -0.048040 0.156568 -0.553497 0.176565 0.778615 -0.935379 0.058779 -0.296893 -0.819158 0.556488 -0.447936 -2.269675 0.475571 0.514768 1.464861 -0.955712 0.278353 0.300381 -0.236530 0.921790 1.400108 -0.008786
15 -0.327187 0.290330 0.828425 -1.668674 0.986226 -0.722298 -1.006183 -0.834345 -0.551528 1.508380 -1.259965 0.424623 0.958378 0.042585 0.325203 -1.589375 1.237674 -0.997749 -0.422080 0.977453 -0.697653 0.653270 -0.660110 -0.196076 2.383243 0.172943 0.941113 0.886839 -0.871437 1.345689 -0.256473 -0.746912 -0.446395 -0.905045 -0.509198 -0.503344 -0.235860 -0.834027 0.939734 0.694581 -0.433605 -1.766618 -0.486510 0.661989 0.249205 -0.447395 1.076887 -0.883472 -2.295073 2.463624
16 2.123222 0.301397 0.913588 -0.231947 0.196840 -1.316415 0.463161 -0.811304 0.365431 2.635442 0.125078 0.671988 -0.925975 0.150833 0.042246 -1.267727 0.148583 -0.304397 0.260563 -0.302900 -0.250793 -0.643499 -0.916144 0.667820 -0.426463 1.046294 -1.542450 0.354422 -0.469148 -0.314372 0.900670 -2.723801 0.210726 0.902042 2.120784 1.344703 0.085957 0.655886 -0.140000 0.298894 -1.136411 0.412457 -0.116108 0.047007 -1.451210 0.966073 0.420769 0.005891 -0.703666 -0.226074
17 0.856899 0.317010 0.462852 -1.923153 0.094890 1.176088 -2.125601 -0.957390 0.153222 1.933273 0.713724 -0.211739 -0.117063 -0.432048 0.483603 1.574840 1.064777 2.282772 -0.200917 0.315160 -0.919696 0.080245 1.563363 1.114010 -1.229612 -1.567224 -0.415310 -0.544802 -1.761990 0.531034 1.843419 -0.018782 -2.409485 1.112058 0.254607 1.326776 -1.720452 0.724182 0.243577 0.313172 -0.457159 -1.701790 -0.042461 -1.637439 0.107774 -1.784199 0.477915 -1.630752 -0.572130 1.137815
18 1.061382 0.762277 -1.579609 0.603396 0.669970 1.671014 0.448046 -0.215572 -0.136179 1.233669 2.397481 -0.510358 -0.722435 -0.110572 0.189383 1.122843 -0.309846 1.089093 0.693098 2.074550 -2.456699 0.359970 0.819769 -1.032751 0.145011 1.027562 -0.533387 -0.043248 0.350844 -0.483196 0.352829 -0.782004 -0.678660 0.460519 1.014456 0.436327 1.035715 0.572252 -0.258239 -1.780673 0.944802 0.348169 -1.668670 -0.373353 0.322356 -1.093046 0.092965 0.178112 -0.157340 0.048150
19 -0.311681 -0.486524 -1.603586 0.164047 0.338450 0.956230 0.384323 0.651623 -0.826251 -0.906084 -0.598005 -0.539911 0.458906 0.287219 -0.327714 -0.866512 1.521670 -0.576550 -0.775985 -0.304800 0.070548 1.621695 -0.122434 1.578464 -2.109791 1.007524 0.532394 0.963170 1.438485 0.776600 -2.140237 0.184668 0.267943 -0.023083 0.788565 -0.300149 0.199845 -0.191047 -0.398473 0.147735 0.548704 -0.204088 -0.415551 -1.470140 2.336880 -0.154787 0.449739 -2.146224 0.362087 0.723201
20 -0.361538 -0.696821 2.273866 1.002733 1.805172 0.529463 -0.433291 1.049648 0.024200 1.368351 0.117670 1.185737 0.234070 -0.525689 -0.320767 -0.923832 -0.643010 -0.896868 0.401595 0.372792 -0.781910 1.028247 0.223782 -1.054907 1.326918 -1.651368 0.630628 0.533982 1.534507 -2.420786 0.816700 1.146875 1.898386 0.516393 0.175134 0.235798 -0.169695 0.253251 -0.555633 -0.016173 -0.375701 -0.514214 2.347131 -0.540188 -0.076707 0.681138 -2.194663 -1.192363 -0.135604 -0.117870
21 0.334954 -1.318526 -1.057215 -0.847469 1.017899 -0.724482 -0.677634 -0.140907 0.908198 1.520495 0.525957 -0.825951 -0.622405 -1.094885 -1.099065 -0.494567 -1.376940 0.801204 -0.434474 0.320757 -1.566983 0.853237 0.900795 -0.006425 -0.252038 0.939979 -0.833420 0.434446 0.351739 -0.637672 0.302236 0.788919 1.800357 0.021134 -0.035163 1.062231 1.312348 1.520030 -0.471546 1.544765 0.397736 -0.168828 -1.143685 0.413867 -0.506002 0.246373 0.317542 -0.782012 -2.030936 0.619667
22 0.697708 -0.872075 0.953752 0.304240 0.710744 0.735119 0.112410 0.118597 -0.057002 0.273335 0.541070 0.398987 -0.663315 -0.807095 0.637290 -0.055501 -1.054957 -0.265787 -2.353009 -0.340403 -1.241897 -0.905730 0.175078 -1.286537 -0.113841 0.855982 -2.215599 -1.086428 0.004604 -0.530714 -0.105953 -0.623999 -1.150318 -0.497739 -0.014887 -0.108595 -0.369605 0.974028 0.769165 -0.869643 -0.048957 0.725691 0.142350 0.932898 1.511527 -0.646818 -0.106190 0.249360 0.308281 -0.508669
23 -0.434649 0.079970 -0.920871 0.204024 -0.383895 -1.783219 1.828438 1.260024 -0.158294 -0.767598 -1.507026 -0.703707 -1.109368 -0.092341 0.816342 -0.289617 0.977630 0.215434 0.062819 -0.243099 1.868701 0.287375 -1.567179 -1.401276 -0.374146 -0.189844 0.954915 -1.590279 -0.813246 1.197025 -0.746967 -0.667631 -0.210599 0.227845 -1.837606 -0.808731 -0.154789 0.692070 0.564235 -1.786620 -0.150567 1.116790 -1.202000 -0.950741 1.262994 0.377427 2.201440 -0.621274 0.703042 -0.979128
24 -0.685802 1.211909 -0.318816 -0.761500 0.215431 0.641106 -0.895904 -0.361752 -0.369176 -0.940709 -0.142930 -1.470612 0.576642 0.663680 -0.044413 0.784919 0.763500 1.398488 -0.344052 -2.036776 0.920165 0.194218 1.042934 -0.996373 -0.324421 1.007526 -0.536897 -0.974289 -0.490174 0.636593 0.757586 0.721377 -1.291228 0.477408 -0.354842 -0.758817 1.402890 0.592359 -0.412991 -1.296818 -0.275212 0.604209 0.224224 0.177070 0.616349 0.326831 -0.449242 -0.371656 -1.167135 -1.486317
25 -0.705217 -0.944181 2.032447 1.968168 -0.447042 -0.310070 -0.577480 -0.100720 -1.139153 -0.765440 0.686667 -0.733475 -2.676437 -1.264878 -0.167229 -0.252505 -0.920533 0.041339 -0.254927 0.707831 0.733558 0.552295 -0.404170 0.321023 1.189022 1.465368 0.084507 -0.580818 -1.367166 -0.337943 0.155604 0.551798 0.926425 0.312014 0.357036 0.560892 -0.841298 -0.186902 -0.496842 0.750017 0.804280 -0.690860 -0.898742 0.304622 0.911123 0.785820 -1.074045 0.473772 -1.035754 1.668269
26 0.042497 0.694399 0.311741 -0.598577 0.293525 -0.098035 -2.676258 -0.720310 -0.467562 0.057114 -1.437362 -0.311959 0.146830 0.673213 -0.419862 0.595297 0.221298 -1.163656 -0.918453 1.418106 0.215308 0.213587 1.106096 0.016275 -0.716915 0.699459 0.239118 0.729770 0.062080 -0.025551 0.282179 0.102642 -0.183392 -1.715856 0.505198 0.499731 -0.009621 -0.421423 1.011724 -0.629983 -0.164428 -0.375486 -0.521073 1.602835 0.506350 -0.299178 -0.916035 -0.155456 1.006769 -0.078788
27 -0.357645 0.780231 -1.705913 1.952227 -0.354327 -0.527974 1.192057 -1.641833 -0.360826 2.462484 -0.566607 -0.041625 -0.712508 -0.034936 1.994504 -1.072443 0.305881 0.506730 0.809357 0.087162 -0.394870 -0.802460 0.510691 2.699418 0.013974 0.171921 -1.719968 -0.669750 1.028108 0.114359 -0.819292 -0.870391 0.901779 -0.709219 1.103802 -0.155728 0.815747 -0.316884 -1.134858 1.536551 -1.900948 3.226640 -1.040050 0.822841 0.793862 0.166532 -1.082343 -0.408080 0.789872 0.507957
28 -0.155534 0.858016 -0.112448 0.401185 -0.534113 0.180715 -0.447240 -0.475873 -0.279177 0.912552 -0.401939 -0.995004 0.453212 0.288321 -1.176911 1.334926 -0.217254 0.346244 0.670222 -0.450010 0.129757 -1.711930 -0.309211 0.261526 -1.424163 1.613874 -1.111855 1.132017 -1.327557 -0.315138 -0.320586 -0.651581 0.056077 -0.036424 -0.008505 -0.087223 -1.469021 1.396785 0.524425 -1.870089 -1.655464 -1.502328 -1.097830 -0.665271 -0.312799 0.900032 -0.384812 1.221974 1.345690 -0.656237
29 1.698132 -0.860127 -1.370076 0.094165 -1.384380 -0.738338 -1.890291 0.300508 -1.841678 0.611142 -0.051429 0.113842 -0.106447 0.103725 0.046185 0.203726 0.817353 0.256447 -0.725423 -0.180661 -0.318252 -2.590212 -0.476213 -1.240476 0.094358 -1.413272 -1.276612 0.907620 -0.139965 -0.079341 -0.212439 -0.637464 -0.486219 -0.269310 -0.140431 -2.155591 -0.644245 0.081644 -0.328017 0.796217 0.837201 0.617013 0.260327 0.159434 0.413638 -0.780367 0.700709 -0.158509 0.937046 -1.412033
30 -1.177507 0.256625 -0.189247 -0.340239 -0.465504 0.887682 0.451176 -0.817747 -1.609225 -1.346469 -0.242840 -0.270186 1.622324 0.200620 1.198276 1.918029 0.382635 -0.086612 -1.778463 1.151160 -0.060691 -0.109749 -1.000400 0.255768 -0.896744 0.301573 1.339451 -0.447023 -0.448336 2.719092 -1.109754 1.650521 1.409946 0.482704 -1.102696 0.292752 0.317299 0.870118 0.565815 -0.411650 -0.473060 0.773628 -0.119572 -1.050696 -0.040080 0.484126 0.309186 -0.586324 0.122176 -1.706201
31 1.424442 -1.059238 0.026740 -1.510361 0.681732 0.728434 0.870782 0.107651 0.508510 -0.389696 0.715372 0.841420 1.588942 -0.990143 0.983623 -0.133236 0.290970 2.758285 -0.601475 0.740160 -0.022143 -2.080213 0.664853 -0.050566 1.771963 -1.406014 -0.197332 0.025130 -1.953222 -0.081936 0.986578 1.862297 -0.107057 -0.122068 0.696470 -0.631918 -0.252403 -1.014767 -0.262017 0.378869 0.246444 1.541051 0.909085 0.670214 0.988543 1.867914 1.144575 -1.106848 0.685556 -0.395871
32 -0.631677 1.022945 -1.897089 0.973584 0.048872 0.590966 0.413399 -2.488698 0.323643 -0.387008 -0.295863 0.010379 0.773918 -1.384542 0.837506 0.318929 -1.057617 -0.482030 0.962582 -0.263423 0.019570 0.677758 0.938492 1.991731 -1.301345 -0.589974 -0.437950 -1.226159 1.686780 -0.221402 -0.313586 -0.515837 0.604137 1.698230 1.312913 1.686516 0.228999 1.672642 -0.011002 0.232867 -1.638418 -0.179750 -1.067529 -0.100057 -0.606151 2.435265 1.068610 1.259971 0.365978 -0.243400
33 -0.228172 1.496459 1.243005 -0.130699 -1.338229 0.330374 -0.830936 0.576320 -1.086716 0.422538 0.817761 -0.499384 0.792253 -0.440528 -0.010275 -0.430989 -1.621048 2.011790 -1.804696 -0.542486 1.395039 0.757044 -0.354109 1.390297 0.761778 -1.074210 -1.538135 1.273652 -1.592575 1.042977 -1.859341 -1.115375 -1.016804 -1.262158 -0.985174 0.060486 1.794367 0.703024 0.234320 -0.435907 0.341997 -1.417265 1.021748 0.069331 0.383366 1.206783 -0.361484 0.705573 0.415241 -2.378621
34 1.565003 0.748292 0.146585 0.558092 -1.514583 1.023584 1.307679 0.363377 1.855018 -0.597428 -1.134931 1.287115 -0.343775 -0.252383 -0.479102 -1.626109 0.898182 -0.808832 0.259594 0.171090 0.579952 -0.208031 1.726481 1.522620 0.814929 0.022264 -0.309092 0.720498 -1.321755 3.041827 0.686698 2.018285 1.125493 -1.102990 0.263890 -0.268611 -1.198626 -1.447456 -1.020235 0.250493 -1.079271 1.441349 0.737147 -0.315021 1.675206 0.927090 -0.217024 1.518053 0.081226 0.232833
35 1.020789 0.034909 0.605993 1.032651 1.168169 -0.927182 0.040666 0.235749 -0.706776 0.264086 0.576471 0.410925 0.091141 0.840541 1.261238 0.039356 0.038329 0.248686 -0.333745 -0.104441 0.061004 1.257918 -0.057939 0.868413 0.252500 -0.540863 -0.473926 1.611395 -0.278537 -0.685815 -0.245635 -0.219519 0.337946 -0.231708 -0.974008 -1.767876 -0.151458 -0.988533 -0.267468 0.015964 -1.075704 -0.547296 0.953631 -1.747630 -0.892495 -0.060466 -0.398312 0.024255 -0.673051 -0.036867
36 0.420434 1.519209 1.150766 1.833692 -0.092124 -1.734410 -0.158153 -1.506107 -0.592234 0.502944 0.640669 0.882576 -0.743660 0.165806 0.589654 0.280873 -0.536210 -0.095011 1.125648 -0.326912 -0.735834 1.037601 1.162803 -0.023724 -0.258057 -0.600824 -0.163544 0.645327 -1.428117 1.276065 -0.828341 -0.563605 0.673559 1.324109 -0.275420 -1.820094 -1.709929 1.343141 -0.491033 0.121177 0.383904 0.762278 1.509187 -1.632763 0.319573 0.254370 0.005091 0.347083 -1.716089 1.011393
37 0.946798 0.296599 -0.803255 -0.548267 -0.910562 0.459277 -0.269267 1.380404 0.131048 0.932837 -0.214398 0.933514 -1.565730 0.292211 -0.697589 -1.942506 0.433586 -1.170704 1.681741 2.282180 -2.035554 -1.198329 0.391711 0.403474 0.853079 -1.673016 0.698087 -0.438228 -0.912762 0.322371 -1.255897 -2.368386 -1.434877 -0.758805 -1.073504 1.213619 1.763057 0.275216 -1.399200 0.793814 1.055385 0.056992 0.566154 -0.814188 -1.641509 -0.294858 0.790548 -0.428543 0.661205 1.626406
38 1.539057 0.776373 0.180731 1.977598 -0.108390 -0.483182 -0.131985 0.028498 -0.581672 0.059287 -0.291277 -0.434648 -0.083789 0.698635 0.805622 -0.458534 -0.374831 0.001451 -1.611898 -1.305902 -0.496297 -1.225378 -1.476976 -0.123660 0.828510 -0.102443 -0.317808 -0.356516 0.257580 -0.884239 1.098702 -0.787933 -1.586439 1.266104 -0.093871 1.349071 -1.424988 0.088162 -0.767666 0.723103 -0.175196 -0.389450 0.831101 -1.976715 0.485246 1.486897 0.427064 -1.159887 -2.402298 -1.296149
39 3.412403 -0.201538 0.131872 0.184031 -0.178819 1.325398 0.048055 -1.395547 1.191144 0.750991 0.776492 -0.192813 0.354268 2.967509 1.463143 -0.888950 -1.345627 -1.409888 -1.629129 -0.312849 0.304106 -0.329636 1.413051 -1.332296 1.578916 0.615522 -0.114272 -0.876541 -2.031319 -0.188331 -0.731349 -1.009561 0.944135 0.798367 0.138410 -0.226698 1.729837 -1.069182 0.793397 -1.109416 -1.459180 -0.648274 -0.399814 1.432112 -0.032114 0.309935 0.880594 -1.027145 1.179265 0.377606
40 1.054091 -1.798887 0.949674 -0.746541 0.349966 -1.724572 1.555526 -2.516038 -0.041858 -0.465084 1.054549 0.689016 1.940038 2.096784 0.218979 -0.615569 -1.652938 2.937581 -2.193131 -0.452820 1.013490 0.387040 0.974030 1.087217 -0.220076 -0.273460 0.333345 -0.536606 1.331422 -0.052812 -0.544993 -1.549087 -0.901434 -0.538358 -1.499633 0.167029 -0.802480 -0.445260 1.419564 0.524803 -0.955438 -1.493162 1.663282 2.456265 -1.072924 -0.411517 -0.502479 0.795314 -0.946620 1.166454
41 0.148724 0.801065 0.633439 0.275364 2.828606 0.904794 0.237160 1.451437 -0.500651 0.547651 -1.829862 0.924262 -0.132727 0.676779 -0.818643 1.127367 0.001817 0.123418 -1.738910 -0.843486 -2.270883 -0.372187 0.178713 1.196576 0.725326 1.697063 -0.538747 -0.039212 2.285903 -0.043096 -0.384565 0.075267 2.387947 1.604621 -2.370859 -1.759154 -2.677462 -0.345048 0.869215 -1.040735 1.819583 0.176393 0.184238 -3.044390 -0.536650 0.436145 -0.436571 -0.991313 1.271478 0.045126
42 -0.711702 -0.288445 -0.010585 0.406745 -1.214941 -0.715231 0.324210 -0.027087 -0.875503 -0.517717 0.033610 1.447186 -0.639663 -0.298550 0.157487 -0.995645 -0.986633 1.072767 -0.059384 0.113949 0.857114 -0.451819 -1.725250 -1.549917 1.055708 -0.064993 0.171695 0.187089 0.646007 -0.976313 0.170744 1.024937 0.255559 -0.620122 -0.775429 0.407296 -0.962537 -1.475225 1.279458 0.505512 0.723774 0.345168 -0.496871 -0.157623 2.572153 -1.062524 2.163359 1.126253 0.444167 -0.929629
43 -0.253110 1.160902 -0.611447 0.292922 1.800955 0.594156 0.856874 -0.903199 -0.085578 -1.199000 0.524361 -0.751614 1.688508 -3.540535 0.702388 0.045140 0.425455 0.146629 -0.068911 -0.858161 1.465852 -0.234522 0.498338 -0.909422 0.348227 -0.365466 0.113973 -0.053206 -0.460740 0.210485 -0.822795 -0.040981 -0.219597 -2.010172 -2.503647 -0.336382 0.453802 -1.574973 -0.435136 -0.127008 -0.299149 -0.043423 -1.644565 -0.842127 -1.051027 1.862611 -1.193263 -1.542231 -0.607600 -0.437528
44 -0.018354 -1.345850 0.444276 0.454406 0.447483 -0.177278 -0.816352 -2.758854 0.694166 1.272035 -1.364245 -0.385146 2.423047 0.866866 -0.951145 0.471273 1.613503 0.814677 -0.080578 -1.688610 0.282290 0.162899 0.958252 -0.485969 1.105973 0.074058 -0.352376 0.674922 0.108251 -0.328879 1.427206 -0.273341 0.617748 -0.037506 -0.660063 -0.828170 -0.427335 -0.312710 -0.291186 1.067787 0.253250 -0.624828 -1.116867 -0.480904 -0.660998 -0.408142 0.306912 0.474248 1.488115 0.996133
45 0.793648 -1.002144 -0.574704 -0.502831 -0.161848 -0.193743 0.814067 2.098422 0.029155 0.158902 -1.265018 -0.696155 -0.110110 -0.813389 0.753028 0.596129 0.293236 -0.671030 -0.166756 1.488274 2.743647 -0.546097 1.687306 -0.106087 2.110025 -0.408007 -1.430098 -1.625246 0.760722 -0.204808 0.028584 -0.554175 -0.192391 0.196995 0.211854 1.564261 0.574917 -0.383304 1.273753 -0.515235 0.794240 0.271315 0.089751 0.201481 0.979831 -1.138082 -0.366683 -0.843037 -0.428932 -1.441295
46 -1.229571 0.540458 1.024870 -0.785134 -0.034962 -2.598956 2.095523 0.981843 -0.172667 0.862208 -0.426038 -0.757963 -0.965739 -0.862666 -0.613701 0.163398 -1.041135 0.048338 0.793008 -0.518321 0.103360 0.176466 -0.767504 -2.396775 -1.346463 0.242190 1.143665 0.307984 1.195397 -1.038005 0.398286 -0.292967 1.774665 0.135830 0.022747 -0.693492 -0.607625 -0.286319 0.116922 -0.889091 -1.005285 -2.104271 0.425277 -0.594552 -0.317716 0.644402 0.880810 -2.352440 1.004803 -0.145022
47 0.464751 0.049025 0.894877 0.278440 -0.366645 -1.358977 0.985292 0.063368 0.677808 -0.613572 -1.809121 0.267706 -1.294047 -0.637411 -0.566458 0.064048 0.767832 -0.069975 -1.704715 0.718623 -0.896762 0.510985 -1.518234 -0.588236 0.033556 1.688430 0.849158 0.087884 0.102933 -0.228177 0.213304 -0.022635 -1.330440 -0.978016 1.513127 -0.516085 1.432026 0.580832 -1.685917 0.094927 -0.585562 1.123037 0.287544 0.269871 -0.715873 0.540606 0.112537 -0.419464 -0.147905 -0.447509
48 -0.917026 1.026464 0.066418 -0.739730 -0.899561 0.455663 -0.940667 1.176833 0.210654 -0.274813 -0.911027 0.334903 -0.130768 0.916187 1.840921 1.465819 -1.724001 -0.061851 -0.306291 -0.103027 0.292159 -1.583499 -0.736846 -0.758711 -0.804833 -1.221234 1.672069 2.529653 -0.516126 -0.539757 0.091480 -0.456057 -0.968523 -1.487491 0.618549 -0.975159 2.141760 -0.480201 1.762083 1.274179 0.081373 -0.289191 0.659691 0.733967 0.339830 0.476345 0.774029 0.790517 -0.754155 -0.144150
49 0.507597 1.183229 1.930479 0.846942 1.578939 0.889665 -0.521682 -1.486862 0.366189 1.078180 0.723908 -0.596984 -0.182407 1.586987 2.002441 0.823902 0.257038 -1.089718 0.928586 0.587204 -1.717825 0.093588 0.038922 -1.027838 -0.451939 -0.747800 1.053449 0.917039 1.686627 -2.093560 2.119213 -0.494720 1.607110 0.395065 -0.140642 -0.264108 -1.054219 2.078852 -0.251947 0.265133 -1.134734 1.017558 0.452933 -0.941799 0.233100 1.730851 1.301244 1.945765 -1.227908 -0.031551
50 -1.476105 -1.468409 -0.349804 -0.424699 -1.683916 0.609235 0.050050 1.168300 -1.199156 -1.544410 -0.520979 1.425988 -0.419120 -1.816061 -2.078717 -1.626924 -0.133305 0.330725 0.266666 -0.411802 0.336283 1.131420 1.509969 1.011819 -2.057944 -2.009346 -1.546218 0.742721 -0.347879 -0.848091 -0.643269 -0.237939 2.003195 0.308859 -0.808295 0.036100 -0.952749 -1.472181 1.200271 -0.565765 1.668232 0.080572 -0.700086 0.382483 0.334734 -0.295573 -1.274736 0.695523 -1.163653 0.128506
51 -0.904550 -1.727772 -0.187276 -0.441506 0.538387 -0.086094 0.853209 0.292023 -0.146090 1.323602 0.097246 1.635525 -0.861449 1.122084 0.667043 -0.292068 0.512660 0.039001 -0.622113 -1.598752 0.042634 -1.276284 -0.101849 0.264917 -2.201907 0.214266 -0.689681 -0.188272 -2.178153 -0.986366 0.187059 -0.949602 0.096381 -0.396595 0.317128 -2.422710 -0.976832 0.262635 0.454620 -1.471138 0.687976 -0.568152 0.197737 0.661044 -1.402124 -0.622192 1.278113 0.621789 -1.561899 0.881663
52 1.753915 0.479008 0.589680 -1.254576 -0.034382 0.577798 0.814517 2.575013 -0.044142 3.030558 0.133015 0.763565 0.849531 0.745614 -0.370543 0.460903 0.265238 0.706746 1.019206 -0.011691 0.027798 -0.007608 2.226467 -2.286818 -1.165653 -0.122429 1.002246 -0.867395 0.246799 -1.598430 1.707603 -0.984921 1.852947 -3.004931 0.889529 1.882248 1.073331 3.726238 1.194441 0.125274 0.183454 -0.135412 -0.797132 3.110823 0.238766 -1.303206 -0.040860 2.063805 -1.810081 0.486800
53 -0.348221 0.760656 -0.298855 -1.728429 -0.025944 0.472478 0.635254 -1.641726 1.213315 -0.582924 -1.691356 2.235451 2.314827 0.637427 0.713779 1.254435 1.398031 0.250951 1.822774 0.946239 1.825863 -0.484064 -0.546739 1.338539 0.316572 -1.589282 0.855682 -0.058394 1.564721 -1.364242 -0.576955 0.171865 -1.101821 1.141145 -0.410262 -0.766552 1.151283 0.834711 0.101737 0.325204 1.946784 0.878073 0.689696 -1.039308 1.118522 0.185105 -1.911950 -1.210486 -0.517287 0.774485
54 0.009521 0.334541 -1.344779 -2.149691 0.810360 1.395232 1.205252 -0.687335 0.318594 -1.092231 -0.741425 -0.895919 1.522278 -1.384012 -0.947788 0.718346 -0.288851 0.121574 0.750897 -1.554308 0.241026 0.808806 0.879241 -0.647055 0.989273 0.243294 0.323172 0.367212 -1.291871 0.371477 0.514752 0.175002 -0.181062 -0.460449 -0.860104 -1.233499 -1.059477 0.678452 0.634272 1.516451 1.071417 0.977305 0.869181 -0.766473 0.314306 -0.107690 0.353853 0.417871 -1.452636 -1.509743
55 -0.430540 0.732024 0.405337 -1.106263 -0.500222 0.219923 -0.508689 0.608167 -1.380403 1.562586 1.180076 0.512442 0.020819 -2.218783 -1.398582 -0.706933 -0.295031 1.343900 -0.560895 -0.477426 0.512089 -0.831609 1.420542 0.669215 -0.324503 -0.748047 -0.070503 0.774153 1.063034 -0.620878 -0.262397 -0.137187 0.611268 0.153627 0.537150 0.747784 -0.476132 -1.450950 -0.671276 -0.307995 -0.595787 -0.175359 -0.298807 0.730555 1.181789 -0.563444 0.272604 1.457267 0.212098 0.574683
56 -0.462338 0.911338 0.665682 0.270485 -1.066248 0.461788 -0.018574 -0.969080 -2.017284 -0.374686 -0.022652 1.196425 1.677991 1.340930 -0.482969 -0.141497 -0.096607 0.797525 0.236714 1.153257 -1.273766 -0.841315 -0.354621 1.395557 -0.445932 -1.329350 -0.668794 -0.282519 2.043168 -1.930544 1.664770 0.117621 0.078011 -0.005319 -0.252121 0.685044 -0.400480 -2.232380 -0.575563 1.859857 0.530742 0.007184 -1.619762 0.363435 0.358760 -1.154038 0.017671 1.054817 2.040972 -0.803818
57 0.352280 -1.239842 0.628978 0.682239 1.536130 0.059595 1.169441 -0.177665 -0.458358 1.621833 1.264321 0.299081 -0.043632 -1.741076 1.860847 0.191062 1.812435 0.916947 0.639771 0.224807 -1.719799 0.904279 -0.464253 0.504112 -1.458132 -0.314488 -0.190434 -0.431567 -1.169299 0.009400 0.646596 -0.541533 -0.772254 0.888697 -1.377527 -1.832359 -0.443928 -0.205166 -0.804919 -2.531226 0.762754 -0.467752 -0.514563 -0.966408 0.348143 0.767755 0.309673 -0.615706 0.999253 0.636432
58 -0.455615 -0.053757 -0.818348 0.077161 -0.067292 0.183828 -0.801485 -1.070698 0.665385 -0.810813 -2.181894 -0.279413 0.673188 -0.281952 -0.945505 0.268613 0.040118 1.426754 0.986088 1.809041 0.547422 -1.603056 -0.807592 -0.526497 0.919741 -1.813552 0.562556 -0.329550 1.465406 -0.631970 -1.109361 0.566157 1.227667 -0.378327 -0.175875 0.604216 0.266677 0.129334 -1.454581 0.243653 0.199172 1.218402 0.910545 -0.165152 -0.373236 -0.560766 1.170283 -0.270057 -1.617388 1.809536
59 1.419470 1.023316 -0.727640 -0.356792 2.313745 -0.314048 1.152984 -1.804089 -1.510517 0.579959 0.588139 -2.113464 0.717915 -1.770929 -1.630226 0.292966 0.849107 0.847523 1.246829 0.132094 -2.438787 -0.072933 0.371381 -1.069275 0.946238 1.260831 -0.592508 -0.492284 1.221892 -0.115090 1.710943 2.478034 -0.109533 1.132080 0.337297 -0.355246 1.429419 -0.583792 -2.195962 -0.686448 1.076467 0.046000 1.191095 -0.479220 1.069804 -1.814194 0.296719 -0.777880 -0.724297 0.557069
60 -0.191164 1.791251 -0.239223 0.237574 -1.498306 1.481989 0.032431 0.897475 0.674790 1.643586 1.068766 1.005322 0.260977 -0.271071 -0.479384 -1.403512 -0.875560 0.492794 0.028321 -0.574704 0.432547 0.392845 1.181649 0.785519 -0.733934 -1.429793 -0.959592 0.331451 -0.162861 1.313572 0.976723 -1.709051 1.337520 0.477677 -0.694410 -0.885817 -1.538871 0.281362 -1.073215 -2.110941 0.570127 -1.547311 0.860302 -0.032210 -1.076290 1.460739 -1.366577 -0.428433 1.349847 0.166265
61 0.856068 1.190213 -0.174560 0.705289 -0.557389 0.347250 -1.493720 0.536323 -0.568747 -0.777047 -0.043760 -1.366819 0.153040 -0.267324 0.257160 0.372675 -0.542477 -0.499278 0.540618 0.783888 0.161088 1.052823 0.742644 -0.509578 0.135249 1.985964 -2.504920 0.118228 1.407038 1.280100 0.642757 0.769067 0.268122 0.553302 -0.215196 -0.291546 -0.548705 2.248857 -0.197967 0.648206 0.153063 0.750764 0.890643 1.776094 0.053640 1.661783 0.155398 0.511952 -1.350490 -0.217822
62 0.070940 -1.433762 1.046551 -0.469755 -0.047633 0.435151 0.392987 0.315495 0.710017 0.004601 0.359505 -0.191726 0.168917 -1.027500 0.123160 0.804797 1.000097 -1.426226 -0.943758 -0.882322 0.368068 -0.473782 0.221545 0.756669 1.070066 0.309515 -0.007195 -0.940692 1.675888 -0.860877 1.474040 0.324480 -0.390192 -0.209600 -1.151787 0.884398 -0.136336 -2.039131 -0.611172 1.362596 -0.668199 0.091535 0.174117 1.635400 2.881398 0.417405 -0.429291 -0.508465 0.836317 2.212248
63 0.485101 0.592599 -1.296955 0.291075 1.649106 1.617176 0.264383 -1.581069 -1.482786 -0.629752 -0.210754 -1.089972 -0.013165 0.870652 0.546280 0.602216 -0.121515 -0.447602 1.292389 -0.378583 1.197579 -0.965186 0.854146 -0.087487 -0.302964 0.720014 2.077842 -0.290895 1.971666 2.331346 -0.667486 0.169143 -0.275782 -0.756752 0.546327 0.166758 0.231641 0.980178 -2.273175 0.343677 1.035491 -2.658630 -0.404856 -0.486563 0.665530 -1.167778 -1.156505 2.074684 -0.194252 -0.413751
64 -1.012748 -1.597924 -0.104429 0.697505 0.479761 0.195433 0.490710 0.603905 -0.212809 1.781253 -0.065915 -0.881810 -0.298589 0.182910 -0.719233 -0.255005 -0.709340 -0.610388 0.925112 0.165478 1.069427 0.128828 -1.087746 -1.106727 0.363912 1.498311 0.960294 -0.480673 -0.215088 -0.057557 -0.885905 0.858846 -0.352249 1.547151 -0.093427 -0.504780 0.772328 1.435405 -0.093142 0.359282 1.276419 -0.165621 -0.007886 -0.813232 -0.772693 -0.252759 -2.190087 -0.829189 -0.340464 0.763017
65 1.060279 0.530011 0.750065 -1.153892 1.499421 0.826952 1.994016 0.109107 0.287425 0.617299 -2.091322 -0.749299 -1.120457 -0.185243 -1.074584 0.143571 -1.931002 0.023164 0.422298 -0.906131 -0.411195 0.675213 -2.036830 -0.312886 -0.780803 0.110864 1.587094 -0.486732 1.149257 -0.498752 1.415824 0.159894 -0.122949 0.592111 0.097264 1.335369 -2.250004 -1.517981 -0.060418 0.984352 0.849189 -0.648164 0.249301 0.044666 -1.361256 -0.661604 -0.264937 -0.528029 -1.149716 -1.343190
66 -0.038538 0.425879 1.988927 2.206164 1.164346 0.255229 0.196189 -2.096991 1.561088 -0.539697 -0.305635 -0.087074 0.482692 -1.517007 0.606986 -0.863863 -0.484251 -0.426510 -0.129025 0.144633 -0.222989 -0.196980 1.166657 0.443832 -0.183683 -0.646366 -0.842847 0.955730 -0.645810 -1.796644 1.695982 0.849228 0.522963 -1.482519 -0.721651 0.240798 1.423061 -0.411339 1.289396 0.886309 -1.575746 0.969733 -0.942936 -0.586286 0.425976 0.378239 1.803497 -0.259596 -0.683005 0.115465
67 0.456141 -0.785096 -0.412600 -1.444257 -0.588882 -0.863657 0.629366 0.484722 -0.470145 1.802717 -0.843238 -0.097143 -0.799203 -1.262518 -0.311810 -1.043822 0.104093 0.094244 -0.479836 -0.089274 0.536666 0.310766 0.139395 -1.121265 1.078225 0.588739 -1.228784 0.315586 -0.147321 0.386780 1.047027 0.567656 -0.909141 1.171480 1.105631 -0.428055 1.158242 -2.762271 -0.083633 -1.804339 -0.199806 -0.071847 1.184543 -0.120818 -0.606005 -1.357800 -0.792449 -0.278391 -0.300591 1.763746
68 1.666770 -0.645243 0.017157 1.317252 0.825334 0.648499 -1.500197 0.078327 -0.240195 0.981654 -1.408585 0.921299 1.087890 -0.121251 0.311348 -0.120963 0.822552 -1.454646 0.646491 0.458043 -0.198062 -1.014732 -1.169261 -1.472810 2.031656 -1.534907 -1.586157 -1.092435 1.414653 -0.013587 0.836918 0.891960 -0.912442 -0.033209 0.811584 0.208441 -0.744158 -0.083106 -1.057993 0.211871 -0.780728 -0.053657 0.970774 -1.943854 -1.735384 -0.968906 -1.827348 -0.793248 -0.755401 1.458516
69 0.070784 0.060436 1.436701 0.964379 0.334568 0.442190 -0.189666 1.787909 1.283744 0.512001 1.414653 0.714093 -1.217076 -1.613811 -0.885625 -0.760691 -0.617898 -0.724353 -1.053158 1.305032 0.324435 -1.044772 -0.266368 0.092335 0.833865 1.801899 -0.183177 0.232163 1.917144 -0.812879 1.974662 -0.976050 -1.514389 0.184298 -0.126053 -1.716545 0.938137 0.406908 0.474537 -0.077944 -0.891934 -0.877196 0.701458 -1.620684 0.098459 -0.806113 2.566131 -0.051929 0.845275 -1.333852
70 -0.530287 -0.826092 -0.096484 1.011952 -0.620914 -0.548983 -0.999741 -0.202243 2.885182 1.343129 -1.469745 -0.926219 -1.299517 -0.780882 -0.647204 1.697654 -0.271750 0.398715 0.558563 -1.097140 0.661962 1.017531 -0.156196 -0.399102 0.709765 -0.388822 0.534827 -1.195379 -1.349361 -0.760234 -0.231321 1.049918 0.946954 0.589595 1.232421 -0.005034 0.261396 1.139092 -0.492787 1.182188 -2.498174 0.594920 0.001119 0.761135 -0.119544 0.651797 -1.026764 -2.372769 0.793603 0.439384
71 1.453732 -0.379660 -0.391976 0.736762 -0.656032 -2.644213 -0.326676 -1.413869 0.816561 -1.185322 0.602004 1.655097 -2.689129 -2.178584 -0.250486 -0.361572 -0.900391 0.416539 1.473341 0.589144 -1.750175 -0.247235 0.434785 1.333507 -0.796510 1.170312 -0.465045 -0.345134 -0.653003 0.802628 1.592988 -1.097387 -0.947211 0.955122 -1.330125 0.711158 1.005185 1.995678 -0.185733 0.470489 -0.446369 -0.579642 -0.653626 -0.908231 0.780635 -0.340081 -0.980895 -0.108307 -0.250196 0.111625
72 0.645939 -0.031472 -0.124159 -0.492237 0.254081 0.432328 -0.043011 2.035676 -0.266273 -0.301104 0.875558 0.560607 0.481956 -0.405367 -0.961343 0.198976 0.528716 -0.751313 -0.178489 0.508433 0.884236 -2.254348 2.145218 4.110892 0.573294 1.293326 -0.265412 1.176128 0.957434 0.816664 -1.201112 0.537701 0.686636 -0.826685 0.552225 0.192866 1.558347 -0.103659 -0.708997 0.787676 0.530462 0.871683 0.311583 -0.016900 0.691039 0.786506 0.430609 -0.587555 2.052987 -0.321136
73 0.237701 0.869949 -0.897475 0.191960 -0.596389 1.331335 1.103384 0.814185 0.597083 0.357448 0.129677 0.289645 -0.672482 0.532016 0.224631 -1.234450 0.942814 -1.792807 0.190769 -0.164292 1.421855 -0.606218 -1.379570 -0.084577 -1.196319 -0.084853 -0.211328 0.832144 0.217251 -0.588010 0.173481 1.781244 0.205282 0.147719 -0.693413 -1.595495 -1.101277 0.591258 0.472111 0.169208 2.778835 -1.300873 -0.386767 -0.832057 -0.222210 -2.250243 1.518073 -0.767026 0.633321 -0.241805
74 -0.212032 -1.997450 -0.361086 0.912796 -0.627870 0.051029 -0.235055 -1.318640 -0.855558 0.856373 -0.210008 1.329022 -0.805447 0.487033 -0.554278 -0.862601 0.038984 0.667324 0.494129 2.050218 0.834526 -0.480373 -1.018985 0.585220 -0.147206 -0.208024 0.529836 1.162564 -0.118298 1.013282 0.542134 0.781835 0.192844 -0.624625 -0.083998 0.931678 -0.050271 -0.943361 1.331919 -2.648952 1.632116 0.686137 0.344505 0.762950 0.794216 1.244937 2.000411 0.153065 1.496898 1.653859
75 0.055525 0.565010 -0.280030 0.994342 -0.258468 -0.638258 -0.414250 0.741381 -0.304922 -0.394690 1.875495 -0.269890 -1.118293 -1.049902 -1.610165 0.024677 -0.857907 -0.455746 -1.515328 0.710793 -0.382620 -0.077582 -2.665592 -1.394996 -0.865298 -0.620128 0.883761 -0.892731 -1.518963 1.278889 0.321156 0.004447 -0.349925 -0.245341 0.302156 -0.145331 0.473801 -1.649021 1.222325 -0.064200 0.268126 1.016246 -1.192230 -1.439692 1.048055 0.946966 0.405548 -0.656771 0.002622 -0.473469
76 -0.349921 -0.416326 -0.516340 -0.588550 -1.320945 0.138300 -0.355899 -0.628884 0.897636 -0.684963 1.823987 0.521542 0.523905 -0.068483 0.006371 0.661108 -1.210377 -0.967554 1.397903 -0.590408 1.029147 -0.423409 -1.438769 -0.042315 -1.140715 0.532773 0.424842 0.382592 1.597037 -2.823404 1.230046 -0.159768 -0.807409 -0.446853 -0.004539 -0.096762 -0.625719 -0.655844 0.117053 -0.716019 -0.329220 -0.382127 0.508631 -0.947346 -1.494157 -0.089415 1.220679 -0.205696 -0.980037 0.482753
77 0.123570 0.341657 0.308354 0.806852 0.474719 0.705250 -2.176213 -2.300880 -0.699886 0.216405 -0.955137 0.362687 0.791518 0.385368 1.087088 0.291621 1.579749 0.751887 -1.810652 1.170708 -0.273700 1.020195 0.104844 -1.557754 -0.473532 -1.151442 -0.226935 0.323612 0.983237 -1.082380 -1.458726 1.195378 1.070291 -1.357689 -0.917010 -1.148900 -2.439409 0.267223 -2.260796 0.602768 -0.965593 -1.877051 2.254906 -1.314111 -0.092819 0.957167 -0.978306 -0.624168 -1.037028 -0.817459
78 0.885560 1.303080 1.133450 0.257176 0.684303 0.047800 0.794930 0.759806 2.410186 -0.398475 -0.459870 -0.690643 0.091338 1.527844 0.320257 1.670368 -1.281976 -0.586031 0.189525 1.660184 0.079876 -1.501333 -1.343455 0.007279 0.251215 1.922554 0.747585 1.443103 -0.292963 -1.094035 -2.110997 1.420935 -1.674404 0.403504 1.435100 -1.881590 2.249011 -0.537369 -0.454916 -1.463420 2.068284 -1.063047 -0.341078 1.160956 1.340143 0.663065 -3.240419 0.134270 -1.797091 -1.822548
79 1.518089 -0.947024 0.105901 0.616035 0.528733 0.498870 0.765449 1.229899 1.605539 -0.324566 -0.426403 0.439907 0.169918 -1.300404 0.805922 -0.656217 0.959249 -0.482942 0.131499 -1.300870 -1.096269 1.168594 -0.023231 -1.428426 0.615489 0.684722 -1.560795 0.547223 -0.477296 -0.864074 0.972896 -0.564553 0.606732 0.169653 2.186633 -0.005397 -0.831715 0.399645 0.994692 -1.414279 0.077444 0.220223 -1.377581 0.572367 -0.615526 1.821587 -0.332854 -0.232455 0.865967 -0.086634
80 1.796895 -0.480176 0.344016 2.064218 0.950663 -1.315331 -0.754481 -0.081529 1.155478 0.597875 -0.554820 -0.601849 -0.336434 0.847901 -0.829491 -2.402075 -1.006012 0.533127 1.125128 -0.385966 -1.359353 -0.278041 -0.850042 0.629771 1.492960 0.681821 -1.405506 1.216804 0.635454 -1.183277 0.185592 0.441220 -0.658377 -0.597947 0.936793 -0.218084 1.632046 -0.720007 -0.373428 -0.867022 -1.568660 -1.182964 -0.827034 1.085360 0.041785 -0.856241 0.007348 0.720217 -2.138051 1.293706
81 -0.314180 -0.430737 -0.622428 -0.988262 1.324633 0.999885 -0.041650 1.240011 -0.840103 0.839916 -0.651828 -0.056563 -0.075100 0.992427 -0.771195 0.043752 -0.242601 -0.523237 0.414169 1.116806 0.426368 -0.184692 0.731407 -1.797916 -1.149536 0.308602 -0.465890 0.087514 1.498630 -0.819190 -0.925261 -0.350247 0.251187 0.085857 -1.208430 1.385741 -0.425366 1.036880 0.711735 1.334796 0.858533 0.063308 0.205204 0.435381 1.390225 1.144199 0.308995 -0.609956 -0.031964 -0.056358
82 0.875204 0.157293 0.588712 -2.418136 -0.996529 -1.718458 -0.162534 -0.154767 0.880431 0.813355 -0.301746 -0.403979 0.401921 1.570286 -0.543373 0.717493 0.104862 0.435963 2.536209 -2.241130 1.401799 0.736951 -0.910672 0.155401 -0.702064 0.588625 -2.068423 0.928662 0.098123 0.074077 0.718585 -2.000872 0.834186 -1.516787 0.410738 -0.467698 -1.124456 -0.209702 1.882562 -0.463296 -0.043721 -0.622446 1.650657 -0.669105 -1.002053 0.529185 -0.845801 0.819879 -1.357283 -0.397451
83 0.398366 0.065338 1.549773 0.217359 0.895970 0.522938 1.425867 -0.714342 0.013079 -0.151378 -0.128073 0.614845 -0.172196 0.801249 -0.308254 -0.286047 -0.421416 0.208244 0.196128 1.454931 0.423310 0.444302 1.644188 -1.484380 0.256937 0.282317 0.194549 -1.716130 0.975999 -0.898694 -0.719153 -1.999460 -1.366789 -1.449137 -1.251179 1.380349 0.294006 0.599111 -0.855048 -0.355507 0.185806 -1.668507 -0.477267 -0.957224 0.141690 0.701210 1.159875 0.779992 -0.028152 -0.661268
84 -0.217588 0.369695 -0.691398 -1.132999 0.350779 -0.621523 0.694838 -1.205898 1.530864 -0.451752 -2.097255 0.166140 -1.853047 -0.214604 1.445214 0.235789 1.473985 0.255245 0.626285 1.827403 0.315503 0.334517 -0.374169 -0.429082 0.698102 0.547500 0.532107 0.044084 1.245042 -2.197756 -1.901891 1.861273 -0.657919 0.392176 -0.375085 0.086878 -0.143508 0.545356 -0.852325 0.389662 0.582291 0.568205 1.281288 0.513191 0.057918 -0.089121 0.377082 -0.168798 0.691366 0.290366
85 -0.992947 -1.679240 -0.089594 -0.064320 1.646643 -1.230066 0.643066 -0.410342 -1.247818 1.383247 -0.151288 -0.390866 -0.900072 1.231703 0.736661 -0.312501 1.047259 -1.856681 -0.308219 -1.485757 1.495832 -0.279003 -0.736556 -0.161428 1.060175 -0.555400 -0.647654 0.938294 -0.127893 0.657670 -1.718795 1.855733 -0.005774 -0.619527 -0.989376 -0.824796 -0.047098 0.575568 -0.039062 1.525148 -1.142972 -0.066013 -0.486713 -0.758213 0.510589 1.426894 0.472389 0.859383 0.821684 0.018696
86 -0.727360 0.676841 2.156279 -1.389832 0.067470 0.359713 0.524783 0.321189 0.356062 0.688082 -0.289483 -1.087738 1.348106 -0.229984 0.448259 0.393268 0.781776 1.066419 0.379372 -0.993684 0.038639 -1.576466 0.004795 -0.760602 0.222700 0.592259 -1.778088 1.092095 -0.376561 -0.239108 0.169235 1.757876 -1.085940 2.498657 1.347109 -2.083567 -0.557968 1.238476 0.184349 -0.351173 0.589585 -0.042277 0.307758 -1.280829 -0.559402 0.117066 -0.395854 0.169414 0.209213 -0.740925
87 -1.253564 -1.060569 0.796228 -0.347034 0.829281 1.342113 3.280731 -1.017642 -0.796386 0.422048 -0.806965 -0.640812 -0.159636 0.037001 1.503616 -0.487505 -0.906937 -1.114655 -1.290311 -1.020253 -1.252173 1.572711 -0.924724 -0.339440 -0.240497 0.556456 0.919938 0.552272 1.174743 -0.043106 -0.694725 -0.176691 -1.799953 -0.637159 0.334027 -1.840402 1.479751 0.040521 0.577903 -0.520728 0.661576 -1.232186 -0.004793 1.116678 -0.348912 -0.547269 -0.804215 0.524359 0.048751 0.042989
88 0.681121 0.879574 0.340626 1.717228 0.371007 0.501005 0.667592 -2.029289 -0.424943 2.141170 -0.373677 0.642721 0.964933 0.301042 1.732481 -0.329650 1.803346 0.509667 0.553902 0.512392 0.076320 -0.118615 -0.676638 -0.201030 1.162947 -2.047261 -0.922504 -1.022550 -1.061750 0.131463 0.175702 -1.938376 1.051402 -0.701904 -0.433348 0.537514 -0.718170 1.689385 0.918356 1.131721 -1.707953 -0.920448 1.108444 0.058072 0.121501 -0.118837 -0.471050 -0.590843 -0.241351 0.591694
89 -1.456198 0.594217 -2.532768 1.867885 -1.116338 -0.289874 0.210826 0.238946 0.283445 -0.364300 -1.089017 -1.620973 -1.452858 -0.926972 2.509023 0.850125 2.820966 -1.006527 0.372871 -0.830236 0.137957 -0.603489 0.625385 -0.141588 0.173626 0.823024 -1.635304 -1.064467 0.210382 0.567032 0.599944 -0.321749 -0.207019 0.702893 -0.221016 -0.700508 -0.634900 -1.007393 0.367355 1.972799 -2.099235 0.143145 -1.658253 1.242879 0.761467 0.096437 0.806408 0.057418 1.654048 0.658169
90 -0.016305 -1.848898 -1.235526 -0.128097 0.357893 -0.365995 0.399557 1.748785 -0.691590 -1.092479 -0.128615 0.886607 1.205010 -1.089435 -0.133416 -0.100201 -0.213900 1.212984 -0.692001 -0.704811 -0.414155 -0.930648 -0.984426 0.577235 -0.005517 0.951734 -0.397876 0.549185 0.364915 -0.560336 -1.236533 -0.481276 0.029617 -0.034448 -0.017572 -0.677968 0.034315 1.665353 0.938543 1.156927 -1.309222 0.369091 -1.477154 0.581013 -1.608193 -0.403014 1.106902 -1.908127 0.226797 -2.118738
91 -0.671443 -0.997699 -1.021553 -0.722854 -0.027774 0.933270 -0.265485 0.754402 0.472310 1.527109 -0.054248 -1.129676 -0.885792 0.002749 0.750913 0.234032 -0.373524 -0.003237 -0.708980 0.008695 0.207311 -1.689564 -2.070062 0.036941 -0.706601 0.264611 0.612849 0.727385 -1.301752 -0.205807 -1.193295 -0.767112 -0.742217 -1.593459 0.921044 -0.040476 -1.823055 0.536679 0.275711 -0.154851 -0.128278 -0.506813 1.153988 -1.075894 1.442104 0.203551 0.637549 0.096843 1.337689 -0.010577
92 -1.401668 -1.133763 0.469077 -0.394469 -0.506041 0.478151 0.932024 -0.051153 1.528654 1.592923 0.664049 1.481673 -0.541019 0.306509 -0.218191 -0.353715 -0.114859 0.971398 -0.353798 1.020303 -1.369157 0.551383 1.260119 0.128183 0.139782 -0.113281 -0.901163 0.476209 -0.572693 1.141441 0.274010 -0.688512 -1.126218 -0.998339 0.152064 -2.034437 0.053842 0.653352 1.745667 0.434150 1.426723 0.632128 0.522921 -1.602166 1.109358 -0.572541 -0.124565 -0.190921 0.203831 0.414227
93 1.423316 -1.039448 0.431876 0.274427 -0.325628 -0.611473 -1.212640 1.447055 0.071308 -0.598615 2.471995 1.540660 -0.674370 0.231937 -1.450125 2.065055 2.083875 -1.207021 -0.215848 -0.736459 -1.857604 -0.254371 -0.422763 0.295153 -2.972277 0.545379 -0.716253 0.454605 1.006091 -0.551022 0.831386 0.753388 0.790586 -0.339597 0.262720 -1.613865 0.542577 0.637981 -1.047235 -0.148854 0.282797 -0.651922 0.028498 0.021662 -0.033633 -0.394895 1.997749 -0.821122 0.513645 1.184514
94 -0.992150 -1.949260 0.538081 1.259834 0.715475 -2.619844 0.582797 0.012138 1.093676 1.155488 0.654081 0.711473 0.324311 0.256629 -2.046175 -1.192968 0.983546 0.486967 0.433580 -0.647273 0.047474 0.518149 -0.586587 0.344286 -0.060053 0.653974 0.389227 -2.088731 -0.109248 -0.456164 1.276569 0.140236 0.577112 0.757912 -0.883092 -1.558588 -0.931509 0.413240 -1.332607 -0.692599 -1.754039 -0.170127 -0.113906 1.189156 0.579123 1.098601 -0.571589 0.095325 -0.876341 -1.409506
95 -1.104052 -0.733295 0.382857 0.372546 0.066085 0.103589 -0.457456 1.274075 -0.301788 -0.305906 0.083333 -1.088220 0.907923 0.415088 0.432303 0.104723 -0.456036 -0.839044 1.515935 -0.330636 -0.782041 -0.000444 -0.452942 1.266885 0.374244 0.917300 -0.169038 0.443617 0.599352 1.584311 -0.091162 0.982943 -1.320419 -0.140282 0.308883 -2.059354 -0.340238 -0.463517 -1.879189 -0.539676 0.966943 0.336369 0.316263 0.137083 0.385510 -2.125726 -0.975229 1.022291 0.717840 0.786674
96 0.340168 -0.148566 -1.461916 0.054495 1.437605 -0.315175 -0.668823 -0.981308 0.059782 0.099852 0.851531 0.902039 0.113014 0.327456 2.351843 -0.265925 -1.793091 -0.808351 -1.548189 0.621262 -0.145585 -0.533843 -0.717311 1.120794 1.560418 0.749537 -0.516916 -0.274321 -2.331712 1.885671 -0.933605 0.718428 1.637813 0.849804 2.057772 0.876287 1.576039 1.107896 -0.401433 -1.176409 0.034692 0.369072 -0.666287 1.566787 0.395921 -0.630076 -0.943055 -1.763525 0.274866 0.090420
97 -0.438029 0.169462 0.162040 0.816064 2.011520 -0.845802 -1.874579 -0.077296 -0.716682 -1.398435 0.185304 0.837821 0.036190 0.546765 1.689459 -0.620103 0.122362 1.037141 -1.977585 -0.089011 0.499484 0.165032 -1.607444 -0.366309 0.736330 -1.157958 0.390778 -0.669706 -1.480712 0.768955 0.433771 2.076787 0.846916 -0.858053 0.998577 1.847123 2.897281 -0.014686 -0.485582 1.095379 1.288557 -0.601851 -0.576404 -1.550271 -0.533401 1.344695 -0.313114 -0.486489 2.499019 -0.776798
98 -0.739598 1.226231 0.493604 0.436268 -1.391994 -1.218316 -1.268873 0.714747 -0.393043 0.135166 -1.044202 -0.060010 -0.432653 1.792899 -0.167996 -1.123940 0.747011 -1.422474 -0.033411 -0.151995 -2.204451 0.089377 -1.462095 -0.707373 -1.305299 0.106316 0.647507 1.138421 -0.754334 -0.674809 0.583588 -0.260191 0.223613 -1.404830 0.591575 -1.838600 -1.355786 0.074433 0.888464 -0.384604 0.216763 -0.108551 -0.206169 -0.558472 0.095397 -0.279795 0.294384 -0.334265 2.065557 0.675685
99 -0.336056 -0.086627 -0.478063 0.935821 0.458411 -1.386411 -0.863745 0.055839 -0.117248 -0.640960 1.426147 -0.064891 -0.582391 -0.472103 -2.100288 -0.903139 -1.195782 0.123495 -1.521702 -0.410886 -0.062413 -1.872789 0.907525 0.486245 -0.913938 -1.325391 -0.107060 0.490226 -0.745345 -1.541833 -0.879235 -0.926421 -1.261883 1.360786 -1.191609 -1.685193 -1.316957 1.136904 -0.390023 0.361726 0.326994 -0.449404 0.677434 -0.986478 0.146577 -0.421318 -1.866324 -0.069333 0.760772 0.266199
END
#################################################################
SECTION3 (Edges Information)
EndPoint0 EndPoint1 Weight
0 1 1.000000
0 9 1.000000
0 10 1.000000
0 90 1.000000
1 0 1.000000
1 2 1.000000
1 11 1.000000
1 91 1.000000
2 1 1.000000
2 3 1.000000
2 12 1.000000
2 92 1.000000
3 2 1.000000
3 4 1.000000
3 13 1.000000
3 93 1.000000
4 3 1.000000
4 5 1.000000
4 14 1.000000
4 94 1.000000
5 4 1.000000
5 6 1.000000
5 15 1.000000
5 95 1.000000
6 5 1.000000
6 7 1.000000
6 16 1.000000
6 96 1.000000
7 6 1.000000
7 8 1.000000
7 17 1.000000
7 97 1.000000
8 7 1.000000
8 9 1.000000
8 18 1.000000
8 98 1.000000
9 0 1.000000
9 8 1.000000
9 19 1.000000
9 99 1.000000
10 0 1.000000
10 11 1.000000
10 19 1.000000
10 20 1.000000
11 1 1.000000
11 10 1.000000
11 12 1.000000
11 21 1.000000
12 2 1.000000
12 11 1.000000
12 13 1.000000
12 22 1.000000
13 3 1.000000
13 12 1.000000
13 14 1.000000
13 23 1.000000
14 4 1.000000
14 13 1.000000
14 15 1.000000
14 24 1.000000
15 5 1.000000
15 14 1.000000
15 16 1.000000
15 25 1.000000
16 6 1.000000
16 15 1.000000
16 17 1.000000
16 26 1.000000
17 7 1.000000
17 16 1.000000
17 18 1.000000
17 27 1.000000
18 8 1.000000
18 17 1.000000
18 19 1.000000
18 28 1.000000
19 9 1.000000
19 10 1.000000
19 18 1.000000
19 29 1.000000
20 10 1.000000
20 21 1.000000
20 29 1.000000
20 30 1.000000
21 11 1.000000
21 20 1.000000
21 22 1.000000
21 31 1.000000
22 12 1.000000
22 21 1.000000
22 23 1.000000
22 32 1.000000
23 13 1.000000
23 22 1.000000
23 24 1.000000
23 33 1.000000
24 14 1.000000
24 23 1.000000
24 25 1.000000
24 34 1.000000
25 15 1.000000
25 24 1.000000
25 26 1.000000
25 35 1.000000
26 16 1.000000
26 25 1.000000
26 27 1.000000
26 36 1.000000
27 17 1.000000
27 26 1.000000
27 28 1.000000
27 37 1.000000
28 18 1.000000
28 27 1.000000
28 29 1.000000
28 38 1.000000
29 19 1.000000
29 20 1.000000
29 28 1.000000
29 39 1.000000
30 20 1.000000
30 31 1.000000
30 39 1.000000
30 40 1.000000
31 21 1.000000
31 30 1.000000
31 32 1.000000
31 41 1.000000
32 22 1.000000
32 31 1.000000
32 33 1.000000
32 42 1.000000
33 23 1.000000
33 32 1.000000
33 34 1.000000
33 43 1.000000
34 24 1.000000
34 33 1.000000
34 35 1.000000
34 44 1.000000
35 25 1.000000
35 34 1.000000
35 36 1.000000
35 45 1.000000
36 26 1.000000
36 35 1.000000
36 37 1.000000
36 46 1.000000
37 27 1.000000
37 36 1.000000
37 38 1.000000
37 47 1.000000
38 28 1.000000
38 37 1.000000
38 39 1.000000
38 48 1.000000
39 29 1.000000
39 30 1.000000
39 38 1.000000
39 49 1.000000
40 30 1.000000
40 41 1.000000
40 49 1.000000
40 50 1.000000
41 31 1.000000
41 40 1.000000
41 42 1.000000
41 51 1.000000
42 32 1.000000
42 41 1.000000
42 43 1.000000
42 52 1.000000
43 33 1.000000
43 42 1.000000
43 44 1.000000
43 53 1.000000
44 34 1.000000
44 43 1.000000
44 45 1.000000
44 54 1.000000
45 35 1.000000
45 44 1.000000
45 46 1.000000
45 55 1.000000
46 36 1.000000
46 45 1.000000
46 47 1.000000
46 56 1.000000
47 37 1.000000
47 46 1.000000
47 48 1.000000
47 57 1.000000
48 38 1.000000
48 47 1.000000
48 49 1.000000
48 58 1.000000
49 39 1.000000
49 40 1.000000
49 48 1.000000
49 59 1.000000
50 40 1.000000
50 51 1.000000
50 59 1.000000
50 60 1.000000
51 41 1.000000
51 50 1.000000
51 52 1.000000
51 61 1.000000
52 42 1.000000
52 51 1.000000
52 53 1.000000
52 62 1.000000
53 43 1.000000
53 52 1.000000
53 54 1.000000
53 63 1.000000
54 44 1.000000
54 53 1.000000
54 55 1.000000
54 64 1.000000
55 45 1.000000
55 54 1.000000
55 56 1.000000
55 65 1.000000
56 46 1.000000
56 55 1.000000
56 57 1.000000
56 66 1.000000
57 47 1.000000
57 56 1.000000
57 58 1.000000
57 67 1.000000
58 48 1.000000
58 57 1.000000
58 59 1.000000
58 68 1.000000
59 49 1.000000
59 50 1.000000
59 58 1.000000
59 69 1.000000
60 50 1.000000
60 61 1.000000
60 69 1.000000
60 70 1.000000
61 51 1.000000
61 60 1.000000
61 62 1.000000
61 71 1.000000
62 52 1.000000
62 61 1.000000
62 63 1.000000
62 72 1.000000
63 53 1.000000
63 62 1.000000
63 64 1.000000
63 73 1.000000
64 54 1.000000
64 63 1.000000
64 65 1.000000
64 74 1.000000
65 55 1.000000
65 64 1.000000
65 66 1.000000
65 75 1.000000
66 56 1.000000
66 65 1.000000
66 67 1.000000
66 76 1.000000
67 57 1.000000
67 66 1.000000
67 68 1.000000
67 77 1.000000
68 58 1.000000
68 67 1.000000
68 69 1.000000
68 78 1.000000
69 59 1.000000
69 60 1.000000
69 68 1.000000
69 79 1.000000
70 60 1.000000
70 71 1.000000
70 79 1.000000
70 80 1.000000
71 61 1.000000
71 70 1.000000
71 72 1.000000
71 81 1.000000
72 62 1.000000
72 71 1.000000
72 73 1.000000
72 82 1.000000
73 63 1.000000
73 72 1.000000
73 74 1.000000
73 83 1.000000
74 64 1.000000
74 73 1.000000
74 75 1.000000
74 84 1.000000
75 65 1.000000
75 74 1.000000
75 76 1.000000
75 85 1.000000
76 66 1.000000
76 75 1.000000
76 77 1.000000
76 86 1.000000
77 67 1.000000
77 76 1.000000
77 78 1.000000
77 87 1.000000
78 68 1.000000
78 77 1.000000
78 79 1.000000
78 88 1.000000
79 69 1.000000
79 70 1.000000
79 78 1.000000
79 89 1.000000
80 70 1.000000
80 81 1.000000
80 89 1.000000
80 90 1.000000
81 71 1.000000
81 80 1.000000
81 82 1.000000
81 91 1.000000
82 72 1.000000
82 81 1.000000
82 83 1.000000
82 92 1.000000
83 73 1.000000
83 82 1.000000
83 84 1.000000
83 93 1.000000
84 74 1.000000
84 83 1.000000
84 85 1.000000
84 94 1.000000
85 75 1.000000
85 84 1.000000
85 86 1.000000
85 95 1.000000
86 76 1.000000
86 85 1.000000
86 87 1.000000
86 96 1.000000
87 77 1.000000
87 86 1.000000
87 88 1.000000
87 97 1.000000
88 78 1.000000
88 87 1.000000
88 89 1.000000
88 98 1.000000
89 79 1.000000
89 80 1.000000
89 88 1.000000
89 99 1.000000
90 0 1.000000
90 80 1.000000
90 91 1.000000
90 99 1.000000
91 1 1.000000
91 81 1.000000
91 90 1.000000
91 92 1.000000
92 2 1.000000
92 82 1.000000
92 91 1.000000
92 93 1.000000
93 3 1.000000
93 83 1.000000
93 92 1.000000
93 94 1.000000
94 4 1.000000
94 84 1.000000
94 93 1.000000
94 95 1.000000
95 5 1.000000
95 85 1.000000
95 94 1.000000
95 96 1.000000
96 6 1.000000
96 86 1.000000
96 95 1.000000
96 97 1.000000
97 7 1.000000
97 87 1.000000
97 96 1.000000
97 98 1.000000
98 8 1.000000
98 88 1.000000
98 97 1.000000
98 99 1.000000
99 9 1.000000
99 89 1.000000
99 90 1.000000
99 98 1.000000
END
#################################################################
SECTION4 (TrueSubGraph Information)
EndPoint0 EndPoint1 Weight
32 31 1.0
31 21 1.0
21 20 1.0
20 10 1.0
10 0 1.0
0 9 1.0
0 1 1.0
1 11 1.0
11 21 1.0
20 29 1.0
END
#################################################################
SECTION5 (Labels Information)
0 0 0 0 0 0 0 0 0 0 0 0 0 0 0 0 0 0 0 0 0 0 0 0 0 0 0 0 0 0 0 0 0 0 0 0 0 0 0 0 0 0 0 0 0 0 0 0 0 0 
END
#################################################################
SECTION6 (bt Information)
-5 -5 -5 -5 -5 -5 -5 -5 -5 -5 -5 -5 -5 -5 -5 -5 -5 -5 -5 -5 -5 -5 -5 -5 -5 -5 -5 -5 -5 -5 -5 -5 -5 -5 -5 -5 -5 -5 -5 -5 -5 -5 -5 -5 -5 -5 -5 -5 -5 -5 
END
#################################################################
