#################################################################
#APDM Input Graph, this input graph includes 3 sections:
#section1 : general information
#section2 : nodes
#section3 : edges
#section4 : trueSubGraph (Optional)
#
#if nodes haven't information set weight to null
#################################################################
SECTION1 (General Information)
numNodes = 100
numEdges = 200
usedAlgorithm = NULL
dataSource = SimulationData2
END
#################################################################
SECTION2 (Nodes Information)
NodeID Base Counts
0 0.547078 -0.997913 0.282116 0.449208 -0.898801 0.073777 -0.218116 0.402379 -0.477928 1.288628 0.819510 -0.502435 -0.759094 -0.056390 1.154425 -1.034667 0.389404 0.016607 0.812311 0.338830 -0.070575 1.025523 -0.474135 0.254855 -0.086724 -0.112387 0.491469 0.125505 1.037399 -1.582165 -0.325944 -0.091568 -1.376904 -0.794183 -2.539625 2.171502 -0.031426 0.249900 -0.227369 0.365382 1.711260 -0.326331 0.982032 1.030418 -0.166633 -1.205143 -0.057595 1.899487 -1.323186 -0.474389
1 -0.284975 1.870050 -0.449176 -0.843015 1.009139 -0.803126 0.202835 0.412017 -0.184874 -0.084365 -1.400216 -0.053242 0.893749 2.371062 -0.113414 0.279367 0.767581 -2.011672 0.968756 0.181755 -1.187000 -0.307529 -0.638306 2.344565 -0.256162 -0.673843 1.421096 2.522465 0.184029 -0.642075 -0.402717 1.450536 -1.468593 -0.453502 0.604755 0.107123 -0.744426 -0.121389 -1.447484 0.168972 -0.259084 1.593658 0.297624 0.470579 0.058541 1.351577 -0.772425 1.765232 -1.112949 0.158467
2 1.768215 0.759551 1.072741 1.791698 2.342700 3.059743 4.437088 2.122093 0.445862 3.033655 0.111230 2.554241 2.222806 1.846761 2.088235 -0.529025 2.070943 2.031199 1.147256 1.389615 1.378480 0.535620 2.856868 0.117039 1.326094 1.257382 1.930718 2.381198 1.340925 -0.584671 4.462132 3.103542 2.031919 0.896109 2.001917 3.524324 2.424991 2.186306 -0.412340 3.100478 1.674179 1.212230 1.421616 1.763280 2.971064 2.409051 1.716916 2.740922 2.206583 -0.331993
3 2.057869 0.479788 0.651560 2.660438 1.236714 2.901492 2.063637 0.397663 -1.105201 2.725216 -1.518551 3.111903 1.893239 -0.917995 2.146620 -0.740710 2.458532 2.533091 2.590552 2.365521 1.145565 2.219911 -0.074517 -2.796511 2.763716 3.573459 1.789994 2.725339 1.629667 -1.710942 1.437845 3.265630 2.451858 1.469427 1.630238 4.603939 0.443970 1.114640 1.438233 0.777863 1.658342 3.111880 -0.583444 3.908389 1.313593 2.186628 1.589066 3.580262 2.285847 1.659856
4 0.806901 -2.010695 0.623964 3.556652 2.972974 0.909787 1.382255 0.928091 -1.256490 1.996105 0.487032 2.015130 2.845013 1.005946 0.484470 0.382771 1.492825 1.089436 1.717403 1.700701 3.402654 1.097233 3.792846 -0.369831 2.420896 2.665437 1.045123 1.110925 2.669601 0.001628 1.120896 3.533532 2.194159 3.205215 2.339346 2.515410 0.592437 1.238208 1.432142 2.109174 2.385381 0.683621 0.019372 3.187718 1.035595 2.698250 2.058173 2.742021 2.403493 1.943432
5 0.294374 0.341828 -2.598903 1.120865 0.690144 0.708074 -0.151100 0.149229 1.059850 -0.786785 -0.162164 0.814050 -2.058651 -0.668470 1.629044 0.061562 -1.179486 0.801571 0.095809 0.230761 -0.094576 0.698350 -0.858932 -2.018475 0.410616 -0.078354 -0.719040 -0.452404 -0.522815 -0.688510 0.955684 -1.954311 -0.318271 0.001856 1.098320 2.603617 0.864042 1.077056 0.481254 0.385091 -1.754400 -0.188936 -0.564329 -1.573357 1.880795 0.797289 -0.884992 0.566238 0.773368 0.159332
6 -1.342206 1.930100 0.666312 -0.403054 -0.658092 -0.515977 -0.850194 -0.148658 1.251081 -1.304028 0.678888 0.660071 1.929013 0.303787 0.133020 -0.480617 -2.628106 -0.448762 -0.641404 0.435848 2.259921 0.209355 1.186510 -2.107275 1.453932 1.542548 1.376501 -0.713837 -1.945243 0.597912 -0.042610 1.241361 -1.297575 -0.109301 0.552325 0.492926 0.672362 1.232981 0.339905 -0.519538 0.877295 1.381400 0.434138 0.290121 0.820165 -0.438495 0.647087 -1.325061 -1.340542 1.617430
7 -0.823212 1.813642 0.405339 0.602258 0.756541 0.601071 -1.152515 -1.805081 -0.175231 -0.067711 -0.066264 0.480455 -0.173186 -1.321576 1.365021 0.225123 0.252507 -0.939314 -0.102674 0.816169 -0.585940 0.244069 -0.390626 1.280450 -0.917528 0.459241 0.434479 0.469549 1.637325 -1.108537 -0.042380 0.104178 -2.096542 1.462095 1.070006 -0.039912 -0.119041 2.150948 -0.068521 -0.674500 1.784044 1.090034 -1.019086 0.394183 -0.838601 -1.473676 -0.727866 -0.056612 1.020980 -0.108745
8 0.722608 1.472274 0.575457 0.655165 0.780923 0.856411 -0.903422 -0.316955 -0.686412 0.653365 0.257729 -1.113715 1.837815 -0.418754 1.038873 -0.143905 -0.305707 -0.924403 0.788272 -0.332357 -1.109139 0.090275 1.843206 0.601254 -1.334418 -1.762299 -1.836167 -0.291261 -1.176779 0.315304 -0.595597 0.945166 -0.460681 -0.180267 -0.780443 1.025863 0.159126 -1.008318 0.957251 -2.113785 1.441325 -1.641496 0.088636 0.599841 1.265239 -0.390350 -0.834574 1.868363 1.716473 0.260941
9 0.106241 -1.531111 -0.492231 0.271887 -0.351472 1.598119 0.488813 -0.230984 0.092301 -0.495104 -0.159543 -0.193226 0.442829 -0.358807 -2.232750 0.294669 0.656591 -0.052224 0.938810 1.550275 -0.319787 -0.806990 -0.261204 -1.078503 0.071440 -0.174000 -0.153335 -0.347506 -0.589327 2.083911 -1.158756 -0.846527 1.124446 1.889579 -2.476828 0.940410 -0.749582 0.111586 -1.880130 -0.337126 -1.464720 1.417644 0.401875 -0.116298 0.189608 -0.176983 -1.336221 0.020465 0.702167 0.425873
10 -0.597550 0.034668 -2.480253 -0.474045 0.334426 -0.780737 0.693578 2.211232 0.167815 -0.473906 -1.197316 0.369009 -0.124439 -0.680264 -0.666555 0.071603 0.327835 -0.236281 0.466341 -0.059194 -1.277962 1.375201 0.986529 -0.171955 0.999723 0.868047 0.797208 -1.102259 -0.531153 0.239338 0.078140 -2.527552 0.887075 0.376311 -0.672941 0.101141 0.017633 -0.673261 0.438085 -0.506538 0.524121 -1.301973 -1.521932 -0.777356 1.265356 -0.311912 0.433756 -0.735356 -1.165885 0.385130
11 1.541385 -0.038311 -0.751572 -0.299678 0.654571 -1.072562 0.674200 1.078196 -1.520590 0.207294 -0.630434 0.120695 -0.378299 0.982064 0.124090 0.001705 -1.469829 0.418419 -0.479869 1.508768 -1.687853 -1.402552 0.557912 -0.559129 1.956796 1.966182 3.171717 1.005540 -0.596307 0.884516 -1.409018 0.459772 0.918350 -0.939793 1.664134 0.038383 -0.316103 -0.219083 1.444346 -1.276591 0.356663 -1.749096 -0.898831 -0.184590 -1.196476 1.132390 -1.162620 -0.351153 -0.800951 0.159033
12 1.026744 -1.103773 -0.244924 0.185058 0.267729 0.092140 -0.116351 0.667985 -1.271490 -2.181503 -0.980231 0.012584 -1.957360 0.129322 1.777554 0.917455 0.115066 -1.723072 -1.673836 -0.199367 -1.340377 -0.610412 0.860166 1.215974 -0.184708 0.913316 1.031365 -0.411376 -0.333894 -2.030073 0.159627 -0.575447 1.741174 0.585875 1.678794 0.665924 -0.284191 1.477696 -2.297041 0.660082 0.180936 -0.517628 -0.076348 -1.316212 0.636566 1.040495 0.645613 -2.051309 -0.272744 -0.801612
13 -1.599929 -0.132327 0.073760 0.576661 0.607634 -0.742413 -1.838840 -0.463702 -0.044056 -0.282423 1.571513 -0.540346 2.034688 -0.098436 0.288244 -1.439526 -0.886321 -0.809875 1.364205 1.904210 -1.519059 -0.399743 1.992622 0.219630 1.153767 -1.541930 1.192933 -1.019457 -0.627340 -0.611766 -0.597701 0.045932 -0.231859 -0.510825 -0.652307 0.370760 0.273168 -0.457712 0.329491 -0.844947 0.953280 0.198848 0.015312 2.225306 0.976025 -0.033577 0.995964 0.092773 -0.789117 1.657011
14 0.087459 -2.098713 -1.011240 -0.001380 0.865326 1.426300 0.657928 0.133022 0.945341 1.215530 2.621657 -1.124069 -0.061060 -0.087503 0.183046 -0.181577 -0.052799 -0.371373 -0.894052 -0.829047 -1.366769 -1.690998 -0.847201 -1.238724 -0.819859 -0.601946 -0.316128 0.560052 -0.413318 -1.089315 0.667788 0.069263 1.505390 0.694791 0.635748 0.915322 -1.703339 0.310566 -0.696938 0.857576 0.153475 0.902556 1.364536 -0.115917 1.345300 -1.591481 -0.402285 -0.809227 0.955994 -0.643957
15 2.108767 0.017834 -0.714014 -0.288932 0.966195 1.844202 -1.300198 1.063170 0.782406 -0.721894 -0.930890 0.854133 -1.740494 1.122003 -0.229435 -0.212319 0.135422 0.238516 -0.880786 -0.145730 0.069134 0.220072 1.298829 -0.468760 -0.087552 -2.481728 1.671309 -1.288123 -0.489937 -0.763718 2.004801 -0.536618 -0.317719 -2.567851 0.889335 1.493008 -1.006559 1.508049 0.701974 0.629962 -0.443191 -1.475607 0.005344 0.566097 -0.954629 0.430304 0.565526 -0.935385 -0.417156 -0.523802
16 0.511634 -0.969111 -1.003379 -0.936532 -0.487637 0.320547 0.046299 -0.062871 0.783605 -1.171311 0.616886 0.295646 0.309419 0.543371 -0.796795 1.530372 -0.274514 0.641088 0.810908 -0.928741 0.000346 0.827519 0.742478 -0.227731 1.843040 0.899892 0.574625 -3.022001 -1.150594 0.979897 -0.240920 -0.556341 -1.085252 -0.235393 0.618244 0.690705 0.805878 1.295119 0.226389 0.194350 -1.131110 0.357871 0.176000 -0.636529 -0.918097 1.089475 1.176828 0.955139 -0.368413 0.769033
17 -1.180423 -1.508653 -0.184890 0.213651 -0.333352 -1.045081 -0.019776 -0.388276 1.175545 0.656346 -0.046103 -2.203961 0.570213 -0.246668 -0.209776 -1.439716 1.085813 1.354951 -0.949206 -0.830924 2.210095 0.771927 2.451162 -1.398904 0.791220 0.849912 0.963766 -1.480583 -0.331189 -2.671068 0.344847 1.243936 1.486348 0.378797 -0.524967 0.098578 -0.251181 -0.059529 0.780345 0.505418 -1.551607 0.785308 0.361293 0.178483 -1.584672 1.061475 0.319778 0.108772 0.980981 -0.620036
18 0.167929 0.724519 1.570435 -0.348440 0.869345 1.435476 -1.153059 -0.810993 -0.853257 0.661132 -1.793109 0.509621 0.406372 0.405980 0.305058 0.424480 -0.412079 -0.229860 -2.473817 0.152161 0.439575 1.176297 -0.147705 0.145879 1.803114 -0.341621 -0.215263 1.182658 0.573509 -0.478949 -0.901547 -2.056441 -2.320334 0.255355 0.021367 0.729573 0.076319 0.721136 0.570448 0.050661 0.904828 1.549664 0.991153 -2.616919 -0.424260 -0.573661 -0.498057 -0.813186 -0.216861 -0.496109
19 -0.046059 -0.970531 0.450061 0.494412 -1.548877 0.296784 1.440157 -0.117361 0.707723 -0.384426 2.608725 -0.957012 -1.100907 0.069067 0.939405 0.380321 -0.357376 0.648553 2.139083 0.571450 0.062893 1.061003 -0.230720 0.423711 -0.646387 0.556798 1.716040 -1.079413 0.980534 -1.589627 -0.363057 0.258288 -0.207637 -0.703742 -0.348158 1.324864 0.214278 0.313262 -0.926797 0.398661 -1.276832 0.950296 -0.101111 0.845064 -1.469274 0.510779 0.354908 -1.460413 -0.900848 2.558179
20 -0.924834 -1.173949 0.437796 -0.574350 0.231864 0.408579 -1.343244 -0.525867 1.191354 1.485968 -0.286048 0.270400 0.860079 -1.587549 0.071001 -0.751843 1.004699 1.357615 0.106583 2.182079 -2.717891 0.724432 -0.400714 -0.111022 -0.156262 0.151510 0.074278 -1.094452 0.697252 0.204329 0.354694 -0.448348 -0.258434 -1.750628 -1.859737 0.553592 -2.157803 0.176472 0.024469 -0.685423 1.283127 1.666232 1.176624 1.679989 1.976983 -0.036786 -0.497799 -0.353542 0.743723 -0.504870
21 -0.019758 0.507131 -0.347183 -0.884570 0.137310 0.725763 -0.399960 0.712952 -0.248975 -1.409774 -0.249489 -1.775789 0.405541 -0.508157 2.216994 -1.085659 0.490893 -0.434863 -0.448319 -0.885133 -3.521051 1.250906 -1.073681 -0.132551 1.626754 -3.575123 -0.992520 0.035306 1.222053 0.113431 0.991320 -0.990814 -0.698489 0.755714 0.546889 -0.122982 -0.549048 -1.616829 -0.613946 0.359536 2.369265 1.121499 -0.009208 -1.235953 0.505113 0.347820 -0.753272 -0.062601 1.040571 -0.014272
22 -0.350582 1.104700 -0.282527 0.971881 1.138147 0.745807 -0.199295 0.166910 -0.056653 1.658012 -0.003243 0.139259 -0.403657 0.657473 -1.276775 1.641118 0.105851 -2.072973 0.162041 0.310908 0.575040 0.532946 -0.515987 0.482230 1.097594 -0.572802 -0.597425 1.902161 1.857608 -0.821572 -0.822946 -1.482749 1.683931 0.978698 -0.417252 0.643367 0.384999 0.696386 0.774799 -0.243702 1.328649 0.672063 -2.218085 -1.331940 -2.113139 -0.430104 0.724254 0.671804 -0.744702 0.943546
23 -0.039014 -1.224399 -0.464534 1.449597 -0.750986 -0.612195 -0.454667 -1.705684 2.012762 -0.366304 -0.627852 -0.368594 0.434476 -0.065306 -0.067946 0.531436 -3.896635 0.689014 -0.002068 -0.710449 0.420452 0.345289 1.196118 1.217227 -0.003064 0.846855 -1.271071 0.410672 1.488394 0.661821 -0.795214 -0.605923 -0.672483 1.297082 1.925170 -0.702595 1.356842 -1.133303 -1.523969 0.144041 0.078714 0.632757 -0.425890 -0.686389 0.474389 0.136574 0.043937 -0.857260 -1.745816 0.613662
24 -0.512872 -0.203065 0.638056 -0.954800 0.883603 0.179908 1.276293 0.517146 -1.334432 -0.208526 0.857193 -0.710872 -0.890001 -1.128440 2.263274 0.970365 -0.786179 -0.263225 -0.368625 0.538218 -1.019675 0.056842 -3.032816 0.584138 0.979038 -1.771669 2.096306 0.059790 1.327670 2.184349 -0.913083 -1.621831 -0.509901 0.008598 -0.524912 1.049264 -1.337871 0.660089 -0.632718 -1.699179 0.592201 -0.301381 1.388349 -0.655850 0.395522 -0.450753 -0.097218 -0.958593 0.795230 0.266509
25 0.341591 0.318630 -0.509853 0.286670 2.156456 -0.063019 -0.110406 0.098517 -0.939520 -0.448575 2.102372 -1.190113 0.205414 -0.277077 -0.001657 -0.444894 -0.646039 0.790858 0.497065 1.963800 0.472394 0.250373 1.899588 0.076711 0.155947 2.248219 -1.115875 -1.802082 0.679758 1.571921 -0.795990 0.931065 0.474234 -0.002580 -1.723669 -0.329071 -1.380886 0.403607 0.977572 0.707003 0.448724 -1.226810 -0.587669 2.109471 -0.943636 0.832259 1.119302 0.966202 -1.085048 -1.893320
26 0.887664 -0.727075 -1.516513 -0.660556 1.104158 0.518551 2.806984 1.533315 0.542164 -3.111263 -0.071236 -0.427867 1.572067 -0.932764 -0.336963 1.485145 -3.480052 -0.610134 0.308717 0.025223 -0.628405 0.010157 -0.552953 -0.426432 -0.225293 -2.359678 -0.213850 -0.630383 -0.456884 1.243895 0.442650 0.771454 -0.207410 -0.268215 0.427493 -1.564734 0.740709 0.670650 -0.141174 -0.368600 -0.076871 -0.245165 1.204119 -0.682752 -0.488733 0.374681 0.621700 -1.032288 1.151880 1.849539
27 -0.444593 1.657054 -0.693571 0.155312 0.441619 0.287847 1.263954 0.523782 0.663205 -0.082955 0.442480 0.755675 -1.733305 2.052247 -0.455483 -0.657237 -0.211156 0.403140 0.559851 1.637863 -0.359568 -1.966033 -1.334318 0.091134 -0.025715 -1.414125 -1.053582 -1.424130 -0.027667 0.141008 -0.378122 -0.470642 -0.161012 1.734174 0.722069 -1.154310 0.620237 0.946959 0.241186 -0.934940 0.475769 0.077894 0.588185 1.475648 -2.204612 0.734270 0.154949 0.471526 0.234081 0.815954
28 -0.351526 0.961011 0.866915 1.629366 0.586601 -0.438464 1.060062 -1.189209 0.355804 1.421758 0.254962 -0.891619 -1.711372 -0.552354 0.664925 1.811607 1.376766 -0.280778 1.443457 1.501518 -0.266499 0.689006 -0.768914 0.538513 1.120197 0.308232 0.574980 -2.035003 -0.896160 -1.086155 -2.347248 0.559535 0.385482 1.158430 -0.495847 2.425430 0.215902 0.632768 1.865304 -1.034238 -1.264913 -0.502498 1.088008 -2.055808 0.212849 0.703003 -1.355471 -0.205962 -0.215028 -0.945044
29 1.167031 -0.102554 0.105779 0.244432 0.888493 -3.035549 -0.484896 -2.180534 1.253558 2.478742 0.062137 -0.366647 0.362335 1.206296 0.088834 1.061455 -0.882702 1.437023 -1.784633 -3.041602 0.928692 -0.357034 -1.124633 -1.482136 0.290993 0.452800 -0.647980 1.035165 -1.830017 -0.786230 0.776869 0.896403 -0.171762 0.796836 -0.004411 1.201785 0.364744 -0.400723 -1.049273 0.171123 0.133638 0.159693 -1.080453 0.164454 0.311010 -1.792344 -0.701676 -0.345811 -2.232896 -0.613582
30 0.134820 -0.696563 1.848235 -1.440448 -0.371995 0.904468 -1.044713 -1.047851 -0.142397 -1.501425 -0.885545 0.532390 0.354649 0.968439 2.109537 0.898936 -1.116757 -0.046960 -1.359834 -1.876687 0.202710 -1.298149 0.076817 -0.435916 -3.076555 -0.619524 0.586708 -0.471027 0.244609 0.017218 0.145832 -1.984245 -0.434851 -1.450696 0.587291 0.051951 1.106602 -0.204699 -0.556016 -0.177709 0.396715 2.170606 0.780824 -0.489895 -2.205847 1.505079 0.014865 0.322554 0.310637 1.397020
31 1.340103 -0.501151 -0.042792 0.171348 0.828110 0.131353 0.485132 0.888396 0.826621 -1.543559 0.276799 0.940273 0.202921 0.756869 -1.701589 2.505582 1.294689 -0.107036 -0.094058 -0.416047 -0.131291 1.090043 -0.184082 1.276374 0.639762 -1.121245 0.749556 1.136205 -0.035085 0.225023 0.394404 -1.209979 -0.761849 -0.784253 -0.813384 1.802867 -0.228047 -0.188531 0.383153 -0.357181 0.002585 0.360756 0.949117 -0.627097 -0.260017 -0.159253 -0.336553 1.589432 0.159628 -0.511679
32 -0.511571 0.288207 -1.573225 -1.350580 0.861983 0.996490 -1.149915 -1.206120 -0.844245 0.710024 0.891453 0.127203 -0.932992 -0.251379 -1.199943 0.482590 0.241432 -0.991507 0.831079 0.652659 1.353704 1.312587 -0.553662 -0.876654 -0.211225 -0.003301 -1.088027 0.008707 -1.016511 -0.212696 -0.419519 0.136715 -0.154979 0.252207 -0.306829 0.294384 1.450367 0.943575 0.799560 -0.334770 -1.326155 0.861195 -0.130388 -1.447907 -0.407454 -0.458223 -1.248897 0.162649 -0.045437 -0.133764
33 0.580361 -0.511583 -0.472390 0.997893 -0.296818 0.053699 -0.019212 0.634755 -1.270401 -0.246931 0.814781 0.198540 0.613642 1.115557 0.201703 -0.152504 -0.001265 -0.498297 -1.131286 -0.584604 -0.629590 -0.787495 -0.291911 -0.758982 -0.535082 0.525119 0.340681 -0.060110 0.296903 0.368964 -0.903268 1.007225 0.279783 -0.805552 1.070905 -0.483758 -1.409533 0.075137 -1.259097 -0.115804 0.610539 1.816929 -1.415671 0.432148 -0.739982 -0.615295 -0.042340 0.544179 -0.731959 2.198576
34 -1.303642 -1.816850 1.084232 4.014833 0.084742 0.910157 1.021636 0.002489 -0.733692 -0.233403 -0.780591 -1.410143 0.046047 -1.902311 0.016374 -1.278418 -0.377713 -0.032581 1.394793 -0.583269 0.344116 1.092980 -1.114686 0.179786 1.785892 0.401301 -1.288793 -0.163456 -1.110974 -0.105360 0.060919 -0.836987 -0.295683 -1.482880 1.090764 0.143939 -0.239398 -0.729888 1.379432 0.578365 0.551676 -1.524168 -0.138746 0.651455 0.246276 -2.350002 1.349348 -1.782832 -0.295973 -0.211503
35 0.084018 0.101765 -0.332303 -0.792631 0.273200 0.509628 0.993927 1.878193 0.799020 -0.238587 -0.094174 -0.037866 -0.023763 0.548591 -1.835578 0.287379 -1.292462 0.435210 -0.142122 -0.471089 2.002179 -2.084859 0.339688 -0.203699 2.279968 1.197905 -0.550654 -0.725071 -0.318196 -0.985755 0.604431 0.940573 -2.026954 0.176375 0.772773 1.170911 -0.537626 1.002532 1.183662 -1.042832 -0.008419 1.053816 0.038027 0.586084 1.427726 0.663049 1.686655 -0.376105 0.369713 -0.242270
36 2.209458 0.535200 0.777785 -1.012352 2.331147 0.975430 0.374403 -0.344108 -0.166111 -0.148619 0.266345 -0.634730 -1.617321 -0.171036 -1.648099 -0.381328 -0.699218 -0.626612 0.650807 0.034754 -0.292000 1.015661 -0.977643 0.282659 -0.866928 -0.797758 1.185799 -1.287004 -0.116638 0.126126 -1.545176 -0.247802 -0.537470 -0.103726 -0.543728 -0.027023 0.684913 0.244897 -2.442445 0.612245 1.165478 1.781653 1.331833 -1.942097 0.668145 1.005489 0.108700 -1.042147 -2.031892 0.579898
37 -0.180293 1.023708 -1.755469 0.455531 -1.481992 0.094535 1.462347 -0.255348 -0.614134 0.282208 -0.243954 -1.027787 2.140291 -0.656770 0.610325 0.581837 -1.525441 0.181024 -0.024125 0.234161 3.132298 -0.634728 -0.007975 0.964688 -0.345103 0.419451 0.429581 -0.847999 -0.135670 -0.484293 -0.577306 -0.568062 -0.034780 -0.317727 -0.727124 0.335228 -1.110177 2.037089 0.343007 -0.358668 -0.235268 1.710406 -0.840561 1.168788 -0.286644 -2.914598 1.372149 0.295237 1.328483 0.339318
38 0.692779 -0.144439 -0.284118 0.082367 -0.115976 0.588874 -1.369792 0.202627 0.231495 -0.688307 1.745744 -0.622760 -0.977359 0.198740 -0.852646 -0.579052 0.723318 0.252842 3.163959 0.601706 -1.749628 1.476004 -0.100168 -0.077799 -0.379630 -0.899092 1.535952 1.110480 1.137415 1.637195 0.846260 -0.088803 -1.312730 0.189139 1.973596 1.000617 0.200908 -0.451750 -1.306864 -1.119723 -1.451073 0.154454 -0.582421 -0.179596 -0.941012 -0.349886 -1.128247 -0.673057 0.364456 1.980815
39 -2.484109 0.993982 -0.366186 0.659264 -0.182893 0.045816 0.181787 -0.612847 -0.526222 -0.138651 0.866501 1.320232 -0.387317 -0.065553 1.018631 0.615429 1.208159 0.009721 -1.076601 0.937900 -0.932772 -0.735183 -0.133105 -0.222276 1.542087 0.302378 -1.683638 -0.956989 -0.096012 -0.548249 -1.337228 -0.558593 0.066270 -0.518962 0.721464 -0.605163 1.362182 -0.609636 -1.308806 -1.453784 2.651069 0.301702 1.483575 -0.982062 0.833767 0.911246 -0.814486 0.235755 -1.086390 0.951456
40 0.523771 -0.592416 0.655395 1.195136 0.006624 -0.207375 -2.594587 1.955440 -0.007546 -2.341691 0.088770 0.788412 -0.292268 0.467651 1.212699 1.666197 -0.315005 -0.543311 -1.000123 -1.577135 0.074651 0.830565 -1.633651 -0.740245 0.052401 0.216589 -0.443172 -0.551419 -0.652239 -2.132929 -0.183882 0.540116 0.847329 -0.103684 0.729477 -1.425830 -1.659617 -2.161147 -0.061533 0.864235 0.299288 0.927933 -1.716604 -0.174820 -1.935279 -0.311490 1.012900 1.097395 0.047802 1.859878
41 -0.330220 0.297033 0.786689 1.201717 0.077782 -0.190752 -0.272749 0.480076 1.572673 -0.459331 -0.518990 2.240233 0.232029 0.805225 0.071664 -1.865753 0.375921 2.002597 0.257748 -0.987967 0.353640 -0.446927 -1.619299 0.844879 -0.667973 0.094950 0.973816 1.220982 -1.406147 0.524914 -0.856916 -0.389373 -3.060585 -0.565602 -1.005646 -0.658438 0.138642 1.036712 0.172516 -0.169048 -0.401257 -0.097112 1.515643 0.620829 2.228561 0.258447 1.317223 0.089755 -1.108772 -0.173432
42 -2.471583 0.778663 -0.410105 0.576592 0.543746 -0.749497 0.044493 0.336873 -2.029629 0.825468 0.214036 -1.556435 0.084035 -1.394190 1.910509 -0.180845 -0.686430 -0.304983 0.405646 -1.013793 0.851747 0.339368 -0.320600 0.751721 -0.657344 0.430522 -0.102549 0.977584 1.347263 0.949598 -0.222206 -1.670389 -0.290936 0.463253 -1.443618 0.266161 0.719367 -0.023514 -0.936705 0.571128 0.552944 1.079527 0.228778 -0.300766 -0.687183 -1.268821 0.559478 -1.315232 0.167744 0.292643
43 0.971912 0.016385 1.937970 0.156166 -0.986123 -0.530226 0.162402 -0.025736 0.067042 -1.505718 -1.259547 -0.019283 -2.584470 1.540467 -0.580213 -0.880519 1.334322 0.850291 0.639377 0.259845 -0.436856 -1.445717 -0.968838 0.909753 0.176468 -1.246825 -0.362029 1.564105 1.121768 0.137670 -1.139289 -0.331930 0.974230 0.234684 0.759638 2.455953 0.649215 0.815060 -1.744432 -1.760613 -2.656832 0.737917 -0.475513 1.043811 0.343754 0.823860 2.402822 -0.546596 -2.409154 -0.629987
44 1.764126 0.520961 -0.241737 0.479313 0.379670 1.351729 0.875890 -0.240929 -1.117102 -0.692665 0.654679 -0.093190 0.712124 -0.870261 -0.922106 -0.667583 -0.847467 3.330523 -0.226653 1.637545 0.158836 -0.224320 0.438971 -1.218638 -0.396926 1.910738 0.390858 -0.017360 0.515085 -0.187593 2.291404 -0.833837 0.075216 -0.192760 -2.758056 -1.796574 0.515732 2.075536 0.378424 0.811043 -0.300377 -0.799614 -1.456192 0.124167 -0.263244 0.072746 0.358144 0.027514 1.526699 -0.745614
45 -0.693603 1.012736 0.051823 0.370590 -1.176504 1.490819 -0.332778 0.625226 0.348697 0.165250 1.563538 1.588311 -0.274759 0.537412 0.079483 -1.120581 -0.996484 0.242455 -0.338224 -0.899690 -1.796317 -0.238841 0.566371 0.448948 0.423543 1.388601 1.540170 1.118339 0.480029 0.022719 0.453045 -0.646464 -1.049196 1.674780 1.238688 0.414035 -0.259693 -0.759120 0.292522 1.683281 -0.067439 1.017223 1.909732 1.003330 -0.198824 -0.396022 -0.943315 0.379102 -0.213770 -0.370400
46 -0.307117 -1.003813 1.761275 -3.444354 1.289825 0.061154 0.632615 1.106318 -1.456560 2.213912 0.174465 2.171838 0.774118 -1.381122 -1.469177 -0.421129 0.032626 0.239453 -1.338677 -0.517159 -0.810784 0.690604 -1.110372 0.989135 1.155229 -0.548435 0.564097 -1.420930 1.023895 -1.394810 0.139776 1.563055 0.852382 -0.962539 0.002088 -1.422943 0.262756 -2.040205 -0.200365 -1.883853 -0.146249 3.367964 -0.662255 1.403937 -0.830302 -0.061558 0.204103 1.040846 -0.898268 -0.364905
47 0.422089 0.987304 -1.155879 -1.453542 1.175129 0.129846 0.527763 -0.235959 0.596591 -0.496785 -0.593774 -0.963157 -0.334781 -0.056445 0.212211 -0.317915 1.852031 -0.631854 0.931285 -0.347786 -0.047384 0.135089 1.152058 -0.311947 0.019043 -0.744891 -0.233048 0.241642 0.130081 0.130756 0.552816 0.945115 -0.914210 0.544264 -1.584755 -1.696817 -0.884825 -0.653427 0.288593 -0.841737 -0.239439 0.992940 -2.059109 -0.227662 -1.482973 0.258913 -1.646039 -0.777213 -0.987407 0.510230
48 0.526715 0.545557 2.047367 -1.057993 0.324540 -1.799290 -0.424259 -0.297677 0.301849 -0.833265 -0.664412 1.382106 -0.147175 -0.248403 -1.414275 -0.930900 1.094156 -0.792875 -0.981620 -0.916679 -0.971332 -0.764810 -0.059200 1.326433 -0.125539 -1.598963 -1.683455 -0.831661 -1.982778 -2.308805 0.310248 -0.362959 0.423225 -0.254108 0.685473 -1.706846 -0.780683 -1.981756 2.140170 -0.445568 -0.894509 -1.333044 -1.000963 -0.427463 -0.787802 0.678456 -0.557406 0.237160 -2.528887 0.470685
49 0.748184 -0.042250 1.126964 0.639564 -0.341934 -1.874989 0.260307 -1.832581 0.778679 0.882874 -0.679591 0.227502 0.060044 -0.079137 0.449601 0.093953 2.374791 -0.113582 0.067876 0.145409 1.928003 -1.121876 -0.928685 -0.667266 1.333435 -1.083201 0.243847 0.684400 0.837241 1.667822 0.547179 -0.023297 1.746604 -0.581422 -0.842358 1.011759 1.382942 0.463231 0.392981 0.174692 0.874348 -0.833971 -0.637667 1.317444 -0.918937 -0.137323 1.552994 -1.509306 0.261917 -0.000484
50 -0.207944 -1.487658 -0.684537 -0.954428 0.828631 1.424197 -0.679443 -0.004331 -0.960701 -0.556495 2.433092 1.648782 0.740140 -0.067021 -0.376954 -0.659878 -0.522288 -0.601321 -1.303834 -1.491419 0.222784 -1.910404 -0.396759 -0.445012 -0.159865 0.331117 -1.224678 -0.324388 -0.374367 0.676223 0.519121 0.153864 -1.122740 0.503362 0.078380 0.284550 1.074507 -1.228357 -0.893446 -1.020893 0.697367 -0.502771 -1.167859 0.706058 -0.322040 1.068022 1.165695 0.100247 -1.005689 0.760703
51 -0.086654 -1.124704 -1.050231 0.745151 0.624798 2.017455 0.555282 -0.014161 -0.065750 -1.869671 0.238543 -2.091863 0.521957 0.631415 -0.599203 1.685142 -1.091833 0.339826 -0.096989 -0.957907 1.642183 1.039238 -0.136382 -1.051283 2.788004 0.149804 0.273072 1.955240 -1.439903 -0.776755 -1.259767 0.940660 -0.209100 -0.194805 1.100947 -1.767282 -1.791485 -0.289607 -0.573671 0.827190 -0.066186 -0.352320 -0.044560 1.563743 -0.377387 -0.300780 -2.185849 0.214776 0.259775 -0.252293
52 0.770080 -0.820855 0.626488 0.326707 -0.875320 -0.933437 -1.953025 -0.337196 1.250028 0.787149 -0.015696 0.684642 0.279443 -0.304545 0.568464 -0.413833 -0.700200 0.576329 -0.067403 2.180114 0.426289 1.417013 -0.047613 2.317541 -1.214460 -0.288612 -0.730966 2.406681 -0.080908 -1.141833 -0.117335 1.193375 -1.120613 -0.088654 -1.291551 -0.882547 0.728394 -1.289884 1.062028 -1.855216 -1.561402 0.412593 -0.312082 0.557249 0.986695 -2.855489 0.167768 -0.775856 0.771378 -1.375193
53 -0.355401 0.323764 0.157283 -0.294608 -0.611097 0.036263 0.570871 -0.999952 1.308231 0.587753 -0.264260 0.367334 -1.826694 0.219119 -1.608662 -0.471066 0.567466 -0.249251 1.529738 0.004899 -1.603908 -0.832734 0.707982 0.995124 1.077529 0.117492 -0.294735 -1.089180 1.106963 1.357589 0.776102 2.005519 0.356117 0.608076 -0.254195 -0.511617 -0.149401 0.003047 -0.249331 1.305880 1.224609 -0.595853 -0.017563 -2.020167 -1.545657 -1.211087 -1.408454 0.676880 -0.157569 -1.598071
54 -0.123293 0.154049 1.330270 -0.569614 0.338064 -0.220387 2.488621 -1.296789 1.132706 -0.952434 1.760578 0.062660 -0.001732 0.598524 0.003526 0.415977 0.240906 0.195425 1.211997 0.421260 -1.333871 -0.146737 -1.119712 -0.536398 0.077626 -0.636197 -0.436690 -0.417336 -0.330102 0.953242 1.582439 -0.423358 0.841522 0.127014 -0.917224 2.075711 -1.411422 -0.398607 -0.275635 -1.833306 0.230917 0.362305 0.502230 -0.271427 0.953530 -1.408339 -1.532068 0.124063 -1.546617 -0.686145
55 1.459356 0.389731 1.409685 -0.400141 0.088774 -1.131543 0.490840 0.483727 1.723869 1.607367 -0.726868 1.903018 0.276861 -0.738558 -0.490531 2.195781 0.047551 0.154480 0.407870 -2.702052 -0.025712 0.181524 0.089506 -1.514922 -0.023611 -2.166250 -0.445802 0.658786 -0.966978 0.178137 -0.222442 -0.261567 -0.540777 -0.896248 -1.692657 -1.698524 0.996885 -1.124513 -0.085989 0.027359 0.104028 0.228932 -0.732232 0.635218 -1.461876 0.436851 -1.229230 -0.393273 0.030855 1.742313
56 0.711324 -1.812061 -1.130103 0.233244 -0.395372 0.374448 -0.936094 -0.397391 1.093557 0.364011 -0.946815 -1.675991 0.191719 -0.681221 -0.629309 -1.255321 -0.179612 -0.748152 -0.273454 -1.027033 1.006462 1.136784 -1.396208 -0.671892 -0.394610 0.264406 -0.730971 -1.255040 0.463521 0.706765 -0.199655 -0.475704 2.135232 1.655922 0.046512 -0.118816 0.571339 1.381582 -1.082373 -0.745191 -0.812475 -2.205363 -0.373943 -2.368606 -1.593835 1.317884 1.822812 -0.869874 0.180727 -0.745154
57 0.723631 1.150200 0.436738 -0.960604 1.199554 -0.611610 0.270694 -1.084189 1.073777 -0.218110 -0.417528 0.690624 0.283798 -0.483429 1.817588 1.950432 0.840832 -0.958631 0.288304 1.165881 1.891068 0.593481 -1.176964 -0.968736 -0.549323 -0.599153 -0.714174 1.218503 -1.118645 1.745414 0.219330 -0.326053 -0.665165 -0.755774 -0.271567 -0.386007 -0.373550 -1.045431 -0.977136 0.866691 -1.586666 0.959665 0.267386 -1.217426 0.512049 0.844596 2.147701 0.228422 -1.857152 0.329349
58 0.275281 0.757889 -0.309751 0.678582 0.063385 0.945182 -0.589056 -0.422411 0.335240 -0.338592 -0.582716 0.119890 0.724509 -0.111580 -0.278837 -0.153345 -1.803473 1.369736 -0.492672 -0.466742 -0.283360 -1.376958 -0.218562 0.418181 0.172463 -1.392937 -0.743969 -1.386278 0.001761 0.094040 -1.614412 0.067245 0.702578 0.039353 0.459579 0.365904 0.456973 0.499501 -0.643445 0.432967 0.510586 -2.882212 -1.033784 0.223270 -0.362641 -1.498394 -0.367560 -0.557533 1.256648 0.062572
59 0.410991 -0.169021 1.100270 0.466572 2.196662 0.326769 -0.182400 -1.669926 0.268423 -1.216580 -2.986993 0.323741 -0.542793 0.140758 1.171765 -0.295821 -0.762225 -0.297716 0.492732 -1.479442 0.420458 -0.151583 1.680466 0.576402 -0.974813 -0.747321 0.225030 0.322931 0.107374 0.266426 0.839318 1.855120 0.648407 0.967472 0.568998 -0.447495 1.285547 -0.542905 0.336780 -0.648373 0.849230 2.021717 1.004555 0.510403 -0.430650 0.300925 0.423355 1.314337 0.252889 -0.654165
60 0.819947 0.329758 -0.324742 -1.675584 -2.022624 0.824362 0.424377 -1.124498 -0.620854 -0.114983 -0.887880 -1.123485 0.084805 -0.521996 0.643840 -0.896608 -1.079358 0.394261 1.261153 -0.319039 0.252744 -0.156398 -0.755551 0.804951 1.285026 0.933519 0.049121 0.360931 1.197010 -0.915840 0.996103 -0.224023 -1.008136 -1.165427 -1.255046 -3.634690 -1.171947 -1.876505 -0.392396 -0.538843 0.193351 0.974047 -0.894020 -1.537717 -2.124278 0.007209 1.675048 -0.060439 -0.513758 0.590033
61 -1.099869 -1.111772 0.687922 -0.232993 -0.625053 0.801893 0.853933 -0.169529 0.560953 -0.432508 -0.193810 0.048863 -0.015368 -0.286027 -1.828300 -0.219621 -1.047863 0.944588 0.621536 1.072751 -1.129241 0.050475 -1.142189 -0.225516 -1.012758 1.590956 0.296039 -0.282951 -1.881049 0.118465 2.143408 0.508489 0.878703 0.413911 0.509682 0.200978 -0.137629 -1.304709 0.099766 0.402127 -0.373261 -0.483763 -2.289004 0.071951 -1.957279 -1.132276 -1.818062 0.708891 1.268798 0.471630
62 -0.393703 0.103636 -0.509755 -0.012161 0.247863 -1.300171 1.178632 1.607363 0.002098 2.227213 0.700859 -0.423673 -1.617206 0.152485 1.919986 1.043050 0.131715 0.547271 -1.065239 0.819766 0.177948 0.744185 0.041214 1.901141 1.635345 0.332245 -0.692790 0.421300 0.835184 1.072831 -0.619985 0.410982 1.581996 -1.495008 0.225177 -0.961167 0.226908 -1.136631 0.161499 0.103343 -0.319249 -0.012424 -0.568234 -0.133861 -1.015738 -0.565772 -0.182873 -0.005197 0.264267 0.522702
63 0.668020 -0.970561 0.223454 0.862561 0.387481 0.682329 -2.367741 1.659668 0.529290 -0.240674 -1.799176 1.362124 0.078828 0.645519 -1.729701 -1.191499 -0.594676 -2.740621 0.420107 1.268992 -1.008480 -0.607828 0.321744 0.480222 1.498427 -0.308572 -1.037406 1.231476 1.003169 0.505272 1.074727 1.144748 -0.223998 -0.410430 0.296812 -1.161998 2.039675 -0.029445 0.661130 -1.813779 -1.410919 0.629634 0.223235 0.442001 0.679226 0.574169 0.081421 0.336497 -1.928901 -0.183631
64 0.180628 -0.306158 2.208472 0.101240 0.089015 2.261787 0.844197 0.120467 0.187293 -0.145760 -0.323341 1.959787 -0.722591 0.636803 -0.890357 -1.144801 -0.119529 1.539957 -0.968690 0.875040 -0.695045 -1.628382 1.150885 2.089603 -0.257592 0.695393 -0.179273 -1.772772 -1.317396 0.204864 -0.000899 0.130556 0.767894 -0.081028 -0.169300 0.303865 -0.980739 -0.347814 -0.151229 -0.007268 -0.093646 -0.504976 0.599302 -2.343482 -1.443136 -0.779436 -0.006253 -0.755236 -0.037797 -0.805860
65 -0.543470 0.377023 0.298723 -0.577233 1.515762 -2.078418 -0.185072 0.890552 0.240962 1.289384 0.796881 -0.048194 0.086437 -0.727657 -0.213456 0.073468 -0.784129 -1.411556 -0.648513 1.578747 0.326273 -0.337736 -0.446535 0.455548 -0.557944 -1.681927 -0.242997 0.174619 0.899658 0.576261 -0.193799 0.881609 -1.885516 2.235484 1.150313 -0.614184 1.401355 1.762709 -0.818291 -1.128741 0.114266 0.481837 1.527278 -0.886464 -1.044879 0.503985 -1.178786 0.175783 1.004736 -1.664455
66 0.520693 -0.461578 0.770357 0.921617 2.414908 0.241774 -1.068308 1.206037 -1.718769 0.471316 0.607970 -0.835485 0.121807 0.782689 -0.086118 1.214885 0.993882 -1.196866 -0.554900 -0.087333 -0.818805 -0.650252 -0.678695 -0.324955 -0.210743 0.096248 2.937469 0.014390 -0.029885 -2.284295 0.771306 1.015805 -1.156799 -0.397387 -0.251033 1.035460 -0.854335 0.535582 0.145602 -0.472695 -0.551569 0.089593 1.159203 -0.913577 0.218620 -0.491206 -0.148173 1.291856 1.016389 -1.601353
67 1.013987 -0.396575 0.350867 0.312339 0.810662 -0.599070 -0.255575 -0.166662 0.114675 -0.011700 -1.798734 1.086574 -0.858234 1.272581 -0.310958 -0.774167 0.780437 0.368310 -1.382949 -1.263936 0.100398 0.389799 0.577366 -0.185983 0.011065 0.337101 -1.123663 0.786698 1.551677 0.385517 1.057775 -1.516964 -1.851058 -0.632969 0.249743 -0.555885 1.160774 0.725814 -0.326942 0.102954 0.200438 1.077272 0.715511 0.776724 -0.616634 -0.046265 -0.832688 -0.607251 1.602112 -1.464844
68 -0.813731 -1.764419 -0.542218 0.632001 0.138786 -0.131971 -1.236926 0.449520 0.790754 -0.308696 -0.620700 0.201432 1.234925 -0.088768 -0.462575 -2.237294 0.344750 0.512903 -0.973040 0.352730 0.349507 0.440458 0.854559 0.856648 0.341365 -1.383066 -0.015536 -0.236615 -0.499484 0.165970 0.138809 0.935621 -0.291395 0.900861 0.505549 -0.397200 -1.718188 0.178358 -1.623149 -0.712571 -0.367738 -1.020930 0.645874 0.730466 -0.460774 1.129267 0.804262 0.849752 1.909374 -0.323098
69 -1.430382 -0.112660 0.067953 -1.307531 -1.641632 0.683057 1.056076 -0.468585 1.504531 -0.399363 0.543788 0.813511 1.042722 -1.030789 0.642405 -0.209231 0.901126 1.278018 1.071632 1.895912 -1.633449 -0.475425 -1.148021 1.514180 1.105274 0.064157 1.498920 0.386375 0.992116 -0.225092 -1.265146 0.270999 0.415901 1.590546 0.132177 -1.408423 -0.104936 -1.138559 -0.542229 -0.801869 -0.359440 -0.113680 0.194933 0.371074 -1.585797 -1.326583 2.549792 -0.253433 1.269473 1.820857
70 -1.026923 -1.273628 2.109690 -0.049688 0.590612 -0.562565 0.453052 -0.175652 -0.511164 -0.789085 1.109807 -0.911846 0.606505 1.416888 1.934401 0.728244 -2.269039 1.036837 -1.258375 -1.201088 0.501973 -2.464898 0.498140 -0.016338 -0.697009 -0.289528 -0.426407 -1.261369 0.579569 0.872272 0.179578 0.940596 1.705639 -0.615176 0.570053 0.908516 -0.583108 0.300149 -0.623845 0.680369 -0.629578 0.034157 -0.045404 -0.712890 0.099482 -0.078684 -0.124559 -0.180037 -0.697979 -0.831399
71 -1.617479 -0.542844 -0.768657 -0.318219 0.702402 -1.692152 -1.894023 0.049815 -0.280203 0.339653 -0.476985 -1.104266 -0.657407 0.189490 -1.096054 -0.557923 0.232999 0.759723 -0.282757 0.921360 -1.089701 -1.185570 1.826930 -0.279581 -0.718275 0.443076 -0.672935 -0.383215 0.120916 0.723718 -0.799406 1.367851 -1.586184 -0.096649 0.343727 1.509292 0.506186 1.345210 -2.801237 0.031100 -1.134848 0.582453 -0.087839 0.477297 -0.406333 -0.547396 0.447241 1.325507 -0.215966 -0.359135
72 0.912962 -0.312368 0.001994 -2.573983 0.432720 1.552614 0.787910 0.602143 1.525495 2.727086 0.588967 0.856372 -0.686548 0.375219 -0.397197 2.023692 1.429799 1.870590 0.824805 -0.994399 0.607451 1.422360 0.107152 0.891238 0.186757 0.186963 -0.690238 -1.823299 -2.265533 0.683458 -0.311358 1.343789 0.100052 0.690242 0.587957 1.293106 -0.398762 -0.119010 -0.701959 0.998546 0.442787 0.995211 0.002907 -0.193992 1.210973 0.721392 -0.276897 0.289237 0.311641 0.391374
73 -1.819990 0.043058 -0.112300 -0.610182 -0.828592 -0.071608 -0.031402 -1.382774 0.265497 2.032053 -1.404211 -1.949482 -0.148024 -0.954138 -1.210147 -0.068169 -0.841509 0.263391 0.991710 0.637887 0.877478 0.725770 1.450319 0.299752 0.277527 1.143543 0.239000 0.847987 0.089627 0.371805 -1.008874 0.677609 0.646104 -1.058649 -0.643812 -0.977754 0.494875 0.784472 1.083803 0.993233 -0.516470 -0.238260 -2.062248 0.307249 0.372935 -0.790070 -1.274897 0.619548 0.662458 0.846575
74 1.029913 0.515932 0.309661 -0.918555 0.835341 0.244191 0.171507 1.421998 0.232491 -0.992596 0.173491 0.436695 -0.197382 1.332283 0.450408 -0.681880 -1.066594 0.896487 -1.085059 -0.323431 -1.657794 -0.555220 -0.817135 -0.085890 -0.819093 -0.195868 0.148718 -1.150652 2.148666 0.939386 0.669663 1.061754 0.220565 -0.806329 -1.459002 0.649842 -0.150297 -0.402118 -0.094520 0.051036 1.583073 -1.313257 -0.306124 -0.722668 -0.869945 0.184606 -0.844672 -0.272057 -1.612670 -1.598841
75 1.288414 0.324399 0.274694 -1.380207 1.719345 -0.005693 -1.586509 0.654273 -1.129937 -1.346316 0.762069 -0.244080 0.190965 -1.503986 -0.075515 2.314382 0.942892 0.570897 -0.270332 -1.035280 -0.598477 -0.859533 0.277047 -0.018055 1.294440 0.514603 -0.824141 -0.148117 0.009230 -0.434371 -1.946697 0.277772 1.981068 -0.091776 1.990808 -0.136931 -0.387804 0.618221 1.661270 -1.041115 1.246411 -1.355656 0.481540 -0.894759 0.495793 -0.340461 -1.111636 0.827767 -1.902065 -0.981606
76 3.366556 1.050798 1.316452 2.144610 1.302675 -0.209341 1.533025 1.371612 0.403157 3.561570 -1.055774 3.159689 2.612404 -0.945623 2.128025 -0.667096 2.253737 2.426323 1.374801 1.739118 2.605757 2.097446 0.953812 0.174096 2.745004 0.575178 2.323521 0.889280 -0.167403 0.912791 2.252404 2.737236 2.962474 2.152783 3.348514 3.464313 2.846314 1.224167 -1.424609 1.296018 1.124781 2.744210 -1.014697 0.328767 3.108616 0.457057 1.826406 0.973632 2.096508 -0.039284
77 -1.185409 0.317876 1.228491 -0.018957 -1.088573 0.605100 -1.139574 -0.656176 -0.883760 -0.212332 -0.827179 0.221862 0.269200 1.176644 -0.043019 -0.137205 0.366137 0.270737 1.407408 -1.837507 -1.374931 0.780725 -1.443539 1.430117 -0.071619 1.242147 0.284840 1.521399 -0.116759 0.901176 -1.975276 0.875003 -0.624609 -0.297696 -0.306280 0.136783 -0.495879 2.198383 -1.395876 -0.313645 0.698683 1.082841 1.083418 -0.261890 0.297520 -0.128485 -2.274370 -2.813005 0.383953 1.161559
78 1.053787 -0.734728 -1.249156 -1.197011 0.187451 0.175906 -1.166610 0.467227 0.041223 -0.254329 0.066951 1.272146 -0.200820 0.440610 1.809456 -0.850734 -1.232961 0.038389 -0.976290 -1.435714 2.056141 0.021356 -1.356689 2.015275 -0.123802 -0.091648 1.021661 1.387871 -0.602001 1.020254 -1.234110 -0.448480 -0.533442 -1.511553 -0.353090 -0.400595 0.650084 0.031695 2.580081 1.257070 -0.425968 0.628093 -1.478095 -0.717064 1.723531 0.715051 0.399858 1.261352 -0.804835 0.971901
79 0.503893 1.675872 1.236989 0.276922 -0.580429 1.112307 0.333229 -0.782764 -1.168612 0.675647 0.299552 -1.820859 -1.034626 0.620181 -0.108095 1.361786 0.015330 -2.136247 1.577328 -0.034411 -0.545610 -0.044094 0.508227 1.867579 0.541820 0.031464 0.805676 -1.161501 0.281448 2.352274 0.656442 -0.279818 2.103049 2.352849 -0.288693 0.605937 0.101355 -1.094896 0.530762 1.604753 -0.211864 -0.062048 -1.543137 -0.664688 -1.934078 -0.029407 0.086019 0.106076 0.710575 -0.410669
80 -0.445048 0.721432 -1.039815 1.773349 0.329200 0.209351 -0.000134 0.225676 0.510276 -0.777455 0.491309 1.853710 -1.150295 -0.808891 -0.811974 0.844050 0.720473 2.671938 0.080915 -0.275168 0.712657 -0.012558 -1.144272 -0.812512 -0.708248 0.598107 1.690821 1.013998 0.154939 0.106503 1.877729 -1.565879 -0.563803 0.458056 0.609123 0.640006 0.355550 0.504684 1.537076 -1.005886 -1.822179 1.650346 1.339104 -1.263955 0.490075 -1.652925 0.120412 -0.440355 0.932294 -1.281206
81 0.157701 0.142827 -0.500480 -1.697559 0.466475 0.826740 -0.281245 -0.717345 -0.986204 -0.492113 0.409499 -1.347650 0.247463 -1.424773 1.081461 0.750883 -0.951973 -0.319622 -0.029523 0.779658 0.636595 -0.334516 0.534090 1.313979 -0.284342 1.622671 -1.009505 -2.219824 -0.249360 0.330929 -1.032228 -1.041453 0.045330 -1.613388 0.056213 0.047407 -0.339978 -0.332160 -0.766194 -1.336639 0.497104 -0.566941 -0.537629 -0.758096 -1.545023 -0.343133 0.902413 -0.331116 0.492171 -0.789581
82 0.601583 0.164670 -0.602526 0.011745 -0.926231 0.251641 0.364645 -0.765454 1.799116 1.024873 0.119611 1.664346 1.167202 1.629623 -1.309103 0.436358 0.957111 -0.551343 0.802067 0.539679 0.588157 0.134507 0.240007 0.056970 -0.367832 0.946719 -0.250183 0.371893 1.350575 0.417699 -0.049886 1.065413 -0.847458 0.262259 -0.458179 0.643639 2.536284 -0.478962 0.656724 1.216043 -1.321472 1.457000 1.330328 0.264250 0.540987 0.438207 1.607002 -1.049228 0.162037 0.701906
83 1.645646 -0.523967 -0.385889 0.396711 1.469085 1.185438 1.756136 1.292690 -0.311819 -0.693570 -0.053078 1.227591 0.643440 2.184106 0.043371 0.499110 -0.484588 -0.175290 -0.119863 -0.743899 -1.355796 0.727979 -0.299467 -0.249110 0.277214 -0.567031 1.232572 -0.153689 -0.871991 -1.335289 -0.191455 -0.764815 -0.925512 0.305750 -2.119354 -1.874411 -0.888675 -0.648464 -1.053446 -1.058666 1.170150 -0.673824 -0.554904 -0.040662 0.012429 1.133061 -0.559680 -0.442612 -1.266967 -0.083967
84 2.163693 -0.597444 0.485358 1.559761 2.729746 0.921035 0.047479 3.775927 1.605848 1.682112 1.839725 2.962662 2.432843 0.316419 2.338046 -1.340674 1.303641 0.861770 3.723917 2.115253 1.554693 2.259445 4.549080 0.261186 3.169733 2.398234 1.934007 3.335094 2.026542 0.238168 3.848018 3.948826 3.442643 2.840739 1.028736 3.638682 2.747959 1.716158 -0.251947 3.401976 2.666993 0.271406 -1.012740 -0.854515 2.242792 1.627704 1.938887 2.418807 2.221497 1.791320
85 2.973167 0.390197 -1.200536 1.978666 2.481205 2.450805 3.003986 3.454378 1.361676 2.047363 1.100166 4.078392 3.038911 -0.454065 2.959457 -1.252409 0.895043 2.001059 1.567902 3.202056 2.682103 4.260339 -0.216631 -0.379576 2.736295 0.995370 1.858208 4.102799 2.454557 -0.531203 1.042456 3.392029 2.517846 0.551403 -0.310165 1.087893 2.146736 0.464405 1.077051 2.606659 0.577642 3.213045 0.631842 2.646192 0.141844 2.956591 2.690081 3.490343 2.063856 2.074480
86 2.791860 -1.855811 1.131550 0.650969 2.424576 2.439159 3.487552 1.522033 1.419675 3.451144 0.903562 2.753938 2.443301 0.534761 1.271504 -0.331374 0.378913 1.945390 0.336176 0.275217 4.117031 4.059581 1.315819 2.304550 1.054747 1.498816 1.536361 2.648800 0.778078 0.469254 1.829782 1.949066 1.043564 1.343424 1.939312 2.581233 3.122209 1.653190 -0.305712 2.362692 0.186951 0.744806 0.490434 0.393349 2.551234 0.259106 2.645627 2.595990 1.850931 1.195161
87 0.354206 0.455758 0.443568 1.232101 1.079027 0.085486 1.021566 -0.119210 -0.342573 -0.094659 0.744814 0.590148 -0.786400 -0.220610 1.042454 -1.249726 -2.230139 -0.580361 0.182033 1.366081 -1.269739 -0.853549 -0.216133 -0.685079 0.002759 -0.349798 1.988266 -0.965716 -1.085131 0.434185 0.118792 -1.070634 1.017727 -0.532106 -0.039177 -0.998595 -0.891051 -1.181849 2.457087 -0.278809 1.158376 1.849319 -0.483430 -0.702854 -1.230226 -0.798899 0.271716 1.165932 -0.953145 -1.045251
88 0.629355 1.903014 1.263836 -2.738968 -0.027623 -0.336126 1.232544 -0.012294 1.573375 -0.065685 1.686473 0.786223 -0.510744 -0.107974 -0.288938 -0.818178 -1.048080 -0.194953 0.996917 1.940700 0.247738 0.588384 0.091926 -0.569385 -0.535763 -0.122382 -0.905538 -1.974315 -1.364853 -0.373672 0.761237 0.652306 -0.820618 -0.761029 -0.018165 0.582996 -0.370525 0.043867 -0.860994 -1.572796 0.419985 0.236116 -0.426307 1.334879 -0.283653 0.854461 0.412729 0.324405 -0.126721 -0.780964
89 0.106500 0.724927 1.084713 0.660981 -0.752673 0.579149 0.990965 -0.990403 -0.731467 0.116202 -0.009278 -0.745595 0.459473 0.536164 -1.115365 -0.156727 -0.676681 -0.867917 0.143167 -0.494102 -0.644463 0.301153 1.100277 1.297973 0.792061 0.297335 -1.118754 -1.670241 -3.044977 -0.298933 -0.451633 -0.703727 0.271069 -0.955624 0.465531 -0.071694 -1.150920 1.053786 -0.950202 1.036731 1.003635 -0.469060 0.204017 -0.744557 -1.175691 -0.629947 0.700832 -0.521701 -1.459520 0.082138
90 0.375230 0.819655 -1.153772 0.638353 0.240704 -1.076267 -0.402500 1.309034 -0.797523 0.671900 -0.038018 -2.074116 0.649531 0.927043 1.879633 1.124218 1.179875 0.013290 -1.535205 2.393817 0.366572 -1.103452 -1.213377 0.444955 -0.332882 0.630139 -1.303747 -1.058106 -1.874352 -0.182444 0.540870 1.695911 1.185176 -1.282508 -1.846933 -0.176223 0.531261 -0.041136 -0.409588 -0.905817 -2.088387 -0.573252 -0.354614 -1.041726 -1.086239 1.256586 -1.609489 1.234631 1.475649 0.581967
91 -0.150708 1.648148 0.039732 0.673153 0.179727 0.711571 1.173194 -0.183661 0.884473 1.191686 -0.087418 1.143766 -0.963614 -0.559812 0.495311 -0.233214 -0.904186 0.193474 0.981044 -0.808313 -0.029104 -0.988338 1.007974 -1.051332 -0.488426 -1.136874 -1.367828 -1.605631 -0.043121 -1.971732 -1.243577 0.718309 -0.433256 -1.309054 -1.144957 -1.643880 -0.697161 1.031913 -0.430172 0.564004 0.802974 -0.233118 -0.208625 -0.208788 0.327621 0.294906 0.434572 -1.402584 -0.409805 0.529312
92 0.536317 1.870111 0.220093 1.184267 -1.122686 -0.789662 -0.547230 -1.021437 -1.914144 -0.491812 1.103428 -1.213897 1.396197 0.284135 -0.813315 0.017884 0.433727 -1.098700 -0.123055 1.259593 -1.357092 -2.227685 -0.573401 -0.650140 0.000921 0.699295 0.505745 -1.036990 -1.952200 -1.176820 -1.589921 -0.587239 1.632688 -1.418366 0.259321 0.126504 -0.616353 0.664506 -0.243815 -0.428518 -0.513687 -0.926072 0.215253 -0.118458 -0.324665 -0.477004 -0.186431 -0.298696 -0.329699 2.842577
93 2.857791 0.592467 0.268967 2.852714 1.406671 2.052583 1.987914 0.901469 0.015619 1.036127 -0.494631 1.727889 -0.108131 -1.539141 3.438651 2.525104 1.729288 0.696039 0.960657 2.578185 2.886461 3.507960 1.206594 0.628367 -0.059111 2.837007 0.751026 2.183446 4.104617 0.025090 1.020006 1.475420 2.339240 2.563290 1.918842 1.991363 1.494768 2.026074 -1.009577 1.370979 0.108540 2.038463 1.611605 2.372667 2.806846 1.485196 1.112361 2.599154 2.297159 1.309290
94 1.891474 0.310705 -0.698246 3.721948 1.452200 1.802995 1.315690 1.446187 1.360354 1.018666 1.291281 1.160671 1.357530 0.349931 3.490521 -1.161098 0.419046 2.893527 1.473838 2.076587 1.545197 1.474864 5.235043 0.120074 1.590783 0.006261 2.755935 2.822936 2.550221 -3.069477 3.229861 2.422942 2.803912 2.507245 1.706264 2.825154 2.437006 1.409838 2.015722 0.394852 0.764881 1.144698 -0.735460 1.228460 1.362948 2.946670 1.722195 1.179481 1.228690 1.651408
95 -1.712293 -0.349525 -0.393958 -1.385070 1.291296 -1.090255 -0.449157 -1.788747 -0.384895 -0.483980 0.500775 0.221767 -0.466490 1.600688 0.094297 0.525204 -0.054259 0.521096 0.818087 -0.066877 1.633162 -0.206871 -0.575373 -0.478379 -1.484074 -0.345780 -1.178547 -0.180219 0.933412 -1.787256 1.897371 0.760576 -0.857608 0.163313 -2.243986 0.055741 -0.203526 -0.874459 -1.404757 0.595039 0.577044 1.418034 0.380959 -0.477848 0.123455 -0.041832 -1.273346 -0.095868 -1.525989 -1.119743
96 4.286216 -0.420530 1.986267 2.208104 1.607015 1.831481 2.876959 0.609768 -0.048240 0.794182 1.064158 2.144497 1.460659 -1.069243 1.739225 -1.053390 2.668116 1.001111 2.542288 3.272012 2.484259 2.766507 2.512364 0.057718 0.942548 2.055148 2.270817 0.893897 0.339364 0.173916 4.038374 4.074648 2.897470 1.987810 2.296706 1.125526 0.998538 1.368861 -1.289357 2.801928 -0.549342 -0.222565 -0.098581 1.632623 2.253253 0.900793 3.605636 3.287924 4.100812 1.846234
97 -0.365703 0.574195 -1.804507 0.143234 -0.593217 -0.530154 0.442481 0.107434 0.002306 -0.560034 0.165298 -0.894509 -1.053322 -1.266561 0.988467 -0.338327 0.389721 1.606196 0.167398 -0.738592 0.084752 -0.209670 -0.593275 -0.337141 0.763341 -1.682740 -0.429216 -0.121272 -0.840537 -0.693595 -1.582067 -0.257325 0.564200 0.279036 -1.349020 0.967955 -0.770617 0.475522 1.894014 -1.298090 0.097015 -0.824055 -0.396398 -0.454080 -0.518155 2.169661 1.141693 -0.083516 -1.142478 1.008510
98 -1.149451 -0.208949 -0.144039 1.399824 0.560147 0.135281 -1.220528 -0.362004 -0.924004 -0.323725 1.452035 0.119406 -1.090520 -0.624612 -0.589091 0.736413 0.490007 -0.148476 1.144967 0.270783 0.498695 0.556747 -1.401229 -0.234125 0.283796 -1.283411 0.883774 0.173418 0.900421 -0.224662 0.527459 -0.371394 -1.108230 0.588490 -0.680603 -0.658693 0.826961 -0.574892 -1.455629 0.851612 1.065101 -0.672054 -3.364177 2.545386 0.646904 -0.607597 0.595333 0.729888 -0.757119 0.906546
99 0.593741 -0.040246 -0.701301 0.739283 -0.103186 -1.117964 1.123704 -1.128368 -0.815141 -0.724562 1.072764 -0.637179 -0.692375 0.654596 -0.049763 -1.520138 1.209811 -1.150491 -0.947398 -1.154683 0.411481 -1.159283 -1.927623 1.778191 0.195226 -0.939880 0.057361 -1.032213 -0.843799 1.881539 0.134957 -0.114926 -0.250442 1.598967 -1.038416 0.561778 0.199082 0.731481 0.790774 -1.011872 1.472534 -0.337122 1.932279 0.731670 0.076041 -1.106688 0.242374 -1.171279 -0.473468 -0.384311
END
#################################################################
SECTION3 (Edges Information)
EndPoint0 EndPoint1 Weight
0 1 1.000000
0 9 1.000000
0 10 1.000000
0 90 1.000000
1 0 1.000000
1 2 1.000000
1 11 1.000000
1 91 1.000000
2 1 1.000000
2 3 1.000000
2 12 1.000000
2 92 1.000000
3 2 1.000000
3 4 1.000000
3 13 1.000000
3 93 1.000000
4 3 1.000000
4 5 1.000000
4 14 1.000000
4 94 1.000000
5 4 1.000000
5 6 1.000000
5 15 1.000000
5 95 1.000000
6 5 1.000000
6 7 1.000000
6 16 1.000000
6 96 1.000000
7 6 1.000000
7 8 1.000000
7 17 1.000000
7 97 1.000000
8 7 1.000000
8 9 1.000000
8 18 1.000000
8 98 1.000000
9 0 1.000000
9 8 1.000000
9 19 1.000000
9 99 1.000000
10 0 1.000000
10 11 1.000000
10 19 1.000000
10 20 1.000000
11 1 1.000000
11 10 1.000000
11 12 1.000000
11 21 1.000000
12 2 1.000000
12 11 1.000000
12 13 1.000000
12 22 1.000000
13 3 1.000000
13 12 1.000000
13 14 1.000000
13 23 1.000000
14 4 1.000000
14 13 1.000000
14 15 1.000000
14 24 1.000000
15 5 1.000000
15 14 1.000000
15 16 1.000000
15 25 1.000000
16 6 1.000000
16 15 1.000000
16 17 1.000000
16 26 1.000000
17 7 1.000000
17 16 1.000000
17 18 1.000000
17 27 1.000000
18 8 1.000000
18 17 1.000000
18 19 1.000000
18 28 1.000000
19 9 1.000000
19 10 1.000000
19 18 1.000000
19 29 1.000000
20 10 1.000000
20 21 1.000000
20 29 1.000000
20 30 1.000000
21 11 1.000000
21 20 1.000000
21 22 1.000000
21 31 1.000000
22 12 1.000000
22 21 1.000000
22 23 1.000000
22 32 1.000000
23 13 1.000000
23 22 1.000000
23 24 1.000000
23 33 1.000000
24 14 1.000000
24 23 1.000000
24 25 1.000000
24 34 1.000000
25 15 1.000000
25 24 1.000000
25 26 1.000000
25 35 1.000000
26 16 1.000000
26 25 1.000000
26 27 1.000000
26 36 1.000000
27 17 1.000000
27 26 1.000000
27 28 1.000000
27 37 1.000000
28 18 1.000000
28 27 1.000000
28 29 1.000000
28 38 1.000000
29 19 1.000000
29 20 1.000000
29 28 1.000000
29 39 1.000000
30 20 1.000000
30 31 1.000000
30 39 1.000000
30 40 1.000000
31 21 1.000000
31 30 1.000000
31 32 1.000000
31 41 1.000000
32 22 1.000000
32 31 1.000000
32 33 1.000000
32 42 1.000000
33 23 1.000000
33 32 1.000000
33 34 1.000000
33 43 1.000000
34 24 1.000000
34 33 1.000000
34 35 1.000000
34 44 1.000000
35 25 1.000000
35 34 1.000000
35 36 1.000000
35 45 1.000000
36 26 1.000000
36 35 1.000000
36 37 1.000000
36 46 1.000000
37 27 1.000000
37 36 1.000000
37 38 1.000000
37 47 1.000000
38 28 1.000000
38 37 1.000000
38 39 1.000000
38 48 1.000000
39 29 1.000000
39 30 1.000000
39 38 1.000000
39 49 1.000000
40 30 1.000000
40 41 1.000000
40 49 1.000000
40 50 1.000000
41 31 1.000000
41 40 1.000000
41 42 1.000000
41 51 1.000000
42 32 1.000000
42 41 1.000000
42 43 1.000000
42 52 1.000000
43 33 1.000000
43 42 1.000000
43 44 1.000000
43 53 1.000000
44 34 1.000000
44 43 1.000000
44 45 1.000000
44 54 1.000000
45 35 1.000000
45 44 1.000000
45 46 1.000000
45 55 1.000000
46 36 1.000000
46 45 1.000000
46 47 1.000000
46 56 1.000000
47 37 1.000000
47 46 1.000000
47 48 1.000000
47 57 1.000000
48 38 1.000000
48 47 1.000000
48 49 1.000000
48 58 1.000000
49 39 1.000000
49 40 1.000000
49 48 1.000000
49 59 1.000000
50 40 1.000000
50 51 1.000000
50 59 1.000000
50 60 1.000000
51 41 1.000000
51 50 1.000000
51 52 1.000000
51 61 1.000000
52 42 1.000000
52 51 1.000000
52 53 1.000000
52 62 1.000000
53 43 1.000000
53 52 1.000000
53 54 1.000000
53 63 1.000000
54 44 1.000000
54 53 1.000000
54 55 1.000000
54 64 1.000000
55 45 1.000000
55 54 1.000000
55 56 1.000000
55 65 1.000000
56 46 1.000000
56 55 1.000000
56 57 1.000000
56 66 1.000000
57 47 1.000000
57 56 1.000000
57 58 1.000000
57 67 1.000000
58 48 1.000000
58 57 1.000000
58 59 1.000000
58 68 1.000000
59 49 1.000000
59 50 1.000000
59 58 1.000000
59 69 1.000000
60 50 1.000000
60 61 1.000000
60 69 1.000000
60 70 1.000000
61 51 1.000000
61 60 1.000000
61 62 1.000000
61 71 1.000000
62 52 1.000000
62 61 1.000000
62 63 1.000000
62 72 1.000000
63 53 1.000000
63 62 1.000000
63 64 1.000000
63 73 1.000000
64 54 1.000000
64 63 1.000000
64 65 1.000000
64 74 1.000000
65 55 1.000000
65 64 1.000000
65 66 1.000000
65 75 1.000000
66 56 1.000000
66 65 1.000000
66 67 1.000000
66 76 1.000000
67 57 1.000000
67 66 1.000000
67 68 1.000000
67 77 1.000000
68 58 1.000000
68 67 1.000000
68 69 1.000000
68 78 1.000000
69 59 1.000000
69 60 1.000000
69 68 1.000000
69 79 1.000000
70 60 1.000000
70 71 1.000000
70 79 1.000000
70 80 1.000000
71 61 1.000000
71 70 1.000000
71 72 1.000000
71 81 1.000000
72 62 1.000000
72 71 1.000000
72 73 1.000000
72 82 1.000000
73 63 1.000000
73 72 1.000000
73 74 1.000000
73 83 1.000000
74 64 1.000000
74 73 1.000000
74 75 1.000000
74 84 1.000000
75 65 1.000000
75 74 1.000000
75 76 1.000000
75 85 1.000000
76 66 1.000000
76 75 1.000000
76 77 1.000000
76 86 1.000000
77 67 1.000000
77 76 1.000000
77 78 1.000000
77 87 1.000000
78 68 1.000000
78 77 1.000000
78 79 1.000000
78 88 1.000000
79 69 1.000000
79 70 1.000000
79 78 1.000000
79 89 1.000000
80 70 1.000000
80 81 1.000000
80 89 1.000000
80 90 1.000000
81 71 1.000000
81 80 1.000000
81 82 1.000000
81 91 1.000000
82 72 1.000000
82 81 1.000000
82 83 1.000000
82 92 1.000000
83 73 1.000000
83 82 1.000000
83 84 1.000000
83 93 1.000000
84 74 1.000000
84 83 1.000000
84 85 1.000000
84 94 1.000000
85 75 1.000000
85 84 1.000000
85 86 1.000000
85 95 1.000000
86 76 1.000000
86 85 1.000000
86 87 1.000000
86 96 1.000000
87 77 1.000000
87 86 1.000000
87 88 1.000000
87 97 1.000000
88 78 1.000000
88 87 1.000000
88 89 1.000000
88 98 1.000000
89 79 1.000000
89 80 1.000000
89 88 1.000000
89 99 1.000000
90 0 1.000000
90 80 1.000000
90 91 1.000000
90 99 1.000000
91 1 1.000000
91 81 1.000000
91 90 1.000000
91 92 1.000000
92 2 1.000000
92 82 1.000000
92 91 1.000000
92 93 1.000000
93 3 1.000000
93 83 1.000000
93 92 1.000000
93 94 1.000000
94 4 1.000000
94 84 1.000000
94 93 1.000000
94 95 1.000000
95 5 1.000000
95 85 1.000000
95 94 1.000000
95 96 1.000000
96 6 1.000000
96 86 1.000000
96 95 1.000000
96 97 1.000000
97 7 1.000000
97 87 1.000000
97 96 1.000000
97 98 1.000000
98 8 1.000000
98 88 1.000000
98 97 1.000000
98 99 1.000000
99 9 1.000000
99 89 1.000000
99 90 1.000000
99 98 1.000000
END
#################################################################
SECTION4 (TrueSubGraph Information)
EndPoint0 EndPoint1 Weight
2 3 1.0
3 93 1.0
3 4 1.0
4 94 1.0
94 84 1.0
84 85 1.0
85 86 1.0
86 76 1.0
86 96 1.0
END
#################################################################
SECTION5 (Labels Information)
1 0 0 1 1 1 1 1 0 1 0 1 1 0 1 0 1 1 1 1 1 1 1 0 1 1 1 1 1 0 1 1 1 1 1 1 1 1 0 1 1 1 0 1 1 1 1 1 1 1 
END
#################################################################
SECTION6 (bt Information)
5 -5 -5 5 5 5 5 5 -5 5 -5 5 5 -5 5 -5 5 5 5 5 5 5 5 -5 5 5 5 5 5 -5 5 5 5 5 5 5 5 5 -5 5 5 5 -5 5 5 5 5 5 5 5 
END
#################################################################
