#################################################################
#APDM Input Graph, this input graph includes 3 sections:
#section1 : general information
#section2 : nodes
#section3 : edges
#section4 : trueSubGraph (Optional)
#
#if nodes haven't information set weight to null
#################################################################
SECTION1 (General Information)
numNodes = 100
numEdges = 200
usedAlgorithm = NULL
dataSource = SimulationData2
END
#################################################################
SECTION2 (Nodes Information)
NodeID Base Counts
0 0.224255 0.662639 -1.727501 0.308811 0.008183 -0.952199 0.485995 0.343267 0.269419 0.058356 -0.472595 -0.452598 -1.234908 -0.685480 0.696239 1.690033 -0.633496 -0.453013 0.093019 -0.102432 0.129614 0.058416 1.718543 -1.359610 -1.306224 0.481712 -0.488402 -0.117704 1.248187 1.150386 0.609928 -0.008330 1.035312 -1.004745 0.857940 0.052761 -0.311616 -0.188848 0.568485 0.654627 0.862914 0.227722 -0.862456 -0.199657 -0.943717 -0.548090 -0.508831 0.838499 0.379513 -0.784948
1 -0.863821 1.233700 -1.049324 -0.285167 -0.708573 0.485974 -0.390758 -1.158988 0.979902 0.124810 -1.562176 -0.077958 -0.943219 0.002419 -0.857026 0.638157 1.984728 -0.148706 0.483016 1.218456 0.436229 1.178597 -0.226158 0.322026 -2.706816 -1.315464 0.442674 0.511804 0.070048 -0.791516 0.033503 -1.866295 -1.881527 0.437922 -0.274154 0.438430 -0.125232 -0.569072 -0.564801 0.722771 -1.785423 0.175363 0.245166 0.910260 0.884366 2.353451 -0.118247 0.645714 0.051134 -1.313195
2 1.591427 1.928134 -1.190173 0.618294 0.089224 -0.424724 0.505319 1.066528 -0.962091 -1.088027 -0.953561 0.210503 -0.873753 0.135790 0.322823 0.872654 -0.676579 -0.056605 0.506367 -0.715831 -0.471186 1.088674 0.749440 -0.260850 -3.645680 0.199862 -0.796789 0.220908 -1.616567 1.558422 1.118099 -0.922344 -1.468215 0.133315 -0.005932 0.216406 -0.217320 -0.462857 -0.165006 1.070044 -0.393407 -0.391912 0.447317 -1.027641 -1.062663 -1.601166 0.295872 -0.591491 1.887926 0.672801
3 -0.719267 -1.011540 0.238634 1.133315 -2.612797 0.847197 -1.217577 -0.391099 0.781677 0.058025 0.166498 -0.414789 2.506465 -0.233070 0.579642 -0.390878 -0.615421 -0.607349 -1.325775 -0.051588 -0.846667 -0.258685 -0.222112 0.644070 1.282777 -1.292963 -0.580833 0.790340 0.947108 0.618620 -1.218998 -0.851540 0.899655 -0.734769 2.185044 -0.118953 0.955491 0.640115 -1.596976 -0.943607 -0.967970 -1.119806 2.102602 -0.766381 -1.282904 0.252977 -0.310837 1.213965 -0.471459 -0.298323
4 -0.685925 -0.214245 0.803781 0.291321 -0.852130 0.599596 -0.388255 0.671929 0.804697 -0.643396 0.586412 0.388556 0.793299 -0.226057 1.528437 1.667702 -2.231194 1.223678 -1.402342 -0.289671 -0.512277 -1.372983 -1.150845 0.663522 -1.081076 -0.724028 0.569057 0.531236 0.051351 -1.918625 -1.295736 0.372289 0.201465 0.635947 -0.243695 0.833597 -0.610036 -0.808970 -0.208002 -0.657318 -1.295351 -0.672283 -0.747927 -0.577758 0.000993 0.566249 -0.124043 0.126906 -1.267485 -0.872801
5 0.086668 -0.702836 -0.800962 0.871399 -0.415123 0.139218 -2.401905 0.891010 0.263193 -0.474152 2.142069 -0.407717 -0.018204 -0.817102 -0.856093 -3.062086 1.354506 0.590708 -0.496015 0.050451 -0.687005 -1.638047 -1.045288 -0.856676 0.045872 -0.087271 -0.951416 -1.650571 1.190648 -0.798554 0.645410 1.661264 0.532310 -1.221698 1.075090 -0.524773 0.774444 -2.001453 0.098897 -0.773363 -0.174322 0.316122 1.209361 0.290032 -0.762021 -1.349979 0.929243 1.654774 0.924480 0.134644
6 2.350910 0.905012 0.228312 1.570886 1.103049 -0.402686 0.408239 1.142422 -0.664858 -1.466354 -0.067812 -0.173206 0.446652 -0.246114 0.724499 -0.372157 0.174524 1.035755 1.081682 0.507448 1.642936 -1.382501 -0.950404 -1.483727 -0.702517 0.060060 1.229369 -0.748469 0.904231 0.656690 -0.838490 -0.626738 2.022241 0.612951 -0.790936 0.973279 -0.159641 -0.115382 0.170777 -0.285180 0.144680 0.970494 1.113863 -0.465089 -0.764233 1.356039 0.720087 -0.282360 0.636493 1.641016
7 1.212335 0.524165 -0.841454 1.207559 0.091022 0.840445 -0.273284 0.714152 0.864415 0.256798 -0.382592 -0.230673 0.545752 0.898284 -0.232837 2.093257 0.877363 -0.666696 0.116131 -0.400264 1.499539 0.433342 -1.419392 -0.030883 -0.341394 0.797931 -1.755960 1.130973 -0.244736 -1.851709 0.509235 -0.740955 -0.329474 0.467822 0.192073 0.423151 1.075131 -1.419999 -1.150629 -0.257550 -1.334359 1.167457 -0.339377 2.074604 1.010280 -0.301271 -0.048807 0.283486 -0.289330 -0.696536
8 -1.743480 -0.015386 -2.125861 -1.751103 -0.440950 -0.222748 -1.559080 0.531851 1.227400 -0.100782 0.780703 0.554295 0.310781 -0.481466 -0.064564 0.485815 0.024468 -0.243545 0.420583 -0.173183 -0.440072 -1.070453 0.285925 -1.209009 1.526274 -0.547438 0.541488 -1.571531 -1.266101 0.635264 0.088982 0.832020 -0.853193 -0.388119 1.086259 1.759741 1.133406 -0.674814 -2.731608 1.627213 -0.070764 -0.026912 -1.299336 -1.133487 -0.456382 1.225503 1.245913 0.004841 0.282043 0.317545
9 0.712686 -1.183946 1.034440 1.037954 -1.928699 -1.516600 -0.159551 0.021246 -0.263663 0.143454 -2.239135 2.090767 -0.943777 0.615833 -1.677903 0.446119 -0.049896 -0.235010 3.115490 0.367342 -0.040171 -1.363069 1.739439 -1.417845 -0.133268 -1.096874 -1.378513 1.491102 -1.219395 0.590090 -1.561338 0.301982 1.627770 -0.522729 -0.845618 1.481711 -0.138728 0.102854 -2.178451 -0.368574 0.966848 -1.177311 0.142571 0.163964 -0.785146 0.088514 -0.851288 1.142036 0.117582 -0.192826
10 -1.025373 -2.651017 1.281414 0.302806 -1.405615 -1.565834 -0.676597 -1.139963 -0.044448 0.666591 -0.228899 -0.172325 2.433037 -0.175542 1.010117 0.509624 -0.506028 -0.608802 0.071233 1.490696 -1.793190 0.552072 0.958707 1.637289 -0.917490 -1.035565 -0.139235 0.714696 -0.381861 0.676491 0.935496 0.505519 -0.008691 -0.327179 0.315870 2.144033 -0.104243 0.730614 1.056046 0.833371 1.784974 0.101665 -0.978848 0.604313 0.093520 1.742526 1.023713 0.019151 -0.925660 -0.797529
11 1.003897 0.140341 1.075538 -0.145346 -1.191551 1.686940 0.373407 0.378034 0.813720 -1.364712 0.196420 -0.273932 0.589948 1.174519 -0.381987 1.746992 -0.014745 0.514863 -1.070282 -0.717057 0.162543 -0.737893 0.010739 1.307227 -1.570608 0.425091 1.394888 0.837272 1.727630 -0.570888 -1.685849 0.498082 -0.635571 2.288177 -1.103182 0.514574 -0.820620 -1.184666 0.901929 0.227026 0.680381 -1.059595 1.417051 -0.540739 -1.642950 1.110611 -2.577193 0.573482 -0.017508 0.007209
12 -0.905441 -0.066975 0.746793 -0.418307 -0.162537 0.873171 0.759370 -1.167761 -1.001498 -0.745509 0.572111 -0.973381 0.191145 -0.711490 -1.061997 -0.050050 0.095018 0.627665 -1.719507 -0.054823 0.604622 -0.423031 0.100116 0.717054 1.021380 1.127380 -0.363605 -0.422817 1.142053 1.013313 -0.167985 0.587664 0.125802 -0.721763 0.564096 -1.017254 2.981312 -0.514205 1.023734 0.814459 0.839861 -0.086296 0.066038 -0.550941 1.299634 -0.024560 -0.274043 0.773522 0.234865 -0.776048
13 -0.605281 -0.057824 0.580456 0.616865 1.166206 0.587014 0.306598 0.469662 -1.253603 1.712838 0.667341 0.849442 0.185183 -0.050929 -0.220961 0.116344 0.736037 -1.103784 -1.124927 -0.608793 1.134641 0.140203 1.258872 0.236796 1.580835 -0.742163 0.236976 0.883047 -0.418141 0.467419 -0.336943 -0.814446 -1.115533 -1.086666 -1.999102 2.288639 -0.028839 -0.193471 1.367203 0.667348 1.167715 0.014226 -0.441943 0.671800 0.036324 0.399053 0.937887 0.791406 -0.244167 -0.438027
14 0.993667 -0.096665 -0.857751 0.999419 0.370703 0.909552 -2.323148 -0.447865 0.203605 0.655982 0.073830 -0.033618 -0.035721 -1.083519 1.357301 -0.102774 0.755516 -0.647023 0.128474 -1.530430 -0.807725 -0.390639 -0.868228 0.786981 0.063926 -0.431984 0.552713 -0.507411 -0.683164 0.534070 -0.074530 0.599270 0.543011 0.065558 0.065638 1.070861 1.003629 0.729957 -1.147833 0.507848 -0.615577 0.058987 1.111557 -1.017726 0.825993 -0.551741 1.260244 0.116229 0.613587 0.008545
15 -1.025415 1.065922 -0.254168 -0.025113 0.020738 -1.249159 0.391377 -1.110594 1.271516 0.002665 -0.480338 -0.196589 0.287852 -1.885217 0.635737 -1.388740 0.968415 -1.374228 -0.317716 -0.384079 -0.170161 0.880922 0.788597 -0.510228 0.712959 -1.399254 -1.628814 -0.335466 -0.693310 -0.763904 0.401149 0.336046 -0.326798 -0.569551 -0.914459 -1.238461 -0.783051 0.944619 1.362604 -0.963746 -0.562308 0.047233 0.486299 1.093368 0.484749 1.038121 -0.813718 0.507630 -0.214321 -1.293352
16 -1.886572 -0.236584 -0.235187 -0.067964 -0.838038 -0.024737 0.566488 -0.962595 1.348374 0.250503 0.395346 -0.586523 0.198488 1.172147 0.714428 1.402083 -0.484110 1.673344 -0.416444 1.210145 0.136032 0.751448 -0.311939 0.623177 -1.452427 0.018906 0.495718 0.752117 0.549052 -0.429690 -1.301826 -0.716043 0.351365 0.542836 -0.838875 1.104040 1.235958 0.142915 1.350001 0.088211 -0.734792 -1.333703 -1.698577 -0.112712 -1.017338 -0.961909 -1.894432 -0.695819 0.155335 0.862024
17 -1.376254 0.293154 -0.103322 -0.699736 0.577879 2.776247 0.865330 -0.414670 1.415515 0.758731 1.038347 -0.277995 -0.237194 0.846223 -0.827224 1.296513 -2.207322 0.289963 0.562036 0.795850 -0.083687 -0.708326 -1.534993 -1.721986 0.277996 0.709947 -1.027834 -0.699178 0.586521 -0.069121 -0.066969 -0.520752 0.341848 0.053534 1.347158 -0.228969 -1.685084 -0.675469 -0.626577 1.092384 0.720260 1.985229 -0.801833 0.958251 0.512279 0.434790 -0.087366 0.685524 1.263300 -0.376963
18 -1.709922 -1.342779 0.597795 0.095406 -1.365849 0.371768 1.633337 1.324717 -1.890783 -1.412204 0.149372 -0.580993 0.549493 -0.201827 -0.795055 1.888394 1.649317 0.059441 -0.048879 -1.409909 1.683044 -1.251032 -0.404180 0.610800 -0.467632 1.076646 -0.667375 0.786707 0.286802 -0.033254 -0.157461 0.413473 -1.793765 0.353962 -1.093598 -0.204726 0.785684 0.356223 -0.289269 0.308769 0.768450 0.848025 -1.332187 -1.519966 1.031820 -0.722229 -0.435910 -0.948056 0.974338 -1.736609
19 0.639590 -0.745169 -1.024802 -1.006442 2.111355 -0.621284 -0.156025 0.829867 -1.347867 -0.244637 -0.769722 0.934152 -0.558665 2.630910 -0.285482 0.805829 -0.640592 1.361394 -0.445928 -1.201917 2.011004 1.174359 0.150705 -0.370419 1.449029 0.804671 -0.467525 0.073518 -0.875730 0.286343 -0.557302 -1.809476 2.109713 -0.238896 0.333030 0.890887 0.011719 -0.638930 1.225721 -0.707241 -0.429535 0.866423 -0.379836 1.340863 -0.332207 0.603881 0.831310 1.383031 -0.621658 1.680629
20 0.460401 0.025325 0.472231 -0.306013 -1.678671 -1.330576 0.722125 0.349345 -1.736569 -0.289299 1.372498 0.778198 0.011163 0.926694 -0.144527 -1.906306 0.105322 -0.237298 0.069597 -0.293758 -0.226865 0.173623 0.421660 0.298773 0.668347 0.678996 -0.492478 0.962775 -0.537720 -0.495436 0.138432 -0.712815 -1.876833 -0.687665 -0.712192 -0.450703 0.027292 0.404314 -0.711400 0.856153 0.922335 -0.773318 -0.385008 -0.909425 -0.532172 -0.347467 0.213933 0.132586 -1.342262 -0.479596
21 0.047342 1.583446 0.796177 -0.465738 -0.858054 0.028244 -2.513794 0.647588 0.160847 1.754728 1.919958 1.712389 -0.233068 -0.289992 -1.014526 -0.347640 -0.489062 -0.031284 1.689593 0.890531 -1.909415 0.204544 -0.695725 1.676814 -1.495320 -0.119238 -0.148996 -2.077116 0.310657 0.542557 0.878244 -0.250932 -0.185050 -2.434170 -2.338524 1.612628 0.549729 -1.297051 1.644701 1.961291 -0.962729 -1.269930 -0.872098 0.590293 0.237113 0.146966 -0.325166 -0.210991 0.043373 -0.391653
22 1.999505 -0.524972 -1.262467 0.804153 -0.501793 -0.530869 -0.699295 -0.395360 -2.286670 1.153036 1.962637 0.144551 -0.136322 -0.590031 1.813853 -0.053735 -1.512658 -0.371354 0.908049 -0.882178 -0.664670 -1.218361 -0.569472 -0.793602 0.336512 -1.332767 -1.321090 0.085930 0.115156 0.165032 1.700280 -0.166842 -0.756414 2.015207 -0.849488 0.261061 0.113092 0.860306 0.304725 -1.131052 -2.683008 0.442396 0.421335 0.391661 -0.194407 -1.157335 -0.080059 -0.588220 1.146776 -0.153983
23 0.667391 0.497164 0.525301 2.017845 -1.127368 -0.992836 0.435851 -2.074904 1.294886 0.024817 0.887773 1.050708 -1.264996 0.949803 0.045095 -0.845898 -0.998640 0.535660 -0.880244 -0.189423 -1.782151 -0.367670 -1.948134 -0.241039 1.037946 -1.499381 -0.980480 0.075404 -0.245667 0.510759 0.356454 2.048284 0.650987 -2.710119 1.071024 -0.030123 -0.976221 0.368487 -0.843126 0.427138 1.039038 0.139199 -0.395798 0.485166 -0.778159 -0.450452 1.135928 -0.826080 0.217793 -0.303534
24 0.104317 0.106990 0.876895 -0.189258 0.551731 -0.977123 0.176849 -1.477452 -0.662885 -1.390514 0.309106 -0.523485 -0.483311 -2.324819 1.257633 -0.503375 -1.175596 2.396046 0.294248 -1.317302 -1.237937 0.183343 0.265642 -0.972803 1.279641 -1.573552 0.056570 1.184525 0.826518 1.174743 -1.845027 0.145550 0.675665 0.207933 0.716177 -0.231339 0.213325 -0.957360 -0.820547 -0.231288 0.734731 1.888897 0.376955 0.967456 -0.829772 0.928879 -1.278343 -0.735910 -0.132935 -0.428326
25 -1.854285 0.455704 1.498960 0.447771 -0.052410 -0.073392 -1.172695 0.656383 0.978340 0.041256 -1.838033 -1.449305 0.747579 -0.699343 -0.814990 0.110828 -0.724149 0.973243 1.363278 -0.622839 1.637796 2.539826 0.502588 0.053138 0.562166 0.091843 0.749990 0.487802 -1.155110 -1.141225 -0.402059 0.464498 -1.069312 0.413412 0.314967 -0.472366 0.477414 -1.260897 0.286840 -0.057090 -0.149910 2.021303 0.009393 1.039252 0.650468 0.978665 -0.596114 0.096959 1.296439 0.364989
26 0.662980 1.291922 -0.566200 1.249186 1.069419 -1.966135 -1.142929 0.864044 0.112351 -0.365665 -1.433107 -1.281120 -0.803111 -0.822304 0.072948 -1.623643 -1.552245 -0.777883 -0.380399 0.432969 0.792889 0.449569 1.204880 -1.037381 -0.004543 0.933240 1.901272 0.288956 0.739052 0.637135 0.017000 1.384190 1.106561 0.195543 -1.571840 -1.739977 0.906708 -0.039923 -0.893657 -1.111658 0.710814 0.390827 2.370756 1.025174 -1.263612 -1.324549 -0.454688 0.092095 -1.131664 0.471689
27 -0.541873 1.315952 0.481843 -0.684418 0.465801 0.593012 0.973329 0.271836 0.095281 -0.919699 0.806578 -0.255121 0.262242 0.350717 -0.477350 -2.353584 0.371272 0.019123 0.111507 0.474107 0.075060 0.399410 -0.902404 -0.712364 0.188589 1.302509 -0.217743 -0.816802 -2.374537 -0.325904 0.974741 0.650858 -1.109488 -0.437143 0.041260 0.556386 0.003264 0.094914 0.386955 -0.948008 0.219067 1.445672 0.054978 1.973069 -0.632402 0.391558 1.296503 -0.316404 -3.440917 1.000132
28 1.610451 0.218919 0.365888 1.142511 1.464623 1.870588 0.516817 -0.884423 1.330146 1.304601 -1.276266 -0.186485 0.529196 -0.481793 -0.705686 0.120991 0.027028 -0.339892 0.254396 -0.094555 -0.360346 0.130502 0.616388 0.510947 0.021214 -1.820186 -0.910625 0.779422 -0.990149 0.609540 0.925326 -0.365478 -0.424163 -0.013159 -0.425327 0.438148 -0.862938 0.928482 -0.061013 -0.069876 1.244985 0.383977 -0.062518 -0.708099 -0.275034 -0.259596 -0.744519 0.781671 1.621605 -1.130836
29 -0.401456 -0.298947 -1.048182 -1.647136 1.853324 -0.130209 -0.720664 -1.142758 0.317411 2.843507 -1.401865 0.635012 -0.711428 -0.264787 0.919008 -1.367998 -0.443621 -0.808898 -0.616648 -0.626165 -0.315488 -1.022657 -1.006560 0.417241 0.114288 -1.854857 0.462915 1.353977 -0.668563 0.532024 0.126438 -0.281402 0.792859 -0.536100 -0.180182 -0.133950 -1.395046 -0.357952 0.323203 -0.004154 -0.369146 1.331430 1.552493 1.520824 -0.896145 0.412319 -0.004431 -2.220968 0.046955 0.873630
30 -0.309043 1.635412 -1.843773 0.120010 0.355878 0.525030 -1.075819 -0.183798 -0.095002 -1.104671 -1.239267 -0.224904 -0.927493 0.203878 -1.660071 1.070731 0.088207 0.609257 0.189010 -0.179055 -0.558825 1.290037 1.566784 2.066001 -0.168796 -1.281430 -0.332121 0.184520 -0.418547 -0.774612 0.753113 -0.784488 -0.911425 -2.178011 -1.050601 -0.595384 -0.735149 -0.329755 2.104567 0.354895 0.532961 -1.735782 -0.005473 0.239204 0.154615 -0.502078 -2.608469 0.376823 -0.335439 -1.284402
31 -1.157727 -0.986517 0.357213 0.472293 -0.447282 -0.126305 -0.204574 0.748815 -0.120624 -0.682498 1.241045 -0.099850 0.817829 -0.407637 -0.304916 0.389182 0.088115 -0.549773 0.603445 -1.263179 1.127223 -0.046226 0.674251 -0.848454 1.670877 -2.023235 -0.348773 -0.778472 -1.371394 0.211048 0.776589 -1.092562 0.987475 0.335235 -0.651807 -0.145645 -0.905822 -0.645860 1.219989 -1.148417 0.053586 0.020471 -0.137325 -0.030261 -1.558473 -0.496229 0.955222 -1.747459 1.124408 -0.514337
32 2.463148 -0.907116 -0.513328 -1.053100 4.973609 -1.304213 -1.348517 -0.071736 2.117009 -0.781136 1.000293 1.030563 3.688988 3.839066 1.260556 0.620258 -1.286672 3.177774 3.488992 -0.481884 0.725086 4.694196 4.639781 4.186618 -0.507304 0.627577 2.577301 -0.406558 -1.314158 3.923514 6.753539 0.647896 3.400106 5.047853 3.202264 6.010138 -0.341319 3.509741 0.318927 0.997688 1.161296 -1.455732 -1.084751 0.738854 -1.683106 0.306982 5.529284 4.739941 -0.322020 0.788014
33 -1.526284 -0.937861 0.616719 -0.850006 0.279834 1.565670 0.220874 -0.261478 0.422516 0.309542 -0.335677 0.608790 0.025117 -0.490733 -0.224337 -0.184424 0.801078 0.241619 1.754009 -0.118970 -1.036411 0.012978 -0.899236 0.175050 2.513680 0.949628 1.089306 -0.324569 1.376953 -1.443356 -1.315209 0.501223 1.197901 0.165405 -1.158493 1.439819 0.284109 -1.389135 -0.711756 0.216565 1.085170 0.661294 -0.689696 0.453624 1.110476 -0.081110 0.611252 0.655745 -2.160284 -1.266222
34 5.718974 -0.041167 0.962684 0.341048 4.701696 -0.386202 -0.997703 0.885420 5.322993 -0.540932 -0.626529 2.950847 3.211241 4.131488 -0.367253 1.941299 0.145589 2.649861 3.896719 0.008783 -0.161885 3.765913 2.940698 5.052143 2.178818 -0.513174 3.918816 0.997401 -0.914444 3.655842 4.818032 -0.295642 2.790606 4.549677 6.248930 2.249963 -0.129769 2.432728 -0.333131 -0.539769 -0.166175 1.000802 -0.573895 -0.990111 -1.375865 -0.687631 2.868692 4.337028 -0.253952 -1.196823
35 0.204989 0.507824 0.498533 0.299090 -1.028749 -0.455233 1.107772 1.090330 -0.461469 2.467960 -0.536924 1.014190 2.085459 -0.731771 -0.816242 -0.882410 -0.032751 0.178288 0.794667 0.507696 0.830764 0.570588 -0.646183 -0.577262 0.114983 1.230260 0.027916 -0.400066 -0.991551 1.229375 0.261538 0.245048 -0.316281 -0.177404 -1.222474 2.047910 0.489771 1.094788 0.725814 1.489573 -1.237919 -0.934320 -1.333975 0.947172 0.936439 0.683896 0.147530 0.730886 -0.020168 -0.406332
36 0.325674 1.394761 -0.675002 -1.694675 0.172018 1.227288 1.293101 0.343194 -0.240829 -0.240430 0.035268 1.941299 0.306911 -0.711811 -1.013769 1.429831 0.964868 0.236153 1.751762 -1.381086 0.894420 -0.308730 -0.004872 -1.534427 0.169101 0.103673 -0.862481 0.105013 0.088354 -1.875465 1.108379 -0.391381 0.522981 2.202437 -0.866526 -1.804195 -0.829605 1.084008 0.384213 -0.223191 0.528094 0.253425 0.147246 -1.419257 1.890585 -0.121348 0.143866 -0.484248 -0.710085 -0.048499
37 -1.791551 -1.054614 -1.410537 0.786123 2.210990 -0.522863 0.608555 -1.384101 -0.836436 1.383336 -0.042156 0.736106 0.935068 0.566094 0.709124 -1.026632 0.381375 -0.265836 -0.478468 -0.247611 -1.178944 2.086240 -1.351972 0.159487 0.439602 0.066024 1.516787 -0.250895 -0.997329 0.455162 -0.823959 0.224483 -0.722976 0.533344 -0.653363 0.307664 -0.340615 -1.123853 -0.575976 0.865588 -0.512974 0.570257 -1.051459 -0.033097 1.296574 -0.674966 1.286351 0.439991 -1.735699 1.813925
38 1.294220 -0.342645 -2.082923 0.109673 0.493825 -0.863050 1.147858 -0.286778 1.271903 0.166642 -1.146766 1.328854 -1.292521 -0.217878 0.361407 -2.253671 0.386756 0.892831 1.271452 -0.728437 -1.834517 0.621103 0.709068 1.163100 0.614159 -0.277924 1.301760 1.278452 1.198822 -0.169669 0.838919 -0.392401 2.030155 0.508332 0.325617 1.690972 -1.632464 1.289479 -0.218115 1.711486 -0.274377 -0.586810 -0.473571 -0.644734 -2.057772 1.005680 -0.624975 -0.050026 0.817817 0.023734
39 0.154483 0.610325 -0.542648 0.241205 0.136722 0.562214 0.275504 0.487845 0.158909 -0.793589 0.845305 0.792073 0.212960 1.102329 -2.686619 -1.591311 -2.473252 0.786021 -0.196870 0.387287 -0.480458 -0.378906 -0.945114 -0.623331 0.492539 2.010843 -0.730207 0.765867 0.150659 1.731715 0.635497 -0.432225 0.672209 0.935714 0.851955 0.056380 -0.268569 -0.257132 1.267390 -0.720998 1.295068 0.895578 0.682156 -1.601618 1.356100 -0.058866 -0.430745 0.969452 -0.118264 -0.542900
40 -0.353996 -0.451980 0.537688 -0.315594 -0.483647 -0.118897 -1.043908 0.164784 -0.264337 -0.904267 2.130183 -0.428566 -0.025359 -0.163803 0.576905 1.188371 -0.384085 -0.660347 0.005197 -0.103806 1.221913 0.537740 0.188994 0.334434 -0.455171 0.225794 -2.584323 -1.203796 0.998241 -0.206685 -0.300154 -0.612962 0.521946 -0.203016 -2.343978 -0.472098 -0.148598 -0.263216 0.033097 0.889232 0.283375 -0.181288 1.301860 0.738558 -0.640631 3.406726 -1.154468 -0.390497 -0.411838 -0.037772
41 3.256336 -2.014739 -0.166495 0.891548 4.603509 0.521339 -0.362944 -0.915497 4.382731 -0.595058 0.636227 -0.494407 4.676970 6.506425 1.477840 -1.371413 0.121720 3.667954 2.443429 0.452992 0.424131 5.383382 4.599291 4.234431 -1.559647 -0.180791 5.177709 -0.316204 -1.140307 4.886594 4.904409 0.438221 5.642163 4.025635 3.034772 5.880853 1.141219 6.336741 0.811732 0.365987 0.058146 -1.675238 -0.204948 0.372474 0.896794 1.945856 4.162556 4.766930 0.303825 0.848460
42 4.744910 -0.724275 -0.584878 0.078678 3.916219 -0.888786 0.643642 -0.604759 4.001562 -1.030600 0.023579 -0.915855 3.978374 3.501833 -1.102635 -0.258412 -1.838772 5.728201 5.274093 -0.955573 1.495508 6.104101 3.139955 4.885934 -0.617368 0.298419 3.471098 -0.819862 -1.522286 3.585585 5.822562 0.001403 4.189213 4.792324 3.445835 3.628487 -0.980497 5.596477 -0.339033 -0.732034 -0.830602 1.260816 0.511078 -0.272809 -0.394940 2.034499 4.055974 3.788096 0.100875 0.594388
43 4.937154 -0.624629 -0.969501 1.081082 3.538532 -0.291988 0.957424 0.985379 3.279318 0.505894 -0.508072 -0.127725 3.486258 4.076980 1.395093 0.279647 1.466795 3.268477 4.267605 0.669142 -0.420082 4.345380 1.945716 4.458861 0.598513 -0.173712 2.403734 0.288651 -0.517617 3.591645 1.654248 0.574769 6.095471 4.157623 5.490137 4.213905 0.310195 4.579371 -0.672778 0.665178 0.785018 0.600418 0.392663 -0.710747 0.011923 1.468083 3.362851 3.474749 0.029979 -0.146041
44 4.304134 1.273847 -0.882531 -1.732591 4.718511 0.789187 -0.346209 -0.491979 4.136741 -1.896979 -0.083859 0.544891 5.176340 5.312182 1.143833 -0.606718 -0.618191 3.202208 4.936476 0.234494 -0.087395 4.602594 4.660512 3.873365 -0.663793 -1.334857 3.663634 0.945039 -1.091215 3.970955 5.098439 -0.874418 4.211975 4.689594 3.167434 4.341666 -2.688149 4.064731 2.046336 0.860063 1.226626 -0.018401 -0.500158 1.768515 -0.564860 0.478625 2.978752 3.808099 -0.458649 -1.191284
45 1.082729 -1.108911 -1.699115 -0.554343 -0.032505 0.511426 0.016549 0.662322 -0.631934 0.799520 -0.703810 -1.205113 1.057574 -0.847247 0.850111 0.702355 0.411077 1.897237 -1.183015 -0.125050 1.225332 -1.392288 0.415508 0.236909 0.263985 0.446719 -0.028067 -0.888160 -1.538977 -2.235718 1.006044 -1.681250 -0.428971 1.154824 -1.295807 0.948125 1.463307 0.076913 -0.806918 0.118530 2.204969 -1.355350 0.857455 -0.174898 2.202479 -0.569781 -0.461812 -0.788127 -0.051841 2.012993
46 2.090126 0.680165 0.334274 0.330320 -0.435560 0.695834 -0.540539 -0.149534 1.931304 -0.472224 -1.035831 0.326846 -1.611540 0.961412 -0.667972 0.122063 1.524477 1.037804 -0.093987 0.641728 0.245184 -0.866368 -1.049973 0.431735 -0.579577 1.031330 -1.062398 0.245792 -1.270085 1.093934 -0.170342 -0.235349 -0.200131 0.501092 0.847151 -0.493830 1.114715 -1.018269 -0.692026 0.568087 -0.230700 -0.487967 -1.281123 -1.217934 -0.516140 -0.874382 -0.621396 0.439213 -0.236559 -1.180709
47 -0.601325 0.697453 0.980750 -0.246626 0.031832 2.323143 0.719231 0.503715 -0.820628 0.688651 -0.905298 -0.865349 0.232785 -0.091060 -0.757399 -2.601313 -0.496960 -1.000988 -0.083045 2.051022 1.364867 0.516320 -0.651087 -1.971033 -0.244274 -1.150775 1.671593 0.293444 0.640016 0.517513 0.456632 -0.898373 0.340224 0.658920 -0.588274 -1.881092 -2.621382 0.331114 1.384170 -3.391591 1.577116 0.163192 -0.916139 -1.383607 0.357053 1.335515 0.413813 -0.545895 1.302073 -0.536986
48 -0.689509 0.109148 0.658690 -0.460178 -0.530771 1.226482 -0.875990 0.515058 0.214384 -0.336820 -1.921964 -2.259559 -0.359762 -0.052952 -1.546535 -0.316760 -1.056686 0.087646 0.978629 0.762144 -1.019742 0.120405 -0.480995 -0.598476 -0.651762 1.636423 0.520243 -0.341103 -3.000239 -1.357308 1.271991 1.414095 -1.540850 -0.272049 0.967780 -1.076938 -0.072357 -0.978159 0.813753 0.969400 -1.604540 -0.920640 -0.403879 -0.173189 -0.090089 1.133334 -1.398094 0.691144 0.439124 0.674458
49 0.807360 1.035558 -0.857583 -0.054124 0.815433 0.044844 0.449105 -1.508347 -0.363835 -1.148501 0.537620 0.348849 1.630488 1.356082 1.680648 0.195759 -0.604877 -1.734753 -0.512082 -0.099629 1.091143 0.038368 -0.412992 0.982294 -2.236129 0.500471 0.490402 -0.369650 0.141754 1.482569 -0.271710 1.899698 -1.623022 1.017770 -0.204674 1.331580 -1.057905 0.254866 -0.469785 1.605800 0.343867 -0.867465 0.279539 -1.169500 -0.877041 -0.639663 -0.267945 -0.209177 -0.517678 -1.099864
50 -0.621905 -0.879856 -0.641015 1.754283 0.809264 0.687332 1.713082 -0.371409 -1.203720 -1.160698 0.409274 1.628849 -0.799058 1.806494 1.321906 -2.836422 -0.659586 -0.676054 1.080224 -0.393704 -0.282972 0.854088 0.716158 1.159547 0.083242 0.624747 -1.199502 -0.704070 -0.277708 0.843924 2.843559 1.349662 1.527481 0.147101 -1.523555 0.322145 -0.980821 -0.027462 -1.754428 -0.391137 -1.050637 0.683900 -0.503410 -0.283670 -1.286074 -0.981545 -0.330181 -1.648640 -0.429445 1.692724
51 3.083587 0.005616 1.140099 -0.150444 4.212146 -0.617863 -1.467141 -0.334417 2.999712 0.653928 -0.170998 0.465163 3.055710 4.342333 0.130920 -0.308275 1.522000 3.713044 4.952246 -0.623890 0.876222 4.522952 2.664392 0.584161 -0.901755 0.243353 4.823635 -0.490702 1.028554 3.636372 2.981600 0.426677 3.107106 6.543121 3.939237 1.452056 -1.134779 4.541225 0.618506 -3.214693 -0.356566 -0.757957 0.887352 -1.828446 0.280194 -1.946197 3.837632 1.906859 0.475479 0.003917
52 5.120904 -0.369018 -0.134836 -1.061508 5.727775 -0.476068 0.625120 -0.418624 3.954412 0.107093 0.731050 0.893232 2.017408 5.599933 -1.004920 1.095658 0.175083 3.064529 3.088934 -0.685084 0.227453 3.971806 5.229216 4.106537 -0.696392 -2.047487 3.595205 -0.632912 0.014606 6.031573 4.479548 -1.043500 4.979469 4.594712 3.360935 4.005962 -0.480986 4.383159 -0.571446 0.026511 0.042251 0.239665 -0.409711 1.911732 -1.220407 -0.402226 3.148806 5.890940 -2.326348 -0.595660
53 4.866677 -0.557922 1.329433 -0.531204 3.939027 0.302263 0.922784 0.036536 4.409158 0.243468 -1.005608 0.328923 3.717084 4.510478 -0.230297 -1.393973 -2.847007 2.874971 2.786522 0.363018 -2.643415 2.093439 4.207551 4.411853 -1.382269 -1.225600 1.257939 1.524213 -0.520652 4.512964 3.833681 0.026085 4.455995 3.618913 3.571363 4.771753 0.882186 4.314654 0.518327 0.574539 -0.603232 0.917712 0.399789 -1.369086 0.417381 0.810373 5.561339 4.144214 -1.016270 1.497224
54 2.706720 0.648462 -0.573995 1.389750 4.476149 1.373719 0.544610 0.854123 4.290022 0.020155 0.035847 0.300199 4.200471 4.272105 0.288953 -0.830482 -0.902698 4.861425 6.890454 -0.375524 -0.365055 2.168349 4.514632 4.057832 -0.088616 0.470078 1.916582 -1.515390 1.173067 2.752707 4.400123 -0.261848 3.870866 4.344832 4.524621 2.888304 -1.958452 4.343108 0.328597 0.237752 1.289241 -0.200154 -0.256763 -1.491378 -0.049749 0.919585 4.097126 4.965446 -1.097926 -0.871237
55 -2.153407 0.543607 0.326095 0.048058 -1.200903 0.164305 -1.660996 -0.515942 1.079430 -1.176516 1.323938 -1.867469 0.309833 0.610211 -1.092249 0.395943 0.357068 0.178757 0.445497 -1.480217 1.965528 -1.308677 0.526401 -1.107742 0.409911 0.586284 -1.021684 -0.335070 0.075010 0.852906 -0.110579 -1.906480 -1.004577 -0.425929 0.063446 0.791891 -0.117973 -0.862188 -0.232480 1.255513 -2.029664 -0.204519 1.401492 2.000292 0.919514 0.532827 1.070062 -0.233809 -0.959798 0.954574
56 -0.787150 -0.101772 1.579994 0.183947 1.081947 -1.387708 -0.748006 -1.782400 -1.770049 0.301975 0.988118 0.696362 0.002800 -1.688526 1.454297 -0.614588 1.991579 0.175197 1.992690 -1.070927 -0.199367 -0.208072 -0.255013 -0.372999 -2.543121 0.346540 0.468892 -1.882709 -0.727504 -2.481087 1.188952 0.412033 -0.740589 -1.032369 -0.730775 -2.583507 2.076419 2.299792 0.001369 -1.997086 0.632441 0.711692 0.940626 -0.279542 -0.130929 0.308824 0.569510 0.658793 -0.972261 1.275531
57 -1.061357 -0.731287 0.516685 -0.063647 -0.203991 0.502529 -1.003162 -1.969186 -0.282571 -0.235431 0.587274 -0.706074 1.082579 1.106652 -0.164916 -0.241360 0.102689 0.458374 -0.533401 0.616986 0.917903 -1.049851 0.400231 0.566466 0.160177 0.834005 1.284690 -0.800540 0.506925 -0.277420 -0.969400 -0.495715 2.245189 0.627526 1.257224 -1.517615 -1.275185 -0.361066 -0.147491 0.578874 -0.367821 -1.189731 -1.748336 0.831564 -1.315153 1.681349 -0.692531 0.629895 3.919300 1.547180
58 0.197359 -0.288581 0.183197 0.944542 -0.951597 0.792451 -1.420496 -0.151592 -0.363775 0.823659 0.233244 -1.842339 -0.082783 0.409987 -0.800923 -0.821803 0.994986 -0.214840 -0.679785 0.802657 0.559483 -0.070046 0.218296 1.385888 0.642370 -0.176274 -1.621637 1.184608 -0.076486 0.781297 -0.954367 -0.036208 -0.598738 0.316447 0.922452 0.467150 0.905239 0.821255 -0.723847 1.152236 -0.514372 -0.774949 -0.833346 -0.665745 1.045728 -0.766770 0.671839 -0.926660 -0.021998 1.382868
59 2.427894 0.491890 -1.362011 -0.377729 -1.146601 0.192388 -1.631886 0.049143 -0.242985 0.485598 1.835807 1.900197 1.071332 0.219221 0.372899 0.586642 -0.643387 0.563757 -0.929180 1.689356 -0.498737 0.595512 -0.960504 0.222081 1.491365 -0.770078 -0.797380 1.022765 -0.052389 0.201368 -1.626474 -0.858547 0.298385 -1.762958 -0.189764 -1.911677 -0.138870 -0.320507 1.521603 2.066584 -1.218732 0.105430 1.015193 0.989279 1.059851 0.600903 0.171618 0.138137 0.377615 0.105410
60 0.671347 -0.237536 -0.359384 0.398564 0.296518 -0.257140 -0.464472 1.175685 0.204394 -0.864755 0.209475 0.958991 -0.604104 -0.602821 0.440802 -0.241503 -2.392905 0.082796 -1.221865 1.303692 0.023438 0.597204 -0.406814 1.886461 -1.063641 1.180746 0.063803 -0.680148 0.486085 1.511989 -1.604535 0.252791 -0.783849 0.508027 0.244047 1.863272 -1.520194 1.031497 -0.236882 0.118334 -0.012830 0.834173 0.715417 0.043008 -0.571284 0.022132 0.399840 1.258039 -1.405703 1.309065
61 -1.038371 -1.739116 -0.221521 1.182654 0.878168 -0.583006 0.943254 0.241336 -0.146048 -0.229373 2.051787 0.047505 1.327230 0.525337 1.890771 0.592888 0.373757 1.807537 -0.475693 0.515917 0.210441 0.808637 0.563967 0.618321 2.722559 -0.117461 -0.985286 -1.759101 -0.179344 0.080792 1.564926 0.064889 1.261406 1.268203 -1.584439 0.348831 1.022693 0.868260 0.129847 -1.229889 -0.065966 -0.646585 1.979184 0.900652 0.760832 1.468740 -0.427435 -0.516379 1.287767 0.209011
62 -0.887750 0.821225 -0.920026 -0.156197 -1.220461 -0.835516 0.359360 0.350910 -1.949648 -0.674351 0.725587 0.837898 -0.871352 -0.440243 -1.072146 -0.005915 3.452346 -0.936388 0.274009 -0.007878 -1.726192 -0.157324 0.787356 -0.561911 0.415306 1.268424 -0.224902 0.690696 0.122717 -0.197871 -0.065930 0.592843 -0.726041 0.460530 0.624229 -0.096064 -1.664915 -0.123811 -0.083792 -0.161940 -0.393503 -1.417920 -0.028175 -0.953227 1.010409 0.652825 -0.924804 2.466171 -1.214740 0.400044
63 -0.521664 1.962613 -2.943746 -0.129908 0.202226 0.916086 -0.081158 -0.749399 -0.935322 -0.919136 0.820484 -0.414928 1.205258 -0.297642 1.129348 0.322124 0.795653 -0.333574 0.742114 0.571850 -0.524239 0.893341 1.987964 -0.386367 -0.534887 1.042442 0.098967 -0.505278 0.350355 -1.431925 -1.089135 0.177319 -0.558473 -0.978192 0.623395 -0.734586 -1.635810 0.180556 -0.207123 -0.375912 0.085735 -1.227727 -0.539993 -0.726172 1.876788 -0.190900 -0.113018 -1.881060 1.418980 -1.108521
64 0.526848 1.428240 -0.214213 0.520552 0.459784 -1.635871 -0.140816 0.566458 -0.234061 0.965038 1.014266 0.822805 0.568462 0.262006 -0.371617 1.707337 -1.453650 0.498228 1.771132 0.164318 0.193110 1.559753 -0.400196 -0.575380 -0.218449 0.328799 0.803913 -1.724453 -1.874114 -0.030973 0.798285 0.441427 -0.074657 -1.560816 2.292298 0.694962 -0.323382 -1.452808 0.378447 0.846501 0.057611 0.170623 -1.973161 -0.362300 0.838346 1.124053 1.078661 0.690334 0.936541 0.222006
65 2.053694 1.022271 -1.509556 0.052001 -0.147933 -0.877138 -0.347382 1.083873 -0.027934 0.534445 -0.162611 -0.745891 0.019586 0.024592 -0.869662 -1.236868 -0.330832 -0.345805 -0.448477 0.651254 -0.376110 -0.800807 0.294220 0.910967 -0.491783 1.120017 -1.206595 -1.566622 -0.341333 0.895107 0.333033 0.674753 0.433937 0.500644 -1.048784 1.075863 -1.037092 -0.225396 0.725847 1.627365 -0.926598 0.698291 0.107202 0.609194 -0.312183 0.668214 -1.192110 -0.185335 1.341969 -1.562921
66 -0.624325 0.092251 1.509693 0.671869 -0.196741 1.599481 0.798283 2.117911 0.156382 -0.260516 0.381740 -0.033687 0.105360 -1.340743 -0.675362 -2.142263 -2.222720 -0.340055 1.021176 0.507764 1.460114 1.698511 -1.498737 0.724809 -0.366575 0.175613 0.766112 0.390918 0.782922 1.728955 0.833295 0.692480 -1.350407 1.655851 -0.367363 1.906160 0.649195 -0.722220 0.623934 -1.626409 -0.062387 -0.844816 1.751775 1.734215 -0.656800 0.967586 1.016643 0.379030 0.418173 0.725848
67 -1.727373 -0.403098 1.219371 0.988120 0.501822 0.495240 0.228429 -0.675708 1.230985 0.396250 -0.266655 -0.666415 0.735464 -0.530998 -0.526799 -0.574747 -0.366556 -0.090165 0.957289 -0.077120 -0.145221 0.651299 -1.010308 0.452685 0.138344 0.110629 -1.049817 1.934291 -0.531325 -0.516651 -0.047085 -1.469194 1.704767 0.557439 -0.284431 -0.053679 0.854240 -0.346777 -1.467523 -0.089147 0.096577 -0.211788 1.386779 1.505217 2.003955 1.707500 0.856882 1.680209 0.576524 0.798091
68 -0.516686 0.463844 0.771831 0.744647 -1.764351 -0.646610 -0.738149 -0.384619 0.418516 1.035308 0.906352 1.006804 0.898983 -2.516680 0.774493 -1.623031 0.377049 -0.181536 0.762190 -0.923128 -0.531715 -1.910510 0.907250 0.683979 -0.162707 -1.044362 2.609559 -1.169092 0.463182 -0.705981 0.018357 -0.204629 0.256698 -1.197212 -1.284117 -1.338081 0.007302 -0.681232 0.157607 0.911702 -2.110838 -0.004742 0.602093 -0.083484 -0.312049 1.659843 0.655058 -0.900489 1.349372 -1.585799
69 0.028641 -0.239874 1.861573 -0.599124 -1.408636 0.777442 0.776501 0.461431 1.273278 1.428284 -0.368065 -0.160315 0.522464 1.839163 0.168494 -1.466765 -0.857579 0.542650 0.143283 1.216245 0.065171 1.992451 1.567312 1.166258 -1.222417 1.626655 -0.744184 -1.523434 -1.856493 -1.093801 0.587014 -0.805524 0.306644 1.288691 -0.344575 -0.967248 0.529893 0.387595 0.637043 -0.518280 -1.524764 1.238063 1.016402 0.826174 -0.164496 -1.337247 2.962480 0.169274 -0.268123 -0.640560
70 -0.460468 -0.642854 0.656075 -0.933960 -1.563655 -1.007123 0.250343 1.904862 0.301617 0.187710 -0.076424 -1.256576 -0.434630 0.689734 -1.549087 0.458679 -0.258958 1.046718 1.185478 1.198387 1.570589 0.004185 -0.665975 0.681202 1.527625 -1.513910 -0.347914 0.171417 -1.018012 -1.503315 -0.220639 -0.789820 0.679892 -0.174641 0.450313 -1.173729 -0.476087 1.224443 0.290572 1.121102 -0.773812 -0.168326 -0.407639 -0.086610 0.896158 2.136171 -1.345783 0.639523 -0.476901 0.749583
71 -1.720178 1.929427 -0.004140 -0.281809 0.458082 -1.052763 -2.559879 -1.896158 -1.353808 0.010516 -0.648974 2.094765 0.958664 0.481146 -0.797269 -0.449284 -0.281734 1.658378 -1.089818 0.520958 -0.593673 -0.917582 1.138768 0.957487 0.208946 -0.988906 -1.304277 -0.132002 -0.429377 1.286511 0.027048 -1.269608 1.393920 -1.021378 -0.874204 -0.135532 0.277848 -0.384311 0.238671 0.022186 -1.087849 -0.842995 -1.361356 1.898036 0.012941 -1.509916 1.144209 0.114875 1.186182 0.288300
72 0.413935 -1.406000 0.855950 -1.970501 -0.668180 -0.005031 -0.757636 0.296847 1.896331 -0.738065 -0.088750 0.721542 0.596857 0.866627 0.619617 -0.003386 -0.918094 0.058869 1.311607 -1.863656 -0.248428 -0.328990 -0.010234 0.317802 0.407189 -0.399963 0.502551 -0.206486 -0.407907 1.100871 -0.007038 -0.778253 1.379324 -1.208348 -0.021701 0.812561 -0.034487 -0.089663 0.382670 -1.038797 0.851861 -1.568072 0.822436 -1.356415 0.356268 0.166866 -0.889132 0.335219 -0.068838 -2.236404
73 -1.433897 1.463606 -0.108049 2.309844 0.026007 0.769973 -0.050269 2.101044 0.034209 0.150413 -0.540774 0.713594 0.346821 1.082663 1.172833 -0.659549 1.500139 -0.638328 -0.098953 -1.491710 -0.091959 0.592349 -1.475438 -0.733428 0.462904 -0.590640 -1.823339 -0.069945 1.143058 -0.811162 -0.007959 1.500674 2.675846 0.021125 -1.989646 -1.326092 -1.544170 0.206599 0.264910 -0.637082 -0.081000 -1.355595 -1.058009 -1.549972 0.551715 -0.955826 1.553540 -0.050169 -1.086566 -0.682348
74 -0.772666 0.327699 -0.996944 -2.167083 -1.185011 -0.529940 0.020283 0.301233 1.386234 -1.156211 1.113874 -1.038530 -0.377118 0.016012 -0.629780 -0.874669 0.420443 -0.921495 0.500866 -1.287441 1.055015 -1.451173 -0.564232 0.972193 -1.050593 0.840022 0.072929 -0.714939 -1.291933 -0.850116 -0.088501 -0.076912 -2.324722 -0.285270 0.439977 -2.319948 1.689516 -0.396835 -0.143039 0.737725 1.975690 -1.301941 -1.716568 0.509208 0.994056 0.393950 0.828120 1.703565 -1.411095 1.046657
75 -0.460044 1.046613 -1.271584 -0.490229 0.011284 1.247055 -0.979965 -1.768679 0.268132 1.524688 -1.208321 -0.062040 -0.498892 0.393297 0.903024 0.701123 0.576303 -1.090126 -1.163350 0.477225 2.069655 -1.122251 1.311490 0.432690 0.569817 -0.741272 -0.243458 -0.479710 -0.772838 3.220218 -0.737073 -0.303185 -0.355247 -1.773720 2.222973 -1.624537 0.728366 1.199351 0.513192 -0.448035 0.898462 -0.349636 1.029086 -0.078165 -0.959920 -1.604439 1.837648 0.809739 1.535325 -0.938421
76 1.068047 -0.747921 1.063567 0.808614 -0.583211 -1.424751 -0.527066 1.064851 0.624639 0.471499 -0.209041 0.629711 0.131494 0.014353 -1.509839 -0.363055 -0.071518 0.886489 0.491529 1.801433 -0.784696 -0.445038 -0.981831 -0.442766 -0.436862 -0.048950 2.141511 1.034170 2.197301 -0.343872 0.835000 1.302738 0.742822 1.325101 1.475039 0.388081 -0.692364 -1.646763 -0.805245 0.689905 0.487306 -0.075078 -1.303931 -0.837568 0.573644 0.528291 1.629394 -0.792152 1.468690 0.534514
77 1.801677 0.402294 -0.499804 -1.014916 -1.093751 0.733225 0.145359 -0.297183 0.858277 1.072332 -1.798818 0.534208 1.693164 -0.585007 1.635036 -1.582460 -0.395792 0.487883 -0.157886 2.150922 -0.489107 0.728677 1.558029 -2.998438 0.163386 -1.709981 0.693916 -0.650569 -1.395476 -0.337266 1.159066 -1.986262 0.308768 -1.581446 1.392500 0.357232 -0.864257 0.818548 0.486627 -0.421076 1.947057 -0.808824 0.985938 1.326638 -0.405798 0.351161 -0.388929 0.164411 0.168162 -0.527427
78 1.670258 0.595942 0.440412 -0.701729 1.316051 -0.576886 -0.154540 -0.826572 0.001356 -0.942835 1.279111 -0.138687 -1.326114 0.247662 0.209564 -0.864975 -0.463784 1.100633 0.760694 0.985038 -1.297098 -1.654188 -0.485709 0.063817 -0.256473 0.081034 1.502137 -1.069923 2.233201 -0.835443 0.733797 0.264774 -0.851017 -0.033251 0.398757 0.900522 0.581489 -1.548504 -0.613297 0.175915 -1.032203 0.352563 1.613555 0.315987 0.203966 0.128811 0.021297 -0.986243 -0.306754 0.569078
79 -0.407332 -1.747158 2.457178 0.431297 0.241634 -1.161343 -0.790537 1.497903 0.202051 -0.560672 -0.478273 0.050365 0.094028 -0.181086 0.950503 -0.594133 -0.995945 0.040478 -0.352560 0.457991 0.249344 -0.238788 0.784564 1.609897 0.457909 -1.132518 -0.826807 -0.257210 0.426532 -0.859400 -0.770077 2.065815 0.282035 2.004700 -0.663833 -0.414548 -1.137147 1.689905 1.994799 2.334748 -0.214902 0.232921 -0.890237 1.501304 -0.223232 0.364262 0.006874 -0.028849 -0.234307 -0.297895
80 0.391447 -0.287832 -0.098375 -0.080470 1.459660 -0.263226 -0.808125 0.541346 -0.212938 -1.111758 -0.691547 0.333082 0.484324 -0.380411 0.776427 -1.295700 0.112360 -0.293405 0.003088 -1.495555 -1.329176 0.153643 -1.606475 0.433136 1.998845 -0.791333 -1.385461 -1.291928 1.950109 0.994718 0.686518 0.242416 -1.467297 -1.274165 -0.587511 0.583077 -0.468728 -1.480798 -0.078661 1.014590 0.679301 -0.568997 0.915046 1.719369 0.784510 -0.692761 -0.053895 -0.457422 0.128137 -0.061155
81 -0.949397 0.230160 -0.026709 -0.009195 0.212871 -1.140108 -0.197422 -0.032637 1.358503 -0.854400 0.629081 -0.644026 1.082445 0.097622 0.048775 -1.423151 -0.480557 -0.070635 -0.217408 -1.657674 -0.071994 -0.342104 -1.114396 -0.428165 -0.186846 0.554923 -1.169104 -0.485330 -0.490246 -0.133784 -0.754870 1.467280 -0.387268 0.307352 2.057129 -0.213167 -1.472050 -0.652442 -0.671224 -2.672235 0.262654 -0.550929 1.105037 0.078813 0.743429 1.172911 0.412121 0.186658 0.344520 -1.166283
82 -1.751731 -0.142465 1.406669 0.515013 0.989303 -1.061457 0.809912 -0.627007 1.637734 1.359002 0.330036 1.417677 0.123671 -0.388443 -0.388952 1.283682 -0.289459 -2.064813 1.209947 -0.852273 0.339759 -0.714561 -0.316803 -0.150789 -0.499542 1.891440 0.173837 0.693315 0.566271 -1.273052 -0.771730 -0.097050 -1.372310 -1.600107 0.195510 1.680733 0.110551 0.096560 0.858142 -0.143622 -1.706786 -0.296432 0.747270 -1.883589 -0.333198 -0.228498 0.901085 0.354112 -0.363730 1.238858
83 1.818996 -0.045117 -0.174743 1.503249 2.761150 0.564063 -0.740669 -0.196941 -1.090895 -0.276363 -0.280311 0.784140 0.783288 0.212842 0.237463 1.029419 1.414413 0.351629 0.796003 0.440639 -0.102263 0.657624 0.527582 0.390102 -0.326876 -2.260933 -0.888437 -1.789536 -2.835590 1.515548 0.291725 -1.471169 -0.595603 1.287489 0.219014 0.005650 -1.137220 -0.023509 -0.067277 -0.151490 -1.679482 0.809698 0.541758 -0.419077 -0.051633 -0.191568 0.157480 0.764326 0.474117 -1.128870
84 0.447871 -2.292731 -0.027683 -0.783915 0.989731 -1.064500 1.240636 -1.462019 -0.381110 0.926216 0.844054 0.613686 -1.248244 0.679424 -0.322022 -0.346122 0.603834 0.279200 -1.165339 -0.567506 -0.800758 1.251088 0.482432 -0.022653 -0.934155 -0.052503 0.669984 -0.626442 1.301445 -1.479488 -1.087260 2.243590 -1.657398 1.304117 -0.055159 1.581976 0.587736 0.220520 0.221131 0.383262 -0.695185 0.105968 0.596666 -0.002179 0.197665 0.191285 -0.010330 0.897076 -0.737557 0.458451
85 -0.683223 0.740454 0.034273 -0.065712 0.115304 0.411184 -0.801281 -1.047429 -2.048452 -1.569458 -0.343829 0.280875 -1.783434 1.293742 -0.138937 1.290062 0.550323 0.302234 0.883108 1.097307 -2.189183 1.070915 -0.695887 -0.399225 0.024566 -1.872065 -1.027778 -0.906704 -2.020521 -1.444204 -0.311229 -0.039350 0.377698 1.007390 0.479568 0.251520 0.049159 0.207024 1.709003 -0.297778 0.098620 1.381926 1.095663 -1.062333 0.288243 -1.613407 -1.443428 0.449991 0.057838 -1.074862
86 0.039687 1.093163 -0.525103 2.645530 0.764379 -0.396636 -0.959749 1.066874 1.196083 -1.017149 1.076928 -2.281515 0.439421 1.183815 -0.190090 -0.423049 -1.645416 -1.024778 0.831955 0.189703 -0.860633 -1.174692 -0.575579 1.152151 0.788286 -0.593031 -0.371122 -1.219284 -0.704526 0.192997 0.441852 -0.485769 -1.468888 -0.786845 0.793040 -0.183583 -0.763939 -1.287487 1.316092 0.953649 0.659632 0.860822 -0.675720 -0.694848 -0.234753 0.225091 -0.478981 0.729819 -0.358467 0.767107
87 -2.105218 -0.232368 -0.742944 1.262872 0.969873 -2.064473 -2.054302 0.617095 0.088780 -0.876308 0.044354 -0.996077 -0.036214 -1.239145 1.314051 1.186444 1.004522 -1.195371 -1.341599 -0.361414 0.278867 1.864405 -1.558763 -0.413438 -0.156008 -0.612384 0.748987 -0.596261 -0.062978 -0.076123 0.878821 1.394025 -0.585877 1.053542 -0.367766 0.231878 0.388438 0.572927 -2.389771 1.708461 0.413334 0.044398 -0.793337 1.170324 0.273578 0.831218 1.952808 -0.171923 -0.256435 0.742951
88 -0.154507 -0.266938 0.303491 -1.215795 0.540647 0.150070 -0.315096 2.075826 -1.772605 -0.190780 0.545443 -0.576476 0.475108 0.276829 0.884474 0.119234 -0.723869 -0.229565 -1.793436 0.305604 -1.414400 -0.711747 0.624766 2.043244 -0.646832 -0.616877 1.464356 0.833824 0.020091 0.669615 -1.128177 -0.394487 -0.428282 0.244446 1.340499 -1.286814 0.001564 -0.979627 0.989572 1.080848 0.692407 1.608169 -0.391293 -0.907071 -1.062149 0.248268 0.104935 -0.615060 1.076307 0.124189
89 0.250945 0.540267 0.802330 -1.054094 -0.395500 1.114532 -0.087133 1.243896 -1.707112 0.124876 -0.097110 0.154263 0.555924 0.536965 2.577298 -0.284343 0.755881 1.132240 0.599377 1.349296 0.124303 0.823577 0.255911 0.783340 -0.880577 -1.245998 -1.404318 -1.076845 -0.225051 0.256447 -0.162102 0.097684 -0.163546 -0.690657 1.018160 -0.608655 0.120387 0.909869 -0.163598 -0.870959 -1.320860 -1.089811 -0.119118 0.673655 1.555915 0.602471 1.169880 0.363494 -0.317124 0.131075
90 -0.509368 0.290706 0.703416 -1.625002 -1.232998 1.000436 -0.457564 0.174457 -0.521691 0.222625 -1.315091 -0.863417 2.188579 0.579880 0.582382 -1.572601 -0.020253 -0.137661 -0.430579 1.202692 -0.161797 1.160358 0.433035 -1.888584 -0.704762 -0.193483 -1.085606 -0.366606 -0.253040 -0.108474 -0.084422 -1.368529 -2.747117 -1.446530 0.087907 1.399971 0.471486 -0.867243 -1.698369 1.426912 0.433781 -1.562025 -2.421923 0.799440 -1.328628 0.992260 -0.790477 -1.769075 -2.186716 0.519367
91 -0.923740 0.568931 0.676474 0.766890 2.352552 -0.234290 0.407024 -0.483155 -0.017847 -0.182379 -0.352708 -1.184029 -1.248747 -0.251311 -1.377495 -0.915267 0.567531 -0.459526 0.634753 -1.821498 2.064693 0.562278 -0.757597 0.869565 -0.078822 0.084374 2.284409 -0.009812 -0.381633 -0.195487 1.227593 -0.725265 1.174616 1.613354 0.591672 -0.190100 0.510501 0.421491 -1.956727 0.695383 -0.595551 -0.837947 0.159277 0.851446 0.321702 0.273800 1.131683 0.441314 0.644026 -0.114921
92 1.093972 -0.618185 0.973713 0.343098 -1.476611 -2.741133 0.605904 -0.180882 0.045197 1.976682 0.295853 0.847989 1.306421 0.192979 0.871354 0.233919 -0.717933 0.843342 -0.154915 0.861367 -1.382870 1.107640 -0.009538 0.817366 -0.436398 -1.027609 1.622428 -0.022903 -2.039308 -1.420800 0.704846 0.242720 -0.551742 -0.243995 -0.377067 -1.219383 -0.256686 -1.234671 0.575737 -0.311918 -1.358244 0.129419 -0.437866 -0.948157 1.588734 0.608950 -0.996595 -1.795125 -0.319748 -0.568212
93 1.656933 1.003037 -0.069830 -0.226948 -0.136372 0.480419 0.917841 0.878728 1.202426 1.504894 -2.175696 -0.703310 -2.446589 0.169366 -0.194885 0.323582 -0.141621 -0.763405 -1.327027 -0.468285 0.434306 1.289445 0.552548 1.496788 -0.386160 0.486714 -1.097132 1.014869 -0.643147 -1.166213 -1.142710 -1.418561 -0.453404 1.008056 -0.684194 2.188532 -1.659235 0.000483 -0.858254 -0.376503 -0.198126 -0.688008 0.771690 0.737032 0.482011 -0.040716 -2.172606 -0.655636 -0.938261 -1.105900
94 1.601872 -0.151161 0.498991 -1.482843 0.271888 -1.663482 0.283147 -0.902693 0.056667 1.671649 -0.926601 0.652479 0.445286 1.576170 -2.872806 0.858531 -1.258982 -1.355127 -0.491975 -0.408261 1.367545 -1.376668 -0.056038 -0.561378 1.073602 -0.003938 -0.254378 -0.310889 0.087286 1.118396 0.072702 -0.135489 -1.100006 -0.663149 0.930186 1.550625 0.439911 -0.645810 -0.879274 -0.159552 1.139162 0.072099 -0.832252 -0.137255 1.642438 -0.581902 0.694089 0.797883 0.259393 0.434709
95 -1.080954 0.055395 -1.155519 0.035908 -0.660798 -0.185889 0.492095 0.349283 -0.602390 -0.154233 -0.231604 1.115707 -2.070083 0.292315 -0.842888 -0.101576 1.324029 0.364949 0.083642 1.171282 -1.773330 2.739040 -0.455046 0.096553 0.159500 0.367410 -1.803576 0.158256 1.403876 -0.031432 0.588616 3.437428 1.076085 0.585636 0.044133 0.530027 2.458773 0.479996 -0.206822 -1.296175 -1.841230 0.886342 0.589700 -1.612509 -0.833810 0.503667 0.781612 1.490367 0.439149 1.074553
96 0.165547 0.922217 -0.754343 -1.411888 -2.921006 0.190200 -0.630049 -1.394196 -0.619259 -0.291455 0.959767 -0.210306 -1.045135 -0.233616 1.464428 0.348778 -0.090683 0.175837 0.198088 1.430586 -1.291488 -1.489080 -0.246607 -0.387206 -0.526860 -0.245640 0.757260 -0.354919 -0.268604 -1.552969 -0.132384 0.587165 -0.084588 -0.151223 0.606940 0.392101 1.811704 0.066398 -1.178614 0.335767 1.591125 1.812301 1.529480 1.314913 -0.327955 -0.834882 0.846126 -0.056683 -1.031414 -0.600221
97 0.957510 0.642692 -1.399924 1.541305 2.090375 -0.930008 -1.162693 1.435938 -2.107170 -0.737067 -0.086442 -0.627066 -1.964779 -0.419342 -1.497423 -0.088437 -1.667285 -1.213617 1.198086 0.866987 -1.437348 -0.112276 1.087004 -1.263130 -0.508235 -0.124190 -0.556663 0.791283 0.204832 -1.182588 0.542376 -0.072114 -0.550555 -0.576635 1.637024 0.593163 -0.552112 0.136627 1.362480 -0.018435 0.066417 0.697392 0.449730 -0.133525 -0.286674 0.875005 0.110281 1.014170 2.952843 1.697271
98 0.281068 0.015521 0.428953 -0.425251 -1.422184 0.954894 -0.955864 0.146056 -1.968731 0.990216 -0.102556 0.753296 1.398406 -0.136472 1.300035 0.503760 -2.334436 -1.382963 0.198098 -0.022389 1.250086 -0.383899 -0.402245 -0.813544 -1.186318 0.578168 -0.093000 -0.005845 0.281351 0.115188 0.181477 -0.180229 -2.176925 0.642600 0.113404 -0.701607 -0.384589 -0.200120 -0.756071 0.086742 0.091709 0.913974 1.383770 0.305656 -0.482344 -1.627940 -1.423457 1.268727 -2.595875 -0.542990
99 -1.063460 -1.305773 0.425283 -0.087008 0.371696 -0.635403 -0.073788 -1.646662 -0.070027 1.115766 -0.289203 0.598838 0.668207 0.268362 -1.160449 0.166848 1.202841 0.384753 0.961669 0.780134 -0.870458 -1.373518 0.392821 -1.827035 0.568133 1.232933 0.279461 -2.044628 0.015032 1.733788 -0.415669 -0.593930 0.218832 1.555225 -0.208393 0.041857 1.439058 0.349682 0.087985 -0.533667 -0.434188 0.406173 0.422603 1.417042 1.925240 0.419348 1.701973 0.983958 0.155691 0.129733
END
#################################################################
SECTION3 (Edges Information)
EndPoint0 EndPoint1 Weight
0 1 1.000000
0 9 1.000000
0 10 1.000000
0 90 1.000000
1 0 1.000000
1 2 1.000000
1 11 1.000000
1 91 1.000000
2 1 1.000000
2 3 1.000000
2 12 1.000000
2 92 1.000000
3 2 1.000000
3 4 1.000000
3 13 1.000000
3 93 1.000000
4 3 1.000000
4 5 1.000000
4 14 1.000000
4 94 1.000000
5 4 1.000000
5 6 1.000000
5 15 1.000000
5 95 1.000000
6 5 1.000000
6 7 1.000000
6 16 1.000000
6 96 1.000000
7 6 1.000000
7 8 1.000000
7 17 1.000000
7 97 1.000000
8 7 1.000000
8 9 1.000000
8 18 1.000000
8 98 1.000000
9 0 1.000000
9 8 1.000000
9 19 1.000000
9 99 1.000000
10 0 1.000000
10 11 1.000000
10 19 1.000000
10 20 1.000000
11 1 1.000000
11 10 1.000000
11 12 1.000000
11 21 1.000000
12 2 1.000000
12 11 1.000000
12 13 1.000000
12 22 1.000000
13 3 1.000000
13 12 1.000000
13 14 1.000000
13 23 1.000000
14 4 1.000000
14 13 1.000000
14 15 1.000000
14 24 1.000000
15 5 1.000000
15 14 1.000000
15 16 1.000000
15 25 1.000000
16 6 1.000000
16 15 1.000000
16 17 1.000000
16 26 1.000000
17 7 1.000000
17 16 1.000000
17 18 1.000000
17 27 1.000000
18 8 1.000000
18 17 1.000000
18 19 1.000000
18 28 1.000000
19 9 1.000000
19 10 1.000000
19 18 1.000000
19 29 1.000000
20 10 1.000000
20 21 1.000000
20 29 1.000000
20 30 1.000000
21 11 1.000000
21 20 1.000000
21 22 1.000000
21 31 1.000000
22 12 1.000000
22 21 1.000000
22 23 1.000000
22 32 1.000000
23 13 1.000000
23 22 1.000000
23 24 1.000000
23 33 1.000000
24 14 1.000000
24 23 1.000000
24 25 1.000000
24 34 1.000000
25 15 1.000000
25 24 1.000000
25 26 1.000000
25 35 1.000000
26 16 1.000000
26 25 1.000000
26 27 1.000000
26 36 1.000000
27 17 1.000000
27 26 1.000000
27 28 1.000000
27 37 1.000000
28 18 1.000000
28 27 1.000000
28 29 1.000000
28 38 1.000000
29 19 1.000000
29 20 1.000000
29 28 1.000000
29 39 1.000000
30 20 1.000000
30 31 1.000000
30 39 1.000000
30 40 1.000000
31 21 1.000000
31 30 1.000000
31 32 1.000000
31 41 1.000000
32 22 1.000000
32 31 1.000000
32 33 1.000000
32 42 1.000000
33 23 1.000000
33 32 1.000000
33 34 1.000000
33 43 1.000000
34 24 1.000000
34 33 1.000000
34 35 1.000000
34 44 1.000000
35 25 1.000000
35 34 1.000000
35 36 1.000000
35 45 1.000000
36 26 1.000000
36 35 1.000000
36 37 1.000000
36 46 1.000000
37 27 1.000000
37 36 1.000000
37 38 1.000000
37 47 1.000000
38 28 1.000000
38 37 1.000000
38 39 1.000000
38 48 1.000000
39 29 1.000000
39 30 1.000000
39 38 1.000000
39 49 1.000000
40 30 1.000000
40 41 1.000000
40 49 1.000000
40 50 1.000000
41 31 1.000000
41 40 1.000000
41 42 1.000000
41 51 1.000000
42 32 1.000000
42 41 1.000000
42 43 1.000000
42 52 1.000000
43 33 1.000000
43 42 1.000000
43 44 1.000000
43 53 1.000000
44 34 1.000000
44 43 1.000000
44 45 1.000000
44 54 1.000000
45 35 1.000000
45 44 1.000000
45 46 1.000000
45 55 1.000000
46 36 1.000000
46 45 1.000000
46 47 1.000000
46 56 1.000000
47 37 1.000000
47 46 1.000000
47 48 1.000000
47 57 1.000000
48 38 1.000000
48 47 1.000000
48 49 1.000000
48 58 1.000000
49 39 1.000000
49 40 1.000000
49 48 1.000000
49 59 1.000000
50 40 1.000000
50 51 1.000000
50 59 1.000000
50 60 1.000000
51 41 1.000000
51 50 1.000000
51 52 1.000000
51 61 1.000000
52 42 1.000000
52 51 1.000000
52 53 1.000000
52 62 1.000000
53 43 1.000000
53 52 1.000000
53 54 1.000000
53 63 1.000000
54 44 1.000000
54 53 1.000000
54 55 1.000000
54 64 1.000000
55 45 1.000000
55 54 1.000000
55 56 1.000000
55 65 1.000000
56 46 1.000000
56 55 1.000000
56 57 1.000000
56 66 1.000000
57 47 1.000000
57 56 1.000000
57 58 1.000000
57 67 1.000000
58 48 1.000000
58 57 1.000000
58 59 1.000000
58 68 1.000000
59 49 1.000000
59 50 1.000000
59 58 1.000000
59 69 1.000000
60 50 1.000000
60 61 1.000000
60 69 1.000000
60 70 1.000000
61 51 1.000000
61 60 1.000000
61 62 1.000000
61 71 1.000000
62 52 1.000000
62 61 1.000000
62 63 1.000000
62 72 1.000000
63 53 1.000000
63 62 1.000000
63 64 1.000000
63 73 1.000000
64 54 1.000000
64 63 1.000000
64 65 1.000000
64 74 1.000000
65 55 1.000000
65 64 1.000000
65 66 1.000000
65 75 1.000000
66 56 1.000000
66 65 1.000000
66 67 1.000000
66 76 1.000000
67 57 1.000000
67 66 1.000000
67 68 1.000000
67 77 1.000000
68 58 1.000000
68 67 1.000000
68 69 1.000000
68 78 1.000000
69 59 1.000000
69 60 1.000000
69 68 1.000000
69 79 1.000000
70 60 1.000000
70 71 1.000000
70 79 1.000000
70 80 1.000000
71 61 1.000000
71 70 1.000000
71 72 1.000000
71 81 1.000000
72 62 1.000000
72 71 1.000000
72 73 1.000000
72 82 1.000000
73 63 1.000000
73 72 1.000000
73 74 1.000000
73 83 1.000000
74 64 1.000000
74 73 1.000000
74 75 1.000000
74 84 1.000000
75 65 1.000000
75 74 1.000000
75 76 1.000000
75 85 1.000000
76 66 1.000000
76 75 1.000000
76 77 1.000000
76 86 1.000000
77 67 1.000000
77 76 1.000000
77 78 1.000000
77 87 1.000000
78 68 1.000000
78 77 1.000000
78 79 1.000000
78 88 1.000000
79 69 1.000000
79 70 1.000000
79 78 1.000000
79 89 1.000000
80 70 1.000000
80 81 1.000000
80 89 1.000000
80 90 1.000000
81 71 1.000000
81 80 1.000000
81 82 1.000000
81 91 1.000000
82 72 1.000000
82 81 1.000000
82 83 1.000000
82 92 1.000000
83 73 1.000000
83 82 1.000000
83 84 1.000000
83 93 1.000000
84 74 1.000000
84 83 1.000000
84 85 1.000000
84 94 1.000000
85 75 1.000000
85 84 1.000000
85 86 1.000000
85 95 1.000000
86 76 1.000000
86 85 1.000000
86 87 1.000000
86 96 1.000000
87 77 1.000000
87 86 1.000000
87 88 1.000000
87 97 1.000000
88 78 1.000000
88 87 1.000000
88 89 1.000000
88 98 1.000000
89 79 1.000000
89 80 1.000000
89 88 1.000000
89 99 1.000000
90 0 1.000000
90 80 1.000000
90 91 1.000000
90 99 1.000000
91 1 1.000000
91 81 1.000000
91 90 1.000000
91 92 1.000000
92 2 1.000000
92 82 1.000000
92 91 1.000000
92 93 1.000000
93 3 1.000000
93 83 1.000000
93 92 1.000000
93 94 1.000000
94 4 1.000000
94 84 1.000000
94 93 1.000000
94 95 1.000000
95 5 1.000000
95 85 1.000000
95 94 1.000000
95 96 1.000000
96 6 1.000000
96 86 1.000000
96 95 1.000000
96 97 1.000000
97 7 1.000000
97 87 1.000000
97 96 1.000000
97 98 1.000000
98 8 1.000000
98 88 1.000000
98 97 1.000000
98 99 1.000000
99 9 1.000000
99 89 1.000000
99 90 1.000000
99 98 1.000000
END
#################################################################
SECTION4 (TrueSubGraph Information)
EndPoint0 EndPoint1 Weight
41 51 1.0
51 52 1.0
52 42 1.0
42 32 1.0
42 41 1.0
42 43 1.0
43 53 1.0
53 54 1.0
54 44 1.0
44 34 1.0
END
#################################################################
SECTION5 (Labels Information)
1 0 0 0 1 0 0 0 1 0 0 0 1 1 0 0 0 1 1 0 0 1 1 1 0 0 1 0 0 1 1 0 1 1 1 1 0 1 0 0 0 0 0 0 0 0 1 1 0 0 
END
#################################################################
SECTION6 (bt Information)
5 -5 -5 -5 5 -5 -5 -5 5 -5 -5 -5 5 5 -5 -5 -5 5 5 -5 -5 5 5 5 -5 -5 5 -5 -5 5 5 -5 5 5 5 5 -5 5 -5 -5 -5 -5 -5 -5 -5 -5 5 5 -5 -5 
END
#################################################################
