#################################################################
#APDM Input Graph, this input graph includes 3 sections:
#section1 : general information
#section2 : nodes
#section3 : edges
#section4 : trueSubGraph (Optional)
#
#if nodes haven't information set weight to null
#################################################################
SECTION1 (General Information)
numNodes = 100
numEdges = 200
usedAlgorithm = NULL
dataSource = SimulationData2
END
#################################################################
SECTION2 (Nodes Information)
NodeID Base Counts
0 0.056083 -1.055244 -0.336237 0.360830 1.967213 -0.001343 -0.024262 -1.060752 0.329418 -0.524729 -1.515189 0.956247 -1.838011 -1.843721 -1.290072 -0.778476 -0.102808 1.361859 0.149089 1.264550 0.615663 0.138100 -0.244080 1.384047 0.005525 1.410975 -0.692801 0.485967 1.929758 1.254657 -0.453204 -0.716253 -0.020813 0.753327 -0.392568 -0.393850 0.480415 -1.917340 0.128366 0.759733 -1.879588 -0.585997 -0.520320 -0.941041 -0.127217 -0.028610 -0.116495 0.953086 0.426648 0.042206
1 -0.555687 0.473750 -0.740052 -0.299999 0.278487 1.466788 -0.891364 -0.169560 1.571019 -0.042179 -0.190003 1.200109 -0.124081 -0.518931 -1.311386 -1.001321 0.330074 -0.521453 1.273003 0.090231 1.263634 -1.263706 -0.429421 -0.857889 1.976793 -1.728669 -1.198930 -1.332074 -0.180696 0.763388 -0.185138 0.097944 -0.192047 -0.085475 -0.167484 -0.563243 -1.072790 -0.579252 0.485372 -0.832769 -0.365679 0.008646 -1.685667 0.304253 -0.204086 0.601355 0.324364 0.397000 -0.451109 -0.092033
2 -1.563567 0.396584 0.900256 -2.913915 1.066860 -1.617110 0.213295 -1.254120 0.966614 -0.555676 1.149189 -0.275768 -0.933367 -1.036340 1.074680 -0.330195 0.171906 -0.246890 0.546128 1.195318 -0.390689 -0.822745 -0.944810 -0.060932 1.055022 1.129308 -0.658733 0.012648 1.796785 -0.135991 0.633336 0.033774 -0.536452 0.140927 0.105123 0.583839 -0.192477 -0.002649 -0.920751 0.761667 1.801594 -0.738776 0.947336 0.737397 -1.442581 -0.593594 0.039188 0.942427 0.977612 0.088110
3 1.142358 2.505856 -0.558023 -0.147837 1.627688 -0.048861 0.754452 -0.130132 0.631190 0.384012 -0.173282 0.086263 -2.438462 -1.240925 -1.367098 0.729855 0.229292 0.514241 0.412882 1.889898 -1.082209 -0.278077 0.401764 1.193016 0.626113 -0.682402 -1.884892 0.450596 -0.128459 0.361421 1.302167 -1.580685 0.347141 -1.529119 0.032498 0.414695 0.501138 -1.274960 -0.528828 0.454718 -0.312831 -1.385547 -0.827222 0.723727 -0.473271 1.429221 0.589252 0.155165 -1.431848 1.625519
4 -1.808462 -1.789335 0.383644 0.818430 -0.704036 1.219907 0.146888 -0.287373 -0.208996 0.362688 -0.364411 -0.483090 -0.305787 -0.554801 -0.469563 -1.962076 1.349235 -0.444628 -1.092017 -0.618755 -0.082225 0.479073 -1.598933 0.413025 0.614556 -0.070637 -0.485212 1.349421 -1.043148 -0.039840 -1.444052 -0.196986 -0.264398 0.160045 -1.211654 -0.428639 0.055806 -0.645349 -1.879916 0.126794 -1.187739 0.811629 -1.071001 -0.636740 -0.654490 -0.094001 1.024139 1.303533 -0.721031 -0.621559
5 -1.959108 -1.342281 -0.215345 0.564577 1.238335 0.453542 -0.115074 -1.050480 1.067806 0.793639 0.965769 -0.193271 0.816012 -0.154001 -0.035785 0.735352 1.560128 0.147408 0.643470 -0.245546 0.756363 1.081588 1.147880 -1.211794 -0.991035 -0.506964 -1.336830 -1.403645 0.887624 -0.498986 0.583901 -0.211159 -0.751401 0.599459 0.282250 -0.293619 0.649439 -0.577854 -2.599861 -0.959156 -0.946234 -0.503779 -0.100833 -0.214679 -0.566678 0.544228 -0.921353 0.135708 0.582753 -0.127605
6 -0.028193 0.527008 2.134812 1.573919 -1.117880 -0.928122 -0.292769 -0.358577 1.017064 0.059525 1.166079 -0.384588 1.881797 -0.414849 0.176619 0.867761 -1.145748 -1.273717 0.553506 0.901712 0.544168 -0.788109 0.860115 0.515915 -0.219672 0.041323 -0.238362 0.210721 -0.375122 -0.076035 0.107398 -1.091932 1.154880 0.782757 0.244145 1.211394 -0.763963 1.599526 -2.073030 -0.284404 -0.506778 0.559579 -0.699569 0.619200 1.028531 0.049004 -0.374604 -1.280797 -0.055393 1.734982
7 0.346971 0.975292 0.007500 1.112469 0.716152 -0.034988 1.125553 -0.308115 0.767583 1.222263 0.799152 0.583822 -1.272790 0.496567 0.258507 0.096188 0.566804 -1.185218 1.003765 -0.978714 -0.112672 1.642999 0.505172 -0.560549 0.038073 -0.167831 -1.210368 -0.626965 0.061804 0.501175 0.069483 2.207627 1.019240 -0.728178 1.777493 -0.107871 -1.241756 0.805620 0.074791 0.591534 -0.932444 0.296770 -0.184252 -0.557207 0.597599 0.340909 2.476414 1.368386 0.868508 0.649090
8 0.382831 -0.978445 -0.293002 -0.037899 0.672908 1.394683 1.500929 -1.601287 -0.652818 1.259492 0.657886 0.310933 -1.188427 -0.687274 -1.255717 -0.598531 -0.724696 -0.352643 -0.116886 -0.859057 1.575062 -0.343850 -0.929102 0.996964 0.366210 1.003196 0.612017 -0.794740 0.724581 0.273202 -0.134175 -0.436724 -1.160668 -0.855570 0.374808 -0.587675 0.268423 0.237374 -1.990117 -0.435262 0.119416 -0.307207 -0.666257 -0.370555 2.283095 1.090922 0.880847 -1.204137 0.301957 0.688309
9 -0.718416 -0.802239 0.488156 1.078626 0.900929 -1.593350 -2.008145 -0.324572 -0.720404 -1.151908 -1.184772 0.472480 -0.572218 -1.129418 -0.898402 1.269836 0.071962 -0.455575 -1.574218 -0.499541 1.613191 1.241876 0.598216 0.438632 0.176159 3.060960 -0.081690 -0.017299 0.887938 -2.949623 1.069341 1.859850 -1.187586 2.929819 1.258478 0.253212 -0.218043 1.675730 1.224418 0.394485 -1.211647 0.826196 -0.676801 -0.636099 -0.079645 1.010657 0.153039 0.931832 -1.463999 -0.287851
10 -0.728202 -1.482377 0.001814 0.761329 -0.595106 2.435509 -1.349574 0.981144 -0.437870 -0.106651 1.276400 1.623074 1.253493 0.630002 -0.182254 0.372241 -0.524469 -1.437052 0.947764 0.638700 2.269614 -0.677884 -1.192003 0.157473 -0.610124 -0.836191 0.454758 -0.133222 -1.409702 -1.686928 -0.078183 0.493295 -0.305413 0.068981 -0.648818 -0.245886 -0.190433 0.011492 -0.333168 0.619868 2.271078 1.040170 -1.432940 -0.195063 -0.175582 -1.395273 0.428229 0.567251 -1.656888 -1.214576
11 0.501846 1.283797 -0.212526 0.852459 0.902181 -1.505963 -0.524622 0.170834 1.340451 -1.279776 -0.390868 1.071633 -1.084135 0.219905 0.197469 -0.057696 1.910953 1.421246 -0.286869 1.399633 0.422213 0.136969 -0.249222 0.504944 -0.643502 -0.733690 2.561314 -0.339647 -3.316246 0.142196 0.127770 -0.926416 1.977585 -1.153506 -0.309851 -0.374107 0.012779 -0.158477 -0.476853 0.263732 -0.315776 0.336742 0.020089 0.145476 -0.118099 -1.154587 -2.149148 -1.980842 -0.939593 1.074383
12 1.543459 0.354650 -0.788285 0.211186 -0.679274 0.813418 -0.712594 -0.617878 0.420623 1.929044 2.242788 0.528684 0.547854 0.049944 0.191294 -0.674760 -0.083552 -0.657556 -0.133390 -0.317664 -0.117315 -0.108658 -0.254048 -1.073189 -0.951691 -0.824510 -1.988471 0.750390 0.009212 -1.173208 1.364525 0.567450 -1.205580 0.787313 1.008950 -0.033531 0.458827 -0.301978 -0.047052 -0.927039 -0.445336 -1.255237 -0.064674 -1.306013 0.440528 -1.996303 0.031758 1.462434 -0.344627 2.777653
13 -1.058973 -1.909929 0.968624 0.001714 -0.206204 1.298416 -0.002442 -2.321345 -0.638050 -0.021075 -2.042443 0.624975 -0.659552 0.360100 -0.254545 -0.616243 -0.410344 1.544449 -0.903828 0.384500 1.904228 -0.681091 0.146622 0.609523 -0.300381 -0.459299 0.375705 -0.395916 -0.526891 -0.180222 -0.445908 0.367558 0.667776 0.343323 -0.347049 0.052619 -0.033316 1.484384 -1.468998 1.248450 0.756603 -0.412220 0.298516 0.081300 -0.331479 0.354178 -0.629713 1.003242 -1.873446 -0.771814
14 0.302665 2.133363 0.907338 0.894378 -0.536245 -0.098727 -0.548521 0.802939 -0.662678 0.390546 -0.905221 0.818306 -0.761501 0.223397 0.153259 -1.751201 1.458794 0.370979 1.771343 -0.899510 1.093359 -0.041297 0.295689 -0.690289 -0.185402 -0.147722 0.739866 2.014766 1.214734 0.974259 0.611010 -1.446554 -0.058336 1.060234 0.345993 0.901027 0.456884 -0.371463 0.756420 1.384263 -0.113958 -0.290474 0.186440 0.263173 -1.693865 0.393863 0.633685 -1.151698 -1.491526 0.445657
15 -0.433072 0.604609 -0.351243 1.056391 -0.212438 0.305037 -1.270915 0.166988 0.075672 -0.096917 0.525543 0.131779 2.038035 0.587490 -0.950097 -1.063934 -0.058344 -0.862881 0.316392 1.762016 0.807347 1.204419 -0.113593 0.644020 -0.277869 0.362636 0.347418 -0.426360 -1.564422 -0.402110 0.524021 0.222060 0.665570 0.333129 0.456659 -1.440260 0.113744 0.909179 -0.743444 -0.812145 -0.145265 -0.605402 -1.206614 -0.750080 1.086547 0.369289 -0.622759 -0.836302 0.083679 0.689290
16 -0.185744 -0.836443 0.127035 -0.326655 -0.791626 1.388827 1.626289 -1.641059 -1.363969 0.829188 -0.971841 1.383014 1.141624 -1.473487 -0.100837 0.680808 1.172125 0.890042 -0.202972 -0.426989 1.402309 0.836325 0.649842 -0.877785 0.815374 -0.302396 -1.093911 0.385565 -0.452868 0.271908 0.491428 -0.202043 1.683602 -1.505772 0.228091 0.808600 0.094295 -1.966992 -0.100646 0.618268 0.017637 -0.428968 -1.431918 -0.578416 -0.829282 0.725815 -1.220569 -0.036462 -0.638756 2.200535
17 -0.013343 -0.954114 0.459467 -0.106357 -0.363650 1.154598 1.450437 -2.619415 0.819109 -0.657121 2.217506 -0.483618 -0.226591 -0.433059 -0.809702 -1.404892 1.293793 -0.459817 -0.084418 -0.558106 0.237429 1.661156 -1.224500 -0.946694 1.097427 -1.337343 0.374743 0.000509 1.732728 0.243950 -0.227095 1.112022 1.373761 -1.510893 0.985644 -0.228748 0.147777 0.023835 -0.466283 0.595942 0.698184 0.373374 0.950673 -0.142823 -1.247883 -0.606421 -0.424025 0.384892 -0.653496 0.590287
18 -1.142668 0.353499 -0.628219 2.063473 -0.238965 -0.325181 1.206773 -0.473419 0.378180 -1.037490 -0.249622 -0.243038 -0.155585 -1.316569 1.536941 0.825332 -3.087754 -0.157835 2.450468 0.730056 0.020030 2.457648 -1.045115 1.290429 -0.990209 -0.702423 -1.130886 -1.593482 0.818354 1.693768 -0.674637 0.584797 1.141250 0.453073 2.201346 -0.564553 -1.330833 -0.162773 1.081126 0.508306 -0.615696 0.506481 -1.793335 -1.208590 -1.123307 -2.418445 0.449590 -0.236669 -1.168233 0.954217
19 -0.630147 -1.778946 0.073061 0.501795 2.663843 -0.786500 0.371843 1.567181 0.091866 -0.770767 0.121457 -1.821348 0.851566 -0.278926 -0.294542 -1.669971 0.864418 0.349917 -0.133505 -0.692024 -0.193710 -0.807149 0.138317 0.138553 -0.829093 0.045320 0.306142 0.049897 -0.025769 0.286368 0.882281 -1.777133 -0.224259 0.557556 -0.060230 0.181408 0.230030 -0.355408 0.018560 -0.240184 0.971163 -1.635254 1.676095 -1.162057 -0.283441 0.185486 0.153086 -1.261679 1.198627 -0.358776
20 -0.056140 0.515108 0.362230 -1.273866 -0.365707 -0.098124 -0.077096 1.997332 -0.999141 -0.553290 0.971076 1.341568 -0.955736 1.482360 -1.127690 -0.815530 -0.372312 0.811131 2.358739 -0.066369 -0.871048 -0.774010 -0.334435 0.199899 0.248497 -1.567362 -1.737653 1.340127 0.293911 -1.203258 0.187847 0.728408 1.694515 -0.503945 0.182905 -0.064781 0.358919 -0.839640 -0.766420 1.317847 -0.488663 2.576936 0.556465 -0.162531 -0.452662 -0.338437 -0.779291 -1.107416 -1.730638 -1.923988
21 -0.367847 0.435149 1.458372 -1.067938 -0.365608 1.646419 -0.247618 -0.456303 0.586819 -0.657862 -1.015363 -1.161968 0.269311 -0.489430 -0.410105 0.230175 -0.254011 -1.743936 -1.574649 0.319681 0.067355 -0.554252 0.725584 0.609474 1.299074 0.655901 0.249774 -1.097584 0.586383 -0.974596 1.963361 0.606561 1.032663 1.177842 0.957304 -0.909099 0.560057 -0.786259 2.276477 -0.301575 -2.103954 -0.546486 -0.410896 -1.247189 -0.440366 0.128851 -0.613754 1.176550 0.453803 2.024681
22 -0.301025 -0.186641 0.505839 -0.414568 -1.582290 0.140740 0.689637 -0.420900 0.387463 -0.209754 2.517288 0.777103 -1.056113 0.686941 -1.149059 0.286059 -0.119687 0.542018 -1.053913 1.296057 -1.290244 -0.477182 -0.005777 -0.288927 0.641420 0.563631 0.588602 0.502282 -1.716120 1.355340 1.901976 1.548464 -0.043207 0.620140 0.683676 0.625704 0.298364 0.151087 1.472189 0.954313 -0.331777 1.075278 0.652775 0.297836 -0.890167 -0.631642 -2.469374 0.148949 1.092936 -0.158946
23 0.819140 -0.464511 0.504336 0.183144 0.409234 -0.653980 1.488446 -0.183525 0.328966 2.210546 -0.167683 -0.892490 0.833023 -0.257985 2.322070 1.130857 0.255048 0.882810 0.270011 -0.049634 -0.671609 0.333280 0.860762 1.853257 1.509208 1.648934 -1.433880 -0.915512 -0.901902 0.459353 -0.900867 -0.658366 1.000090 0.131310 2.348690 -0.226026 -0.519847 1.669952 0.636741 -0.241973 0.214345 1.608572 -0.577005 0.816707 -0.726412 0.321193 0.689108 -1.741638 1.057403 -1.154295
24 -1.538331 -0.117326 0.133530 -1.035348 1.277101 1.219010 -1.424171 -2.527025 1.137852 0.245193 0.647741 0.140526 -0.726958 -0.177340 -0.285159 0.170848 0.694328 0.060635 -0.323111 -0.745887 -0.106905 1.876488 -0.163509 -0.541833 0.320491 -0.429628 0.499461 -0.303095 2.485555 -0.653937 0.972841 0.046460 -0.089087 0.749533 0.970278 -0.670974 2.000615 0.217296 0.400382 -0.284271 -1.701258 0.044220 -0.899718 -0.250011 -0.530120 0.640367 0.164844 -1.491832 -0.130956 0.234600
25 -0.001684 3.552095 0.042591 0.165798 -1.299931 -0.711682 -1.201065 -0.311890 -1.365429 -0.131471 -0.193070 -0.167788 -0.356978 -0.355670 -1.311268 -0.562766 -1.383569 0.093778 -1.611941 -0.532047 -0.704130 -1.384654 0.042794 0.991235 1.102104 -0.551330 -2.955850 -1.342965 0.535721 0.791297 -0.441687 -2.804456 -2.168452 1.004891 0.534104 -0.427173 -0.462352 0.451182 -0.831876 0.332044 1.908868 -0.200888 0.490323 -0.064907 0.542272 2.299616 0.263398 0.979094 -0.565053 1.124913
26 1.988530 0.755947 -2.476498 -2.636738 -0.097518 -0.813738 -0.359447 -0.199922 -0.415504 0.327700 0.971580 -1.887749 0.479392 -0.531568 -1.354041 0.925268 -0.378600 -1.215292 -0.341811 1.164201 0.087136 -1.925226 -0.073820 -1.218109 -0.195901 0.848407 -0.794250 0.324024 0.689720 0.012052 1.567250 0.263264 1.912110 1.543903 -0.110167 -1.812185 0.123586 -0.830043 -1.471675 -0.596469 1.473519 -0.807981 -2.431457 0.202477 -0.548121 0.544260 1.416226 1.041873 -0.248594 0.659770
27 0.742058 -0.283224 -0.473209 -1.091194 -0.464771 0.632162 -0.053688 0.033174 1.078791 0.673939 -0.075166 0.017819 0.674701 -1.550703 -0.369569 -0.851937 0.693596 -1.263384 0.254132 -0.440020 -1.590555 -0.433479 -1.094337 -0.536123 0.824007 0.741478 0.826949 -1.055448 -0.816058 1.173780 1.237877 0.212260 0.690995 1.521848 -0.593250 -0.606374 -0.197084 -0.358722 1.937365 -2.291680 0.329320 -0.784659 0.234260 3.805970 -1.035719 0.287670 0.585157 -0.327836 -0.621683 0.039821
28 1.019909 -0.106542 -0.238683 -0.311245 -0.581648 1.665789 -1.130216 0.378461 -0.387348 1.169902 0.748023 1.333463 -0.834365 1.498444 -2.053850 -0.630768 -1.865870 -0.146273 -0.619391 -0.874760 -1.105503 0.479296 -1.141386 1.313937 0.377347 0.131399 0.886714 -1.194971 -0.852360 0.715203 0.075679 -1.781193 0.604029 -0.386550 -0.140534 -0.878497 -0.524987 -0.035974 0.102628 2.339972 0.470605 0.880711 -1.005004 -0.409960 -1.480605 -0.222111 -0.391048 -0.910224 -0.527482 1.370808
29 0.528900 0.257523 1.171528 -0.873362 2.032570 0.314559 1.401587 -0.117044 -0.301232 -0.794370 0.631095 -0.077786 -0.470162 -1.552359 -1.251611 0.194251 -0.869369 0.896030 -0.962896 -0.636074 -2.082200 1.027475 -0.250738 -1.025978 1.123403 -0.859101 1.629601 -0.349079 0.825164 0.360576 -0.384000 -0.494888 -0.322756 1.825276 0.083077 0.011831 -1.189033 0.198317 -0.254648 -0.494409 0.711451 -0.679017 -0.045586 -0.262098 -0.278969 0.168631 2.198839 -0.879448 1.161863 1.048493
30 0.134408 -1.771076 0.296118 0.426070 -0.327047 0.230006 0.184694 -0.560830 0.802128 1.406440 -0.570406 0.536042 0.944034 0.054293 0.300584 -0.139169 -0.304713 3.188263 0.379309 -2.032099 0.727169 0.843307 -0.344522 0.430919 -0.618083 -0.024019 1.827264 -0.587616 0.043588 1.487830 -0.059541 1.000026 -1.643842 -0.223657 -2.412637 -0.228039 2.090480 1.562086 0.270654 -0.473227 0.191015 2.202208 0.174822 2.221301 1.064628 0.470339 0.153987 -0.506980 -0.270094 0.765535
31 0.628361 -1.426097 -0.343737 -0.290470 -0.148894 -0.087006 0.945354 0.379484 -1.913073 0.805174 -0.946405 1.243057 0.610459 -1.278071 0.424258 1.234344 1.274008 -0.191803 -0.234456 -1.437780 -0.303556 0.573259 -1.105935 1.496709 -1.130689 0.279284 0.458630 -0.564221 1.023352 -0.020770 -1.406840 -1.513430 -2.067919 0.489773 -0.386852 -1.178883 -1.204811 -0.421192 0.414223 0.039791 -1.227911 0.875517 0.337485 0.297142 1.423669 -0.378990 -1.152500 -0.169328 -0.620750 -0.129184
32 1.399262 -0.331326 1.835427 0.650086 -0.227656 -0.559009 -1.015537 0.209528 0.365428 0.944170 1.131036 -0.790028 -0.331677 0.395628 0.949764 0.521939 1.474377 -1.043712 -0.231994 -0.685024 -0.378916 0.813030 -2.518569 1.521124 0.731103 -1.540198 -2.256674 0.677659 -0.597360 -0.096213 -0.299006 -1.466137 1.384385 -2.164821 -0.816371 -0.241158 -0.694670 1.838293 -0.385980 -1.350660 -0.120750 -0.198157 0.376560 -0.050003 -1.355861 -0.474514 0.083955 -1.113805 1.713722 0.234931
33 0.424495 0.189058 -0.009784 -0.879544 0.049269 -0.139071 1.039490 1.177613 0.285689 0.100938 0.295836 2.078808 -1.499720 0.360811 -0.889847 0.690320 -0.467979 1.123663 -0.237499 1.017829 1.019469 0.922898 -1.088330 -1.128983 1.895392 0.540284 -1.288485 0.900336 -0.191101 -0.762770 0.111421 -0.852296 -0.365447 0.603853 -0.282267 1.010711 -0.571260 0.585626 1.246062 -1.981383 -0.770021 -1.231957 -0.532386 1.748179 0.229586 -0.434749 1.831549 -0.821730 1.005638 0.264977
34 -1.728056 -0.298539 0.356052 0.367376 0.141727 0.488839 -0.588599 -0.771238 0.916798 -1.672341 -2.634204 0.517934 1.032071 -0.364068 0.219686 -0.051068 2.298436 1.025937 1.084252 2.361322 1.155009 1.406561 -0.655563 -0.508180 0.233799 0.228026 1.460528 -0.558626 0.044373 -0.386365 -0.655463 0.219074 0.593834 -0.053699 -2.966875 0.342632 -1.352564 -0.540623 0.024233 -0.450920 -0.534055 1.005723 -0.205791 0.849584 -0.261226 -0.510618 -0.645699 0.299060 -0.968856 0.938116
35 0.547295 1.232697 -1.702011 0.669342 -1.006591 -0.318990 -0.050964 -1.027937 0.032362 -0.787253 -0.232691 0.110751 0.464036 -0.875799 0.349335 -0.155891 -1.788314 -0.040296 -0.652723 0.116677 0.908825 2.126316 1.145263 0.573441 -0.929514 0.488861 -0.064371 -1.373546 -1.208535 -1.077708 0.086651 -0.127411 -1.198267 0.950668 1.543430 0.060423 -0.529705 -1.485489 -0.416067 0.485888 -0.133695 -0.367375 -1.031433 -0.403366 -2.082834 0.147515 1.545621 -1.558422 1.228794 -0.166446
36 0.668139 -1.220366 1.182872 -1.766724 0.434807 -0.303788 -0.677703 -0.840197 -1.249651 -0.604707 -0.352030 0.717484 2.207527 -0.187523 -0.237537 -1.073807 -0.472637 -0.966753 -0.543663 -1.356176 0.737208 0.474254 1.421540 -0.668581 -0.181883 -0.052140 -0.129997 0.020490 0.629077 0.905508 -0.773111 1.043447 -0.254866 0.308956 0.272179 0.995454 -0.546618 0.053650 0.467868 1.627174 -0.329700 -0.260705 -0.510518 0.782415 1.367742 0.812790 -0.013420 1.497821 -0.776432 -0.039999
37 0.896811 -1.163901 -0.036415 0.882392 -0.027817 0.335015 0.359999 -0.196062 0.585496 -1.254295 -0.405581 0.938406 0.448450 -0.534367 -1.095064 -0.659430 0.716318 0.090386 0.040767 -1.055809 0.225092 -0.236526 -0.940182 0.180205 0.354217 1.394713 -1.085947 1.545391 -1.048657 -0.205715 -0.294182 0.759292 -2.143010 -1.140929 -0.230510 -0.565942 -0.213397 -0.705070 1.346007 -0.183805 -0.053163 -0.874347 -0.153286 0.776724 -0.195224 1.560896 -0.418907 0.545809 2.121950 -0.299862
38 0.957698 -0.293743 -0.273829 0.810695 1.032094 0.966378 -1.106897 -0.552312 0.442494 -1.448461 1.104647 -0.675564 -0.647055 -2.250066 -0.840794 -1.135775 -0.056471 1.397218 0.075880 -1.462237 0.657394 -0.172994 -0.142106 -1.115294 1.709336 2.923482 -1.602835 -0.314576 -1.001099 1.872125 0.894740 0.225625 -0.578942 1.900233 0.453376 0.371840 -0.069445 -1.734155 0.541673 -0.651075 1.276480 -1.315319 0.735343 1.091944 -0.456473 2.106476 -1.008174 -0.451215 0.496556 -2.182431
39 -0.070615 -0.226253 2.261821 0.064559 0.853754 -0.641784 -1.682341 -0.084173 -1.016475 0.556341 -1.108142 0.057035 1.360710 0.014305 -0.696979 -0.752671 -0.997432 1.683902 -0.687633 1.008814 -1.801430 0.725772 0.250543 -0.049000 0.125579 -0.829538 0.981697 0.103418 0.866523 -0.359740 -0.400191 1.353442 -2.094275 0.369459 -0.837373 0.182496 -1.105772 -0.923727 0.136415 0.673465 1.580880 -0.747497 1.069754 -0.323013 0.729822 0.586826 -1.416447 -0.542775 0.012046 -0.333453
40 -0.813171 0.521100 -0.240811 -1.177767 -0.512540 -0.762711 -0.821777 1.386365 -1.956191 -0.897599 -0.573153 -0.079685 -0.061646 -1.062334 0.773863 0.346286 1.334135 0.996593 1.015057 2.532737 -0.377840 0.547790 -0.896929 0.119979 0.161077 0.306247 -0.571971 -0.172931 1.916220 0.754709 1.292418 -0.217266 0.468743 1.824504 -0.629054 1.059013 0.002013 -0.783998 -1.215367 0.261454 -0.477429 -0.388278 -1.199948 1.274542 -1.806892 1.931218 -0.774929 1.925375 2.091433 -0.160291
41 0.608765 0.302688 -0.162011 -0.790592 3.226373 0.412312 1.334436 -1.253731 0.927498 -0.529688 -1.050030 -0.075809 0.687861 -0.552486 -1.274659 1.275345 -1.177891 -1.033022 -2.542413 -0.008150 0.402770 -0.246972 1.509144 -0.264393 -0.245471 -0.256736 -2.214252 0.391680 -2.813679 0.081508 -0.317046 2.771864 0.063271 0.259116 -0.812844 -1.492602 -0.206375 -0.894079 0.478031 0.768509 1.763065 0.463247 -0.759226 -0.609306 1.065979 -1.540926 -2.521740 -0.318751 -0.198190 0.537370
42 1.220992 -0.319504 0.464814 1.436606 -0.932379 -0.266621 -0.318217 0.772501 1.270022 -0.856375 -3.633636 -1.028191 1.088096 -0.952599 0.204712 0.741365 -0.475474 -1.711704 0.331247 -0.194111 -0.637121 -0.863399 0.927470 0.297731 -1.580011 0.100348 -0.334757 0.023094 -1.176766 -0.735084 -0.707911 1.125590 -1.077887 1.196590 -0.158967 -1.481831 -1.790631 -0.645871 -0.592347 0.915088 1.328507 0.597014 -1.090196 -0.720047 0.230429 -2.022027 -0.472269 0.300416 -0.894539 -0.372998
43 0.836921 -0.391895 -0.049817 -0.097285 -1.230004 -0.414962 0.206889 -1.073965 0.162530 0.104729 -0.061832 -0.276537 1.031284 0.253366 -0.054222 -1.803124 0.130688 -1.944553 -0.500873 0.260691 -1.584839 0.854264 0.532597 -0.731329 0.250616 -1.731196 0.471520 -0.325421 1.108959 -0.670502 1.241911 2.555723 1.716400 0.659264 -0.056847 -1.335219 0.564196 -2.083001 -0.638017 -0.746355 -1.076899 -0.718439 0.734239 -0.016553 0.678224 -0.199496 0.929400 -1.292715 -0.567489 1.870350
44 1.044361 1.361032 1.583382 -0.699652 1.639706 -0.920046 -1.145073 -0.931615 1.310291 1.115126 1.206181 -0.460450 -0.053027 2.214300 -0.163597 -0.565518 0.833816 -0.599928 0.829923 1.836348 0.305874 0.565127 1.808418 0.241757 0.504104 0.004991 1.132602 -0.648319 0.708337 -0.030298 1.178290 -1.788830 -0.329417 -1.535603 -1.114150 0.507168 0.653482 -0.188529 -0.677646 1.086548 -0.660508 -0.136004 -1.932098 -0.425941 -0.187191 -0.191975 1.991940 1.427607 -0.716067 -0.404541
45 -1.209153 1.265760 0.737582 0.036965 0.408567 0.635155 0.519937 1.745228 -1.204945 -0.627924 -2.356103 -1.820199 -0.101384 1.096044 -1.760959 2.211923 1.024148 0.522176 -2.036092 -1.144715 0.465537 0.121141 -0.266660 0.649531 -0.090637 1.220365 -0.051451 0.822374 1.219044 0.286973 0.746570 -0.106864 -0.114174 0.510730 -0.862873 1.561437 -0.604801 -0.259120 0.810181 -0.457274 -0.173213 0.834136 -0.799193 0.489404 1.688556 1.645513 -0.661988 0.728583 2.533196 -1.822686
46 -0.750370 -0.799097 -0.113875 -1.788747 0.054857 1.064360 0.921540 -0.746530 0.315241 1.683808 0.097299 1.509197 -0.318584 -0.206333 0.095123 0.067647 -1.406092 1.187125 1.718027 -0.069892 0.106253 -0.579093 0.129354 1.652178 -0.019976 1.225906 -1.544792 0.997977 0.411230 -0.201052 -0.166692 2.093784 1.655659 -0.555430 -0.797984 0.444287 -0.929649 -0.650509 0.559375 -0.176934 -0.344132 0.336676 -0.234414 -0.337791 -0.485135 1.228965 0.503766 -0.707572 0.753305 -1.379913
47 -1.209758 0.658099 -0.656714 -0.118502 0.373106 0.623794 -1.281102 -0.775662 -0.661617 -1.882334 -0.404180 0.088484 0.091304 0.816261 -0.167991 0.207251 -1.810402 0.473981 -2.060599 -0.942309 -0.394077 -0.566698 -0.472891 -2.690685 -0.258942 0.120763 1.494572 1.392197 -0.651423 -0.268207 -0.190088 -0.534639 0.452264 0.698676 -0.844067 0.908856 0.236024 0.772511 -0.490177 -0.589684 -0.055796 0.770987 -0.050579 1.360386 -1.462798 -1.689135 -0.724723 -1.638779 0.968974 0.958171
48 -2.249915 0.929265 0.919365 -0.461942 -0.628585 -0.442524 -0.160672 1.152931 -1.014387 -1.332303 -0.420428 0.405473 -0.160573 -1.835424 0.628994 -0.384897 -0.170943 -0.746317 0.382499 -0.802412 -1.014814 1.172383 -2.381093 -0.553140 -0.032584 0.610100 -1.199598 -1.444483 1.505863 -1.855051 0.870083 1.237999 0.330797 -0.032638 0.320309 -0.337671 0.491451 -0.954392 -0.677481 -1.684812 0.955442 1.834283 -0.210198 0.120881 -0.236241 0.131649 -0.378107 -1.248414 0.081212 1.005248
49 -0.288221 1.517034 -0.591851 1.129786 0.210684 0.631977 -0.576709 -0.750658 -0.720097 -0.880245 0.160860 1.093158 -0.495760 -0.366861 0.041999 0.015021 0.471676 0.056808 -0.498817 0.937644 -0.312121 0.703469 1.308627 0.273157 -1.578579 0.359964 -0.951658 -1.456846 0.548474 -1.696223 -0.785428 -0.445784 -0.896555 1.294006 1.846700 -1.174715 2.043088 0.586292 -0.624918 1.577292 0.477540 -0.167606 -0.975228 2.926855 -1.821148 0.261838 -0.984416 -0.434620 0.709778 1.250888
50 0.518857 -1.791777 -0.476634 0.181340 -1.454998 0.640618 0.088986 -1.205786 -0.042576 -0.584214 0.268540 -1.308942 1.891720 0.511700 -0.503425 0.055366 -0.933333 -0.669338 0.484320 0.686502 -0.356385 -0.335377 -0.620980 -0.539111 -1.481906 1.896460 0.195639 -0.271380 -1.438700 -1.209294 0.304518 -0.596820 -0.794713 -0.740620 -0.336050 -0.300250 0.072878 -0.724801 -1.107269 0.360939 -0.119737 -0.219981 0.420442 -0.139528 2.395257 1.746944 1.772026 0.173570 -2.000745 0.019246
51 -3.366394 -1.531408 1.508204 0.321672 0.757870 0.227039 -0.194793 1.515948 -1.083950 0.377971 0.525710 -0.661331 1.466000 -1.568622 1.253410 -0.546661 -0.900810 1.181003 -0.647884 0.827608 2.000026 0.801204 -0.879257 2.116784 0.375732 0.438937 0.261290 2.564903 -0.590455 1.327828 -1.938965 1.737881 0.393158 1.171352 -1.334668 -1.446910 -1.401847 -0.849647 0.667474 -0.539124 -1.720924 0.681431 0.897563 1.535648 0.133379 -0.578897 2.604901 1.041975 -0.097030 -0.053025
52 1.293604 1.099201 -2.867242 -0.115853 1.562740 -0.458342 0.484583 -0.548592 1.031458 -0.767670 -0.904905 0.973843 -1.864797 1.055855 0.315768 0.124260 -1.444613 -0.037031 1.179535 0.157179 -0.544446 -0.132446 0.297618 -1.039877 0.909644 -0.695376 -0.105283 1.020100 0.561875 0.748370 2.646194 1.568183 -0.595105 0.746610 0.190650 -1.695016 -0.207912 -0.706783 0.950365 1.859129 0.103690 -0.039616 0.623651 -0.218912 -1.724310 1.979177 0.386468 0.958320 -0.564171 -0.224084
53 -0.531153 -0.606107 0.206442 0.330590 1.714439 0.839839 -1.467446 1.161655 0.230905 0.943096 -0.144249 0.802856 -0.537137 0.022375 0.813169 -1.395342 -0.011819 0.426582 0.302770 -0.176000 -0.500715 -0.098025 0.361886 0.329361 -2.684233 -0.645472 0.689195 1.258393 -0.824257 -0.056903 0.254656 0.085955 0.925273 1.111953 0.002504 -1.174226 -0.624450 0.723968 1.219858 -0.017537 1.184069 1.351854 -1.565324 0.404723 0.702279 -0.623674 0.975743 -0.786645 1.780837 2.091680
54 3.373673 1.844388 -0.154418 -0.274379 1.534076 -0.051460 -1.189860 0.218681 0.016869 -0.857369 0.635737 -0.666081 0.806548 0.208821 0.265522 0.068235 1.379635 -0.559070 1.815420 1.400288 0.865853 0.162057 -0.077169 -0.285665 -1.225951 0.499551 1.445593 -1.397760 -0.542673 0.870220 0.237036 -0.301264 -0.611268 -0.998181 0.833975 0.166800 -2.032618 -1.219794 2.450058 -1.309412 -0.745182 -1.241813 -1.593044 0.143210 -0.324177 -1.062131 -0.637161 0.170711 -1.142471 -1.748170
55 1.314107 0.476965 1.066849 -0.366499 -0.814893 -0.780567 1.385502 -0.916293 0.420432 2.548604 0.466313 0.115659 1.194855 0.649162 -0.014999 0.623621 -0.948506 1.981225 -1.265688 0.666923 0.270982 0.279218 1.883268 -0.239160 -0.914727 -1.169585 -0.570319 0.023269 2.043193 -0.126814 -0.266804 1.311505 -0.585636 1.160946 -1.172593 0.305310 -1.708608 0.353158 -0.569354 -1.479550 -1.907197 -2.096952 0.732851 0.096736 -0.647873 0.359869 1.759267 0.222550 0.653582 1.236576
56 -0.117678 0.106783 -0.257082 -1.592414 1.232284 -1.512852 -1.491474 -0.302652 0.245439 -0.234127 0.252997 0.686791 -0.695834 -2.274982 -1.901791 0.256307 0.590605 0.055732 -0.515573 0.107725 -1.175931 1.480251 -0.016668 -0.633542 0.405269 -0.226239 -0.938965 1.191769 0.669396 0.080773 0.178927 0.365458 1.095316 0.629214 -0.429026 0.469196 -0.834465 -0.326122 -0.388266 1.717082 -1.815630 0.330756 0.434695 -0.524059 0.257555 0.135914 1.158908 0.097711 0.356225 -2.181905
57 0.008491 -0.911896 0.529305 -1.620207 -0.524523 -1.337085 -0.224703 1.847576 0.277490 -0.505832 0.193279 -1.108542 -0.696166 -1.120931 0.243839 -0.299624 -1.263372 -1.304744 -0.332584 0.826321 0.181985 -0.331338 -0.654513 -2.081880 -0.122761 -0.106900 -0.810732 1.864624 -0.741513 -1.344261 1.246712 -1.405227 -1.883004 -0.927245 2.242984 0.145608 -0.553353 1.171090 -0.661885 0.228441 -0.921661 0.071866 0.471173 -0.977126 0.020740 0.520119 0.659278 -0.534791 1.817017 -0.585612
58 -0.734488 1.083941 0.017603 -0.909693 -0.139208 0.159688 0.947282 -0.059155 -0.463160 1.054439 0.313392 1.229664 -1.109712 0.610159 -0.721715 -0.255086 0.457933 0.576259 -0.839583 -0.289865 -0.890065 1.625167 -0.099448 2.005030 -0.694254 -0.830478 -1.293117 0.213613 0.394975 0.208948 -0.369328 -0.529785 -1.605923 -0.003410 -0.192875 -1.100948 0.219307 -1.561836 1.191478 -0.487270 -0.394080 -0.886173 0.214152 -0.706257 1.314608 -0.116979 -0.060120 -1.728427 -0.400546 0.563069
59 -1.786061 -2.604179 0.132012 1.401693 -0.065162 -1.661167 -2.072488 -0.356629 -0.308980 -0.254156 -1.318806 0.484639 -0.499629 1.437793 -1.445318 -1.301002 0.525933 0.794228 -1.233489 0.022166 0.898820 -0.402015 -0.774325 1.745098 -0.908881 -0.843440 1.492520 0.524436 -0.940550 -0.071955 -1.340214 1.985944 -1.887928 0.233716 1.887411 1.518999 0.981775 1.531123 0.451184 0.163017 1.263750 -2.135601 0.984464 -1.749532 -0.791431 0.738018 -0.886831 0.771431 0.205358 -0.050029
60 0.634138 1.120651 -0.134833 1.435214 1.082817 -0.295237 0.698498 1.244395 0.416613 -1.054599 -2.429687 -1.631892 1.177242 -1.494112 1.157449 -0.909259 0.453342 -0.215279 -0.297407 -0.401262 0.099505 -0.235303 -0.306942 0.635211 -0.791920 1.514479 -1.769356 -0.887230 0.477889 0.211488 0.585942 -1.992906 0.151601 0.834658 -0.776579 0.300741 0.628028 0.808414 0.876923 -1.067946 -0.374933 2.095389 -0.273246 0.049653 1.002356 1.363613 -0.261694 -0.686884 -0.735467 -0.539252
61 -1.477417 -0.016623 0.877243 0.981430 1.708584 2.017415 -0.690754 1.622992 -2.011971 -0.012742 -0.555905 0.275457 -0.616216 -0.672196 -0.614767 -1.246186 -0.088287 -0.623883 -1.518860 0.233813 -1.220262 1.035029 1.478685 1.099867 -1.912146 0.460644 -0.740957 0.421271 -0.345412 -0.216855 0.439585 0.059133 -0.824493 -0.648233 0.752658 1.421181 -0.780919 0.320906 0.920143 0.639786 0.560013 0.335095 -1.438393 -2.233220 0.326501 0.021027 0.606686 0.088480 0.675132 0.686028
62 -0.073188 -1.512394 -1.857450 -0.438741 1.546306 -0.608058 -1.321608 -0.218860 0.634561 0.287635 -0.951710 -0.391734 0.926550 1.849526 0.228623 -0.814381 0.267548 -0.591130 -2.000555 -0.279913 0.458419 2.113637 0.231713 -0.241964 1.162428 0.107082 -0.347306 -0.264212 -1.531536 -0.830273 -0.389766 -0.171805 -0.110981 -0.106557 0.878048 -2.287291 1.018505 -0.159214 -1.391013 -0.363656 -0.356108 -0.073974 0.676615 0.579706 -0.830615 -0.131295 -1.410204 -0.707207 1.542902 -1.611298
63 0.283344 -1.629808 0.207470 -0.009052 0.679916 0.308696 -0.214631 -0.438446 0.749091 -0.309533 -0.253335 -0.091091 -0.891056 0.029721 -0.093166 0.861294 -0.610547 0.963316 -0.933327 -0.472793 1.215817 0.195608 1.233300 1.297868 -1.179002 -2.065255 0.198006 0.504887 -1.176932 -1.918140 1.660875 -2.243916 0.192281 -1.712570 -0.108101 0.974977 -0.673201 -0.036992 -0.205134 0.747462 0.146674 -0.774020 -0.810079 1.791100 -0.926348 0.651452 -0.919052 -0.602377 -0.501694 -0.555102
64 0.331552 -0.464481 -0.477340 -0.686875 -0.164430 -0.689283 1.058635 0.239253 -0.537843 0.282539 0.637424 0.017412 0.770765 -0.643335 0.722036 -0.324345 0.932679 0.500602 -0.186582 -0.743878 1.137837 0.679509 0.295204 -0.087324 -2.511470 -0.120590 -0.831781 -0.303094 0.222801 0.370456 -0.282086 1.068911 0.240084 0.049400 0.234283 -0.576939 2.244920 0.521106 0.621543 -0.977996 0.088494 0.546806 -0.397585 0.607395 -0.414229 0.415459 -0.949772 -2.220187 1.485578 -0.314006
65 -1.297768 -0.285279 0.785947 -0.956790 -0.619876 -1.262844 -0.010416 0.009343 -1.739834 0.793677 -0.339141 1.965399 -0.063762 0.240502 -0.100216 -0.934803 1.576710 1.546733 -0.776863 0.676988 0.315342 1.259823 -0.697548 -0.625607 0.083357 -0.206416 0.903330 -1.959115 -0.193456 1.486056 -0.354056 0.385548 1.628636 -1.751448 -0.121948 -0.514920 -0.284527 0.933859 0.312679 -0.873749 -1.334299 0.351026 -0.084496 0.663725 -1.306414 0.933384 0.715054 -0.389570 0.808857 0.544265
66 -0.013567 -0.345741 1.538716 0.366638 -0.444201 1.798935 0.366020 1.258350 -0.512986 -0.676276 -1.148675 -0.456793 -1.008570 -0.064536 1.067502 1.251295 0.473695 1.968085 -1.858082 0.189337 0.137357 0.389572 0.451052 -0.721313 -1.041316 0.653172 -0.502902 0.257578 -0.148282 0.425328 -0.102440 -0.504282 -1.114676 -0.141020 -0.350668 -0.950781 0.304071 -2.008204 -2.610726 -0.011241 0.370826 -0.823193 -0.808228 -0.646169 -0.908361 -1.288326 0.633307 -0.086986 -0.790770 -1.337688
67 0.625519 -0.798745 -0.298785 -0.062430 0.252393 1.836173 0.742287 1.506155 -0.960107 -0.856177 0.352896 0.764845 0.015037 0.941079 0.558364 0.514090 1.332892 -2.076506 -1.531281 -2.014910 0.679255 -0.218873 0.745697 -1.166318 -0.657172 -1.070183 0.595073 0.021299 -0.908379 -0.375028 1.840632 -0.214802 -1.362872 -0.790590 0.749513 -1.063785 0.184705 -0.946423 -2.191152 -0.699586 0.662588 -1.083029 1.995900 0.951626 1.081644 0.573372 0.176829 -2.044415 -0.679232 0.935689
68 0.250075 -2.470680 0.549939 -1.457642 0.391553 1.899231 -0.726600 -0.593342 -1.028217 1.060449 -0.420309 1.638138 -1.036126 1.907710 1.519922 -0.196329 -0.620869 1.373020 1.748892 1.375130 0.208529 1.616602 0.685140 0.279978 -0.677048 -0.811523 0.458035 0.599764 -0.486588 -0.488363 -0.113363 -1.033434 2.678393 -0.399829 0.179245 -0.547338 -0.419569 0.779784 1.457530 0.488787 0.111055 0.737223 0.120051 -1.620386 0.626184 -0.139987 -0.522161 -0.247123 -0.718043 -1.720768
69 0.136001 -0.155098 -0.099324 2.017806 1.682482 -0.367552 0.689938 0.323098 0.476237 2.262083 -2.136938 -0.619936 1.540521 0.809978 -0.523300 0.624382 -0.341439 0.554128 0.645270 1.166341 0.647980 -0.232626 0.791909 0.706059 -0.679260 -2.476704 -1.391510 -0.871318 -0.614056 1.062022 0.500705 -1.561915 1.822407 0.793949 -1.231877 0.080612 0.096566 1.316777 0.916328 -1.616139 -0.602588 0.363552 0.448675 1.355060 -1.656856 0.454629 -0.758370 1.046995 0.482504 0.338774
70 1.827892 -1.199950 1.458361 -0.154084 0.241914 1.566693 -1.074008 -1.064905 -0.361637 0.048309 -2.356749 -0.226477 1.128647 -2.386465 -0.186240 -0.279862 1.180533 1.174618 0.012294 0.296906 -0.154557 0.699722 -0.430274 -0.215716 1.561429 -1.353735 -0.951684 0.291735 -0.787552 0.544780 -0.825546 -0.240975 0.611104 -0.740145 0.952099 0.741293 -2.594652 1.978520 -0.610009 0.173166 -0.860202 0.736018 -1.292671 -0.092923 -0.468209 1.179162 0.960107 -0.981835 0.310998 0.536694
71 1.130824 -0.016131 1.420837 1.321926 -0.592376 0.006412 0.020430 0.135966 0.611756 0.466010 0.130308 0.493009 -0.329978 -0.772434 -0.479203 -1.768911 -0.605962 -1.587972 -0.659706 0.650145 -0.189050 -1.197859 0.112326 -0.594152 -1.361156 1.925959 -0.203647 0.997705 -0.789444 0.401517 -0.339778 0.091754 -0.105661 1.630695 0.468787 -0.782799 -0.306168 -1.523703 0.710570 -0.280914 0.343051 0.645396 -0.860871 0.661131 -1.188381 -0.369641 -0.933616 -0.356157 1.917352 -1.223761
72 0.795930 -0.027803 -0.472374 -0.759318 -0.301356 0.308482 -0.528819 0.673311 0.798201 -0.570037 0.436348 0.295414 1.339078 0.484722 -0.798196 -0.285091 -0.615444 -0.073152 -0.807840 -1.486536 -0.502646 0.538565 -0.299935 1.019818 0.320170 -1.559656 -0.053267 0.434056 -2.358882 0.153153 -0.424289 1.549255 0.155860 -0.618855 2.782923 -1.947132 -1.240157 -0.289985 -1.254612 0.222181 -0.900155 -0.782580 0.550309 0.605694 0.983329 -1.562303 0.750039 0.081798 0.783045 -0.054594
73 -1.267484 -0.680267 -0.921528 0.201689 1.454539 -0.299102 -0.452475 -0.882547 -1.060937 1.120876 -0.626612 0.955031 0.347535 0.858009 0.842640 1.092486 0.120328 -0.398868 0.998169 0.558360 -0.353921 -0.630129 0.973619 -0.363773 0.081637 0.284234 0.027286 1.305186 0.883479 0.802257 -0.648496 1.823556 1.159181 0.156466 0.802316 0.392894 1.794343 0.545328 1.086145 0.720807 -1.503873 -0.597625 0.429432 0.209734 -0.495294 0.661330 0.416691 -0.362489 1.125532 -0.760091
74 0.577178 -0.536071 -0.014287 -0.258472 -0.049721 -1.006603 1.813592 -0.090632 -0.459414 1.567500 0.126394 0.221653 -0.033775 -0.824756 -1.638619 0.560875 1.011544 -1.928146 1.432737 -0.652187 0.644154 0.112883 0.175040 -0.673023 -0.817724 0.370814 -0.831037 -0.999527 1.114868 1.353820 -1.146445 -0.731836 -1.618042 -1.084954 -0.097537 0.103145 0.082629 -0.700491 0.106687 0.644380 -1.221896 -1.643801 -0.083989 0.200452 0.070133 -0.120394 0.402094 -1.007779 -0.393826 -0.704027
75 -1.202912 0.100212 -1.858108 0.331570 2.631481 -1.169281 1.122870 -0.373672 -0.101223 -0.392546 -0.412816 1.457242 0.283688 0.717693 0.364140 0.100136 -0.678919 -0.316613 2.565898 -0.757192 0.533904 1.254424 0.333389 0.714854 2.522770 -0.367873 1.765210 -1.165391 0.404112 -1.019633 -0.452440 -0.088093 0.901858 -0.762553 0.515042 0.682420 -0.245823 -1.183790 0.496958 0.404374 1.033404 -0.060362 2.369787 0.027983 0.719308 -0.757498 -0.270002 -1.316970 1.612150 -0.739780
76 -0.445772 -1.169903 -0.339758 -0.379955 0.113377 -0.977389 1.815215 -1.006159 -1.866881 -1.348530 0.914227 -0.130996 1.611265 2.104438 0.755118 1.489326 -0.115885 1.548272 -1.604625 -0.753168 0.901281 0.776501 -1.840762 -1.036303 -1.571729 0.656769 1.686491 -1.722861 0.156171 0.876389 -1.166335 1.399065 0.509159 -0.538120 1.212480 0.359230 -1.027658 -0.425229 0.106456 0.324552 1.231358 -1.115953 0.844440 -0.372110 0.016086 2.451496 0.556821 0.619262 1.104558 -0.154031
77 0.731219 -1.285411 0.593686 -0.117363 -0.833597 -1.322642 -1.001169 -0.348786 1.637131 -0.426985 0.693361 -0.223033 0.112577 0.493706 0.145900 0.149987 0.094828 1.366835 -0.563045 0.061581 2.126902 -1.872150 -0.707688 -0.967913 -0.693022 0.287906 -2.635394 1.081780 -0.756800 0.157356 -0.232722 -0.680749 1.394127 -0.282456 -0.549923 -0.161771 -2.055198 0.900880 -0.912513 -0.567943 -1.027891 -1.281377 -0.905287 -1.410497 1.805265 -1.265939 1.604383 0.524058 -0.248722 1.683899
78 -1.436490 0.252676 0.857514 0.356157 2.477194 -1.170791 0.506011 -0.951743 0.036605 -0.950365 0.977760 -1.690427 1.588517 0.103125 0.022408 0.563306 -0.441984 0.149072 0.658284 -1.827301 -0.240827 -0.445453 0.654075 -1.890583 -0.153707 0.627165 -1.126493 1.519573 -0.213564 -1.183861 -1.367527 -0.476656 1.118612 1.006865 -0.513017 -0.901511 0.369425 -0.008330 -0.205188 -1.003049 0.858560 -0.729737 0.681089 0.588039 0.804504 -0.015606 0.366556 -0.725447 0.590826 -0.261265
79 -0.162108 0.103185 0.569697 -1.870479 -1.582248 0.908526 1.259373 -1.878096 0.166327 0.796428 1.435609 0.211496 0.049154 -0.271302 2.215341 0.732095 0.998083 0.103880 0.549323 0.166626 -0.291658 -1.071744 0.358254 -0.208290 -0.133430 0.168198 -0.758975 0.391139 -0.168213 -0.696547 1.172653 -1.605740 -1.652333 -2.601350 0.749984 -2.301946 -0.610999 -1.086098 -0.802942 -1.641437 -1.208370 -0.012449 -1.194710 -0.292341 1.146390 -0.160384 -0.581562 0.637113 0.782859 1.318815
80 0.136904 -0.204442 0.262099 0.883442 -1.926360 0.317010 -0.451995 0.517956 1.974270 0.004437 0.670002 -0.975088 0.909438 0.443940 -2.016200 -0.724445 -0.394145 0.176255 1.031788 2.748470 -1.277503 -0.718783 -0.288206 -0.556088 -0.010054 0.127122 0.298413 -2.690803 0.554883 -1.569972 -0.255762 0.257446 0.377617 -1.042921 -0.353975 -0.611244 -0.932228 -0.687740 1.462203 -0.904833 0.286685 2.338997 0.207423 -1.373415 -0.386883 1.434868 0.989454 2.508033 0.891419 -0.151248
81 0.982832 1.252805 -1.200954 -0.092180 -0.846313 0.097815 0.135531 -0.874912 -0.311653 -0.680727 0.799221 1.771070 0.021203 -0.357858 0.155220 0.162936 0.410182 -1.040811 -0.373530 -0.614597 0.201614 0.779482 0.812678 1.285255 -1.319085 -0.865755 -0.318782 1.659602 -0.885419 0.625440 -1.354697 -0.227244 1.005703 2.404110 2.163209 -0.504803 0.132122 -0.624762 0.696522 -0.165822 -0.046032 2.765912 0.487539 -1.611921 -0.166088 1.045172 -0.037083 -0.557664 0.680306 -0.226108
82 -1.149803 0.484665 0.897176 1.431924 2.011395 0.912821 0.592354 1.356406 -0.522408 1.667210 0.037981 0.693283 -0.110847 0.640841 0.494671 -1.296227 -1.919370 0.623839 -0.182687 -0.782004 -1.182496 1.643018 -0.288915 0.697256 -1.341018 -0.250413 1.234249 0.639579 0.164847 0.228247 1.481151 -0.556154 0.816620 1.168405 0.014689 -0.143724 -0.568527 -1.321301 0.628457 0.312375 -1.117217 -0.012177 0.076298 -1.121444 -0.002167 -0.388660 0.689130 -0.546149 1.202363 0.506644
83 0.386514 -1.314185 1.255271 1.074093 0.055714 -0.201217 -0.339062 1.080658 1.136876 0.317731 0.123888 1.417717 0.736914 -1.282826 -0.315235 0.568004 -1.587307 -0.052408 -0.189699 -1.571228 -0.921773 -1.136116 -0.110621 -0.384879 1.335131 1.459632 1.440888 0.213375 -0.074250 0.043408 -0.714356 0.700508 -0.401296 -0.848336 -0.452676 -0.186887 -0.603637 0.220819 -0.561188 1.574722 0.319997 -0.867179 0.458138 0.756946 -2.113871 0.699259 0.208975 0.405018 -0.490215 0.661600
84 0.425581 -0.385095 0.303705 1.236466 0.069742 0.147595 1.343595 -1.271705 -0.491493 0.378954 -1.233488 -0.259643 0.825213 0.320068 -0.161608 -0.437555 -0.840761 -0.311222 0.360030 0.161728 -0.320938 -0.380748 1.023154 -1.844779 -0.617558 0.265819 1.221529 1.655021 -0.169795 0.814766 1.173872 0.133133 0.133459 2.574113 -0.422299 -0.974014 0.574560 0.673254 -0.426402 -0.707861 0.865830 0.461009 0.028607 1.130696 -0.243233 0.699848 0.592849 0.327526 -0.701576 -0.669235
85 -0.771479 0.408954 0.127667 1.598884 0.613729 0.323710 -0.741629 1.055688 0.888106 0.369407 -0.334075 0.356199 -0.617100 0.990428 -0.408485 -0.069790 0.288480 -0.750646 0.896784 1.096531 1.456799 -0.777571 -1.127295 -0.063828 -0.363267 1.888477 3.006113 -2.105022 1.154306 0.320228 0.752943 -0.576203 0.049482 -1.523520 -1.584630 -0.992523 -1.509194 3.060820 -1.928943 1.206954 -0.589657 0.097831 -1.249034 0.084325 0.346052 -1.130209 -1.199217 -0.466057 0.867448 -2.341535
86 -0.553394 0.709438 0.844503 -0.031432 -0.481462 -0.892382 0.180944 -1.634601 0.459894 0.515287 -1.873201 1.171799 0.592922 0.513967 0.096613 -1.475448 0.698391 0.959957 -0.824436 -0.793938 -0.342468 -1.043646 -0.552553 2.798438 -1.805384 0.517150 -0.869830 -0.683099 -0.942997 0.263318 1.637086 0.397773 -1.532657 0.536825 0.458854 -1.731634 -0.472884 1.595723 -0.396965 -1.327756 0.872291 -0.090057 -1.553283 -0.274072 -0.139527 -0.705351 0.609291 -0.762329 0.379496 -0.095525
87 0.058332 0.836494 0.857989 -1.052092 0.307208 0.184703 0.372413 -0.492455 -0.634326 0.438687 -0.712289 0.692592 0.555390 -1.404747 -0.859704 -1.804276 0.460921 1.581508 -2.672258 -1.887926 0.354758 -0.124091 1.249694 1.022812 -0.389057 0.707531 0.438105 -0.509892 0.638061 0.888853 -0.212451 0.724729 -0.884335 0.336147 -0.659099 -1.176971 -0.963952 0.442206 0.386594 -0.716319 -1.245650 -1.277108 -1.058076 -2.478934 -0.503527 -0.880120 -0.035693 0.213069 0.458414 0.901329
88 1.329798 -1.219534 -0.632757 1.373872 1.771437 0.332206 0.072749 0.512388 0.469003 0.552916 0.626152 0.090051 0.647771 0.718029 -0.679153 -0.645263 1.276106 0.512544 1.834746 0.075047 -2.037847 -1.681494 1.411844 0.742146 -0.770392 -0.282993 -0.413195 -0.378017 -1.763582 2.017244 1.847081 -1.313375 -1.637261 -1.409592 0.762468 -0.153753 0.947303 -0.093906 -0.063166 -0.798510 1.532516 -1.518245 -0.078495 2.471339 0.252683 3.092872 -0.454637 -0.497568 -1.028853 0.834474
89 2.327741 0.011311 0.159682 -0.333482 0.722927 0.879387 0.779278 -0.425769 0.667308 -0.567310 -1.215898 0.838724 1.042407 -1.016115 1.642104 -1.612537 0.618408 1.601929 -0.581635 0.835049 0.092057 -1.307325 0.451202 0.928265 0.615777 2.159979 -1.155305 0.011893 -1.925485 0.449152 1.997689 -1.348688 -0.350568 0.102248 -0.119829 -0.091613 -0.188070 1.356885 -0.893207 -0.186698 2.312195 -1.726713 -0.183591 1.209605 -0.409640 0.128965 -0.098740 1.398747 -0.134081 0.553108
90 -1.115515 1.846786 1.185996 -1.452842 -0.121015 -1.117536 -2.044783 -1.033984 1.926095 0.013115 -0.104670 -0.390052 -0.456121 -1.159798 1.029032 -1.388686 0.708530 -1.596727 0.755915 -0.371853 0.798333 0.069222 0.046742 1.368630 -0.393437 1.644887 1.005036 0.910429 -1.282748 -1.211081 -0.819860 1.410867 0.476804 -0.348136 -0.507140 -1.903110 -1.139660 0.381501 -1.045916 -0.675150 -2.568156 0.277967 0.815624 -0.114867 0.594042 1.240221 -0.146475 -0.409911 -0.698576 -1.480499
91 1.220194 0.592459 0.003555 -0.112801 1.840160 -1.025478 0.929025 -0.438099 -1.774478 -0.344250 -1.640842 -0.342629 0.275115 -1.386186 0.348037 0.180122 -1.184778 0.098161 1.829938 0.367829 0.689263 -0.311165 -0.898174 2.306663 0.047450 0.465558 -1.243422 -0.460581 0.438601 0.609078 0.021693 0.448400 0.353800 1.945260 0.855587 1.001306 -0.508113 1.882993 -0.379071 0.539657 -1.139124 0.373484 -0.410112 0.658802 -1.151260 -1.871833 1.013465 2.276960 0.814888 -0.051062
92 -0.570979 0.787719 1.307315 0.700698 -0.917487 0.966955 2.157305 0.102521 0.976949 1.338035 0.545378 0.388801 1.406859 0.765350 -0.859900 -1.269438 0.481766 -1.286899 0.761439 0.014404 0.932958 1.053521 1.430814 -0.035429 -1.407175 -1.048922 -1.470076 0.064734 1.126239 -0.792429 1.425011 -0.288705 -1.236573 0.524903 0.543347 0.833321 0.762597 0.391000 -0.207782 -0.105302 0.358585 0.329651 0.015681 -0.801404 0.253323 -0.390726 -0.547401 0.105620 -1.459423 0.756355
93 0.849267 0.974609 -1.336907 0.638326 0.480649 -0.642115 0.732166 -0.588422 0.838863 0.553859 -0.172354 -0.783237 1.521856 0.931605 -0.148806 0.670951 2.019993 1.016413 -0.211166 0.303773 -0.038628 3.121639 0.868221 2.921419 0.279436 -0.825424 0.591331 0.821605 -1.181641 -0.244414 -0.034323 0.301552 0.200393 -0.755877 -0.002591 0.281507 -0.583432 0.316035 -1.081702 1.146149 -1.067931 1.122171 0.742591 1.578936 -0.005684 0.072233 0.481087 0.700621 1.249030 0.474146
94 -0.819222 -0.351028 -0.080304 0.322715 -0.509127 -0.658205 0.274344 0.590652 -0.311476 -0.746296 -0.367409 -0.544628 0.406623 0.003089 0.237953 0.701422 -0.304011 -1.463577 -0.072049 -1.148934 -0.692405 0.892384 0.684336 0.584129 -0.028083 -0.952672 -1.343363 -0.503777 1.654581 0.196724 -0.328710 0.163246 1.268380 1.019748 2.704246 1.686912 -1.448587 -0.327649 -0.075273 0.887964 -0.385765 -0.714747 -1.395147 0.266249 0.235348 0.268121 -2.613406 -1.594620 0.394966 -0.807836
95 0.327967 1.558966 0.380998 0.383345 0.266409 -0.477304 -0.631691 -0.395078 1.692307 -0.808012 -0.406525 0.087087 -0.022575 -1.302163 -0.062000 -0.495890 -0.312311 -0.429848 0.879519 0.989842 -0.582513 0.083831 0.720003 -0.744112 -0.101636 -0.471984 0.199099 -0.712270 1.206457 -1.923289 1.031658 -2.538210 0.702862 -0.068569 0.271271 0.532961 1.575194 -0.535211 0.964772 1.719123 -1.005638 0.429483 -1.137160 -0.503115 0.231358 0.718650 -0.181585 0.040259 0.612902 0.890974
96 0.112125 -0.271591 -0.815733 2.441459 0.216302 -1.222137 -0.328808 -1.150370 1.379742 0.324479 -0.597887 -0.784452 0.500185 0.747407 1.100035 0.324652 1.394884 -0.298741 -0.322851 0.043022 -0.030398 -1.310398 0.321534 2.234880 0.004861 0.842944 0.436229 -1.475261 0.108346 0.074561 0.566450 1.111504 -0.610062 0.045010 0.251274 0.100780 -0.638078 1.735473 -0.200130 1.538209 1.108719 0.576998 4.089462 2.133980 -1.048805 1.919247 0.430878 -0.846756 0.230259 -1.120990
97 2.508045 -0.691134 -1.166165 0.820504 -0.509623 0.502493 -0.448034 -0.421319 -0.466171 -0.095128 0.704296 -0.020720 0.141146 -0.419961 0.047648 1.187305 -0.329539 0.986608 -1.465382 0.306142 -0.060717 1.091852 0.301005 0.132858 -0.220794 -0.731232 -0.386658 -0.304013 -1.029171 -1.624797 -0.857928 1.248104 0.329823 0.590766 -0.456663 0.912859 0.051319 0.391342 -1.774082 0.969160 -0.304598 -0.640289 -0.167573 3.004692 0.848643 0.965853 -2.920040 0.338656 -0.555220 0.295056
98 -0.849730 -0.283151 -0.056289 0.239693 -1.736703 0.719606 -0.675583 0.872373 0.258987 0.435612 0.885151 -1.475475 -1.703344 -0.851357 -0.426518 -0.508727 0.019666 -0.100412 0.178055 0.487468 0.426486 0.753261 -0.035422 -0.647813 0.042321 0.616858 0.708045 0.130812 -1.540135 -0.395488 1.164485 -1.324556 -1.440220 -0.605037 -1.537177 0.629432 0.738968 1.484562 -0.113576 2.440014 0.557741 0.740822 1.813616 2.435075 -0.513158 -2.404442 -0.439308 0.411294 -0.149712 -0.531742
99 -0.895731 -0.289676 0.053095 -0.784559 -1.056527 1.099217 1.116715 0.281957 -0.312658 -0.672769 0.646528 0.632111 0.482941 1.000261 0.259243 -0.315172 0.947197 -1.036356 -0.568948 -0.991680 -0.429058 0.153565 1.472654 -1.225474 -1.087104 1.764224 0.087886 -1.065233 1.263947 -0.834555 -1.622168 -0.379582 1.613868 0.925358 0.483255 -0.057464 -0.412452 0.036032 0.172721 -0.127263 1.769665 -0.464845 1.083177 0.720565 0.345813 0.780670 -0.086573 0.251204 -0.081721 -0.433810
END
#################################################################
SECTION3 (Edges Information)
EndPoint0 EndPoint1 Weight
0 1 1.000000
0 9 1.000000
0 10 1.000000
0 90 1.000000
1 0 1.000000
1 2 1.000000
1 11 1.000000
1 91 1.000000
2 1 1.000000
2 3 1.000000
2 12 1.000000
2 92 1.000000
3 2 1.000000
3 4 1.000000
3 13 1.000000
3 93 1.000000
4 3 1.000000
4 5 1.000000
4 14 1.000000
4 94 1.000000
5 4 1.000000
5 6 1.000000
5 15 1.000000
5 95 1.000000
6 5 1.000000
6 7 1.000000
6 16 1.000000
6 96 1.000000
7 6 1.000000
7 8 1.000000
7 17 1.000000
7 97 1.000000
8 7 1.000000
8 9 1.000000
8 18 1.000000
8 98 1.000000
9 0 1.000000
9 8 1.000000
9 19 1.000000
9 99 1.000000
10 0 1.000000
10 11 1.000000
10 19 1.000000
10 20 1.000000
11 1 1.000000
11 10 1.000000
11 12 1.000000
11 21 1.000000
12 2 1.000000
12 11 1.000000
12 13 1.000000
12 22 1.000000
13 3 1.000000
13 12 1.000000
13 14 1.000000
13 23 1.000000
14 4 1.000000
14 13 1.000000
14 15 1.000000
14 24 1.000000
15 5 1.000000
15 14 1.000000
15 16 1.000000
15 25 1.000000
16 6 1.000000
16 15 1.000000
16 17 1.000000
16 26 1.000000
17 7 1.000000
17 16 1.000000
17 18 1.000000
17 27 1.000000
18 8 1.000000
18 17 1.000000
18 19 1.000000
18 28 1.000000
19 9 1.000000
19 10 1.000000
19 18 1.000000
19 29 1.000000
20 10 1.000000
20 21 1.000000
20 29 1.000000
20 30 1.000000
21 11 1.000000
21 20 1.000000
21 22 1.000000
21 31 1.000000
22 12 1.000000
22 21 1.000000
22 23 1.000000
22 32 1.000000
23 13 1.000000
23 22 1.000000
23 24 1.000000
23 33 1.000000
24 14 1.000000
24 23 1.000000
24 25 1.000000
24 34 1.000000
25 15 1.000000
25 24 1.000000
25 26 1.000000
25 35 1.000000
26 16 1.000000
26 25 1.000000
26 27 1.000000
26 36 1.000000
27 17 1.000000
27 26 1.000000
27 28 1.000000
27 37 1.000000
28 18 1.000000
28 27 1.000000
28 29 1.000000
28 38 1.000000
29 19 1.000000
29 20 1.000000
29 28 1.000000
29 39 1.000000
30 20 1.000000
30 31 1.000000
30 39 1.000000
30 40 1.000000
31 21 1.000000
31 30 1.000000
31 32 1.000000
31 41 1.000000
32 22 1.000000
32 31 1.000000
32 33 1.000000
32 42 1.000000
33 23 1.000000
33 32 1.000000
33 34 1.000000
33 43 1.000000
34 24 1.000000
34 33 1.000000
34 35 1.000000
34 44 1.000000
35 25 1.000000
35 34 1.000000
35 36 1.000000
35 45 1.000000
36 26 1.000000
36 35 1.000000
36 37 1.000000
36 46 1.000000
37 27 1.000000
37 36 1.000000
37 38 1.000000
37 47 1.000000
38 28 1.000000
38 37 1.000000
38 39 1.000000
38 48 1.000000
39 29 1.000000
39 30 1.000000
39 38 1.000000
39 49 1.000000
40 30 1.000000
40 41 1.000000
40 49 1.000000
40 50 1.000000
41 31 1.000000
41 40 1.000000
41 42 1.000000
41 51 1.000000
42 32 1.000000
42 41 1.000000
42 43 1.000000
42 52 1.000000
43 33 1.000000
43 42 1.000000
43 44 1.000000
43 53 1.000000
44 34 1.000000
44 43 1.000000
44 45 1.000000
44 54 1.000000
45 35 1.000000
45 44 1.000000
45 46 1.000000
45 55 1.000000
46 36 1.000000
46 45 1.000000
46 47 1.000000
46 56 1.000000
47 37 1.000000
47 46 1.000000
47 48 1.000000
47 57 1.000000
48 38 1.000000
48 47 1.000000
48 49 1.000000
48 58 1.000000
49 39 1.000000
49 40 1.000000
49 48 1.000000
49 59 1.000000
50 40 1.000000
50 51 1.000000
50 59 1.000000
50 60 1.000000
51 41 1.000000
51 50 1.000000
51 52 1.000000
51 61 1.000000
52 42 1.000000
52 51 1.000000
52 53 1.000000
52 62 1.000000
53 43 1.000000
53 52 1.000000
53 54 1.000000
53 63 1.000000
54 44 1.000000
54 53 1.000000
54 55 1.000000
54 64 1.000000
55 45 1.000000
55 54 1.000000
55 56 1.000000
55 65 1.000000
56 46 1.000000
56 55 1.000000
56 57 1.000000
56 66 1.000000
57 47 1.000000
57 56 1.000000
57 58 1.000000
57 67 1.000000
58 48 1.000000
58 57 1.000000
58 59 1.000000
58 68 1.000000
59 49 1.000000
59 50 1.000000
59 58 1.000000
59 69 1.000000
60 50 1.000000
60 61 1.000000
60 69 1.000000
60 70 1.000000
61 51 1.000000
61 60 1.000000
61 62 1.000000
61 71 1.000000
62 52 1.000000
62 61 1.000000
62 63 1.000000
62 72 1.000000
63 53 1.000000
63 62 1.000000
63 64 1.000000
63 73 1.000000
64 54 1.000000
64 63 1.000000
64 65 1.000000
64 74 1.000000
65 55 1.000000
65 64 1.000000
65 66 1.000000
65 75 1.000000
66 56 1.000000
66 65 1.000000
66 67 1.000000
66 76 1.000000
67 57 1.000000
67 66 1.000000
67 68 1.000000
67 77 1.000000
68 58 1.000000
68 67 1.000000
68 69 1.000000
68 78 1.000000
69 59 1.000000
69 60 1.000000
69 68 1.000000
69 79 1.000000
70 60 1.000000
70 71 1.000000
70 79 1.000000
70 80 1.000000
71 61 1.000000
71 70 1.000000
71 72 1.000000
71 81 1.000000
72 62 1.000000
72 71 1.000000
72 73 1.000000
72 82 1.000000
73 63 1.000000
73 72 1.000000
73 74 1.000000
73 83 1.000000
74 64 1.000000
74 73 1.000000
74 75 1.000000
74 84 1.000000
75 65 1.000000
75 74 1.000000
75 76 1.000000
75 85 1.000000
76 66 1.000000
76 75 1.000000
76 77 1.000000
76 86 1.000000
77 67 1.000000
77 76 1.000000
77 78 1.000000
77 87 1.000000
78 68 1.000000
78 77 1.000000
78 79 1.000000
78 88 1.000000
79 69 1.000000
79 70 1.000000
79 78 1.000000
79 89 1.000000
80 70 1.000000
80 81 1.000000
80 89 1.000000
80 90 1.000000
81 71 1.000000
81 80 1.000000
81 82 1.000000
81 91 1.000000
82 72 1.000000
82 81 1.000000
82 83 1.000000
82 92 1.000000
83 73 1.000000
83 82 1.000000
83 84 1.000000
83 93 1.000000
84 74 1.000000
84 83 1.000000
84 85 1.000000
84 94 1.000000
85 75 1.000000
85 84 1.000000
85 86 1.000000
85 95 1.000000
86 76 1.000000
86 85 1.000000
86 87 1.000000
86 96 1.000000
87 77 1.000000
87 86 1.000000
87 88 1.000000
87 97 1.000000
88 78 1.000000
88 87 1.000000
88 89 1.000000
88 98 1.000000
89 79 1.000000
89 80 1.000000
89 88 1.000000
89 99 1.000000
90 0 1.000000
90 80 1.000000
90 91 1.000000
90 99 1.000000
91 1 1.000000
91 81 1.000000
91 90 1.000000
91 92 1.000000
92 2 1.000000
92 82 1.000000
92 91 1.000000
92 93 1.000000
93 3 1.000000
93 83 1.000000
93 92 1.000000
93 94 1.000000
94 4 1.000000
94 84 1.000000
94 93 1.000000
94 95 1.000000
95 5 1.000000
95 85 1.000000
95 94 1.000000
95 96 1.000000
96 6 1.000000
96 86 1.000000
96 95 1.000000
96 97 1.000000
97 7 1.000000
97 87 1.000000
97 96 1.000000
97 98 1.000000
98 8 1.000000
98 88 1.000000
98 97 1.000000
98 99 1.000000
99 9 1.000000
99 89 1.000000
99 90 1.000000
99 98 1.000000
END
#################################################################
SECTION4 (TrueSubGraph Information)
EndPoint0 EndPoint1 Weight
97 98 1.0
98 88 1.0
97 96 1.0
96 6 1.0
END
#################################################################
SECTION5 (Labels Information)
0 0 0 1 0 0 0 0 0 1 0 0 0 0 0 0 0 0 0 0 0 0 0 0 0 0 0 0 0 0 0 0 0 0 0 0 0 0 0 0 0 0 1 1 0 1 0 0 0 0 
END
#################################################################
SECTION6 (bt Information)
-5 -5 -5 5 -5 -5 -5 -5 -5 5 -5 -5 -5 -5 -5 -5 -5 -5 -5 -5 -5 -5 -5 -5 -5 -5 -5 -5 -5 -5 -5 -5 -5 -5 -5 -5 -5 -5 -5 -5 -5 -5 5 5 -5 5 -5 -5 -5 -5 
END
#################################################################
