#################################################################
#APDM Input Graph, this input graph includes 3 sections:
#section1 : general information
#section2 : nodes
#section3 : edges
#section4 : trueSubGraph (Optional)
#
#if nodes haven't information set weight to null
#################################################################
SECTION1 (General Information)
numNodes = 100
numEdges = 200
usedAlgorithm = NULL
dataSource = SimulationData2
END
#################################################################
SECTION2 (Nodes Information)
NodeID Base Counts
0 1.683555 -1.436957 -0.506202 0.770454 -0.018425 0.609659 -0.902671 1.307086 1.391759 -0.013789 -1.012106 0.863720 0.648072 -0.229362 -0.288884 -1.080690 -0.755935 1.004032 -0.841676 -0.466176 0.290511 0.322215 -0.214042 -1.097865 0.593858 1.081091 -0.525121 0.245426 -0.475159 -0.389880 -1.249676 -0.813728 1.854928 0.262920 0.511425 -0.050837 -0.393454 -0.153441 0.207448 -0.062653 0.487154 1.107175 -0.040986 0.696352 -1.471854 0.956892 -2.088771 -0.793276 -1.874161 0.305777
1 -0.241817 2.032846 -0.702534 -1.288868 -0.686137 -0.228561 -0.836759 0.501204 0.723264 0.628511 -0.494485 1.491973 -2.077724 0.604140 -0.798635 -0.155495 -0.607145 -0.990072 -1.511145 0.564490 1.140885 0.190698 1.207425 0.248030 0.185216 -2.090610 0.805755 -1.402732 0.717829 0.636289 -0.845412 -0.466975 -0.713901 0.332646 -0.017495 -2.049064 0.491033 -0.511921 0.340380 -0.964986 1.170022 1.655608 0.126102 0.394289 0.460438 0.156361 -0.828153 0.349635 1.089536 -0.718196
2 -1.826319 1.050262 3.126959 -0.165281 1.981170 0.309022 -0.133307 -0.334216 0.776063 -0.239649 -0.268708 0.402885 1.163072 -1.057300 1.144916 -0.711685 -0.040453 -0.298443 1.536143 0.682021 -1.484870 -1.203237 0.988860 1.459142 -0.851709 -0.569497 -0.984591 0.825790 -2.680177 0.693201 -0.906579 1.046255 1.083222 1.065350 0.458230 -1.939176 0.601895 -0.860464 0.678879 0.572686 0.712537 1.595721 0.334957 0.806342 1.609164 -0.783388 0.686440 1.124808 -0.572796 -1.391845
3 0.588307 1.224932 0.459404 -0.473087 0.259806 -1.411836 0.100610 -0.177118 -0.949117 -1.256448 0.328921 -0.413034 0.917623 0.231352 -1.455014 1.837288 -1.949477 -0.991346 0.304296 1.132790 -0.911930 0.397310 -0.718342 -0.250689 1.037238 1.549297 -0.604313 1.128517 1.579528 -0.274565 0.776384 -0.171879 0.594313 -0.884085 -0.687176 -0.067425 0.999388 -0.817136 2.127932 0.001145 2.459450 -0.573497 -0.995831 0.033463 0.692538 0.646894 0.831773 -0.696279 -0.620559 0.539955
4 0.373824 0.914636 -0.507140 -1.331305 1.453000 -0.340210 -0.880180 -0.833155 0.179700 0.099516 0.662746 1.557912 0.056849 0.244209 1.082125 -0.086460 -0.035318 0.356283 -0.644418 1.240368 1.355227 0.889356 -0.078735 1.578770 0.211751 -0.483332 0.832347 0.482426 1.963052 -0.352834 1.857275 -1.148096 0.077441 -0.314636 0.945822 1.625403 1.076037 -1.087912 -0.448960 1.270674 0.004826 0.947264 -0.194283 2.048495 1.849715 -0.161948 0.797204 0.312073 -0.280475 -0.708600
5 -0.444563 0.261940 -0.572998 -0.358746 -0.582062 0.841352 -1.393335 0.660165 -0.915042 -1.346211 1.287920 0.660704 -0.872300 -1.965522 -0.133416 -1.599324 2.591498 -0.066448 -1.429208 1.739300 -0.071425 -0.054281 -0.629705 0.403640 0.463647 -0.225929 -0.004756 0.600775 -0.077489 -0.039898 -0.951683 -1.256641 -1.279668 -0.980213 1.278739 1.121856 -1.045785 0.591732 0.111709 0.964146 0.207555 -0.803490 0.086829 1.448337 -0.518285 0.690232 -0.174356 -1.255114 -0.327012 0.008913
6 -1.907218 -0.629712 -0.440466 -0.648802 1.306996 -0.225044 0.730082 1.889863 -1.111356 0.050663 0.385873 -0.436980 1.234322 -0.783544 -1.453576 1.123310 1.109240 -0.207880 -0.276420 -1.721102 -0.444474 -0.675430 -1.698265 0.117832 -0.410661 0.886888 2.418248 -0.426661 -0.659568 -0.215457 -0.108747 -0.522428 1.472977 -0.789370 0.043473 -0.113843 -0.571176 0.343912 0.833559 0.765341 -0.195927 1.260147 -0.547605 -1.162935 -0.682020 1.015205 0.491004 -0.811604 -0.825282 -0.439051
7 0.340631 -0.742943 1.853056 2.405837 0.312406 0.233423 -0.347738 0.578591 1.270561 -0.526253 1.269845 -0.339128 -1.093822 -3.978427 -0.320814 -0.471415 -0.233159 1.563905 -0.222645 -0.260502 -0.333017 -0.034539 -0.170807 -0.279340 1.026652 0.463975 -0.170900 -0.112804 0.109260 0.303452 1.658885 0.484785 -0.046833 0.632621 -0.263164 0.471871 -0.558603 1.145662 -0.934183 -0.346939 -0.481077 -0.612541 -0.306779 -0.143630 0.710618 -0.565991 0.075858 0.004023 -1.644173 0.875719
8 -0.782062 -0.453209 0.005106 1.752642 -0.439028 0.063462 0.213405 -0.794264 1.061382 0.280777 1.633143 -0.117498 -0.079089 -0.442844 0.028635 0.610082 -0.281812 -1.023200 -0.822639 -0.867391 -0.613716 0.848905 -1.190589 0.065527 0.846032 0.303883 1.515867 -1.247103 -0.049862 1.600877 0.409511 -1.188233 -0.502723 1.287884 2.835644 -0.208744 0.605784 -1.016405 0.144190 -0.611777 -0.735189 1.181337 -1.310621 -0.959996 0.622694 -0.774991 -0.038699 -1.045710 0.825903 0.677646
9 0.300528 -0.766186 1.236481 -1.092829 -1.750741 0.583992 0.864771 -0.676692 0.484357 -0.400458 -1.411902 -0.861473 -1.578011 0.813221 -0.357892 0.411853 1.014709 -0.750702 -0.319498 0.250121 -0.379096 0.583500 -0.940644 -0.513234 -1.921810 -0.520297 0.143558 -0.667312 -0.244257 -0.438994 1.272242 0.229992 1.202039 -0.221567 -1.341891 0.439797 -0.149531 -1.015873 0.896204 -1.871947 0.618198 0.222780 0.319553 -0.621519 -0.508568 0.408964 0.462877 -0.486963 -0.604824 1.649099
10 1.173016 0.842219 -1.657121 1.509245 -2.346952 -2.210524 0.569469 0.876609 0.447018 -0.872003 -0.222676 0.714038 -0.742060 -0.581291 0.680562 1.546446 -0.230484 -0.307487 0.424961 0.857696 -1.003899 -0.622885 -0.054909 0.290525 -0.648521 -1.206159 0.757819 0.287210 -0.085024 0.889410 0.338830 -1.340213 -0.474414 -0.336755 -0.611815 -0.940560 1.296352 1.318658 0.861889 0.220873 -0.615484 -0.527430 0.931528 -2.643727 1.387645 0.180084 -0.720734 -0.493471 1.857681 -0.156335
11 1.549923 1.529507 1.518179 -1.202957 -1.125709 0.014488 0.014633 0.776640 -0.646885 1.040346 1.195652 0.022331 0.753653 -0.390310 -0.411954 1.077021 0.491000 -0.431203 -0.509523 0.422322 -1.290482 0.103475 -1.804217 0.644320 0.203662 0.344851 -0.989291 0.490152 -0.264130 0.236823 -1.457223 0.139124 -0.668033 0.548743 -1.139127 -1.037018 -1.285806 1.687498 -0.053969 0.414484 -0.553529 0.734592 -0.433473 0.278638 -1.180915 0.410026 0.212273 -1.851847 -1.684126 -0.838007
12 -0.808394 1.163620 -0.029360 2.091188 -0.441871 2.113448 0.553799 1.519919 -1.527164 0.063985 -0.154175 -0.529697 -1.549268 1.636125 1.680361 -1.089078 -0.160399 -1.451538 -0.839362 1.474749 -0.413099 0.779160 0.966226 -1.983253 0.205181 -1.714392 -0.200646 0.267875 -0.214603 0.032706 0.555456 0.648323 0.089352 0.511994 0.853001 -0.784193 0.693595 0.627257 0.209721 -0.197158 0.150599 0.376673 0.338696 -0.762600 1.647529 0.660759 0.301695 -0.733646 -0.873915 0.312465
13 0.739645 -0.681658 -0.986053 -0.915418 1.418673 -2.128320 1.315895 -0.213915 -1.323677 -0.384701 0.198666 0.508468 0.223693 -1.207854 1.750005 0.889934 -0.003522 1.487474 0.221382 0.124126 1.049314 1.058466 0.712529 0.095085 -0.740649 0.516532 -0.154890 -0.849415 -0.628330 -0.104028 0.278264 0.371331 0.372524 0.079899 -0.293811 0.533325 0.667507 -0.765564 0.994665 1.279764 -1.262004 0.544707 0.918621 0.671670 0.365947 -2.772286 -0.784419 0.614915 1.572114 -0.471332
14 -0.936834 -0.572423 0.566634 -1.418149 -0.411447 0.166624 1.850505 1.256973 0.331024 1.453886 0.613407 -0.377619 0.521648 2.181212 0.036737 0.704817 -1.401178 1.440048 1.640871 -1.427475 1.137867 -0.515054 1.331564 0.350112 -0.621885 -2.485403 0.825231 -0.623927 1.423546 0.177832 -1.278918 0.803278 -1.648113 0.217485 0.620841 -1.059572 -0.685279 -0.023374 0.262880 0.365906 -1.205097 0.329412 -2.038579 -1.044518 -0.597348 -0.818218 -0.089708 -0.209783 0.600061 1.420263
15 0.228484 0.565271 0.214034 -0.402348 0.009503 1.040162 -0.323139 1.888959 1.198685 -1.712646 -0.612096 -0.886474 0.495032 -0.950463 -0.793460 -0.462113 0.147815 -0.705601 1.938314 0.183114 2.697687 -1.729740 0.176802 0.244602 1.275492 1.203450 0.192163 -1.291839 0.812742 0.269770 0.841825 -1.036732 -1.368402 0.871752 -0.755058 -0.768677 0.261166 -0.473087 -0.684521 1.110378 -1.493206 0.548982 1.809480 0.794990 -1.333815 0.160773 0.915757 2.312109 -0.002245 0.065127
16 -0.567366 0.813793 -2.035904 -0.586528 -0.744710 -1.376549 -0.250531 -0.534674 -0.225389 0.233127 0.386065 0.920874 0.611510 -1.265139 -0.791443 0.055528 -0.420909 -1.210083 -2.100995 0.538213 1.198650 -1.441586 0.315058 0.033902 0.277376 0.088172 -0.487757 0.969690 -0.187759 -1.128106 0.226881 1.673743 -0.230575 0.591947 -0.758995 0.134988 1.046306 -1.026268 -0.665091 -0.975833 -0.737937 -0.801667 1.610800 0.594216 0.762706 -1.800077 2.151085 -0.759089 0.478945 0.396177
17 -0.693713 0.158421 0.102174 -0.843882 0.290247 -0.328831 -0.898890 -0.298201 -0.556223 -0.164813 -0.467884 0.676375 -0.402880 0.988822 0.395828 -0.857402 0.112893 -0.005465 0.872526 1.124152 0.386516 0.796385 0.598011 1.053055 -0.056025 -0.819394 -0.680351 -1.036585 -0.531574 0.357453 2.545043 -0.713975 0.503736 -0.562919 0.526775 -0.859545 -0.556677 -1.421236 -1.503138 -0.061088 0.611367 -0.895950 -0.872558 1.626040 -0.243740 0.728202 1.466264 0.728682 0.861397 -2.254429
18 -0.193289 2.013800 0.243073 -0.966215 -2.061647 0.861184 0.793646 -0.693486 0.329533 -1.413913 1.399523 0.959809 1.954520 -0.163329 0.789695 -1.110975 -0.058110 -0.372897 1.281760 -0.509397 -2.562498 -0.851224 1.646138 -2.328175 1.094165 -0.715040 0.578244 2.044506 2.340498 -0.689461 0.049552 -1.496187 0.554379 -0.720536 0.594348 1.033407 1.905447 0.223315 -0.306989 -0.609550 -1.183183 -1.096053 0.530173 0.999947 1.736562 -0.400989 1.660330 -0.006294 -0.088793 0.070090
19 -0.345192 -1.092222 -0.395134 -1.286542 -0.336210 -1.109096 1.203517 0.662945 0.774996 1.263642 0.611627 0.668632 1.686855 -0.041510 0.399027 -0.104676 0.261106 -1.972271 -0.871944 0.992585 -1.372214 -1.473189 -1.598337 -1.674857 -0.873746 -1.406364 -0.612673 -0.021111 0.973524 0.812137 -1.198579 -1.511870 0.011319 -0.450470 -0.909003 -0.130909 0.863981 -0.081396 -0.408279 -1.144819 -1.848560 -0.628311 1.512635 1.150658 1.939518 -0.895955 -1.220066 -0.366677 0.282613 1.833402
20 0.439561 0.275065 -0.204048 0.252276 -1.473996 -1.383760 0.118338 0.661103 1.348094 -0.421427 -0.312766 -1.179339 0.876205 -0.836823 -0.113432 0.808121 -1.052822 1.628448 0.244268 2.478935 -0.058879 -1.083970 1.205233 0.016995 0.768433 -1.477298 -0.601247 -0.126580 0.050451 -0.108086 -1.135668 -0.910796 0.335949 0.152863 -0.492135 -1.577713 1.130686 -0.004643 0.779996 1.458313 -1.291091 2.025702 0.575997 0.530006 -0.395801 1.687630 -0.132569 0.653411 -1.432299 -1.409743
21 -0.911432 -1.935437 -2.404259 0.550752 -0.799924 -2.030023 0.633123 0.170640 0.485124 -0.793778 2.055741 -0.366424 -2.270142 -1.412871 -0.125591 0.672563 -1.229268 -0.229926 0.415420 0.084437 0.912163 0.769356 1.025137 -1.178755 -0.677296 0.139742 -1.478385 -0.829142 2.125978 -1.196009 -0.431663 1.082798 1.241259 -1.458461 -1.087917 -0.570944 2.104995 1.164321 -0.586209 -0.543423 -0.864165 -1.275518 1.661115 -0.681854 -0.079096 -0.243856 -1.246496 -0.614904 -0.658871 -0.992210
22 -0.674936 -0.487484 1.463503 0.446015 -0.912434 1.591727 -1.630865 2.314226 1.169281 0.924479 0.168262 0.571080 -0.343552 -1.417112 0.079047 -0.154746 0.450687 0.131754 -1.152157 1.427093 0.215898 -0.993180 -0.146373 -1.609344 0.243477 -0.053161 0.001750 -1.842084 1.756356 0.889891 0.951311 -1.391396 0.319976 1.224992 1.184558 -0.385846 0.597671 0.039136 0.723282 0.959283 0.555269 -0.184257 -1.375902 1.912014 0.982597 0.558482 1.642025 0.733907 -0.934636 0.808121
23 -0.756435 1.027964 -1.601456 -1.928926 -1.595517 0.234484 0.027363 -0.963845 1.754310 -1.787091 -1.188244 0.639137 -0.172812 -1.811502 -0.712808 -0.820327 1.564547 0.933471 1.691102 0.122596 -0.761751 0.308040 -0.322527 1.221156 0.290177 0.438491 0.299756 1.064773 -0.310789 -1.034625 -0.109923 3.370830 -1.040672 1.193676 0.322140 -0.725908 0.053676 -0.774706 1.020421 0.687263 -1.581420 0.629143 -0.858246 -1.574243 0.203436 0.113999 0.637180 0.366004 0.015720 0.986924
24 -0.535855 1.191608 -0.635905 0.269325 -0.904021 -1.053779 -1.712007 0.877328 1.887015 -0.236438 -0.554720 1.236417 -0.031121 -1.218106 -0.493583 1.013730 -0.638589 0.045973 -0.746476 0.139570 -1.546452 -1.057888 0.514636 -0.125473 -1.495373 -2.047485 -0.443330 0.020468 0.918454 -0.326280 1.043729 0.471445 0.517304 0.185338 0.429500 -2.169902 -1.812274 0.418593 -1.240791 1.443636 0.737880 -1.144760 -1.329526 -1.147749 -0.320028 -0.538784 0.466843 -0.166322 -0.305465 1.329385
25 0.321906 -0.392473 -2.324752 0.638486 1.151430 1.658799 -0.471214 -1.266725 0.852961 -0.197005 -0.135386 -0.580180 -0.174794 0.267139 -0.707523 -2.121655 -0.902110 -0.707002 -0.845265 0.249668 -1.622290 -0.889662 -0.265749 0.403034 0.369551 -1.064154 -0.059641 -0.269171 -0.021120 -0.430539 0.487169 1.761106 -0.329253 0.199009 -1.120518 0.621877 -2.853288 -0.788796 -0.434818 -1.129230 -0.810532 -0.125263 -0.556029 0.344575 -0.718247 0.097608 0.036984 -0.297349 -0.226192 1.010203
26 1.462849 -0.525454 0.462189 -0.463203 -0.249032 -2.093015 -0.739521 -0.584355 -0.472182 -0.591911 0.486653 1.057995 1.286949 0.444183 1.235250 -0.111839 0.160007 -1.208576 -0.658280 0.132138 -1.077936 -0.744740 0.434966 -0.516803 1.211457 0.584098 -0.194244 -1.479689 0.506571 0.963804 0.310483 0.081103 0.654261 0.340911 -1.216102 -0.589863 0.145544 1.461892 0.667241 -0.651534 -0.672211 0.358003 0.673128 -1.354902 -1.648507 -0.770717 -0.462552 0.769908 1.293403 0.320784
27 -0.365664 2.122696 0.662546 -0.723896 -0.626437 -0.255630 1.085655 -0.789898 -0.348105 0.677130 0.062645 0.412133 -0.846091 1.901051 -0.724026 0.068564 0.191545 1.032795 0.814259 1.434991 2.230149 0.057377 -0.010968 -1.017634 1.727942 -0.573339 1.009302 -0.229043 0.636558 -0.143162 0.567332 -2.295683 -1.088672 -0.531513 0.194540 -0.918877 -0.831837 2.250004 0.426449 -0.330410 -2.246434 0.132216 1.188749 0.543270 -0.973319 -0.242027 0.103848 0.512678 0.020404 -0.500443
28 0.933602 -2.059363 -0.166503 -0.200540 -1.046408 -0.705269 1.126687 -1.433011 0.600647 -0.458767 0.898246 0.422177 -1.570775 -1.376786 0.524072 -0.271434 0.688091 -0.142069 0.303964 -0.279350 -0.697427 -0.650544 0.253926 3.030243 -0.765617 -0.381423 0.217116 -0.041010 -1.285104 1.081468 -1.633060 0.758774 -1.379787 -0.579972 1.604556 1.001089 -0.925026 -1.279809 0.253752 1.183583 0.464920 -0.222751 -0.549222 -1.934840 -0.254330 -0.521069 -0.527404 1.411248 0.458771 1.694697
29 -1.225016 -1.131475 0.067180 0.208797 -0.606157 1.517832 0.215524 -2.147625 0.765339 -0.327477 -1.493819 0.743224 -1.032654 -0.513650 1.834647 -1.108836 -0.536030 -1.293449 0.241768 -0.534880 1.606846 -1.292760 -0.278466 -0.794596 -0.889231 -1.173551 0.115527 -0.359070 0.922531 1.610536 -0.172578 0.313051 -0.152493 -0.889464 0.257477 -0.026231 0.233702 -0.706926 -0.006717 -0.348376 -1.585933 -1.203468 0.281603 0.583169 -0.691273 -1.267015 -0.136795 -0.644113 -0.172976 -0.001560
30 -0.650642 -0.887748 1.411720 -0.076725 -0.994215 -0.896205 -0.452077 0.411447 -1.901572 -0.903554 -0.850569 2.292928 0.600466 0.347679 1.509373 -0.957108 -0.556351 -1.425085 1.282545 -1.300240 0.581395 -1.630386 0.154182 -0.682103 0.551059 -0.604754 -1.494740 -0.266242 -0.014313 0.728881 -0.402346 -1.256314 0.531724 -0.999661 -0.059130 -0.247906 -0.330820 1.190361 -0.339934 0.433504 0.363681 -0.841576 -0.296611 -0.059354 -0.309626 0.618212 0.676869 -0.978551 -1.842565 -1.129989
31 -0.431300 -0.102344 1.083622 0.927112 0.282986 -1.186164 2.631810 -0.417216 -0.030380 -0.308721 0.964983 -0.695065 -0.332220 1.296223 -0.183684 -1.785111 -0.465184 1.651959 0.973783 -0.181427 1.321390 -0.393686 0.828337 0.513992 -0.314255 -1.636390 -0.772431 -0.154835 0.929978 -0.142381 -0.298968 -1.396419 1.261529 0.847216 -0.003809 -0.792174 0.297546 -1.974126 0.328288 1.617530 1.569236 -1.369963 0.766577 1.611274 0.377926 0.493954 -0.103243 0.248889 -1.062806 0.862519
32 -0.116204 1.183972 0.776874 1.679652 1.777193 0.328941 -2.126461 0.900008 0.902922 0.748553 0.343156 2.001754 0.707582 -1.008391 0.570245 1.549609 0.570161 2.317819 0.848400 0.251301 -0.667820 0.881162 1.524568 -0.206146 1.121580 2.589933 -0.738121 1.395982 -2.230985 0.255531 1.050746 -0.628818 1.693995 2.367043 0.110282 -1.120396 0.728061 0.581747 1.025213 1.038045 0.405421 0.135178 0.460603 -0.886716 -0.525647 -0.792947 -0.547095 -1.403146 -0.682856 -0.469964
33 -0.694804 -0.822702 -0.363191 0.046215 -0.440126 -0.624508 -0.582621 0.645335 -0.079143 0.686424 1.519369 0.682682 0.607555 0.350772 -1.169786 -0.103148 -1.276845 0.451275 -0.844806 0.389067 0.496003 1.112221 -0.244614 0.994614 -1.026002 -1.275664 1.479154 -0.992099 -0.153667 0.488628 -0.122474 -0.869728 2.909863 -1.760502 -0.784105 0.133125 0.555950 -0.866804 0.023722 0.490579 0.390723 0.342896 1.185846 -0.492115 -0.112296 -0.941645 1.634837 1.876730 0.344323 0.937270
34 0.174758 -0.408473 0.421759 -0.195432 -1.780818 -0.267079 -1.425821 -1.071554 -0.685248 -1.155746 -0.443619 0.558647 -0.023943 0.056778 0.001960 0.738997 -1.201836 1.861467 -0.287899 -0.341864 -2.214873 1.222293 -0.294640 -0.993011 -0.070263 1.516920 0.241852 -0.086973 0.607214 2.007327 0.194976 1.901267 0.913313 0.177794 0.481115 -1.426402 0.417407 -0.419366 0.498917 0.820749 -1.448447 0.135741 -0.732711 1.574498 0.656911 -0.649048 -1.041341 -0.503315 -0.152175 -1.167833
35 -1.162614 -0.803719 1.167047 -0.082332 0.386633 -1.023064 0.047003 0.908891 -0.039079 0.757544 -1.815153 -0.762390 1.020043 0.697869 0.554525 0.299045 1.037776 0.041790 -0.331862 1.147038 0.180553 -1.314170 -0.361986 0.008183 -0.081349 -0.399225 1.166790 -0.101457 -0.996892 -0.226029 1.489703 -0.282739 -1.134224 -0.606701 -0.867563 -2.002432 0.224111 -1.033688 0.949941 -0.890519 0.843809 -0.373066 -0.684527 1.091519 0.837334 0.567286 0.828195 0.887066 -2.111470 -3.057789
36 -1.744067 -1.058044 -1.113204 0.313748 -0.812823 -0.456942 -0.213380 -1.757530 1.425206 1.199498 0.627318 -1.831805 0.490509 1.466179 -1.213353 0.886022 -0.604831 0.351508 0.196819 -0.571397 0.122744 0.821841 -1.474537 0.941936 0.079378 0.535275 -0.901540 -0.848043 -0.300481 -1.187621 0.884721 -0.573609 -0.393950 -0.357182 -0.621500 -0.086550 1.028685 -0.950402 -0.163942 2.048368 -1.425470 -0.098873 -0.953474 -0.446111 0.982642 -1.330268 0.932861 0.899688 1.426297 -0.369142
37 -0.182820 0.414003 -0.705665 -0.458749 -1.027623 1.097559 0.071794 -0.029439 -1.663198 1.753933 1.049953 -1.762562 0.736548 -0.838336 -1.490817 -0.257296 0.563852 -0.150340 0.631681 -0.655874 -1.562504 -0.403586 1.175808 0.285635 0.437840 -1.216737 -0.387546 -0.275472 -0.537177 -0.127342 -0.031080 -0.385567 -1.562959 0.326478 0.122256 -0.244979 1.406896 0.920303 -1.593982 0.377659 -0.194888 0.390634 2.614138 1.315629 -0.433134 -0.260350 0.336341 -1.122201 0.393496 -1.260650
38 -0.034519 0.162122 0.936019 0.830637 -0.831796 0.362897 -0.253462 -1.269234 0.069783 -1.420095 0.997003 -1.024881 1.860732 1.703617 0.464975 -0.753032 -0.533558 -0.312221 -2.068577 1.323654 -1.917219 -0.745093 0.628848 -2.498268 -0.040953 -0.170509 -0.958460 -0.198513 0.791073 -0.783451 -2.476408 -0.510510 -0.888078 0.729945 1.266517 -0.370402 -1.048925 1.421610 0.375368 0.172385 0.931271 -0.274996 -0.810095 -0.616343 0.392566 -1.375157 1.185123 0.869229 -0.007974 -2.455937
39 -0.581813 0.361053 2.020816 -0.990635 -1.151640 0.835120 -0.892202 0.450704 -0.610468 0.018658 0.975371 -0.691537 -0.832146 -1.527320 0.281626 0.351320 -2.343710 0.073548 2.535743 0.088205 -0.066511 -1.323751 -1.143782 -1.092058 -0.112680 -1.168841 -0.821377 1.015166 1.527988 -1.705876 0.292526 -0.835270 -0.596564 -0.025278 -0.721808 -1.184091 0.193196 0.055595 -1.048138 1.271768 -0.003493 -0.263252 0.062227 0.896273 -0.088570 -0.828799 -0.078654 0.840493 0.105383 -1.450766
40 1.898196 0.022081 0.070922 0.126936 -2.218215 0.579069 0.955900 0.127060 0.603905 -0.737418 0.014922 -0.995293 0.959405 1.173590 -0.371462 -1.227836 -0.715454 0.948394 0.028979 -2.264437 1.522316 1.126845 -0.974512 -0.796411 1.514412 -0.262949 1.343486 -0.601081 0.873500 0.056648 -0.116406 2.289284 0.222942 0.616448 1.293275 -0.025814 0.830179 -0.119322 0.682345 2.299076 0.036807 1.050222 1.084590 -0.234495 -1.565485 0.350278 1.910455 -1.023050 1.766407 -0.556018
41 -1.213329 0.956444 0.353197 1.234069 0.075691 1.108749 0.357242 -1.514796 -0.699044 1.485464 -0.951948 -0.147539 2.067023 -0.693137 0.179058 -2.376241 0.635515 -1.295500 -0.310601 0.783255 1.015364 -0.244312 1.322195 -0.339503 -0.126275 1.007239 1.948756 0.878309 0.126600 -0.448857 0.181900 -0.387086 -0.143448 -0.575133 0.588088 0.955076 -0.090428 -0.381887 -0.898559 1.733625 1.117230 -1.703601 -0.262250 -0.030890 -1.070354 -2.881356 -1.540944 -0.468777 -1.221393 1.041600
42 0.422853 -0.350898 -1.097192 0.581340 -0.325480 0.069181 -1.813245 0.886994 -1.147874 0.096653 -0.063880 0.288803 -1.843307 1.658742 0.481607 0.348447 -0.493512 -0.411800 0.234546 0.181146 1.298525 -1.545125 0.673784 0.830330 -0.433322 0.817606 -0.329686 -0.015509 1.300078 1.348056 0.727360 -1.110391 2.003126 -0.661121 -0.963342 0.527078 -0.114771 -0.100806 2.353245 -1.171691 0.530883 0.709555 -1.067621 0.894381 -0.046048 1.130779 -1.496386 0.978291 -1.570442 -0.070665
43 -0.391307 -0.599435 -0.193402 -0.540512 0.536467 0.252272 1.835037 1.694874 -0.502984 1.237340 -0.121913 -0.873729 0.917649 0.468346 -0.634567 -0.760108 -0.160989 0.507013 0.096382 -0.025439 -2.640211 0.326447 -2.072971 -0.145355 0.718920 -0.954617 -0.503441 0.488297 -0.040377 1.801516 0.715233 0.550882 0.001112 -1.621407 -0.093614 0.401952 0.117944 0.463371 1.383055 -0.252495 0.033038 1.141261 -1.006370 0.954373 -0.216698 0.842459 0.576604 -0.238161 -0.821056 0.817525
44 1.369620 -1.181357 0.632722 -1.239158 0.304637 -0.515292 -0.722139 0.129459 -0.242875 -0.637950 0.329645 -0.251790 0.514993 0.198457 -0.956577 1.130773 1.684034 -0.104194 0.559566 -0.212712 0.920766 1.544129 -0.808381 -0.587244 -0.790213 0.043352 1.085046 0.216953 -0.647982 0.110949 -0.683545 0.722569 -1.809422 2.602398 -0.195458 -0.190786 -0.127520 0.835292 0.108802 -0.417764 -0.092676 2.689409 0.508786 0.478186 -0.548587 1.107206 0.333983 0.159802 1.437958 -0.359923
45 0.850772 0.319234 -0.731423 -1.281333 -0.636537 1.374543 -0.212814 0.054586 -0.537095 -1.772639 -0.177798 0.821100 0.663346 0.374709 0.297181 -1.473233 -1.123386 0.249816 -1.530148 1.490228 -0.052424 1.514504 0.580947 -0.440434 1.396616 -0.659630 -0.669677 -0.011635 -1.652471 -0.850795 0.716649 0.329721 -0.378597 -1.356977 -0.181881 0.431848 0.997534 0.389667 0.103681 -2.067241 -0.205151 0.718428 0.092734 -0.953436 -0.197097 -0.933855 0.822288 -1.422539 -0.779771 -1.205599
46 -0.340055 0.146379 0.447495 -1.279199 0.234562 0.182069 0.582195 0.455942 -0.335989 0.491784 0.070112 0.037588 -1.544930 -0.693886 0.215452 0.313621 -0.337158 -0.248587 0.879604 2.320906 0.408934 -1.313416 0.767879 -1.905078 1.111286 0.536383 -1.035407 -0.567693 -0.128498 0.897286 0.373395 1.790994 0.580122 -0.242215 0.166396 -1.070371 -0.020018 1.730622 1.529983 -0.217656 -0.991695 -0.393935 -0.013985 0.522529 0.796708 0.213092 -0.978645 1.219428 -0.110057 -0.585618
47 0.338022 -1.314270 0.917683 -0.034155 -0.852750 2.463967 -1.609888 -0.245790 0.120801 -0.326624 0.373129 -0.349454 -1.135300 -0.148077 0.726587 -1.347509 0.386563 -1.475468 1.339089 0.418181 0.464677 -0.368097 0.012500 -1.569561 -1.374107 -1.939947 0.484568 -0.736929 1.729665 -2.352066 2.056105 0.254093 -0.582739 0.247122 -0.407375 0.769375 -1.474668 0.275624 1.117608 -0.723246 1.467829 -0.649969 -1.142647 0.124878 -0.740519 1.417604 -0.414004 -0.506200 -0.986544 0.280527
48 -0.606663 0.765810 0.214027 0.988396 -0.122233 -1.286178 0.296555 0.564690 0.761258 -0.809512 0.403415 1.140275 -0.442967 -0.635760 -0.726110 -0.155279 0.896558 -1.022126 1.040970 0.560546 -2.210709 -1.053859 -0.802731 1.200032 1.926763 0.125323 -0.329253 1.219907 -0.036805 -0.910497 1.225330 -0.773222 -0.062628 0.252016 0.012932 0.682636 -1.215358 -3.051145 -1.470493 -1.515670 -0.239587 -0.459825 -0.595134 -0.024680 -0.208820 -0.334952 -0.592182 -0.793890 -0.481890 -0.865685
49 -0.408782 -0.683910 -0.026283 -0.812065 -0.472799 0.122749 -1.108659 2.584664 -0.914105 -0.062352 -1.161491 -0.278331 -0.661379 -1.379407 0.290381 -0.582063 1.164698 2.910740 0.432916 -0.792721 -0.257290 -1.046556 -2.089697 0.497424 2.490542 -0.344082 -1.232383 0.191961 1.110876 0.428790 0.593309 0.189955 -1.213660 0.185158 1.548953 0.910862 0.361915 0.111113 -0.603190 -0.318343 0.429156 2.181076 0.695122 -0.572520 0.354050 -0.338259 -0.733041 -2.355706 -0.319481 1.038837
50 -0.377994 -1.587718 -0.277139 0.096000 0.616852 -0.577647 -0.712876 -0.805236 -1.887703 -1.580620 -0.111858 -0.305687 -2.555048 -0.486427 -0.040921 1.184248 -0.705602 0.163068 -0.887004 0.711450 0.392000 -0.215862 -1.177620 0.884315 1.367212 -0.466069 -0.066496 -0.135326 1.156696 1.583587 0.795078 -0.516236 1.480175 -1.389258 -0.733895 0.980777 -0.683942 1.187245 -0.320674 0.299436 -1.552147 -0.633105 -0.281417 -0.746094 -0.003652 -1.222927 -0.353393 -0.695696 0.737931 0.068319
51 -1.140937 0.565624 -1.775747 -0.273851 3.606540 0.928788 6.813537 5.745153 5.113103 -1.167098 -0.066087 6.920662 3.124609 0.362002 -0.174136 0.580987 -0.438638 4.136878 0.032814 5.495812 0.352006 5.551186 4.738586 3.986248 -2.728683 4.943991 0.150740 -0.555576 2.695584 0.410175 5.142047 -1.275927 0.960737 5.315020 4.423139 -0.094683 1.841665 3.343367 1.659196 1.097008 1.252607 4.452661 7.192702 4.696641 0.866224 0.582872 4.860615 -0.760977 -0.731459 -0.187121
52 -1.102687 -1.049111 -1.306310 1.623497 1.052232 -0.261238 -0.144556 -1.486224 -0.429152 1.347751 -0.002695 -0.274868 -0.282404 -0.146065 0.012040 1.609644 0.552351 -0.718881 -0.748735 -1.302759 0.202753 1.150565 0.528763 -0.943307 -0.588679 0.348362 0.900997 1.808085 -1.545320 0.381800 0.730957 -0.131711 0.050991 0.644113 1.138858 -0.346125 0.678774 -0.735968 0.866624 0.836122 -1.026619 0.151720 1.206291 1.086700 1.571454 -1.108865 1.235106 1.489026 0.937643 -1.545649
53 -0.382512 -0.724103 -0.376678 -0.954896 1.630244 -0.460905 -2.518679 0.787866 0.878221 -0.463784 0.264469 0.026576 0.339367 -0.864377 0.184632 0.264884 -0.109431 -1.079367 -1.267433 0.653320 0.452781 -0.134092 0.202134 -0.364049 1.626324 -0.970557 1.031427 0.712208 -0.794239 0.626081 0.364137 0.374094 0.585721 -0.275970 -0.637819 0.166100 -1.834662 -0.054381 1.263060 0.245632 -0.561825 1.357356 0.939991 -0.040020 -0.231563 0.657444 0.203762 -0.086720 0.940264 1.881588
54 -0.236278 0.659936 -1.368429 -0.479752 0.067409 -0.196357 -1.047862 -0.349606 -0.026011 -0.772304 0.276743 0.623054 -1.068548 -1.742346 -0.353447 -0.729775 -1.207723 0.765870 0.131886 -2.405448 -0.203636 0.078406 0.361423 0.583327 -1.741462 1.687909 1.504410 0.906561 -1.217051 0.477142 -0.485855 0.612336 -0.767520 1.163910 -3.168502 -0.030842 0.653827 -0.562569 -2.113375 -0.415069 0.752861 -0.449819 1.460845 -0.342283 -0.128736 -1.104355 -0.961576 -0.201982 -0.686365 1.301415
55 -0.502274 -0.005415 -0.967985 -0.721952 0.454139 -0.671138 -1.424547 -0.089574 -0.806127 0.155251 -0.525930 0.547842 1.005235 -1.253259 -1.228470 -1.002853 0.707240 -0.007046 0.161737 -0.228830 -0.155454 -1.438933 -0.292761 -1.072890 -0.749193 -0.519167 -1.693535 1.038076 -0.298670 -1.720123 -0.609399 0.131543 -0.518841 0.535134 0.979740 -0.449231 0.762421 -0.600078 1.086711 0.246592 -0.464099 -0.846901 0.740694 0.423554 1.294710 -0.580691 -0.733663 -0.885270 0.320478 0.705471
56 0.710603 -0.545142 2.597208 0.239185 4.550290 1.014422 6.947711 6.570152 5.879406 0.779643 -0.085789 4.295614 -0.063959 0.303667 -0.296725 1.601641 -0.539285 5.345853 -1.619376 4.076823 -0.295105 6.021843 5.466756 6.427274 0.014179 6.376401 -1.225085 -1.885471 3.997417 0.152165 5.436949 0.188673 0.159992 4.454199 3.105415 0.467652 1.038612 4.748255 -0.449812 0.266579 0.546697 7.243487 5.881567 6.042761 0.619331 0.987768 5.114070 0.401730 1.353793 0.724795
57 -1.505943 0.079938 -1.999198 0.313448 0.109726 -0.568945 -0.883822 -0.280535 0.680639 0.494577 -0.279188 -1.489571 2.085299 0.790446 0.387137 -0.449306 -1.111885 -0.343371 -0.166571 -0.568369 0.062354 1.110879 0.192692 -0.141211 0.258646 -1.234164 -0.388920 0.300855 -0.085984 -0.012727 0.865860 -1.177756 -0.171410 -0.722794 -0.264262 0.945760 0.122531 0.104508 0.067936 0.888578 0.768510 0.891231 -1.396562 -1.392458 -0.974085 1.507331 -1.592944 0.282181 -1.596557 -0.448415
58 1.945945 1.125650 -1.595988 0.881491 0.665724 -1.176335 1.811675 -1.180921 0.175927 0.317479 0.074499 -0.391145 -0.833732 1.692776 1.585194 -0.415600 0.715757 -1.065092 -0.092553 -0.331434 -0.122185 -0.307823 -0.260116 -1.083853 0.969780 -1.452905 1.004950 -1.120922 1.255253 0.177386 -0.003801 -0.200593 -1.080772 0.604148 0.324108 0.374235 -0.034178 0.250171 -0.745497 1.110394 -1.151029 0.135145 -0.167463 1.009779 0.835908 -1.801236 -0.140175 -0.605335 -0.479529 0.926848
59 -0.193009 1.037697 0.806340 1.086159 -0.116194 1.677071 -0.563779 -0.101721 0.362239 -0.103914 1.039893 0.807523 -0.157903 -1.326018 1.323236 0.274209 -0.351648 -0.275150 -0.389212 1.298250 -0.434351 0.523714 -2.073781 -2.498621 1.298059 1.738885 -0.980588 0.058869 -1.213882 0.165393 0.220788 1.524840 -1.827295 0.033079 1.245357 -0.914396 -0.181729 -0.749289 0.788468 -1.889023 1.481566 -0.419432 0.045929 0.580087 1.060472 0.344240 -0.276900 0.699422 0.787104 0.013903
60 -1.203926 -0.431080 -0.161398 0.869926 5.257315 -0.690360 4.807156 6.482536 3.641536 -0.330228 -1.452052 5.029888 0.078684 -1.798873 0.279480 0.570809 -1.115932 4.628129 0.271907 7.260095 1.049423 3.483581 5.779360 6.645449 0.643608 5.381978 -2.366312 -0.440664 5.469756 -0.490862 4.726765 1.105281 -0.249994 4.986317 4.958000 2.647770 1.255653 5.259072 -0.751458 -0.980766 0.023748 5.318499 5.795648 4.628373 0.087819 -0.743025 5.436955 1.147413 1.181566 -0.393181
61 2.089041 0.271537 -0.705389 0.471218 3.589102 0.205511 4.778319 7.004955 4.632710 0.656725 -0.769720 4.486807 -2.796378 -0.524049 -0.503346 -0.402847 -0.693347 5.590142 0.081251 5.257323 -0.509654 5.742034 6.178355 3.844052 -1.772603 4.891770 1.016186 -1.474939 6.238099 -0.936596 3.460357 -0.711743 -1.781466 4.304018 6.660231 0.123683 -1.000604 5.739282 0.846663 -1.731865 -0.316248 5.184279 4.883486 6.085044 0.566747 -0.973822 4.899198 -0.817871 1.560735 0.881250
62 0.455538 2.351405 -0.107049 -0.532255 -0.887354 -0.888755 -0.308528 1.470167 -0.427310 -0.233233 -0.758175 0.125558 1.630790 -0.419538 0.197455 -0.109554 0.176276 -0.462291 1.264902 0.372789 -0.209777 0.671490 -0.683066 -1.213473 0.519027 -0.905644 -1.226674 2.417099 -0.470754 -0.969619 -2.065978 0.091967 -0.605791 -0.862392 1.035665 0.613506 0.854494 -1.920542 -0.649555 0.321064 -0.158923 0.171990 -0.378680 -0.468628 -1.823596 -0.705965 1.724967 -1.755988 2.119951 0.003655
63 -0.298325 0.843711 -0.506807 0.272238 -0.328861 -1.616834 1.089182 -0.108422 0.552235 -2.308790 -0.956371 -1.303475 0.181471 0.144074 -0.154240 -0.609645 -0.601585 -1.449372 -1.670016 1.494375 0.950340 0.663501 1.589527 0.803936 -0.086716 -0.377365 0.284392 -0.100721 0.637029 -0.255759 0.014991 0.444805 0.660324 0.709798 0.491137 0.935715 -1.099150 -0.267399 1.631746 1.248765 -0.889434 -1.490408 0.166605 -0.571764 0.195024 -0.516343 -0.531405 1.143223 -1.088261 -0.822372
64 0.397975 -0.254561 -0.091192 0.218334 -0.774351 -0.462187 0.698401 1.903452 -0.460134 0.669990 -2.489874 0.510486 1.602407 1.307541 -0.518013 -1.069425 1.969199 -0.529631 0.052132 -0.795698 1.776867 0.094278 -0.550031 -0.416600 -0.018382 -1.420590 -0.365414 -1.371617 0.047320 0.843011 -0.305099 1.037652 -1.701496 1.503292 0.263941 1.024437 0.570992 1.344723 1.046823 0.418839 0.064379 1.072749 0.338445 1.068578 1.021817 -0.093555 0.997535 -0.547150 1.301056 -0.264068
65 1.214004 -0.484167 0.300432 0.284548 0.246631 -1.718810 -1.884106 -0.151933 -0.902649 0.392322 -1.648621 -0.820280 -0.441187 -0.459059 -0.385100 -1.068291 -0.639598 0.852521 -0.038151 1.004656 1.027898 -0.450527 0.559562 -0.247803 -0.620053 -0.789813 0.684325 -1.730808 -0.652914 1.460920 -0.589514 1.798123 1.539484 -0.963283 0.603679 -0.977754 0.647931 0.156764 -0.333926 -0.213318 2.040947 -0.974982 -1.711837 0.239356 0.087032 0.299047 0.442641 2.453092 -0.568857 -0.857472
66 -0.896301 1.713756 1.126742 -0.646009 5.829296 -1.061252 3.773288 7.115493 4.882286 -0.699325 0.092992 7.184593 0.799347 1.913849 0.258318 0.898025 0.927471 5.298272 -0.262295 4.288090 0.792960 7.063740 4.970279 5.259971 0.320203 4.697269 0.422034 -0.393565 7.044974 -0.261014 4.965930 0.665769 0.745062 6.467144 4.657224 1.224990 -0.926988 4.500234 -0.087429 0.231416 -2.330221 5.559419 4.830001 5.326407 -0.124665 -1.418557 4.051171 -0.252443 -1.426736 1.013940
67 0.943912 -2.150252 1.382643 -0.094133 4.060201 -0.818644 4.277298 4.244628 4.629943 0.493012 -1.149681 5.918191 1.452387 0.239472 1.346049 -1.243707 -0.967248 4.264825 -0.901743 6.519883 -1.887566 5.337940 5.782956 4.505808 -0.354139 2.638295 1.404892 -0.419863 5.227039 0.065868 4.537432 -0.734013 -0.197322 5.306016 5.247504 -1.569009 2.247685 6.232692 -0.484803 -0.123688 0.860303 4.159230 5.494008 5.192281 0.905729 1.415269 5.157455 1.255760 1.837630 -1.440773
68 0.145468 -0.844106 -1.144067 -0.691755 6.003224 0.294480 5.096198 4.100982 5.774313 0.631802 0.838112 4.651156 1.031763 0.061261 0.062977 0.674733 0.617617 5.249398 0.199843 4.695405 -0.826814 5.525241 5.254451 3.768857 0.898270 4.653848 -0.480893 -0.816678 5.068193 -0.958532 6.351356 1.506855 1.301271 4.277832 5.405422 0.186294 2.483763 4.855941 -0.324059 0.404191 -1.182458 6.532713 4.767383 3.555758 -0.046447 -0.864153 4.011508 -1.937955 -0.894606 -0.152869
69 0.243856 -0.787394 -1.097509 1.179190 5.163268 1.079692 5.000511 6.427814 4.846023 0.087595 0.857868 6.548363 -0.861124 -0.531799 1.027538 -0.596004 -0.171596 6.418334 -0.552952 3.850146 1.004329 3.322993 4.449389 5.046643 0.586924 5.465797 1.613171 -1.228767 6.222923 1.517351 3.988973 -1.739821 0.773620 4.484932 5.911144 -0.371579 -0.574574 7.854467 0.602053 -0.248140 -0.999405 4.434376 5.610310 4.439463 -1.562879 -0.297055 5.039145 -0.476249 0.117337 0.937090
70 0.233395 0.662613 0.488458 0.375821 -1.270020 0.060475 -1.159833 -1.360720 0.226538 -0.890549 1.047385 -2.172801 -0.144414 -1.031187 0.100851 -0.134948 3.628090 0.110364 -1.811737 0.238108 2.186203 0.717852 -0.076908 1.070825 0.220663 -0.372842 -0.040683 0.693927 -0.280088 -0.371348 -0.249761 0.277023 0.663849 -0.966458 1.779743 -0.428664 1.277113 -0.239265 -0.884880 -0.021750 -1.134396 -0.597013 0.064620 0.109430 0.571368 -1.054142 0.604857 1.915239 0.695048 -0.601773
71 0.987622 -0.997168 1.710737 0.170271 -0.499166 -1.694708 -2.434024 -0.721087 0.411551 1.521785 0.945101 0.404446 1.038877 0.815427 1.490500 0.580985 -0.527186 2.083974 -1.501129 -0.504757 1.489058 -0.188886 -0.747575 -0.274586 -0.587721 0.293425 -1.609010 1.402732 0.133920 -0.584711 -1.324068 0.176464 -0.809172 1.319571 -0.496315 0.368995 0.190279 0.000360 1.159976 -0.380690 -0.851250 0.797844 1.904373 0.590676 0.759119 -0.165127 1.169935 1.318727 -0.444660 -0.064152
72 -0.733225 -0.770924 1.312649 0.891224 -0.864087 -0.407260 0.144744 -1.896841 1.031959 -0.427494 -0.275063 -0.666553 1.465915 0.064900 -0.200122 -0.562391 -0.088033 -1.040210 0.004398 1.070267 -0.854802 1.267046 -0.739270 -0.859531 1.197434 -0.602322 -0.852602 -0.963144 -1.580141 -2.167253 -1.019178 -0.066141 0.691066 -1.145179 -1.184026 -0.373491 0.276787 -0.339618 0.333995 1.063905 0.827860 0.285943 -0.196648 -0.128544 -0.910830 0.980439 -0.470873 0.269973 -1.356863 0.198737
73 0.599679 -0.444961 2.261012 -1.975722 -0.501104 -1.905908 -0.521069 -0.140214 -1.626405 0.489741 -1.444825 1.021806 -1.437813 0.659045 -0.812189 0.675653 -2.256779 -0.343051 0.498214 1.544536 -0.344497 -0.064870 -0.449535 0.449801 -0.798543 -0.694819 0.206797 0.360684 0.750633 0.010167 1.665011 -1.166373 -1.369428 0.007014 -0.411993 -0.570414 -0.888916 -0.603104 -1.731976 -1.189131 0.520238 1.014513 -0.699788 -0.739405 1.232425 -0.179923 0.791602 -1.513995 -0.104843 1.547386
74 0.896131 0.823455 1.867774 -1.569879 -2.941908 2.622743 -0.917732 -0.407492 -0.007287 0.410649 0.152013 0.797630 2.263090 -0.067858 0.546642 0.797977 -0.111702 -0.380234 -1.271441 -0.422724 0.841862 0.240802 0.892064 -0.039965 0.610963 0.521382 -0.609311 -0.711330 -0.459101 0.117075 0.699173 -0.907607 0.237317 -0.086508 1.102401 1.209634 0.378032 -0.456445 0.758582 -0.655833 0.261317 1.196980 2.346357 1.204997 -1.154818 -1.701844 1.571388 -0.025254 -1.330209 0.252696
75 -1.893726 -0.486555 -1.517473 1.440009 0.349211 0.077853 0.428959 0.222226 1.362361 0.393162 -0.345074 1.392075 0.237251 -0.810073 0.811599 -0.897182 -0.324464 -0.856049 0.309357 1.114742 1.540537 0.499105 2.187105 -0.266032 -0.470787 0.252619 -0.683325 1.529960 -0.929315 0.704313 0.104635 0.013135 0.815093 0.233531 0.854747 -0.627114 -0.388755 -0.007668 -2.462051 -0.462590 -1.275154 -0.512387 2.311271 -0.053596 -0.683047 1.345161 -0.731036 -0.177303 -0.968325 -0.672417
76 -0.635578 0.476248 -0.748913 -0.311613 4.950002 -0.258829 4.248754 4.601514 3.541635 -0.983800 -0.147044 7.292395 0.602558 0.600115 -0.381632 -1.220572 -0.011163 5.905523 -0.073307 4.427259 -0.507693 5.635970 4.564228 6.530333 0.677282 6.451586 -1.746352 1.221582 4.670854 0.632400 5.617373 0.482986 -0.393742 5.300773 3.920872 -1.839580 0.595813 5.264739 -0.018283 1.550213 1.085474 3.844215 4.262561 5.411565 1.596536 -0.986567 4.678396 -1.742222 2.107737 -0.489127
77 0.719002 0.367366 -0.875240 0.381126 6.509034 1.003133 5.256263 5.997060 5.563080 -1.848670 0.130548 6.081717 -0.470193 0.129754 0.189085 -0.073151 -1.223071 4.556146 1.341890 8.084351 1.687407 5.785623 6.286789 6.417576 0.982202 6.548648 0.306698 0.330059 5.896141 -0.138336 3.333485 0.214370 1.611164 5.948853 4.779879 0.313237 -3.112261 4.377853 -0.564449 -1.732216 1.971615 4.103769 5.170258 3.923758 -0.963409 0.018591 5.516894 0.221062 -0.231615 -0.045440
78 -0.784193 0.970617 -1.132102 1.948475 -0.040487 -1.407687 -0.291302 0.372884 0.734370 0.433611 0.802485 0.062125 0.702910 -1.182210 -0.067304 -0.148399 -0.170543 0.039015 -1.133327 0.803131 -0.400298 0.564846 0.745648 -0.949970 0.355601 -1.275970 1.224735 -0.095467 0.024393 -1.650458 0.346694 -0.512742 0.705043 -0.020986 -1.849793 0.279368 1.113102 -1.130097 -1.720753 -0.030136 -0.523895 0.462361 0.000426 -0.044116 -2.396489 1.017960 0.351824 0.470027 -0.629298 0.269162
79 -0.451178 -0.479329 -2.355133 -0.032634 -0.309879 0.207217 0.055933 2.093329 0.251343 -1.590789 0.710049 -0.120089 0.134316 0.332746 -0.132460 0.437729 -0.824626 -2.028263 0.325480 -2.062086 0.419622 -0.874564 -0.943269 0.613557 -0.948542 -0.081512 -0.828085 0.138111 1.276246 -1.936084 0.403217 -0.681476 0.295992 -1.489053 -0.545458 0.230499 0.486176 0.346145 -0.405326 0.126578 0.999188 1.270553 0.194820 -1.885937 -0.852576 -0.571865 -0.363153 -0.109629 -0.515879 0.469028
80 0.818322 0.426686 0.318989 -0.843438 -0.041012 1.481172 2.124408 -0.558357 0.020446 1.603162 -1.108816 0.694349 0.735336 0.970185 0.074460 -0.266182 1.945872 -1.469442 0.150672 -0.214726 -0.692949 0.758964 -1.165859 -0.242097 -1.969742 0.588362 0.622980 0.442141 -0.662232 0.799048 0.528455 0.063013 -0.007899 -0.384266 -0.394989 0.761871 -0.766988 1.108995 0.097183 0.520723 0.832126 0.108748 -1.445219 -0.469932 -1.090050 -1.939818 0.426383 -0.994818 -0.240260 -0.834254
81 0.162418 0.432969 -1.111195 -0.452138 0.672787 -1.187989 -0.512300 0.441737 1.206090 -0.637105 -1.090920 -1.864490 -0.579901 -0.127700 1.187724 0.473027 0.141270 0.812115 -0.446049 -0.992333 0.203920 -0.792184 1.366362 -0.103215 1.087458 0.685422 -1.521241 0.384452 0.300642 -0.661186 -0.652147 -0.109997 0.613006 1.670365 0.497538 -1.803971 2.839186 0.065903 0.991802 -0.360259 0.079677 0.660876 -0.964472 3.044004 0.105367 0.506548 -0.296523 1.667624 -0.268710 -0.102566
82 0.204545 -1.942295 0.520761 0.888232 -1.737116 -0.259406 0.817750 -0.657219 -0.014108 -0.240141 0.820290 0.696741 0.250674 0.261724 0.162749 -0.054920 1.001841 -0.168905 1.096034 0.395592 -0.724505 -1.714432 -1.599334 0.647514 0.407640 0.143948 0.345337 0.187400 -1.357562 -1.292128 -0.671415 -1.384386 -1.386830 1.534918 0.085240 -1.087838 -0.018549 -0.080126 -0.978228 1.213522 0.440960 -0.549721 -0.904333 -1.064815 0.406594 -0.365831 -0.574241 -0.603888 1.985737 -1.207528
83 0.420042 -0.081444 -0.117490 0.712251 0.871494 -0.100922 0.275136 1.035754 0.340485 -0.446181 -2.002109 -0.277955 1.528087 1.245820 -0.958796 -0.518757 1.324884 0.683138 -0.918247 1.226665 1.776564 -1.121894 0.748951 0.481911 0.951667 -1.136950 0.696506 1.008187 1.397909 -1.310758 1.492065 0.391608 -0.011220 1.062172 -0.939775 1.180405 1.094419 -0.617799 -1.055667 -0.646759 0.243623 0.050265 -1.119388 0.552610 -1.850991 -0.412006 0.393551 -0.618491 0.628303 0.196098
84 -0.752484 -0.153057 -0.588150 -0.036284 1.162565 -0.629227 0.647512 0.870258 -0.556080 1.233460 0.512518 -0.290859 -0.407347 0.694237 1.297744 -0.944540 -0.384450 0.503945 0.316669 -1.813426 -0.431745 -0.248832 0.587333 0.708071 1.500884 0.679891 1.844338 0.656782 0.167033 0.798950 0.634086 -1.572896 1.067324 -1.651991 0.277948 -0.101664 -1.238514 0.044513 -0.120973 -0.062879 0.020820 0.160594 -1.319784 -0.384367 -2.044493 -0.009532 -0.520487 0.454837 -0.879334 0.024286
85 -1.709113 0.367929 -1.044387 -1.069609 0.317751 0.075725 0.592091 -0.835071 0.748882 0.180600 2.123072 -0.675383 2.114070 0.624469 -0.264566 0.975141 -1.172210 0.596499 -0.350589 0.593250 -0.365350 0.907414 0.492692 0.311606 -0.748440 -1.215065 -1.792229 1.792499 -0.396909 -0.694292 -1.256057 1.916387 1.099327 -0.612635 1.098862 1.001564 -0.322972 0.537952 0.943646 -0.444689 -1.292711 -0.172160 0.467519 0.781007 1.577788 1.432046 -0.855951 -1.210555 -0.124781 -1.007178
86 -1.407528 -1.014326 0.217643 -1.592766 0.359723 0.566235 -1.093026 2.145950 -0.615731 1.015339 -0.751287 0.491811 -0.921965 0.018722 -0.007555 -0.720966 0.952931 0.038088 -0.212327 0.608504 1.424633 -0.186315 -0.479043 -0.311273 -1.042082 1.652249 0.241746 -0.787095 -0.078972 -1.378346 -1.223160 0.099527 1.448812 0.452360 1.486428 0.147176 -0.428746 0.201188 0.128470 -1.400762 0.382773 0.308645 -0.361393 0.847773 0.897380 -1.382512 -0.279186 -1.412323 0.702024 -0.340416
87 0.649768 0.482127 0.177067 0.119380 -0.269834 0.181864 0.158276 1.648623 -1.366342 0.657499 -1.204552 1.672369 -2.159070 -0.452256 -0.481461 0.328059 -0.576017 -0.614817 0.676600 1.563873 -0.104686 -1.492650 -0.659769 1.075704 -1.876275 -0.028874 0.478753 0.864275 -0.506923 0.103637 -0.136645 0.606249 1.184341 0.546056 -1.577786 -1.233400 0.489691 2.028347 -0.297159 -0.018177 -0.027399 -0.644137 -0.411706 -0.582619 1.087079 1.539061 1.815386 1.385911 -1.908481 1.005696
88 -2.397395 1.243650 -0.907566 -1.100917 -0.668178 0.770728 -0.111713 -0.598421 0.919384 -0.044467 -0.309280 0.954554 0.737376 0.096818 0.772516 0.631377 -0.126966 -1.320304 0.708841 -1.542702 1.349161 -1.242548 0.239953 0.895729 0.194564 0.747231 -0.586637 -0.244723 -0.619160 -0.393631 3.017749 0.949858 0.151360 1.193962 -0.284628 -1.976796 1.065766 -0.035537 1.029831 1.503176 1.083603 -0.435372 0.502173 -0.521617 -1.074103 -0.673754 0.952326 -1.610043 1.229184 1.450157
89 -0.591187 0.186137 -1.988341 0.436876 0.717399 -2.381238 0.380172 -0.586800 0.616027 -0.901626 0.867836 0.164717 0.567300 -1.061361 -0.674802 -0.190299 -0.351480 0.608848 -1.684270 -0.519084 -0.771386 -0.444526 0.146574 -1.317704 -0.049567 -0.819910 -0.741755 2.152522 0.979145 0.733917 -1.496666 -0.025933 1.114086 -0.029229 -0.497572 -0.211992 -0.658247 -1.239923 -1.347176 0.792794 0.862559 -0.225770 1.026237 0.111395 -0.397596 -1.291444 -0.167702 -0.558647 0.729965 0.467350
90 -0.576417 -0.162960 1.246940 -2.098335 -1.089701 1.322716 1.160491 -2.047018 -0.902904 0.466177 -0.722368 -1.599748 -0.244675 -1.285835 1.415139 0.487250 -1.323993 -0.132450 0.888874 -0.805122 -0.091997 -1.383217 1.332100 -0.053299 1.666156 -0.526237 -0.977604 1.180254 -0.158850 0.521952 1.538683 -0.182738 -0.996264 0.830332 0.394713 0.339377 0.786173 -0.888883 0.069237 -0.155625 -1.343447 0.489321 -1.153997 0.030079 0.384897 0.471150 1.523148 0.519704 -0.005633 -2.720644
91 0.796674 1.127359 -1.352063 -1.635293 0.165022 0.022188 -0.839727 0.863761 0.689916 0.257095 1.134703 1.780863 -2.020064 -0.876171 0.966474 -1.119308 0.209262 -0.663035 0.710354 1.119421 -0.702776 0.011869 1.287302 0.269551 -0.059912 -1.120592 0.218582 0.504648 -0.185152 0.790497 -2.791603 -0.656059 -0.553568 -1.386359 0.438065 -0.576635 1.747864 1.094667 1.191043 -1.372676 -0.977980 0.331242 1.261303 0.128838 1.870122 0.771852 -0.018376 1.602762 0.656918 -0.502388
92 0.175970 0.760769 -1.173957 -0.461081 -1.788155 0.541168 -0.437514 -0.312493 0.202601 -1.234815 -0.667258 -0.785787 -1.467209 -0.324069 0.180431 0.666351 0.028431 -0.307505 0.505061 -1.607219 -0.425185 -0.346246 -0.737411 -0.453118 2.752454 1.412925 0.938956 0.090443 0.551378 1.665436 -2.114118 -0.864423 0.844041 1.462586 -0.956968 -0.269285 0.609302 1.393040 -1.801022 0.501778 2.036387 -0.269027 -1.718063 0.347620 2.069275 -1.985115 -1.004040 -2.116062 0.408997 0.265663
93 1.014835 0.858910 0.702082 -0.471695 0.440372 -0.489762 -0.661578 1.706380 1.514070 -0.737807 1.657370 -0.802528 0.236555 1.706927 1.116884 0.656361 -0.736527 -0.971140 0.526559 1.447358 0.748025 -0.426312 1.253731 -0.873472 -2.281629 1.551751 1.693477 -0.936860 1.220547 0.234771 0.061809 -0.369640 1.485842 0.059968 -1.542541 -0.028907 -1.362481 -1.538248 -1.868186 -1.555407 -1.559323 0.132001 -0.304781 -2.321724 1.445729 0.204610 2.206684 0.565562 -0.972278 -0.383109
94 1.226828 0.143696 0.271177 -1.214847 -2.070975 0.024440 0.076796 1.943953 1.419472 -0.644972 -0.535491 -1.467273 1.354350 -1.019209 2.604167 0.434613 -0.662804 -0.911933 0.285171 0.041807 -0.719162 -0.547529 -0.394359 -0.177915 -1.620662 0.092240 0.652236 -1.099198 -0.331542 -0.089134 -0.210288 1.408126 -0.815195 -1.056193 1.237380 -0.564420 -0.634550 -1.035822 -0.771780 -1.755560 -0.949193 0.610621 1.538048 -1.034624 -0.589815 -1.659655 -0.646092 0.105264 0.718138 -0.403703
95 0.440792 -0.835651 1.437420 0.126212 0.140406 -1.848098 -0.684662 -0.343148 -0.110309 -1.110182 -0.170990 -0.197249 0.359079 1.040789 -1.118364 -2.148033 -1.787246 2.218883 -0.487444 -1.658227 -0.448196 -0.641922 -0.401919 -1.116144 -0.962457 -0.757524 -1.271352 -0.084848 0.307018 -0.220695 -0.641357 0.092375 0.310345 0.322220 -0.698680 1.052517 -0.622261 -0.103467 1.331232 -0.842463 0.854900 -0.190280 -0.061674 -2.169264 -0.571619 2.000831 -1.107295 -0.517687 1.034013 1.600253
96 2.585668 0.041481 0.719803 -0.036095 -0.032503 -1.014401 -0.017545 1.289080 1.567938 -1.000758 0.181756 -0.740681 -1.342502 0.967273 1.443033 -0.167420 0.380551 0.283430 0.273644 0.709292 -0.648254 -0.432473 0.652854 -0.830602 0.814167 -1.618611 -1.415322 -0.447191 0.860023 -0.809997 0.014165 0.007160 -1.670357 0.947555 0.424882 0.846739 -0.028911 -0.548080 0.519635 0.932165 0.666360 0.135768 0.318054 0.644737 -0.959034 -0.375789 -2.419868 -0.489089 -0.484316 1.303556
97 0.167494 -0.609728 0.523807 -0.720252 0.533251 -1.951178 1.027742 -0.922505 -0.162534 -0.168081 -2.691595 0.622706 1.351324 -1.815749 -0.206633 1.072248 -1.838133 0.001669 0.566669 -1.709585 1.193098 0.207214 0.448009 -1.149174 -0.006887 -0.489821 0.194850 0.015063 0.447419 -0.299488 -0.889784 -0.742962 1.057226 -0.385463 -1.805191 0.057197 0.923329 0.413067 2.175527 -0.076028 0.135341 0.054027 -0.065390 -0.636147 1.633441 0.142154 -0.634766 -2.503589 -0.954910 0.227433
98 0.894589 0.963322 0.524971 -0.619519 1.199958 -1.021346 -0.678607 0.529061 0.064879 0.192835 -0.277105 0.087538 -1.025966 -1.536741 -1.028702 1.653406 0.019130 0.207885 1.340096 -1.383272 -0.376346 0.771891 1.241812 -0.706285 1.388654 -0.940483 -0.478327 -0.118798 -0.232307 1.299594 0.698778 0.597803 0.684938 -1.258529 1.373611 0.858122 -1.460992 -0.627748 0.667128 -1.806130 -0.909054 1.691470 -1.516683 -2.058274 -0.410543 1.102004 -0.522226 -0.383178 0.159181 -0.656555
99 -0.538008 -0.376747 -1.155761 0.395410 0.954541 0.855673 0.080483 -0.859619 0.994658 0.082608 1.089968 -0.143629 -1.787935 -0.977344 0.865095 0.042646 -0.065669 0.733971 -0.054684 -0.490639 -1.056106 1.452494 0.756964 0.306086 0.208226 -0.505034 0.955750 -1.507410 2.051729 0.019635 0.067852 -0.794110 -0.139806 -0.155794 1.704567 0.115428 2.155452 -0.028819 2.053108 0.395133 -0.555956 -0.566101 -0.356281 -0.098973 -0.441821 0.107639 0.391534 1.052542 2.113423 -0.574952
END
#################################################################
SECTION3 (Edges Information)
EndPoint0 EndPoint1 Weight
0 1 1.000000
0 9 1.000000
0 10 1.000000
0 90 1.000000
1 0 1.000000
1 2 1.000000
1 11 1.000000
1 91 1.000000
2 1 1.000000
2 3 1.000000
2 12 1.000000
2 92 1.000000
3 2 1.000000
3 4 1.000000
3 13 1.000000
3 93 1.000000
4 3 1.000000
4 5 1.000000
4 14 1.000000
4 94 1.000000
5 4 1.000000
5 6 1.000000
5 15 1.000000
5 95 1.000000
6 5 1.000000
6 7 1.000000
6 16 1.000000
6 96 1.000000
7 6 1.000000
7 8 1.000000
7 17 1.000000
7 97 1.000000
8 7 1.000000
8 9 1.000000
8 18 1.000000
8 98 1.000000
9 0 1.000000
9 8 1.000000
9 19 1.000000
9 99 1.000000
10 0 1.000000
10 11 1.000000
10 19 1.000000
10 20 1.000000
11 1 1.000000
11 10 1.000000
11 12 1.000000
11 21 1.000000
12 2 1.000000
12 11 1.000000
12 13 1.000000
12 22 1.000000
13 3 1.000000
13 12 1.000000
13 14 1.000000
13 23 1.000000
14 4 1.000000
14 13 1.000000
14 15 1.000000
14 24 1.000000
15 5 1.000000
15 14 1.000000
15 16 1.000000
15 25 1.000000
16 6 1.000000
16 15 1.000000
16 17 1.000000
16 26 1.000000
17 7 1.000000
17 16 1.000000
17 18 1.000000
17 27 1.000000
18 8 1.000000
18 17 1.000000
18 19 1.000000
18 28 1.000000
19 9 1.000000
19 10 1.000000
19 18 1.000000
19 29 1.000000
20 10 1.000000
20 21 1.000000
20 29 1.000000
20 30 1.000000
21 11 1.000000
21 20 1.000000
21 22 1.000000
21 31 1.000000
22 12 1.000000
22 21 1.000000
22 23 1.000000
22 32 1.000000
23 13 1.000000
23 22 1.000000
23 24 1.000000
23 33 1.000000
24 14 1.000000
24 23 1.000000
24 25 1.000000
24 34 1.000000
25 15 1.000000
25 24 1.000000
25 26 1.000000
25 35 1.000000
26 16 1.000000
26 25 1.000000
26 27 1.000000
26 36 1.000000
27 17 1.000000
27 26 1.000000
27 28 1.000000
27 37 1.000000
28 18 1.000000
28 27 1.000000
28 29 1.000000
28 38 1.000000
29 19 1.000000
29 20 1.000000
29 28 1.000000
29 39 1.000000
30 20 1.000000
30 31 1.000000
30 39 1.000000
30 40 1.000000
31 21 1.000000
31 30 1.000000
31 32 1.000000
31 41 1.000000
32 22 1.000000
32 31 1.000000
32 33 1.000000
32 42 1.000000
33 23 1.000000
33 32 1.000000
33 34 1.000000
33 43 1.000000
34 24 1.000000
34 33 1.000000
34 35 1.000000
34 44 1.000000
35 25 1.000000
35 34 1.000000
35 36 1.000000
35 45 1.000000
36 26 1.000000
36 35 1.000000
36 37 1.000000
36 46 1.000000
37 27 1.000000
37 36 1.000000
37 38 1.000000
37 47 1.000000
38 28 1.000000
38 37 1.000000
38 39 1.000000
38 48 1.000000
39 29 1.000000
39 30 1.000000
39 38 1.000000
39 49 1.000000
40 30 1.000000
40 41 1.000000
40 49 1.000000
40 50 1.000000
41 31 1.000000
41 40 1.000000
41 42 1.000000
41 51 1.000000
42 32 1.000000
42 41 1.000000
42 43 1.000000
42 52 1.000000
43 33 1.000000
43 42 1.000000
43 44 1.000000
43 53 1.000000
44 34 1.000000
44 43 1.000000
44 45 1.000000
44 54 1.000000
45 35 1.000000
45 44 1.000000
45 46 1.000000
45 55 1.000000
46 36 1.000000
46 45 1.000000
46 47 1.000000
46 56 1.000000
47 37 1.000000
47 46 1.000000
47 48 1.000000
47 57 1.000000
48 38 1.000000
48 47 1.000000
48 49 1.000000
48 58 1.000000
49 39 1.000000
49 40 1.000000
49 48 1.000000
49 59 1.000000
50 40 1.000000
50 51 1.000000
50 59 1.000000
50 60 1.000000
51 41 1.000000
51 50 1.000000
51 52 1.000000
51 61 1.000000
52 42 1.000000
52 51 1.000000
52 53 1.000000
52 62 1.000000
53 43 1.000000
53 52 1.000000
53 54 1.000000
53 63 1.000000
54 44 1.000000
54 53 1.000000
54 55 1.000000
54 64 1.000000
55 45 1.000000
55 54 1.000000
55 56 1.000000
55 65 1.000000
56 46 1.000000
56 55 1.000000
56 57 1.000000
56 66 1.000000
57 47 1.000000
57 56 1.000000
57 58 1.000000
57 67 1.000000
58 48 1.000000
58 57 1.000000
58 59 1.000000
58 68 1.000000
59 49 1.000000
59 50 1.000000
59 58 1.000000
59 69 1.000000
60 50 1.000000
60 61 1.000000
60 69 1.000000
60 70 1.000000
61 51 1.000000
61 60 1.000000
61 62 1.000000
61 71 1.000000
62 52 1.000000
62 61 1.000000
62 63 1.000000
62 72 1.000000
63 53 1.000000
63 62 1.000000
63 64 1.000000
63 73 1.000000
64 54 1.000000
64 63 1.000000
64 65 1.000000
64 74 1.000000
65 55 1.000000
65 64 1.000000
65 66 1.000000
65 75 1.000000
66 56 1.000000
66 65 1.000000
66 67 1.000000
66 76 1.000000
67 57 1.000000
67 66 1.000000
67 68 1.000000
67 77 1.000000
68 58 1.000000
68 67 1.000000
68 69 1.000000
68 78 1.000000
69 59 1.000000
69 60 1.000000
69 68 1.000000
69 79 1.000000
70 60 1.000000
70 71 1.000000
70 79 1.000000
70 80 1.000000
71 61 1.000000
71 70 1.000000
71 72 1.000000
71 81 1.000000
72 62 1.000000
72 71 1.000000
72 73 1.000000
72 82 1.000000
73 63 1.000000
73 72 1.000000
73 74 1.000000
73 83 1.000000
74 64 1.000000
74 73 1.000000
74 75 1.000000
74 84 1.000000
75 65 1.000000
75 74 1.000000
75 76 1.000000
75 85 1.000000
76 66 1.000000
76 75 1.000000
76 77 1.000000
76 86 1.000000
77 67 1.000000
77 76 1.000000
77 78 1.000000
77 87 1.000000
78 68 1.000000
78 77 1.000000
78 79 1.000000
78 88 1.000000
79 69 1.000000
79 70 1.000000
79 78 1.000000
79 89 1.000000
80 70 1.000000
80 81 1.000000
80 89 1.000000
80 90 1.000000
81 71 1.000000
81 80 1.000000
81 82 1.000000
81 91 1.000000
82 72 1.000000
82 81 1.000000
82 83 1.000000
82 92 1.000000
83 73 1.000000
83 82 1.000000
83 84 1.000000
83 93 1.000000
84 74 1.000000
84 83 1.000000
84 85 1.000000
84 94 1.000000
85 75 1.000000
85 84 1.000000
85 86 1.000000
85 95 1.000000
86 76 1.000000
86 85 1.000000
86 87 1.000000
86 96 1.000000
87 77 1.000000
87 86 1.000000
87 88 1.000000
87 97 1.000000
88 78 1.000000
88 87 1.000000
88 89 1.000000
88 98 1.000000
89 79 1.000000
89 80 1.000000
89 88 1.000000
89 99 1.000000
90 0 1.000000
90 80 1.000000
90 91 1.000000
90 99 1.000000
91 1 1.000000
91 81 1.000000
91 90 1.000000
91 92 1.000000
92 2 1.000000
92 82 1.000000
92 91 1.000000
92 93 1.000000
93 3 1.000000
93 83 1.000000
93 92 1.000000
93 94 1.000000
94 4 1.000000
94 84 1.000000
94 93 1.000000
94 95 1.000000
95 5 1.000000
95 85 1.000000
95 94 1.000000
95 96 1.000000
96 6 1.000000
96 86 1.000000
96 95 1.000000
96 97 1.000000
97 7 1.000000
97 87 1.000000
97 96 1.000000
97 98 1.000000
98 8 1.000000
98 88 1.000000
98 97 1.000000
98 99 1.000000
99 9 1.000000
99 89 1.000000
99 90 1.000000
99 98 1.000000
END
#################################################################
SECTION4 (TrueSubGraph Information)
EndPoint0 EndPoint1 Weight
67 66 1.0
66 56 1.0
67 77 1.0
77 76 1.0
67 68 1.0
68 69 1.0
69 60 1.0
60 61 1.0
61 51 1.0
END
#################################################################
SECTION5 (Labels Information)
0 0 0 0 1 0 1 1 1 0 0 1 0 0 0 0 0 1 0 1 0 1 1 1 0 1 0 0 1 0 1 0 0 1 1 0 0 1 0 0 0 1 1 1 0 0 1 0 0 0 
END
#################################################################
SECTION6 (bt Information)
-5 -5 -5 -5 5 -5 5 5 5 -5 -5 5 -5 -5 -5 -5 -5 5 -5 5 -5 5 5 5 -5 5 -5 -5 5 -5 5 -5 -5 5 5 -5 -5 5 -5 -5 -5 5 5 5 -5 -5 5 -5 -5 -5 
END
#################################################################
