#################################################################
#APDM Input Graph, this input graph includes 3 sections:
#section1 : general information
#section2 : nodes
#section3 : edges
#section4 : trueSubGraph (Optional)
#
#if nodes haven't information set weight to null
#################################################################
SECTION1 (General Information)
numNodes = 100
numEdges = 200
usedAlgorithm = NULL
dataSource = SimulationData2
END
#################################################################
SECTION2 (Nodes Information)
NodeID Base Counts
0 1.517195 -0.128329 0.246337 -0.347973 0.024663 0.607829 0.285985 -0.562356 -0.770133 -0.396674 -0.439396 -0.968420 1.759864 0.143618 0.445773 -0.786267 -0.332271 0.433140 -0.462166 -0.507178 -0.222810 1.969705 -1.026334 -0.361675 -1.125403 1.325630 -0.635154 1.526025 0.099668 1.316605 -0.038687 -0.979734 -0.287171 0.154707 1.868246 0.459206 -0.906570 0.508581 1.099833 -0.423081 -1.055143 1.987063 0.302497 -0.649368 -1.575131 0.177291 0.580402 0.796386 -1.108194 0.796614
1 -0.075313 -0.509478 0.362684 0.374468 -0.016946 -0.970079 0.134500 -0.990209 -0.734667 -0.293879 0.816956 1.364026 2.085776 -0.001813 0.147600 -1.012206 -0.452291 0.396725 0.800696 0.013499 0.614043 -2.226496 -0.425178 -0.406549 -0.350423 -1.519819 -2.443575 -0.803452 -0.871664 0.153878 -1.103960 -0.239692 0.591566 -1.241901 0.127209 -0.607342 -0.477096 -0.384926 1.469276 -0.110332 0.640558 -0.343731 2.228190 0.758761 -0.365756 0.614508 0.263480 -0.532645 -0.234330 1.724844
2 -0.126498 2.305372 1.053272 0.173988 -0.828744 0.975284 -2.105215 0.199137 0.356480 -1.011514 -0.600470 0.504597 0.558050 0.464989 1.289273 0.755016 0.088509 -1.282727 0.001108 1.549031 -0.790362 -1.686764 2.721285 -1.297183 -0.870725 1.864505 0.082364 1.325452 0.691457 0.118507 0.659837 0.009980 -0.898417 0.733556 1.393205 -0.936277 -0.379121 0.403112 -1.397844 -0.701945 0.116261 -0.014109 0.039568 0.050552 -1.291301 -0.888257 -2.725256 -0.356596 -0.599227 -0.501810
3 -0.012398 1.604836 0.638572 0.894877 -0.871777 -0.162405 -0.272427 0.978723 0.542915 0.057703 -0.755340 0.565861 -0.515760 -1.354570 0.254870 -1.013730 -0.885219 1.797398 1.231762 -1.904498 0.213029 -1.424080 0.592427 0.059880 0.039984 0.116844 0.559994 1.212684 -0.819766 -0.219461 -1.743549 0.295686 -0.509873 0.669542 1.694129 0.607835 0.166342 -1.118965 0.749911 -0.331514 0.420294 -0.039089 -0.847417 -0.468579 -0.410961 0.509773 -0.690091 0.020609 -0.179184 -0.508151
4 -0.686229 0.362138 0.687140 0.987096 0.306010 1.245480 1.102885 -0.980933 0.797356 0.977618 1.194958 2.534421 0.054795 0.234054 -0.610530 1.056482 -0.824329 -0.660249 -0.300704 0.635674 2.070689 0.676032 0.135116 -0.211545 0.811396 -2.190325 -0.889446 0.077772 -0.552414 1.141347 -0.683590 -0.172530 -0.714656 1.553322 -0.172301 0.198500 1.539917 0.831282 0.208832 1.335179 -0.089775 1.044191 2.085521 0.144159 -0.546964 -1.511957 -0.794329 0.010620 0.312069 1.595969
5 -0.186325 0.764678 -0.459243 -1.424188 0.244350 -0.828394 0.849148 -1.432644 0.909612 0.877322 -0.833024 0.013975 -1.805114 0.500254 -2.197528 0.546773 0.839362 -0.980578 -1.271821 -2.315771 0.010706 0.719462 -0.360695 0.802283 -0.353328 0.881329 1.049672 -0.399565 -3.074390 -0.203457 -1.250078 0.251447 0.278697 -1.242889 0.267576 0.523682 -2.031823 -1.248853 -0.109038 0.601169 -0.868705 0.076820 1.686900 -0.029865 0.972638 1.346289 0.301389 -2.225915 -1.217058 0.372797
6 4.566395 -1.267034 0.938401 1.553432 0.152941 0.020534 4.383362 -0.486263 -0.702850 -0.612978 -0.717703 -0.779172 -1.024283 0.735432 1.120805 0.356243 -0.097075 -0.142148 3.765518 0.927267 -0.465788 -0.753693 -0.882371 -0.307988 -1.835921 0.647591 0.579913 -1.007012 -0.120587 0.248205 0.963187 -0.367127 0.862607 -1.111515 -0.714178 -0.825944 1.319449 1.121771 -0.367476 -0.907810 1.397967 1.104209 4.814142 1.185133 2.810764 0.676594 -0.597177 0.574183 0.510263 -1.796880
7 -0.421672 1.056140 1.805899 1.173207 0.695153 -2.162760 0.292221 -2.102719 0.683522 -0.705484 -0.051247 -0.480611 0.141516 -0.574521 -0.703408 -1.215959 0.070870 0.475054 -1.084412 -1.158189 -1.424992 0.154184 -0.901220 -0.197238 -0.079072 -0.979295 -1.484720 0.309478 1.963578 -1.128991 -1.516831 -0.468237 0.850355 -0.803265 -0.416034 0.595470 0.365674 -0.926887 -1.163935 0.237615 0.592911 -0.530557 1.066548 -0.180647 0.444452 0.617811 -0.542061 1.234412 0.469048 -1.101035
8 0.636584 -0.133476 -0.704703 1.896483 1.156069 0.634364 0.228726 1.180184 0.912454 -1.899227 -0.256305 0.562291 1.573208 -0.712775 1.269964 -0.269188 -0.878179 1.757438 0.546420 1.921310 1.819979 0.884141 0.617647 -0.355058 -2.221914 1.112631 0.510050 0.784260 0.092993 -0.297115 1.094934 0.822097 0.866798 -0.340781 0.346193 1.324696 -1.178047 -0.724573 -0.083285 0.413392 1.791486 0.022565 -1.132432 -0.652063 0.628121 -1.055398 0.460686 0.296799 1.617440 1.924887
9 -1.095862 -0.491614 -1.116065 -1.003455 -0.154781 -0.203857 0.520643 -0.238708 1.350292 -1.465674 -1.345815 0.538682 0.118050 0.113126 -0.582954 -0.375321 2.324728 0.864875 1.163211 0.053924 -0.765972 -0.343507 -2.156887 -0.322717 2.359735 -0.666438 -1.183837 0.343571 0.979792 -1.729686 0.363175 1.504814 -0.282455 -1.060872 -1.077387 0.386857 0.048991 0.902892 -2.150421 1.051894 -0.911300 -0.095919 -0.855790 -0.437833 0.880635 -0.638840 -0.489741 -0.846515 0.345124 -0.141993
10 1.133647 0.107400 -0.822281 0.141185 0.296188 -0.465101 0.822963 -0.566375 0.739009 0.097714 -1.033501 1.809367 0.365103 -0.969155 -0.436012 0.484430 1.290197 0.507968 -1.169390 0.563715 1.129152 -0.090577 0.750564 -0.677049 -0.802020 0.659812 -0.465304 0.469032 -0.309351 -1.875041 -0.314385 -1.701043 -0.381084 0.718510 -0.473975 -1.818661 0.656521 0.643965 -0.810575 0.204529 -1.636427 -0.422987 0.297218 -1.020217 1.264953 1.169190 -0.773942 0.799869 0.075839 0.349784
11 -2.215334 0.363628 -0.373540 -0.430030 0.970702 1.002179 1.987236 0.531502 -1.877394 -0.941135 1.443556 0.013354 -0.216960 0.254930 0.505263 1.022836 -1.081273 0.004457 0.095078 0.742917 -0.854746 0.599368 1.359995 -0.963352 1.389851 0.615109 0.189669 0.241158 -0.990210 -1.160272 -0.433991 1.383153 -1.771783 0.467558 1.297068 -0.812812 1.656014 0.608350 -0.730484 -0.443241 -0.857248 -0.105773 -0.596208 0.029633 1.483626 0.060564 0.518401 -0.247125 0.668989 -0.225602
12 -2.055309 -0.207339 0.331373 0.870161 -0.310588 0.856063 -0.463674 1.168617 -1.171479 -2.274787 0.878078 -0.681631 -1.014650 0.557378 -0.141423 0.753228 -0.388907 -1.018139 -0.638798 0.168340 -0.611025 -1.093999 -1.247009 -0.816579 0.011870 0.672143 0.136893 -0.587935 -0.998097 0.499153 -0.150800 -0.454517 -0.202036 1.002602 -0.622139 -1.463797 0.760899 -0.506247 1.635877 0.698956 -1.974198 -1.433403 -0.016918 0.389496 0.390279 -1.128390 -0.847334 -0.494369 -0.167879 -1.318259
13 0.822290 -2.109871 0.716349 -0.134032 -0.636179 0.124261 0.422337 -0.449854 1.081374 -1.022822 0.328469 1.686418 -0.413271 -0.259498 1.192929 -0.185169 0.549463 0.136621 -1.175593 -0.957252 -0.445180 2.253752 0.418579 1.007611 -1.858442 -0.603451 -2.493135 1.213841 0.813570 1.082180 0.288511 0.482219 1.710797 0.556025 0.131564 0.918231 1.033118 0.935537 1.257606 0.432714 -0.792371 0.005524 0.587115 -1.088833 0.404357 0.916487 -0.843155 0.604638 1.079979 -0.528197
14 -0.547101 0.505212 -0.470349 -0.064354 1.207577 -0.205413 0.607684 -1.083871 0.804458 -1.232320 0.330251 0.155239 -2.268435 -0.247482 -0.808981 -1.041636 -0.628220 0.855552 -0.538737 0.720067 -0.226921 1.112905 -0.640329 0.716884 1.189380 0.991446 0.079189 1.448828 -0.888830 -0.580161 1.218831 -0.616278 -0.407636 0.237049 0.021444 -0.843618 1.316605 -0.272260 -0.118958 -0.268290 0.278338 0.049003 -0.884287 0.417711 -0.615507 0.559996 -0.519321 0.173921 -1.151132 0.132290
15 -0.423456 0.167961 -0.560553 -0.471826 -1.499597 1.554696 -2.161736 -0.154773 0.947918 -0.864027 1.818891 1.054034 -1.179468 0.031507 2.105772 1.151609 1.051323 -0.301016 0.868712 0.441143 0.379521 -2.560862 -1.140394 -0.107356 0.058609 -0.218244 -0.072819 0.190008 0.721941 1.137855 -0.108418 1.568909 -0.905435 -1.175889 2.348758 0.638515 0.884026 -0.266628 -0.527821 -0.444475 -0.244155 1.303315 -2.364464 0.315420 -1.629242 -0.274527 -0.245408 1.205395 1.054637 0.590683
16 1.612236 -2.328938 0.578317 -0.453377 1.227783 0.306065 -0.140392 -1.007388 -0.699175 0.749955 1.203172 0.961880 1.162626 0.872951 0.750609 1.014219 -1.329148 0.020744 1.209019 0.426344 0.583191 -0.743197 1.088317 0.029969 -0.214965 0.296270 0.590169 -2.846729 0.794416 -1.032060 -1.075833 1.480668 0.859390 0.651878 0.986073 0.522775 0.913467 -0.379468 -0.225912 -0.524850 -0.517612 -0.203709 0.420467 0.539433 0.421674 0.606001 1.011264 -3.598174 1.066259 -0.555414
17 -0.372730 -1.767244 0.401568 -0.382690 1.087315 -0.005245 1.289133 0.809211 0.845362 -0.519508 -1.481454 -0.918400 -0.369240 0.479442 -0.560007 -1.251784 -0.168238 0.638280 -0.615572 0.752036 -0.373709 0.463919 1.196488 0.860056 0.028605 0.351889 0.026482 0.229726 -0.768829 0.006569 0.657192 -0.832769 -0.014177 -0.439082 -2.469953 0.008211 0.470910 -1.624065 -0.424828 -0.462727 1.263251 -2.234032 -1.178254 -2.246818 -1.482569 0.275109 -1.080205 0.120225 0.428342 -0.448844
18 -0.197916 0.814777 -0.319056 -0.347626 0.395279 -0.663097 -0.028991 0.057405 1.708306 0.317905 1.402035 1.383770 -0.238166 1.053601 0.998670 -0.968125 0.345188 -2.394625 -1.302410 0.592951 -0.237093 0.977298 -1.024212 -0.000661 0.177281 -1.695374 -1.144211 1.594272 0.403991 -1.053837 -0.249354 -0.230610 -0.864644 0.494547 0.152028 1.254167 0.645503 -0.095592 0.153863 2.159150 -0.632733 0.475267 1.287852 1.751310 -0.571641 0.550470 1.417460 -2.206917 -1.136607 1.224409
19 -0.316668 0.884998 -0.483224 -1.230739 -0.058428 -0.387975 1.451817 -0.483175 1.845620 1.603883 -0.019979 -1.129043 -0.209702 0.009815 1.897312 0.555689 1.730262 -0.541000 0.080994 3.244843 0.535512 0.100008 0.469573 1.001621 0.004543 1.054879 -0.460920 -1.547076 -2.350841 -0.453688 0.180285 -1.347653 0.696492 2.271688 -0.180889 -1.508024 -0.153896 -0.186247 0.869308 -1.298980 1.319132 0.433166 1.403222 -1.344450 -1.530416 1.005080 -0.366553 -0.064783 1.364208 -0.612524
20 -0.767669 0.313351 -0.704278 0.274133 -0.704291 0.186307 1.050268 1.293583 -0.262042 0.299648 -1.169081 -0.231833 1.187626 -1.274133 -0.812463 -0.268563 0.207502 0.122187 0.025583 0.392917 0.857467 -0.221340 -0.023547 0.722258 0.273371 -0.123916 -0.882394 -0.835083 0.239827 2.072926 -1.023048 0.021535 -1.808985 0.517137 -1.132802 -1.866800 0.746554 0.497400 0.172510 0.388847 1.468348 0.977946 -0.078702 0.385501 -0.812111 0.937713 -0.658802 0.005771 -0.462253 -1.439292
21 0.692878 1.118140 0.536064 1.187217 1.423291 -1.534996 1.699634 1.868704 0.264567 -0.691653 -0.715506 -0.281201 -0.128925 -0.132672 0.331288 -2.262774 -0.099721 -0.003200 -1.449212 -0.423260 -0.157631 0.828388 -0.039686 -0.614582 0.190983 -0.339308 -0.160197 0.222658 1.064211 0.703590 0.457612 2.661164 2.979463 -1.018423 1.012660 -0.171978 0.017319 0.694984 -0.728190 0.255755 1.766158 0.728515 0.630059 -0.793740 0.610074 -0.100865 1.444082 0.196625 1.325669 -2.032312
22 0.106971 0.314322 -1.503551 -0.675189 -0.449005 1.570169 1.746869 0.353004 -0.246255 -0.590925 0.605286 -0.051459 -0.216670 0.021282 0.331276 -0.567433 -2.009870 -1.280430 -1.646115 -0.669002 0.483401 1.288214 -0.817287 1.666918 0.179917 0.547448 -1.510497 0.304110 0.510605 0.677382 0.262150 0.585194 1.340472 -1.346033 0.664242 -0.206138 0.917979 -0.923521 -0.272547 0.764587 -0.444428 -0.289893 -0.957443 1.273747 0.944876 0.427625 -0.556652 -0.237994 1.418281 0.275784
23 -0.090295 0.458941 -1.072681 -0.029485 0.168297 1.639324 -1.498647 -0.433920 0.115326 -0.402766 0.969985 2.279859 1.216061 -0.674183 -1.046065 1.546976 -0.873465 0.429186 -0.441521 0.174941 1.785474 -1.164888 1.561519 0.394208 -0.248849 -0.888470 -0.959188 -0.531005 0.152010 -1.490158 -0.389644 -0.988021 -0.921247 -1.468994 -0.479339 0.762761 -1.523569 -0.903874 -1.274236 1.105149 0.393605 1.067459 0.202129 0.487987 -0.219370 -1.641566 0.454609 0.124135 0.625814 -0.469294
24 -1.395129 -1.690536 -0.063410 -0.837744 -0.670365 -0.344377 -1.714082 0.800602 -0.043286 0.141211 -0.934692 0.620641 -1.287034 1.588442 -2.198013 -1.649917 -1.512325 -0.634180 -0.191755 -1.064243 0.508337 -1.054859 0.613292 1.141866 1.036123 0.154883 0.616530 -1.421881 -0.724110 0.221469 -0.310001 0.154059 -0.177754 0.190201 1.749909 -0.273197 2.340340 -0.910252 -0.242746 0.907707 2.297215 -0.706937 0.207416 -0.713403 -0.283028 -0.222796 2.753307 0.008418 0.247275 -1.414185
25 0.146555 -0.103933 0.854256 0.039020 -0.685954 2.654217 -1.079549 -0.800029 -0.870536 -0.663299 -0.523084 -2.015937 1.888310 -1.966276 -1.585921 0.554157 -0.869230 -1.420629 -0.236278 -1.431976 0.076000 -0.661070 1.312128 -0.683762 -1.201647 -0.336905 -0.627993 0.334450 0.699946 -0.571758 0.648598 -0.182603 0.510927 -2.453825 -0.684302 -1.732637 1.368598 0.069355 -1.909943 0.312985 -0.885894 0.164791 -0.268007 -1.258167 -1.099177 0.039510 -0.871681 -1.174991 0.365619 0.317626
26 -1.573052 -0.178888 -0.336972 2.140281 -0.609303 0.636865 0.154459 2.076144 0.584682 0.346109 -0.047626 -1.239663 1.442855 1.941879 -0.833217 -1.437642 -1.389450 -0.659501 0.579014 0.217327 -0.294952 0.468082 1.614639 0.740953 -0.451504 -0.905602 0.562216 -0.832893 -0.956796 -0.277347 -0.741384 -0.449626 -2.042369 -0.314922 -0.976785 0.749641 0.204606 0.378393 -0.669437 1.414582 0.360592 -0.985681 1.282211 -1.471237 2.522338 0.813340 0.524779 0.119432 -2.131893 0.032009
27 -0.240300 1.309977 0.190771 -0.221488 0.133328 -1.140926 0.219343 1.142214 -0.599707 -1.145382 -0.359750 0.404583 -0.384031 0.271019 -0.951881 -0.318582 0.739697 -0.375627 0.339629 0.616180 0.828551 -0.754811 0.662009 2.200574 -1.340973 -0.803279 1.644090 -1.129834 -1.242251 -1.793538 0.205150 -1.448322 -0.044544 -0.335449 1.250458 -0.606695 0.814242 -0.349018 -1.441777 -0.450485 -2.456433 -0.572790 -0.252160 -0.017233 1.141755 0.638755 1.334782 0.605995 -0.545289 -0.502248
28 -0.523944 -0.532419 0.071210 1.052543 -0.337778 -0.084124 -0.781100 -0.997048 1.822881 -0.998120 1.306197 1.538887 0.708856 1.254263 -0.803341 -0.777845 -0.908915 0.828240 -0.223117 -1.350890 -1.350483 -1.473610 -0.857422 0.361258 0.210460 1.703140 0.614333 1.807075 0.065145 -2.041669 0.319777 0.402403 1.048473 -1.752694 0.405556 -0.115193 0.319776 0.799240 0.817354 -0.625890 0.407381 1.148809 -1.220113 0.526450 -1.856621 -1.154535 -0.362707 1.527552 -1.758662 -1.012970
29 -0.317310 1.651889 0.803763 -0.410012 2.175519 -0.599558 0.228793 0.788006 0.634050 -1.149590 -1.532436 1.307508 0.041469 -0.793477 -0.115963 -1.243978 0.747383 -1.138770 0.683655 -1.041536 -0.975349 -0.961822 -0.037336 0.988392 -0.376993 -0.169901 -0.262496 0.403728 -1.435751 -0.876855 0.204643 -0.854554 0.324881 -0.101406 1.533157 0.039239 -0.496645 -0.226204 -0.330098 -0.452892 -0.419217 1.877116 -0.391403 -0.792174 0.597047 1.694091 1.351407 -0.057628 0.140596 0.142669
30 1.407508 -0.514377 1.847439 1.201308 -1.385435 0.457682 1.480701 -2.215336 -0.629931 0.776922 -0.104920 -0.366460 -0.217867 -0.930318 1.745061 0.914393 -1.122257 1.605524 1.773468 -0.407804 1.682872 -0.644808 1.276597 1.874211 0.998794 0.914225 1.284688 -1.966441 1.334011 -0.848534 -0.471600 -1.635498 -1.236431 0.336294 0.414604 1.025914 1.273110 2.238403 0.919491 0.479122 -0.523850 -0.994578 -1.133151 0.367763 -0.654479 -0.997008 -1.175868 -0.480871 -0.513963 -0.349920
31 0.415971 1.020707 0.632184 -1.714519 -0.200078 -1.977528 -0.049862 -1.019011 -0.201231 -0.386936 0.459317 0.287312 -1.116679 -0.022059 1.229441 -1.161441 -0.914199 0.373223 0.255247 0.122428 1.198300 -1.432753 0.001428 -1.735609 -1.516448 0.478724 -0.879533 -0.670228 -0.925395 0.344255 0.016717 0.698789 -0.415352 -0.441146 -1.684533 -0.099756 -0.227082 -0.021156 -0.628862 -1.671570 0.172273 0.830345 0.437311 0.326133 -0.259204 -1.054895 0.136210 -0.499971 -0.883168 1.534987
32 -0.739605 0.803426 1.139622 0.878745 0.418157 1.049358 0.941983 -0.231126 -0.235018 -1.154524 1.182586 -0.556758 1.709623 -1.788637 -0.017562 0.392158 -0.195547 -0.024227 1.805079 0.850472 -0.987594 -0.906739 0.819469 -0.094685 -1.127691 0.135018 0.238066 -1.192324 0.415571 -0.491454 -0.133534 0.020756 0.027706 -0.211433 -0.354791 0.728192 -0.909393 0.316830 1.171075 0.622925 0.912977 0.539516 -1.674798 -2.246542 1.747586 0.153587 0.094314 -0.787597 -1.018728 -0.444166
33 1.334631 -3.094052 -1.122580 -0.552478 -0.514554 1.020976 2.861505 -0.271214 -0.327354 -0.534718 -0.529107 -1.301666 -2.295437 0.202713 -1.575608 -0.887875 0.449470 -0.490186 -0.326908 -1.554333 0.549024 -1.398124 -1.078937 0.795650 -0.093258 0.065451 0.590282 0.515532 0.209549 0.759655 -1.194363 0.178262 -0.749209 -0.575845 -1.196620 -0.908840 -0.465529 0.648576 0.472089 1.553841 0.612803 1.025391 0.415673 0.422562 1.030041 -1.066271 0.178601 -0.472737 -0.189949 0.513127
34 -1.446340 -0.759069 1.767005 -1.332327 0.859848 -0.942638 -0.358511 -0.389247 1.574604 0.156829 -0.559917 -0.859072 -1.576362 1.482544 1.041497 0.008482 -1.511833 -2.087010 -0.452097 0.482930 -1.039048 0.460259 0.549635 -1.127685 -0.438015 -1.531358 0.568276 -0.590490 0.895496 1.527550 -2.103529 -0.922927 -0.215712 -0.604087 0.093164 0.865512 0.349415 1.277774 -2.204847 -0.376647 -0.264761 -1.462559 -0.283240 0.167496 0.398597 1.587837 0.789231 0.442624 0.101670 0.857509
35 -0.704942 0.107645 -0.685653 -0.553814 0.511931 -1.240516 -0.517524 1.812388 0.258598 1.874820 1.180567 -1.877546 0.199720 0.134884 0.640838 -0.476549 2.353563 -1.396560 0.217375 0.065709 -0.309846 1.058326 -0.984089 -0.135361 0.676084 -0.371131 0.574819 -0.526336 -0.604881 -0.706078 -1.189939 1.939595 0.613817 1.099899 1.769152 1.379878 0.228500 -0.960586 1.278843 1.782320 -0.039823 1.495923 -0.574388 0.039108 -2.842711 1.220883 0.762333 0.479091 -0.506700 -0.019731
36 0.803666 2.257196 -0.464088 1.124850 1.804204 0.457992 2.715410 0.834409 0.305741 -0.690762 -0.813778 -1.426031 -0.409207 -0.509226 0.610193 0.909448 0.175419 1.387242 1.280104 -0.418869 -0.268745 0.739419 2.475074 1.535819 0.004073 -0.506375 0.680832 0.387513 0.433785 1.211813 0.365870 -1.020828 0.227032 0.268821 -2.893444 -1.292714 0.374381 0.163532 0.538424 1.285648 -0.645132 2.194820 0.578375 -0.843434 -0.425057 0.042135 -0.052707 -0.252820 -0.843803 0.454281
37 -0.151592 -2.183581 -1.924974 2.164378 1.725607 -0.973315 -0.692756 0.131975 0.465530 0.832084 2.131228 0.021210 -0.949560 -0.080988 0.289029 1.965435 -0.065206 -0.766257 1.791464 -1.650030 -0.700725 -0.165884 1.051910 0.227759 0.163848 -0.123785 -1.857647 0.265307 1.372185 -1.348687 0.062683 -0.544504 -0.251491 -0.222714 -0.745796 -1.492320 0.001673 -0.425126 0.417254 -1.928982 -0.367334 -0.637635 1.021107 0.129950 1.785019 0.568627 0.364278 -0.489489 -0.490228 0.305500
38 0.049715 -0.430480 -1.720280 -0.233267 0.427218 -1.917677 0.840791 -0.937420 -0.232767 -1.171993 0.150956 -0.423042 -0.179640 -1.069129 -0.269440 0.038520 0.349000 1.261164 0.891288 0.195640 -0.469923 -1.608916 -0.299112 -0.819013 0.092168 0.861065 -0.136205 -0.619124 1.155963 -0.969537 -1.985783 0.387831 -2.169078 0.010003 -0.177611 -1.186974 1.629269 0.992817 -0.901862 0.633229 -0.214532 0.202784 -0.491825 -0.670605 1.175839 -1.597563 -0.023302 -0.209614 -0.179553 0.512150
39 1.222925 0.970021 0.831078 -0.489132 -0.967485 -1.047309 -0.098269 -0.536640 0.327868 -0.976183 -0.306096 0.505899 -0.308172 -0.624350 0.245788 -0.066546 -1.242734 -0.447424 -1.616959 0.030924 0.895163 -0.524402 0.426553 -0.685426 -1.248411 1.381794 -0.754986 -1.608864 -1.353479 -0.209401 0.593406 1.454323 1.310199 -0.197640 -0.724303 1.035756 1.369794 -1.111289 -0.025310 1.002250 2.169398 -0.448938 1.971044 2.362574 -0.899922 0.812559 -0.310014 -0.764391 -0.684323 -0.127560
40 -0.476679 1.329403 0.207352 0.891129 -1.155844 -0.849487 0.601296 1.564803 1.103654 -0.966723 1.475773 0.267198 -0.989396 -0.193287 0.016157 2.197174 0.064266 1.808160 -2.921755 -0.894977 -0.687992 1.615495 -0.213562 0.472941 -1.094378 1.716553 -0.116713 -0.334194 -0.072380 1.477860 -0.645873 1.257701 0.353586 -1.553800 0.678553 0.246482 -0.039219 2.263379 1.096944 -0.141105 2.707688 0.214566 0.404604 -0.087150 -0.089177 0.369520 -0.941640 0.164144 -1.094505 1.004516
41 0.120396 0.595355 -0.189858 -0.117796 -0.007726 -0.591065 0.261793 -0.435885 -1.379238 -0.967274 -1.232386 0.147333 0.240430 0.992443 -0.373347 0.233370 -0.729942 -0.820258 0.288098 0.008981 0.556092 -1.119312 1.350127 -0.582350 1.281117 0.126830 0.265107 -1.345446 -1.183971 -0.998729 0.668679 -1.264669 -0.543978 -0.267082 0.203520 -1.074415 -1.998026 -1.487261 1.657549 -0.061552 -0.621829 0.651390 -0.262471 0.169369 1.391091 -0.427370 -1.182088 0.331674 0.306848 0.128498
42 0.591155 -0.643821 1.390951 -0.181928 1.105267 -0.216934 1.179521 1.369370 -0.125580 1.128378 -0.483024 0.704092 0.614890 -1.584214 -0.609119 -0.768220 1.405126 0.228504 -0.525101 1.176720 0.998540 0.946269 0.271688 0.307006 -0.309427 -0.065179 -1.279540 1.105501 -0.004182 0.980788 1.345741 -0.368474 0.276674 1.978444 0.323182 -1.713138 -0.097296 -0.927128 0.390625 -1.019000 0.162551 1.095150 0.177393 -0.584658 0.596162 0.800454 0.518699 1.011179 1.512181 -0.083204
43 -0.816960 1.216546 0.355196 -0.278204 -0.157134 1.913027 -1.231675 0.275023 -0.457138 0.553199 -0.295229 -0.081181 0.390963 0.273529 0.349280 0.033821 1.573338 -0.026462 0.632815 1.019444 -0.883653 1.008723 0.844632 -0.277784 -0.135344 -1.710942 0.198624 0.205682 0.397593 -1.869654 -0.022106 1.351142 -1.468205 -0.408196 0.119942 0.343255 -0.190651 -0.500451 -0.399610 -0.299870 -1.134011 -0.400975 0.365619 1.150134 -1.502265 1.249456 1.302492 -0.927765 -1.175025 0.021156
44 0.002905 1.199761 -0.642974 0.817694 0.390817 0.228266 0.321234 -1.987785 -2.013025 1.350510 -0.625579 1.012572 -1.470081 1.347480 -0.448478 -0.681675 -1.011253 0.711925 -1.302035 0.551241 -1.191275 0.123880 -1.622029 -0.907570 -1.526009 0.434060 1.145306 -1.144055 -0.851342 0.439484 -0.775716 -1.584086 -1.334611 0.561633 -0.663162 0.292206 -0.315621 -0.584082 0.835910 0.489881 0.619801 0.273912 0.057373 -1.334926 2.202283 0.045667 0.627659 1.316425 -0.196178 -1.370364
45 -1.039977 0.468839 0.630521 1.619472 -0.395366 0.655521 -1.250399 -1.385398 -0.998170 -0.252298 -0.027985 -1.317850 -1.379273 -0.117321 0.724434 0.319401 -0.235217 1.140685 0.033976 0.151049 -1.120874 0.800624 1.015900 1.178496 0.331268 -1.140723 1.477062 0.709467 1.001725 1.464866 -0.015758 1.752715 0.244812 -0.952140 0.329284 -0.310216 0.123637 1.795152 -0.630694 -1.771594 0.577974 0.568269 0.140865 0.947376 0.469419 -1.979001 0.469720 0.546314 -0.166179 -0.332933
46 -1.376194 1.185038 0.807026 -0.746383 -0.239481 0.224339 1.569739 -0.262025 0.236139 1.480403 -0.409846 -1.756757 0.392768 -0.120283 -0.815653 -1.169926 -0.529101 -0.947606 0.378091 1.528662 -1.197681 0.965047 0.846542 0.036080 -0.145578 -0.231570 -1.591289 0.644439 -0.379951 0.888394 0.618804 0.274764 1.618333 -0.185997 0.122166 -0.602809 -0.618990 1.268708 0.786723 0.361011 1.306282 0.199922 0.356403 -1.261875 1.106388 0.844664 -2.955402 0.834821 1.821888 -1.229923
47 0.784427 1.186268 0.330657 1.455875 -0.095110 0.127741 -1.861153 -0.322505 -1.230189 -0.020870 0.387679 0.888338 -0.393335 2.201798 -0.475981 -0.232100 0.684158 1.174444 -0.499939 -1.452508 1.096091 0.079276 -0.009921 0.465130 -0.287842 -1.211939 0.132257 1.305551 1.246685 0.084448 1.786804 -0.550137 -1.408987 0.046163 -0.213502 -0.360951 -0.346138 0.635672 -0.225002 0.468530 0.031599 0.003035 -1.428389 0.174003 0.272525 1.337849 -0.124714 -0.006119 0.948492 1.950702
48 -0.954982 0.804241 0.119887 1.535017 2.218487 -0.755656 0.746481 0.478078 1.063145 0.128383 -1.733269 -0.557551 -0.575017 0.706816 0.023021 1.196267 0.644546 0.077777 0.170836 1.063522 -0.771659 0.635462 -0.799125 0.396660 1.342894 -2.038080 -0.096714 1.577510 0.668224 -0.778751 -0.471706 0.153064 -0.213049 -1.283905 -0.206280 -1.600567 1.513569 -0.724808 0.821923 0.253441 0.972784 1.895893 0.660049 0.846433 1.109664 1.083626 1.217758 -0.199106 0.733352 -2.324115
49 0.781936 1.113937 -0.510307 -0.747612 -0.655055 -0.859685 -0.821745 -1.032222 1.274393 1.216342 -0.058836 0.549416 1.021864 1.469422 0.142931 0.192305 0.983443 -0.376475 0.442919 -0.754844 1.981866 -0.184192 -0.177813 -1.620160 -1.911338 -1.482020 0.391262 1.129830 0.386350 -0.025691 -0.957229 -0.713287 -0.563880 0.801601 -1.101246 0.334825 -2.744480 -0.138035 0.956022 0.601479 -0.345859 -1.032155 0.281732 -0.096085 -0.754369 0.625200 -0.052235 1.027076 -0.974961 0.326716
50 0.353836 -1.847504 1.058954 0.423046 0.521412 1.711014 0.645993 -0.448345 -0.364359 -0.238980 -0.263910 1.390581 0.257552 0.278725 -1.373878 2.794263 0.629164 -0.821761 -2.021725 0.330654 0.011634 -0.973298 -1.142860 -1.030013 -0.287947 -0.666055 2.572563 -0.692662 -0.051529 0.690835 0.997517 0.240722 0.264135 -2.049888 1.432307 -0.655256 -0.224944 -0.345909 -1.454199 1.062223 -0.937365 -0.052111 0.016264 -0.026526 1.967064 -2.120926 1.207475 0.970779 1.122425 -0.699597
51 -0.567843 1.159533 -0.972443 0.029927 -0.582759 -0.018566 0.782993 -0.525849 0.483723 -1.040167 0.151482 -0.510665 0.614293 1.198925 0.347203 -1.854455 0.850105 -0.539172 -0.519817 -0.886856 -1.489641 0.690417 -0.770138 -0.662382 -0.008937 0.487865 -0.741042 0.508968 2.112112 1.048982 -0.345919 -0.298470 0.626683 -2.640572 -0.027794 0.565526 1.048438 1.562588 -1.953862 0.626524 0.158021 1.465093 1.281790 2.037960 0.520445 0.232268 0.105260 -0.552793 -0.675921 -1.639441
52 1.640079 0.236961 -0.993928 1.072340 1.074548 -0.044161 0.828766 0.309681 2.059177 1.447943 -0.919216 1.461838 0.428701 -0.019668 2.079071 -1.291012 1.014552 -0.928126 -2.136401 -0.106720 0.998892 1.676459 -0.885429 0.480087 -1.783441 0.846108 -0.518920 1.765789 1.022208 -1.847491 -0.098379 1.296890 -1.446984 0.294616 -0.332083 -0.472589 -0.338084 -0.561142 -0.338515 -1.466919 -2.046927 0.076987 -0.576623 0.895277 0.128771 -0.048458 -0.072800 -0.805938 -0.034961 0.326611
53 1.011057 0.453915 -0.036739 -0.016948 0.925212 -1.093983 -0.475391 -0.748858 -1.058792 -0.421474 -0.812254 -1.417586 0.286971 -1.159473 0.487937 0.231836 2.305517 0.966708 -0.192532 2.102112 -0.340667 0.072208 -0.274564 -0.846757 -0.150256 -0.565431 -1.857837 1.163967 1.254087 0.344453 0.955982 0.143048 1.824483 -0.672177 0.209454 -0.441228 0.516681 -0.649758 0.959788 -1.166289 -0.546460 0.702662 -0.341563 -0.057755 0.350886 -0.432987 0.140605 0.041943 -0.726606 1.248442
54 0.019367 0.226068 -0.529879 0.537676 -0.315129 1.460194 0.466889 0.672269 0.373850 0.579738 0.810457 1.407865 -0.778915 -0.403763 -2.022620 -1.039240 -0.954969 1.063934 -0.590863 0.350889 -0.800500 0.853146 -0.362996 0.867269 -0.548339 0.250932 -0.678508 -0.781561 -0.432357 0.156143 -1.370427 0.421933 1.181711 -0.148583 -0.619717 -1.085826 0.494197 -0.329422 0.324672 -0.944338 0.368628 -1.115190 -0.213591 -1.426408 2.451623 -1.087834 -0.355945 -1.021915 0.600422 1.659825
55 1.019741 0.210838 -1.281897 -0.634956 -0.938119 -1.051443 0.541688 -0.457493 -0.794085 -1.237317 -0.526243 1.440411 1.434321 -0.222931 -0.418893 -1.826495 -1.142352 1.691119 -1.714774 1.377993 -0.550173 0.734290 -0.851240 -0.783241 0.642765 -1.138043 -1.036397 -0.130659 0.606661 0.759678 -0.632848 -0.569514 1.170698 -0.149461 -0.974040 -0.462522 -0.644457 -1.713732 0.405498 -0.451212 -1.042374 -0.545709 -0.169119 -1.788991 1.169877 1.115016 -0.345974 -1.007144 -0.295530 0.997398
56 0.438074 1.375457 0.096953 1.443152 -0.434932 -0.484772 1.015311 0.246560 0.054502 -1.247120 -1.800255 -0.192383 -0.487061 -1.540406 -1.627681 0.017259 -1.950033 2.219320 1.517986 -0.410552 -2.126352 0.182174 0.354650 -0.738881 -0.349245 0.337449 0.299283 0.154166 0.320070 -0.766057 -0.368454 0.353184 -1.439054 1.538777 -0.805106 1.407916 1.136860 -1.552131 -0.859273 0.550776 2.198845 -0.471513 -0.819199 -1.305331 1.418326 -0.763944 1.599810 -0.320969 -0.634273 -1.084192
57 1.149740 -0.295301 -0.490548 0.405436 1.574774 -0.112028 -0.324510 -0.748109 0.053819 1.477485 -1.287109 0.050459 0.130036 -0.407239 0.762839 -1.259573 0.039402 -0.723766 0.796850 1.443603 -0.188077 1.187148 -0.318006 -1.328479 0.098303 -1.363519 -1.491400 -0.582988 1.198571 -0.150445 1.371336 -0.991564 0.200532 0.180180 1.130607 0.301266 -2.150029 -1.271389 0.540399 -0.964863 1.052622 1.115503 0.880829 -0.741983 0.312767 1.287838 -0.734400 0.710724 1.697965 -0.447578
58 0.487249 -0.083181 -1.152080 -0.143355 1.722224 -0.250648 -0.811262 -3.890649 1.142328 -1.133839 0.634337 -0.675858 0.139746 2.045644 -0.835868 -0.473766 -0.319494 -0.223582 -0.509162 -0.822175 -0.137225 -0.286375 1.822132 0.164188 -0.330848 1.032217 -1.421957 1.940752 0.429004 0.756723 0.243375 0.562519 0.231807 -1.340032 -1.579595 0.677964 -1.052107 -1.006909 -0.547664 1.609836 0.610658 -1.139750 -0.189688 1.809836 0.334375 -0.888137 -0.121964 -1.133230 0.203684 0.298269
59 -1.238852 -0.281022 0.397928 1.152514 2.136620 -0.776231 -0.283561 -1.332934 -0.755301 0.935098 0.285370 -0.369653 0.031564 -0.238957 -0.011842 1.351921 0.140750 -0.127363 0.364982 2.345496 -0.859934 1.043212 -0.406430 -0.193192 -0.069992 0.739257 0.345764 0.638190 0.718653 -1.745961 -0.128780 -0.064915 0.866798 -0.457883 0.372609 0.319563 0.763838 1.596715 -1.262862 -0.135932 0.477132 -0.048448 -0.238506 0.395137 -1.246587 -0.164415 -1.637685 -0.288826 0.394812 -0.550007
60 -0.254889 -0.845930 0.768765 -1.015266 0.867337 -0.785590 -1.044195 1.189351 -1.054525 -0.667486 -0.052671 1.840622 0.493988 0.488134 0.425803 0.545007 -2.611042 -1.430336 -0.052372 1.076011 -0.588526 0.058243 0.927268 0.133934 0.749845 0.240941 -0.169557 -1.151254 -1.732713 1.311805 1.389095 -0.017806 -1.711607 -1.239970 -0.918045 -2.127230 -0.888252 -0.058505 0.303033 -1.388696 1.667575 -0.128105 0.445520 2.198994 1.869825 -0.858724 -1.586077 0.945412 0.678943 -0.090601
61 -0.639041 0.002847 0.027800 -0.881610 -0.120970 0.063879 0.514189 0.370163 -2.097104 -0.387145 0.829822 0.728843 0.987867 0.139499 -0.302492 0.313832 0.242141 0.141573 -0.914614 -0.366094 0.285255 -0.972759 0.852408 0.053369 0.099070 -1.940738 1.071425 -0.802907 -0.541671 -1.336273 -0.434170 0.025390 0.868643 -1.922056 -0.114585 0.947202 -2.262847 -0.292580 0.835225 -0.400247 0.011120 -0.464218 -1.102180 -1.338513 0.204161 -0.203566 0.616762 0.705403 0.061481 0.663877
62 -0.991161 0.288356 -0.222575 -0.642006 -0.537827 -0.501021 -0.569755 -0.311114 0.855031 -0.824926 0.817643 -1.477331 0.730078 0.358551 -0.571739 0.968292 0.710858 -0.704655 0.066039 -0.139924 0.071386 -0.831517 1.511689 0.000697 0.231597 0.567260 -0.329353 -0.706022 -0.304919 0.391406 -0.071175 1.556058 1.030561 -0.723515 -1.950848 -1.171114 0.090062 -1.513957 -0.807691 1.086695 -0.810958 -0.891251 -1.072517 -0.993999 1.192724 -0.227043 0.352013 -0.561996 0.871137 -0.940202
63 0.482178 -0.012263 -1.145609 -0.204624 2.515056 -1.365511 0.416975 -0.929129 -0.063184 -0.057271 -1.188054 2.234718 0.182587 0.958610 -0.673033 0.070870 -1.045452 1.619888 2.399334 -0.778054 -0.803489 -0.097705 -1.473042 0.009570 -0.205749 0.490507 -1.635684 -1.780071 0.727288 -0.138110 -0.146204 -1.207826 0.469619 0.983109 1.391398 0.764202 -0.808933 1.144291 -0.632533 -0.068319 -1.346468 0.805222 0.537250 0.162831 0.049072 0.276997 0.071777 0.524598 0.191073 -0.640352
64 0.757086 -0.225693 -0.024554 -1.749445 -1.017928 -0.687457 0.439967 0.797482 -0.222905 -0.330626 0.181157 1.101127 0.942628 1.825679 -0.752401 -1.319717 -0.598803 -0.761555 1.692036 0.523846 -1.054618 -0.975053 0.278122 0.807544 1.338254 0.000923 -0.980615 1.124895 -1.563925 -1.479917 1.518308 -0.593760 0.778296 1.350869 0.334976 -0.638443 0.007795 -1.442261 0.481791 0.263507 -2.052585 0.022578 0.929440 -1.644679 0.135330 -1.490798 -0.533311 0.908631 1.738743 0.591459
65 1.009374 0.812898 0.409866 -0.769091 -1.116846 -1.185824 -0.436673 0.453959 -0.285690 0.382433 0.825755 -0.571292 0.801567 0.847612 0.247071 0.340035 0.542103 -0.794179 -0.821497 -1.267091 0.727737 0.346176 0.273296 0.236394 0.159366 1.067896 -1.111699 0.674931 -0.574385 -0.243694 -1.330660 -0.875066 0.197806 0.230694 0.767548 -0.490598 1.385728 -1.496116 -0.194335 0.548833 1.209276 0.311663 -1.320918 -1.036362 -0.854669 -1.521501 0.486463 -1.024288 -1.450408 -0.491697
66 -0.165529 -2.241473 0.500091 0.093087 0.031593 0.707607 0.543781 -1.034848 1.335371 0.066867 0.239878 -0.287283 -0.403484 0.211298 -1.963286 0.427980 -0.175190 -0.181262 -0.891510 2.215768 -1.619992 0.879950 0.520195 -0.835566 -0.714659 -0.860508 -0.502663 0.903224 -0.597170 -0.973845 1.352399 -2.383600 -1.887583 1.436668 0.645969 -0.417182 0.021570 -0.242380 0.640595 1.667060 -0.281183 1.005001 0.508217 -0.083746 -0.177803 -1.570441 1.635262 0.110771 -1.160600 0.429547
67 -0.165733 -0.424589 0.580449 0.266423 1.296391 0.022877 0.482758 -0.203887 -0.001219 -1.164711 0.453048 -0.648196 0.288229 0.059640 0.338833 -0.428940 1.646968 -0.637811 2.382885 -0.863379 2.058167 -0.872107 -1.091465 0.672976 -0.702394 0.113382 1.294829 -1.514559 0.149827 0.789297 1.312414 -0.755084 0.872174 0.748719 -0.716162 0.776846 -0.866457 1.236014 1.236333 0.016921 -0.623044 -0.504787 -1.877873 0.627772 -0.153213 0.446699 1.133414 0.317325 1.907267 0.086152
68 0.757339 0.069353 0.732892 0.314242 -1.196894 0.714166 0.164583 -0.671409 -0.314651 -0.322189 0.369132 -0.215603 0.323064 -0.591192 -1.020141 -1.426447 0.150582 0.527642 -1.725907 -0.763876 0.060577 -0.718881 0.546784 -0.494805 -2.268847 -0.201565 0.906556 0.328524 0.954064 -0.372373 -0.682708 -0.111728 0.148175 0.422251 0.854301 1.343234 0.168454 -0.858656 -0.500488 0.981033 1.443519 0.102828 -0.075077 0.390774 1.207952 0.036725 -0.308490 -0.701789 0.282850 -0.683425
69 -0.341291 0.263602 -0.998193 1.537330 0.086764 2.068286 -0.872873 0.161457 -0.021596 -0.346482 1.465588 1.499216 -0.134047 -0.898314 2.137570 -1.080104 -0.280621 0.660921 -1.099114 -0.430465 -1.450232 -1.538759 0.351162 -1.198410 1.029937 -0.441055 -0.032498 -1.422486 -0.132652 1.533424 -1.083723 0.545338 -0.417038 1.298309 0.743046 1.258474 1.413832 -0.747975 0.672536 0.543993 -0.247945 -0.698121 -0.202371 0.444574 0.040106 -0.221111 -0.625505 1.131018 0.708071 -1.436797
70 -0.113007 0.308968 -1.010887 0.173483 -0.917824 -0.788081 -0.814500 0.708348 2.443237 -0.773105 0.276814 -0.669642 1.926221 0.412598 0.774030 1.555822 0.661049 -2.670063 0.244979 0.938440 -0.513410 -0.625378 -0.085635 -1.378163 -0.962700 -0.032643 1.062331 0.141357 -0.752321 0.391590 1.232938 0.732187 0.988395 -0.816310 0.883477 0.040259 -0.405203 -0.371763 -0.210160 1.158883 -0.307130 0.497740 -0.403702 2.185360 0.555898 -1.186751 -0.601240 -0.210758 -0.992659 -1.269244
71 -0.953877 0.307732 -0.656759 -0.337492 1.408087 -0.915173 0.545593 -0.538456 -0.938025 0.202861 -0.447652 0.288731 0.562005 0.165075 -0.016632 -0.754705 0.114604 1.008439 -0.199668 2.396916 0.466253 -0.960004 2.362700 0.465734 2.450198 0.084151 -0.435296 -0.605745 2.185014 -0.510308 -0.368048 0.211588 -0.272340 1.630343 -0.194771 -0.451030 0.069204 -0.085266 -1.175451 0.753326 0.079242 -0.130090 -0.958049 0.207024 -1.013665 0.985699 -1.014306 0.922366 1.231548 -0.406740
72 -0.649807 -0.399086 -1.044546 -1.045472 0.760477 -2.093842 -1.887575 0.927252 -0.006029 1.522301 1.229003 1.185965 0.809353 -0.123604 -1.866604 0.815692 0.561226 -1.329295 -1.018100 -2.593376 -0.583779 -1.092026 -0.282023 0.556818 1.766121 -0.950982 -1.617683 0.766721 0.478380 0.192099 0.023675 -0.539459 -0.296868 1.354166 1.118170 -0.956842 -0.686657 0.009010 -0.922722 0.077897 -0.488194 0.483403 -0.882759 -0.443983 0.703460 1.702919 2.566435 -0.138796 -1.000743 0.115995
73 -0.466048 -0.086286 0.241834 1.375196 -0.033723 0.091931 -0.462861 0.269740 0.084598 0.647869 -0.497252 -2.133060 -0.030478 -0.368513 1.086148 -1.026831 1.141587 -0.559015 0.109237 0.276798 0.999136 1.306164 1.897011 -0.215435 -0.203261 -0.316879 -0.592544 -0.504183 0.683150 0.443003 0.791778 2.676686 0.693299 -0.302404 1.706311 0.547870 -1.039861 -0.661326 -0.141541 0.047428 -0.654293 -0.781382 0.083885 -0.895935 3.349584 0.165725 -0.364915 0.535671 0.399001 0.793236
74 -0.814492 2.093847 -1.151443 0.328281 -1.230803 -0.015115 -0.888294 -0.702599 2.653371 -1.187767 0.436643 0.561791 0.424729 0.685931 -0.254320 0.442617 1.509202 -0.715456 -0.707066 0.684695 0.717334 -0.569240 1.514863 -0.776810 -0.794204 -0.275131 -0.783513 0.055989 -0.247931 -0.295378 -2.012398 -0.088953 -0.941622 0.973841 -0.181448 -0.198171 0.283761 0.648934 1.230369 -0.659979 0.952711 -0.943892 0.110986 -0.199632 0.370340 0.458686 0.241094 -1.084271 0.108414 -2.223083
75 1.019759 -0.486938 -0.033245 0.757223 -0.412116 -0.579633 1.155595 0.136396 1.412073 -0.196412 0.830328 0.016410 -0.445767 -1.234718 -0.571914 0.270380 0.661957 1.432697 0.544415 -0.560509 0.062122 -1.465801 -0.409577 0.454563 0.795361 -1.071564 -1.792553 -1.457129 -2.063935 0.175956 1.094097 0.362944 0.922601 0.689122 -1.146588 -0.558293 -1.069844 -2.035170 0.987569 0.237040 0.687539 1.278016 -1.632724 1.329290 0.164804 0.777089 -0.003251 0.718141 1.062636 -0.382073
76 -0.185175 0.684538 -2.269282 -0.930710 0.070216 0.397116 0.201143 0.100439 -2.134057 -0.787904 -0.744460 0.385553 -0.070942 -1.173328 0.032780 0.126052 -0.141252 0.062622 -1.558278 0.335376 0.878478 0.711389 -1.352136 -0.880593 -0.703090 0.020863 -1.306446 1.499545 0.540625 -1.033439 -1.037933 0.379880 -1.385981 0.083050 0.022483 0.753742 1.037080 0.678155 0.123508 -0.791038 -1.815845 -1.773915 -0.811820 1.570485 0.014215 0.750895 -0.024231 -1.611490 1.156847 2.817895
77 -1.728518 -0.150914 0.364280 0.405568 -0.552499 1.079210 -0.841040 -1.263395 -1.349223 0.180830 0.018384 -0.595689 -1.724704 -0.652647 0.274876 1.178141 0.467322 -0.940081 -0.912026 -0.189849 -1.018475 -0.715560 0.524430 -0.658633 0.976260 0.120392 1.537180 1.315790 0.890499 -1.269241 -0.444700 1.050656 0.196212 1.069609 -0.793639 0.595219 0.694515 -1.470959 -0.949915 -0.303327 -1.845456 0.434357 -1.609265 -0.574543 -0.619717 -1.537574 0.459284 0.347266 1.080762 -0.576716
78 -0.035272 0.401180 1.320186 -1.205518 0.080077 1.174236 -0.946675 0.941014 1.056967 -0.893622 -0.893260 0.466780 -0.341342 -0.124088 -0.939207 0.498809 0.608382 0.246559 -0.357335 0.565532 -1.434942 0.416330 -1.365018 0.787977 -0.696973 0.228427 -0.352640 -0.660285 -0.228342 0.446950 1.109709 0.286117 -0.522366 0.817870 -1.238764 -0.803478 0.482220 -1.962586 0.285174 0.636418 0.167177 -0.742460 -0.893748 0.926828 0.657567 0.107930 0.228607 1.644900 1.513654 -1.254988
79 -0.552206 -0.156133 0.031555 0.042060 -1.501469 -1.308001 0.117656 0.269573 0.920810 0.967071 -0.775172 -1.399172 0.588571 -0.192268 -0.918797 -0.134669 1.987914 -1.674354 -0.491729 1.821171 -1.025714 -0.030334 0.899454 -1.777833 0.367023 0.315389 -0.475685 0.473190 0.672059 -0.200332 0.100720 -1.814535 -0.287008 1.176504 -0.714029 0.446135 0.135626 0.027908 0.186396 1.737478 -2.376806 0.524951 1.904090 -0.344665 -0.886795 0.446972 1.080244 -1.059530 -1.888675 -0.176263
80 -1.176947 0.142429 0.889710 0.481065 -0.232529 0.862462 -0.342256 0.164598 1.132743 -0.483215 1.497661 -0.235243 1.123840 -1.028966 -0.425696 -1.705315 -0.840292 0.157160 -1.258080 0.928424 -0.613943 1.908717 0.598558 0.511500 0.500279 1.800900 0.319288 -1.127650 -0.827233 -0.331002 -1.387631 -0.662946 0.119763 -0.878880 -0.405262 -0.523018 -1.198283 -0.325458 0.135478 -0.378412 -2.346462 -0.569278 0.887334 2.187578 0.125803 0.070800 0.856268 1.604717 -0.085616 0.908761
81 -0.475880 -1.289855 -0.276570 -0.711805 1.184064 -0.663480 -1.049973 -0.375964 0.587671 -0.067187 0.063601 -0.886134 -0.149643 0.268985 -0.910335 0.707429 0.422927 1.960763 -0.894841 -0.716100 -0.759533 -1.532875 0.311288 2.104742 -1.841130 -0.183547 0.535883 -0.969706 -0.555761 -1.207584 1.017450 0.639534 -0.109822 -0.050148 1.489513 1.302740 -0.258659 1.408155 -1.563623 -0.764164 -0.232167 0.571426 1.738550 1.229337 -0.466570 -0.230270 -0.333433 0.458903 0.397153 -0.341028
82 -0.879533 1.181969 -0.291014 0.153401 -1.352355 -0.473951 0.735609 -1.456005 0.146183 0.455843 -0.654906 0.205961 0.350874 0.848457 1.719030 0.950117 1.621440 -0.793519 -1.002731 1.301303 0.496116 0.210782 -0.089511 1.332930 -0.228077 1.345817 -0.129781 -0.899010 0.608894 -1.558432 -1.111185 1.230723 1.075199 1.955211 2.114293 0.667797 0.621583 -0.232066 -0.311420 0.199068 -0.655330 -0.570750 -0.141167 0.472281 2.019224 -1.508611 0.991775 0.247429 -1.755200 0.943455
83 1.404241 0.537397 -1.072655 -0.165019 -1.428745 1.548000 -0.946301 -0.444721 0.790547 -1.083598 -0.234343 -0.843028 1.074534 -0.857207 1.475452 0.463251 1.556404 0.199645 0.366067 -0.144062 -0.109672 -0.277628 -0.742526 -1.505775 1.286085 0.600807 0.888846 -0.278517 -0.196858 0.437195 -0.118181 1.205349 1.807601 1.152280 -0.564568 2.058478 0.227646 0.118990 -0.174835 1.036503 -0.138793 0.297385 2.123101 -0.405229 0.306944 0.454916 -0.773675 0.980445 1.473857 0.006028
84 0.277957 0.510302 0.227123 2.021912 -0.027017 2.275952 -0.296283 -0.925469 1.417301 -2.958614 -0.252960 0.701047 1.479050 -0.565893 1.985167 -0.358720 -0.307028 0.191101 0.027660 -0.487140 -0.915251 1.066835 -0.217459 0.050044 0.574245 0.396076 -0.457356 0.232018 -0.802410 1.362301 -0.862640 0.480646 -0.607735 -1.425580 0.781681 -0.296683 -0.948082 -0.862606 0.579848 -0.366852 -0.658430 0.948485 -0.955790 1.030659 0.563062 0.160922 1.325367 -0.583471 0.531974 0.311921
85 -0.792373 0.302922 1.103249 1.341346 0.164518 1.524690 0.199536 -1.841158 0.856741 0.781177 0.136779 -0.067567 0.708025 -1.886186 -0.274291 0.043207 -2.739736 -0.866104 1.540367 -1.754521 2.046806 0.719966 -0.697596 2.089332 0.015397 -0.298571 1.620272 -2.423568 0.434222 0.341054 1.378594 0.274216 -1.145063 0.837034 0.930859 -1.169127 0.132959 -1.632204 -1.673891 -2.316732 1.555766 -1.040716 0.632524 -1.287681 -0.200666 1.147315 0.246154 -0.355115 1.125053 1.419273
86 0.023053 -0.209048 0.706672 -0.705434 -0.277060 -0.233355 -0.522327 0.008673 0.037487 0.343767 -0.757369 -0.766863 -0.738839 0.973675 0.205260 -0.531181 1.177266 -0.043868 -0.001144 2.296141 0.488428 -0.207712 0.232379 -1.121127 -1.690638 1.104958 2.641302 -1.534100 0.551722 -1.826996 -0.670455 1.411033 -0.210090 -0.495291 0.580605 0.401943 0.423285 0.145821 0.668219 1.495544 0.616085 -0.289999 1.805621 -1.062621 1.447174 0.344744 -0.275595 0.167691 0.148134 -0.216658
87 5.056761 -0.425875 -1.246760 -1.113071 0.493048 1.409874 4.257642 0.870912 -1.857673 -0.063290 -0.150156 -0.673857 -1.166543 0.620474 0.913347 0.475929 1.361923 -2.128792 5.220891 -0.149545 -1.304990 -0.663110 0.147091 -0.687520 1.510432 1.509818 -0.921638 -1.031363 0.752626 2.107225 0.073185 -0.272784 0.963684 0.398829 -1.323538 -0.667991 0.578684 0.094719 1.240330 -0.464945 1.537021 1.474482 4.774383 -0.136332 5.459335 0.187762 -1.140197 -0.267389 0.290605 0.847575
88 2.048131 0.147652 -0.701767 1.436954 -0.574841 -1.297808 0.495284 -1.793159 0.942669 0.718639 2.418890 0.156121 0.246365 -0.004678 0.068014 -2.145040 0.484139 -0.100556 -0.193906 0.664942 0.232162 -0.414077 0.679964 -2.247192 1.444187 -0.219344 -0.005430 1.414989 -0.290607 -0.800063 -1.958948 0.366173 0.352931 1.387510 0.994420 1.076580 1.491006 -0.040004 1.548752 -0.421631 2.094748 -0.433790 0.974524 -0.329163 0.250784 -0.146117 -0.898881 0.477616 -0.417576 -0.222854
89 -0.500457 0.834415 2.232930 -0.288697 -1.673756 0.006213 -1.259596 -0.484362 1.185446 -0.008252 0.932416 -0.882223 0.395433 -1.196429 -0.463475 -0.758681 0.524353 1.844329 -0.684126 -1.210949 0.941752 -1.801849 0.661851 1.181248 -0.693289 1.054959 1.907187 -0.328080 -2.673071 0.689500 -0.629938 -0.063700 -1.157011 1.065047 1.312436 -1.117750 1.958843 0.217759 -0.567736 -1.651040 0.003134 1.150794 -2.167658 0.197432 -0.937695 0.983118 -0.355203 -2.177553 -0.417048 -0.828828
90 -0.468484 -1.368332 0.367718 -0.663278 -0.254739 0.980627 -1.187296 1.655207 -1.456967 1.951647 -0.246864 1.073499 0.229518 -1.518239 -1.879268 -0.661976 0.466254 -0.135057 0.782652 1.682999 -1.290628 -1.286072 -0.402040 1.123078 0.370717 -0.543455 0.577879 0.453834 0.471968 -3.124032 -1.465042 1.175787 -1.100137 -0.270984 -0.710146 -0.133639 1.082804 0.272975 -2.544503 0.097540 -0.030977 0.229831 0.080876 0.868367 0.635816 1.296811 -0.121249 -0.957462 -0.298754 0.206734
91 -0.554025 0.834453 0.300231 -1.491716 -1.012708 -0.110255 0.840029 0.275488 -1.230626 0.518123 -0.463355 -1.353424 -0.109569 -0.913017 0.902237 -1.546915 0.211138 1.402829 1.863707 -0.631307 -0.975571 -0.780781 1.319785 1.208133 -0.108590 -1.708650 -0.375400 1.274604 0.315446 -0.582141 -2.348439 -0.779569 -1.163211 0.453821 1.055021 0.738074 0.895943 -0.473110 1.105139 -0.786024 0.814742 -0.132146 -0.265267 -0.147861 0.268679 -0.590611 0.861226 0.963639 0.582654 -0.541661
92 -0.801089 0.015170 1.510199 -1.735210 -0.451808 -0.169985 -1.322252 -1.559422 -0.336164 -0.132813 0.570050 0.358113 -1.026033 -0.331580 -0.823702 -0.314262 -0.070952 -0.427685 -0.552936 -0.518406 -0.256811 -0.551786 -0.271483 0.630658 -0.618295 -0.224313 -1.831769 1.003355 0.893745 1.203111 1.143917 0.128079 -0.408090 0.346295 1.731673 -1.307362 -0.431627 1.024953 0.232914 3.011915 2.067367 -0.284206 1.658672 -1.402683 0.045320 -0.188461 0.910367 -0.965611 -0.008532 -0.273192
93 -1.267842 0.574425 -0.585307 -1.081474 -1.324583 -0.082844 -0.315852 1.982523 0.473576 -1.854563 -1.928282 0.319287 -0.937783 1.361698 0.232347 -1.286562 -0.815696 -1.141139 0.442528 1.103661 1.458022 -0.087809 -0.135567 -0.152125 -1.006476 -0.456704 -0.053727 -0.163874 -0.635364 -0.219591 -0.139380 0.952528 -1.961720 1.222818 -0.132153 -0.226167 -0.361900 0.365550 -0.847128 1.515676 -0.024178 -2.696179 -0.845781 -0.748503 1.720788 0.232646 -1.006975 0.349998 0.181746 -0.455854
94 -0.766803 -0.323386 -0.272010 0.437865 0.765207 1.010912 1.860551 -1.226038 -0.045203 -0.510802 1.031266 -1.081018 -0.026928 1.556014 -0.771624 -0.763059 0.904049 0.845362 -1.566317 0.492340 -1.077788 1.185273 1.657683 0.389313 -0.453365 -0.477183 -1.688515 0.624850 0.166308 -1.566065 -0.771582 -0.122878 2.947209 -0.192801 0.040182 -0.753540 -1.200138 0.330001 1.764325 1.748591 -1.181092 -0.433565 -1.337525 0.411075 1.939821 -0.621401 -0.089505 -0.886470 -1.349364 -0.369474
95 3.843737 1.389704 -1.108458 -0.684892 -1.264650 0.172247 4.610664 0.117944 -0.437082 -0.024959 1.370224 0.446046 -0.854135 -0.431890 -0.084749 0.008967 -0.846691 0.296060 6.186778 -0.137707 -0.098826 0.398416 -1.422996 0.264172 0.452380 0.542027 0.457381 -0.137880 1.773547 0.747333 -0.356679 1.956042 -0.618309 0.129982 0.527791 0.779615 -0.087669 -1.136899 1.282001 1.020942 -0.433165 -0.527821 5.163583 1.319061 5.932120 1.041393 0.405013 -0.018272 1.555854 -0.333631
96 5.118993 1.079643 -0.399900 0.241222 1.025558 0.340183 4.942923 -0.091850 1.751198 0.338835 0.440592 0.781163 -0.894745 0.503303 -0.458819 -2.185987 0.084064 2.288623 4.231776 -0.931913 0.166604 1.725287 2.135904 -0.155689 -0.395470 -0.434942 0.112561 0.765887 -0.368419 1.501869 -0.631157 -0.055102 -0.017379 -0.839412 -1.473574 -2.490662 -0.321670 0.179405 0.879587 -1.348527 -1.529916 1.397559 5.733345 1.268660 3.983763 -1.055799 -0.196460 -0.332526 -1.338053 0.287959
97 6.080970 -0.309116 -0.436064 -0.272796 0.852772 0.173663 4.935004 1.772192 -0.048869 -0.066088 -0.593806 -0.129681 0.312681 1.404987 0.761325 -0.087741 -0.289687 2.156944 5.440162 -1.915643 0.526094 -1.008381 1.327085 1.643573 0.935273 -0.178282 1.922451 0.251254 -0.875505 0.808002 1.989974 0.224884 0.567233 0.449954 0.106929 -0.746190 0.130664 -1.421071 -0.474789 0.665294 -1.531629 -0.455176 6.134188 1.275580 6.289085 -1.727647 -1.666078 0.377441 -0.115426 -0.112434
98 -0.259681 -0.918196 -0.985908 1.322587 -1.329044 0.074521 -0.875416 1.325094 -0.265075 -0.965511 0.391398 -0.092209 -0.309547 0.835265 0.871860 1.329776 0.607863 0.086967 -0.984994 -0.861977 -1.583551 -0.671157 -0.831966 0.100610 0.067900 -0.521340 -0.460019 1.409330 0.341271 -0.967320 1.327677 0.227368 -1.219261 1.034527 0.829406 0.123511 0.897883 -0.666591 -0.928071 -1.112785 1.651309 -1.254924 -1.589744 0.642992 -1.293686 1.173682 -0.450857 0.031686 1.038965 0.105828
99 -0.443601 -0.020999 0.395218 -0.381629 0.587424 0.110912 0.460180 -1.293037 1.653472 -0.081078 -0.449088 0.180343 -0.818883 -0.711747 1.801324 -0.890791 -0.469776 -0.170846 1.025413 0.503469 -0.118937 -0.834080 1.770394 -0.108034 0.729107 0.926289 -0.649968 0.323974 -0.951063 -1.359560 -0.225996 1.862107 -1.584168 -0.483700 0.438058 0.210373 0.445949 -1.447440 -0.893490 -2.789857 0.267794 -0.913820 0.100570 0.429791 -0.501160 0.181438 -1.605884 0.183408 2.271940 -0.638086
END
#################################################################
SECTION3 (Edges Information)
EndPoint0 EndPoint1 Weight
0 1 1.000000
0 9 1.000000
0 10 1.000000
0 90 1.000000
1 0 1.000000
1 2 1.000000
1 11 1.000000
1 91 1.000000
2 1 1.000000
2 3 1.000000
2 12 1.000000
2 92 1.000000
3 2 1.000000
3 4 1.000000
3 13 1.000000
3 93 1.000000
4 3 1.000000
4 5 1.000000
4 14 1.000000
4 94 1.000000
5 4 1.000000
5 6 1.000000
5 15 1.000000
5 95 1.000000
6 5 1.000000
6 7 1.000000
6 16 1.000000
6 96 1.000000
7 6 1.000000
7 8 1.000000
7 17 1.000000
7 97 1.000000
8 7 1.000000
8 9 1.000000
8 18 1.000000
8 98 1.000000
9 0 1.000000
9 8 1.000000
9 19 1.000000
9 99 1.000000
10 0 1.000000
10 11 1.000000
10 19 1.000000
10 20 1.000000
11 1 1.000000
11 10 1.000000
11 12 1.000000
11 21 1.000000
12 2 1.000000
12 11 1.000000
12 13 1.000000
12 22 1.000000
13 3 1.000000
13 12 1.000000
13 14 1.000000
13 23 1.000000
14 4 1.000000
14 13 1.000000
14 15 1.000000
14 24 1.000000
15 5 1.000000
15 14 1.000000
15 16 1.000000
15 25 1.000000
16 6 1.000000
16 15 1.000000
16 17 1.000000
16 26 1.000000
17 7 1.000000
17 16 1.000000
17 18 1.000000
17 27 1.000000
18 8 1.000000
18 17 1.000000
18 19 1.000000
18 28 1.000000
19 9 1.000000
19 10 1.000000
19 18 1.000000
19 29 1.000000
20 10 1.000000
20 21 1.000000
20 29 1.000000
20 30 1.000000
21 11 1.000000
21 20 1.000000
21 22 1.000000
21 31 1.000000
22 12 1.000000
22 21 1.000000
22 23 1.000000
22 32 1.000000
23 13 1.000000
23 22 1.000000
23 24 1.000000
23 33 1.000000
24 14 1.000000
24 23 1.000000
24 25 1.000000
24 34 1.000000
25 15 1.000000
25 24 1.000000
25 26 1.000000
25 35 1.000000
26 16 1.000000
26 25 1.000000
26 27 1.000000
26 36 1.000000
27 17 1.000000
27 26 1.000000
27 28 1.000000
27 37 1.000000
28 18 1.000000
28 27 1.000000
28 29 1.000000
28 38 1.000000
29 19 1.000000
29 20 1.000000
29 28 1.000000
29 39 1.000000
30 20 1.000000
30 31 1.000000
30 39 1.000000
30 40 1.000000
31 21 1.000000
31 30 1.000000
31 32 1.000000
31 41 1.000000
32 22 1.000000
32 31 1.000000
32 33 1.000000
32 42 1.000000
33 23 1.000000
33 32 1.000000
33 34 1.000000
33 43 1.000000
34 24 1.000000
34 33 1.000000
34 35 1.000000
34 44 1.000000
35 25 1.000000
35 34 1.000000
35 36 1.000000
35 45 1.000000
36 26 1.000000
36 35 1.000000
36 37 1.000000
36 46 1.000000
37 27 1.000000
37 36 1.000000
37 38 1.000000
37 47 1.000000
38 28 1.000000
38 37 1.000000
38 39 1.000000
38 48 1.000000
39 29 1.000000
39 30 1.000000
39 38 1.000000
39 49 1.000000
40 30 1.000000
40 41 1.000000
40 49 1.000000
40 50 1.000000
41 31 1.000000
41 40 1.000000
41 42 1.000000
41 51 1.000000
42 32 1.000000
42 41 1.000000
42 43 1.000000
42 52 1.000000
43 33 1.000000
43 42 1.000000
43 44 1.000000
43 53 1.000000
44 34 1.000000
44 43 1.000000
44 45 1.000000
44 54 1.000000
45 35 1.000000
45 44 1.000000
45 46 1.000000
45 55 1.000000
46 36 1.000000
46 45 1.000000
46 47 1.000000
46 56 1.000000
47 37 1.000000
47 46 1.000000
47 48 1.000000
47 57 1.000000
48 38 1.000000
48 47 1.000000
48 49 1.000000
48 58 1.000000
49 39 1.000000
49 40 1.000000
49 48 1.000000
49 59 1.000000
50 40 1.000000
50 51 1.000000
50 59 1.000000
50 60 1.000000
51 41 1.000000
51 50 1.000000
51 52 1.000000
51 61 1.000000
52 42 1.000000
52 51 1.000000
52 53 1.000000
52 62 1.000000
53 43 1.000000
53 52 1.000000
53 54 1.000000
53 63 1.000000
54 44 1.000000
54 53 1.000000
54 55 1.000000
54 64 1.000000
55 45 1.000000
55 54 1.000000
55 56 1.000000
55 65 1.000000
56 46 1.000000
56 55 1.000000
56 57 1.000000
56 66 1.000000
57 47 1.000000
57 56 1.000000
57 58 1.000000
57 67 1.000000
58 48 1.000000
58 57 1.000000
58 59 1.000000
58 68 1.000000
59 49 1.000000
59 50 1.000000
59 58 1.000000
59 69 1.000000
60 50 1.000000
60 61 1.000000
60 69 1.000000
60 70 1.000000
61 51 1.000000
61 60 1.000000
61 62 1.000000
61 71 1.000000
62 52 1.000000
62 61 1.000000
62 63 1.000000
62 72 1.000000
63 53 1.000000
63 62 1.000000
63 64 1.000000
63 73 1.000000
64 54 1.000000
64 63 1.000000
64 65 1.000000
64 74 1.000000
65 55 1.000000
65 64 1.000000
65 66 1.000000
65 75 1.000000
66 56 1.000000
66 65 1.000000
66 67 1.000000
66 76 1.000000
67 57 1.000000
67 66 1.000000
67 68 1.000000
67 77 1.000000
68 58 1.000000
68 67 1.000000
68 69 1.000000
68 78 1.000000
69 59 1.000000
69 60 1.000000
69 68 1.000000
69 79 1.000000
70 60 1.000000
70 71 1.000000
70 79 1.000000
70 80 1.000000
71 61 1.000000
71 70 1.000000
71 72 1.000000
71 81 1.000000
72 62 1.000000
72 71 1.000000
72 73 1.000000
72 82 1.000000
73 63 1.000000
73 72 1.000000
73 74 1.000000
73 83 1.000000
74 64 1.000000
74 73 1.000000
74 75 1.000000
74 84 1.000000
75 65 1.000000
75 74 1.000000
75 76 1.000000
75 85 1.000000
76 66 1.000000
76 75 1.000000
76 77 1.000000
76 86 1.000000
77 67 1.000000
77 76 1.000000
77 78 1.000000
77 87 1.000000
78 68 1.000000
78 77 1.000000
78 79 1.000000
78 88 1.000000
79 69 1.000000
79 70 1.000000
79 78 1.000000
79 89 1.000000
80 70 1.000000
80 81 1.000000
80 89 1.000000
80 90 1.000000
81 71 1.000000
81 80 1.000000
81 82 1.000000
81 91 1.000000
82 72 1.000000
82 81 1.000000
82 83 1.000000
82 92 1.000000
83 73 1.000000
83 82 1.000000
83 84 1.000000
83 93 1.000000
84 74 1.000000
84 83 1.000000
84 85 1.000000
84 94 1.000000
85 75 1.000000
85 84 1.000000
85 86 1.000000
85 95 1.000000
86 76 1.000000
86 85 1.000000
86 87 1.000000
86 96 1.000000
87 77 1.000000
87 86 1.000000
87 88 1.000000
87 97 1.000000
88 78 1.000000
88 87 1.000000
88 89 1.000000
88 98 1.000000
89 79 1.000000
89 80 1.000000
89 88 1.000000
89 99 1.000000
90 0 1.000000
90 80 1.000000
90 91 1.000000
90 99 1.000000
91 1 1.000000
91 81 1.000000
91 90 1.000000
91 92 1.000000
92 2 1.000000
92 82 1.000000
92 91 1.000000
92 93 1.000000
93 3 1.000000
93 83 1.000000
93 92 1.000000
93 94 1.000000
94 4 1.000000
94 84 1.000000
94 93 1.000000
94 95 1.000000
95 5 1.000000
95 85 1.000000
95 94 1.000000
95 96 1.000000
96 6 1.000000
96 86 1.000000
96 95 1.000000
96 97 1.000000
97 7 1.000000
97 87 1.000000
97 96 1.000000
97 98 1.000000
98 8 1.000000
98 88 1.000000
98 97 1.000000
98 99 1.000000
99 9 1.000000
99 89 1.000000
99 90 1.000000
99 98 1.000000
END
#################################################################
SECTION4 (TrueSubGraph Information)
EndPoint0 EndPoint1 Weight
95 96 1.0
96 97 1.0
96 6 1.0
97 87 1.0
END
#################################################################
SECTION5 (Labels Information)
1 0 0 0 0 0 1 0 0 0 0 0 0 0 0 0 0 0 1 0 0 0 0 0 0 0 0 0 0 0 0 0 0 0 0 0 0 0 0 0 0 0 1 0 1 0 0 0 0 0 
END
#################################################################
SECTION6 (bt Information)
5 -5 -5 -5 -5 -5 5 -5 -5 -5 -5 -5 -5 -5 -5 -5 -5 -5 5 -5 -5 -5 -5 -5 -5 -5 -5 -5 -5 -5 -5 -5 -5 -5 -5 -5 -5 -5 -5 -5 -5 -5 5 -5 5 -5 -5 -5 -5 -5 
END
#################################################################
