#################################################################
#APDM Input Graph, this input graph includes 3 sections:
#section1 : general information
#section2 : nodes
#section3 : edges
#section4 : trueSubGraph (Optional)
#
#if nodes haven't information set weight to null
#################################################################
SECTION1 (General Information)
numNodes = 100
numEdges = 200
usedAlgorithm = NULL
dataSource = SimulationData2
END
#################################################################
SECTION2 (Nodes Information)
NodeID Base Counts
0 1.392781 -0.125047 1.322582 -0.907416 -0.880681 0.422156 0.335921 1.398988 -0.449161 0.218039 1.402977 0.043055 0.459864 -0.439441 -0.319880 -1.401691 -0.810509 0.423363 -1.072750 -1.322819 -1.436869 -0.132819 -0.431855 -1.860070 -0.090965 -0.010418 1.076612 -1.661044 0.735826 0.107307 -0.999820 0.622483 0.425508 -0.224462 1.494794 -0.125485 -1.261403 0.081374 -1.469222 0.830855 0.076542 0.119171 -0.012965 1.169503 -1.256854 0.887134 0.066210 0.832751 -0.100880 -1.909363
1 -1.089254 -0.543087 -0.401703 -0.704600 -0.639364 -0.282940 0.895274 1.326537 0.914837 0.174877 -0.560648 1.131940 -1.811943 0.240816 -1.177415 -1.735814 1.105743 -0.324719 -1.644470 0.574788 0.134131 -1.374480 0.216449 0.452490 -0.280996 -0.024342 -0.988772 -0.536298 -1.105520 2.100619 -0.685786 1.305718 -0.635407 -0.314876 0.670856 -0.004383 -0.101177 1.231110 0.641664 0.295141 -1.611516 -0.170847 0.354021 -1.402095 0.891146 1.475346 1.675721 -1.793041 -0.430948 1.036667
2 0.820701 -0.252621 1.822280 1.153204 1.926246 1.083480 -1.252555 -0.411269 0.609346 -0.794126 -0.358870 -2.072922 0.984690 -0.829276 0.365086 0.120345 1.548230 -0.033852 0.892191 0.442656 0.771246 0.255206 -0.476957 -0.331545 0.745976 0.454758 -0.654516 -0.431528 -0.046590 1.647297 -0.539082 -0.435952 -0.135938 0.668966 -0.670505 0.011854 0.657814 -0.324054 0.046869 -0.174798 1.366950 0.785961 2.200438 -0.219466 1.890070 -0.304727 -0.553171 -0.262303 0.368540 -1.010589
3 -0.125172 0.831001 0.001694 1.443355 0.135834 -0.404062 -1.146046 -0.346267 -0.062876 -1.706997 0.398407 -1.135276 -0.475220 0.844915 -0.897399 0.936284 -0.351996 -1.389256 -0.315983 1.333114 -0.441396 0.508191 -0.587854 -0.400578 0.703094 -0.997008 0.399237 -1.144802 0.003728 0.445464 -0.949739 -0.850534 0.575893 -0.369335 -0.566925 0.370923 1.553259 -0.074229 -1.188828 -0.394277 -0.861123 -0.086631 0.478336 0.253811 -1.180361 -0.709763 -2.651325 -1.097636 -0.064554 0.853682
4 -1.067903 0.800566 -0.555058 -0.013586 0.984387 -0.543489 -0.648844 0.639312 -0.212726 -0.595942 -0.285963 1.108799 0.418611 -0.156718 -1.601713 0.315748 -1.060490 -0.438115 -0.288858 2.143859 0.434596 -1.024369 0.417267 0.210783 -0.001072 0.378878 0.115741 0.348217 1.428170 0.107319 0.398185 -0.360014 0.411959 -0.843575 -0.633954 -0.624077 0.311527 1.141925 0.157664 0.325127 0.971758 -1.174513 -1.247152 0.812244 -0.342749 0.196471 0.818586 0.069107 -0.274690 -0.375410
5 -0.163984 -0.224553 0.063190 0.555604 -0.689750 1.227306 0.881968 -1.464792 0.521098 0.257034 1.327481 -0.938452 1.212993 -0.029117 0.250027 0.004108 0.070497 0.288620 -1.225340 -1.737329 -1.696176 1.306214 -0.211796 1.432247 1.171977 0.244272 2.392857 0.836243 0.546453 -0.354537 0.280697 0.840902 -0.345417 -0.358973 0.945497 -1.580751 -2.377664 1.488793 1.002297 -0.891119 2.267999 1.116439 0.025728 0.463668 0.722110 -0.554010 0.559321 -0.315363 0.281066 -0.054289
6 1.045935 0.549666 -0.523609 -0.391035 1.921036 -1.742657 1.061997 -1.098695 -0.483207 -0.012557 1.307238 -0.930639 1.329120 -0.390317 -0.277968 1.759935 1.060849 0.112811 -0.800675 -0.419334 -0.097415 -0.386765 0.369723 -1.023342 0.801922 -1.358967 0.870068 -0.135774 -1.099838 0.162198 -0.483622 0.154828 0.213700 -0.702525 -0.500255 -0.961444 0.159123 1.267272 0.541910 -0.841216 0.253883 0.711636 1.150214 -0.455048 -0.163092 1.399485 -0.881655 1.361027 -0.255445 -0.579874
7 1.865195 -0.899476 -1.313038 1.724944 0.322399 0.201855 -0.188097 -0.604465 -1.563452 0.260157 -0.464316 1.419828 -1.039381 0.578756 0.585325 -0.828661 -0.328238 1.737601 -1.243749 0.263638 -0.009187 -0.067648 -1.954782 -0.022764 -1.830602 -1.196104 -0.551143 0.875579 -1.591173 1.825322 0.983968 -0.307735 -0.649714 -1.569406 0.328861 1.975269 0.007339 -0.123247 -0.373733 0.005457 -0.154469 -0.258603 -1.601404 0.366872 -0.399087 0.046537 -0.578894 0.908827 1.182343 -0.621821
8 -0.092231 0.694369 0.185010 0.760573 -0.398516 0.995254 -0.176170 0.875716 -1.569894 2.115365 1.244740 -0.089768 -0.118994 -0.063021 -0.708772 -0.424410 -0.314741 -0.730478 -1.531274 0.145696 -0.587126 1.712312 0.353938 1.054648 1.031718 2.252215 0.823588 0.772874 -0.283376 0.939544 -0.788532 0.942835 -1.676216 0.911342 -2.484552 0.199267 -0.529059 0.515358 0.507752 -0.160967 -0.434267 0.206644 0.539888 -2.066077 0.716713 -0.284627 0.180625 0.334873 1.065125 1.032446
9 0.546589 0.865189 -0.585350 0.857528 -0.358022 0.816788 0.616150 -0.232792 1.135153 -0.290926 -1.230034 -0.352173 0.490233 1.232424 -0.761795 -0.432288 -0.295493 0.118430 -1.526743 -0.551794 -0.700506 -0.976134 0.604623 0.841641 -0.285805 0.323275 -1.189227 -0.706248 -0.069149 -0.072279 -1.128417 -0.574730 0.750138 1.401092 1.740966 -1.015380 0.171613 0.303516 -0.887027 1.007158 1.905537 1.232007 0.935538 -0.333974 2.332757 2.282649 -1.464208 -0.235392 0.465980 0.399260
10 2.011590 0.985037 -1.320885 -0.741781 -0.353698 0.689172 -0.800278 -0.007155 -0.775098 0.910555 -0.784509 -0.744239 0.214097 -0.696414 -0.654229 0.532632 2.661484 -0.333644 1.013858 0.107346 0.314167 -0.257485 0.192517 0.962890 -0.232030 -1.005222 0.211530 -0.047171 0.697953 0.251849 -0.329107 -0.299545 1.578035 -0.297950 -0.751106 1.402713 0.891406 0.177834 -1.646785 1.378771 0.730446 0.373249 0.702269 -0.358913 0.763346 -0.144361 0.416397 2.327812 -0.335116 -0.866027
11 0.700800 -0.099987 -0.910993 -0.593284 -1.571765 -0.374284 -0.837682 0.535742 0.260109 0.357036 -2.082923 -0.791442 -0.310170 -0.063135 1.056614 0.354883 0.179907 1.133237 -1.030367 0.962609 0.126964 -1.190028 -0.433513 2.001841 -0.493114 -0.356871 0.304095 -0.548424 0.224887 1.315708 1.255947 -0.882357 -0.489743 1.530007 0.561358 0.159638 -0.971821 -1.122452 0.850424 -0.385173 0.418989 0.917623 1.617346 0.286711 -1.125430 0.858699 -0.619739 -0.418759 -0.427569 0.004575
12 -0.426089 0.239022 -0.558043 0.374972 0.151354 3.062144 0.181338 -0.235086 -1.895027 -1.329901 -0.103627 -1.140157 -0.784874 -0.113921 -0.044883 0.737658 1.115477 0.956999 -0.811243 0.815723 0.396909 0.345763 -0.380199 -0.305875 0.209258 -0.530575 1.485375 -0.713866 -0.680713 -0.169746 -0.038667 2.334190 -1.698496 0.813873 -1.058162 -0.961996 -1.156784 -0.541695 0.647748 -0.962773 -0.075960 0.141731 0.055145 0.925849 0.955047 0.134867 0.561744 1.851696 0.096257 0.004880
13 0.753346 -0.625026 -0.094425 -0.559789 1.815023 -0.918823 0.956107 -1.065136 0.864436 -0.842005 -0.995817 -1.810718 -1.117867 -2.120354 2.270033 0.149805 0.831538 -0.038311 1.054419 1.282301 -0.516594 -1.020900 -0.654176 0.899655 0.669100 -0.842105 0.286472 1.661757 0.329166 0.973427 -2.636907 -1.315046 -0.585987 1.551576 0.001118 2.213149 -0.346945 0.124796 -0.796580 -0.959568 2.030946 0.025391 -1.490155 0.167436 1.514015 1.412663 0.383966 0.732720 0.570710 0.986086
14 -0.601449 -1.290190 0.177796 0.807081 0.165681 -0.542031 -1.180174 0.752449 1.740461 -0.836660 1.051796 -0.463568 0.650597 0.347920 1.994061 -0.235261 -0.147975 0.304784 -0.237633 0.039801 0.158139 0.590586 1.927735 1.901590 -0.483851 0.017842 -1.677978 0.119747 -1.062289 -0.587332 -1.964183 0.060695 -0.483966 -0.591258 -0.316873 -0.247887 0.996934 -0.230765 0.944506 0.263289 -0.309884 1.279868 -0.337762 -1.628853 -0.103180 1.856709 -0.410330 -1.391284 -1.817617 -0.434894
15 -0.951640 -0.340138 -1.065901 -0.001261 -1.011921 0.046174 -0.480922 0.196330 -0.043797 0.442473 -1.321720 0.054852 -0.597241 -0.363703 -0.773470 0.631338 -0.109344 -0.078922 -0.037838 -1.190701 -0.444451 0.021509 -0.770931 3.046303 -1.637922 -0.249335 -1.668310 -2.336673 0.974951 0.845210 0.984574 0.765818 -2.557836 -0.042039 -0.746000 -0.486429 -0.133425 0.101509 2.020218 0.937458 1.052936 1.477677 -1.736972 -0.436476 0.443704 0.781706 0.793499 -1.377768 0.978021 -1.043089
16 -0.903764 1.416417 0.530042 -1.755089 1.484396 -1.496311 -1.962328 0.101410 -1.491513 0.564597 0.456536 -0.579321 0.644191 0.527044 1.150628 0.849573 1.300676 1.689148 1.112875 -0.392839 0.020197 0.359025 -1.547386 -0.866763 -0.216174 -0.646257 0.621775 0.487762 -0.876644 -0.301955 -0.121284 1.572409 1.124368 -0.567607 0.455377 -1.724660 -0.237653 0.578084 0.306910 0.748703 1.314755 -0.307343 -0.667744 -0.203062 -0.342992 -0.382929 -2.217421 -1.739501 0.853119 0.806610
17 -1.283669 -1.534370 0.882927 -1.481098 0.829559 -0.889273 -1.147912 -0.058337 -1.808026 2.349643 -0.347599 0.458313 0.685871 0.785646 -2.067119 -1.438225 1.783806 -0.281740 -0.254218 -1.852403 0.524144 0.044718 0.371475 -0.814097 0.477742 0.653580 -0.310034 -0.789156 1.035406 -0.764453 0.169875 -0.835397 2.606092 0.790574 -1.921239 -0.789111 -0.213542 -0.088883 0.682013 1.094438 -0.256538 1.312443 0.997018 0.344271 -1.616671 -0.591446 -0.880243 0.375507 -0.898655 0.721938
18 0.501914 -0.580961 0.224527 -0.619604 0.403998 -0.829591 0.032628 0.891724 0.185002 0.624708 0.133864 0.257596 -0.602874 -1.482733 1.198789 1.228195 0.622140 -2.493328 1.117910 -0.673792 0.895365 0.241583 -0.196454 -1.534956 1.634659 3.335838 -1.254479 -2.086479 1.769305 -0.443637 -0.446867 0.385052 0.306012 -2.225054 -0.030025 0.448537 -1.093345 -1.482752 -0.180807 -1.064308 2.054477 -1.247667 -0.260984 0.112082 1.763871 0.717403 0.510233 1.335018 0.329814 -0.416334
19 -0.551952 -0.485782 1.407729 -1.178230 0.394317 -1.209746 -0.519662 -0.836412 -1.343882 -0.608559 0.330313 -2.243493 -0.947399 1.189430 -0.292325 2.341627 0.169892 0.091055 0.294997 -0.639558 -0.511249 -0.350123 -0.982396 -0.794194 0.202466 1.019370 -0.741360 -0.146848 -2.118048 1.169843 0.952014 0.009345 2.771996 1.170003 -0.101627 -0.542394 0.474051 -0.410457 1.104691 -0.513151 -1.604466 0.154863 -0.486339 0.309368 1.287120 0.638122 -0.457052 0.575866 -1.514282 1.058975
20 -0.024928 -1.224207 0.212004 -0.209546 0.687383 -0.111853 -0.033060 -2.867395 -1.341356 -1.432269 -1.623818 -2.018799 -0.745605 -0.893422 -0.832659 -0.358488 0.029283 -0.516403 0.977152 -0.325735 -0.374144 0.283015 -1.150927 -0.457205 -1.603700 -1.347470 1.219501 0.268192 1.194206 1.228585 1.277712 0.702875 -1.097209 0.086821 -1.977083 1.780523 -1.518456 1.494767 0.999821 -0.943057 0.504867 0.016423 0.088695 0.633765 2.339875 -0.266318 0.999101 0.722352 1.082888 0.387898
21 0.904743 -1.661698 -0.572553 -2.152502 0.136967 -0.280510 -1.020903 -0.109732 0.791755 -0.723129 -0.622009 0.286266 0.727581 1.539339 1.657125 -0.098218 0.666232 0.814292 -1.446963 0.783089 2.100732 1.607040 -0.869416 -0.944411 -1.849321 0.082744 0.855269 0.657921 0.376787 0.520991 -0.069273 1.021186 -0.268702 -0.733795 -0.445536 -1.082968 -0.299896 -0.086587 -0.035322 1.113853 0.005582 -0.399025 0.437753 1.883216 0.888112 0.060498 -0.018570 -0.217681 -0.646756 0.892040
22 -0.696302 -1.286566 0.016162 -0.358956 0.032642 -0.634787 -1.381606 -0.775928 -0.404340 -1.558652 0.253621 -1.619218 -0.220587 -0.422476 -1.676498 -0.363623 0.396240 -0.585087 1.262714 0.536960 0.194669 -0.532133 0.234574 -0.679127 1.789499 -1.216897 0.501921 -0.091215 -1.638336 -0.471358 -1.451889 0.483093 1.358654 -0.015472 -0.404321 1.067994 -0.495634 -0.466702 -0.745974 -0.017042 -0.809743 0.777759 -0.709523 0.314323 1.517477 -2.383772 -0.273419 -2.115491 0.452214 -1.382603
23 -0.432750 -0.751513 2.158422 -0.990073 0.490221 0.299105 -0.003589 -1.557425 -0.840549 -0.268286 1.028917 -1.266912 -0.342132 0.369994 -1.328150 -0.389057 -0.450483 1.020700 0.821974 0.322739 0.611237 0.151692 0.564623 -0.778605 1.316066 1.126498 -0.267577 -0.173243 0.824844 -1.469365 0.161886 -0.687678 -0.177069 1.191877 1.168918 -0.189436 0.934424 -1.011374 0.059291 0.955101 0.757949 -0.089402 -1.943805 1.509488 0.116948 0.590326 -0.552813 0.155517 -1.184656 -0.310935
24 0.023827 2.096149 -1.168036 0.001456 0.735416 0.067783 0.011376 0.533269 -1.326580 0.262707 -2.453775 0.630335 1.005271 -0.949992 0.015765 -1.219990 0.432985 -0.746781 0.890668 1.646248 -1.098332 1.152286 -0.456021 1.156992 1.219792 0.663430 -0.334202 0.520021 -0.759465 -0.408182 0.006778 -0.677843 -1.003421 0.482841 -1.123134 0.151426 -1.244580 0.718813 0.052661 0.455699 -0.840589 -2.153620 -0.671189 0.155107 -0.129724 -0.446082 -0.085347 -0.240377 0.306526 -0.963536
25 -0.990747 -1.230118 0.327946 -1.288889 1.193167 0.758806 1.410886 -1.095216 -2.257611 -0.229696 1.144887 0.263432 0.282852 -0.480518 0.375367 -0.015906 0.739279 -0.582683 2.353094 1.618003 2.255964 -0.209410 -1.017066 1.040262 -0.023899 0.258841 -2.018698 -0.201236 -0.514970 -1.496459 -0.427426 -0.460685 0.489811 1.225609 -0.454370 -0.530434 2.232839 0.860189 -0.650214 -0.652912 0.103075 -1.308719 -0.498258 -0.895337 1.330480 0.625133 0.574169 0.771222 -0.329453 -1.606672
26 1.977435 1.314003 1.492249 1.362863 -1.999955 0.389896 0.294825 0.867561 0.977270 -0.162635 1.167977 0.107484 -0.293869 -1.561969 1.303372 -0.456191 0.312063 1.567892 1.111002 1.649439 0.075962 0.531579 0.330527 0.110004 -1.577146 -1.294284 -0.205764 0.323044 0.378829 0.029861 0.155722 -0.650610 0.070752 -0.006524 0.591064 0.417027 -0.387547 0.848049 0.397599 -1.791801 -1.607076 -0.165306 -2.621142 -1.863859 -0.078310 0.373366 0.170292 -0.943338 -0.413213 -2.703577
27 -2.243681 0.835896 0.350311 -0.639505 -0.000796 -0.424675 -1.087184 0.288909 1.258218 1.865440 -0.326471 -1.530688 -2.249765 0.658343 -0.578396 -1.372814 -0.911844 1.150378 0.380481 -0.995106 0.207368 -0.124938 -0.585249 0.274944 -1.335355 0.157977 -0.277566 0.580515 1.509854 1.306302 -1.293094 1.505451 -1.062137 1.158731 -1.149052 -1.004910 -1.444076 -0.587603 0.544162 -0.917377 -0.757128 -0.145496 1.925767 -1.603125 -2.360572 -0.083864 0.829995 0.792451 0.954028 -0.396776
28 0.969152 1.049426 -0.056268 -0.456853 -0.558114 1.334213 -1.755042 1.043718 0.203786 0.433551 1.574365 0.405716 0.883460 -1.483731 -1.020287 -0.914313 0.544081 0.271486 0.764696 1.724535 -0.994733 -0.488990 -0.752562 -2.238474 -1.521577 -0.706476 1.026663 -0.899124 -0.029084 -0.535272 0.581317 -0.051915 -0.177106 0.336684 1.527363 -1.060637 0.234703 0.407635 -2.070582 -0.236621 0.297814 -1.591232 -0.205657 1.194636 0.489578 1.139277 -0.376698 0.352276 0.335536 -0.491219
29 0.664564 -0.227428 -0.742296 -0.956785 0.237602 0.450500 0.655758 -1.164989 1.702835 1.542137 0.085062 0.402254 -0.787164 0.325611 0.793464 1.078165 1.651029 -0.707830 -1.504930 -0.036031 -0.300723 1.127987 0.017478 0.620321 -1.505726 -1.108201 0.833945 -1.941317 1.385930 0.477707 0.453836 -0.760853 -1.030106 -0.500591 0.005682 -0.188888 0.149271 -1.523667 1.672406 1.365376 -0.679025 0.859587 1.297207 2.062542 0.089074 0.336939 -0.951466 0.936938 1.199308 1.171633
30 2.091579 1.032941 1.137739 -1.196939 -1.480493 -0.182413 0.691627 -0.735990 -1.054652 -3.395841 0.123196 1.113096 -1.040754 0.845586 0.926164 0.968954 0.232157 -0.479331 -1.361155 -0.593161 0.846948 -1.490251 0.171594 0.657933 -1.765197 0.109545 2.352316 1.879081 0.716579 -0.283064 1.115109 1.641869 0.673660 -1.896911 -1.643993 0.779835 0.092086 -0.025608 0.029256 2.274135 -1.277613 -0.253167 -1.256412 0.722667 -0.657035 -0.903440 0.904817 -0.770420 1.661619 0.051909
31 0.091227 -1.446950 -1.111282 -0.040436 -0.384389 0.690319 -0.636038 -1.276779 -1.810054 0.068924 -0.254604 0.064352 0.398022 -0.188860 0.403932 1.295224 -1.121023 -1.117841 0.890701 0.434344 2.306017 -2.298562 -0.162570 1.286603 0.411391 0.612054 -0.081933 0.112478 -1.950545 1.352566 -0.278455 -0.508064 -0.613930 0.334902 -0.821646 1.684873 1.512453 1.277583 -0.483912 -0.515437 0.214832 -0.654348 0.534088 0.525714 -0.563922 0.431794 0.246498 -0.494525 -1.016143 2.204208
32 0.062144 -0.856801 0.805471 3.578777 -1.192778 0.093705 1.091076 -1.522987 -0.892957 -0.881233 -1.494192 0.200267 0.111356 0.185923 -0.236319 -0.280344 0.133227 -0.585021 0.647614 -0.673468 -1.014711 0.472073 -0.640973 1.450421 1.477192 -1.285540 -1.105016 -0.757199 0.230021 0.082420 -1.608716 -1.931628 -0.662696 1.941581 -0.732747 -0.882734 -1.908770 0.310979 -0.722022 -1.649781 -0.954906 0.791825 0.152842 0.585173 -0.662325 0.399473 -0.751287 -0.058147 0.395889 1.493695
33 -1.120319 0.814106 0.128216 1.338459 -0.279736 -0.785683 0.470616 1.604444 1.056069 0.296046 1.286678 -0.142308 -0.548360 -0.006303 -0.035721 0.904226 -0.811416 -0.503253 0.212487 1.459042 -1.802241 1.168397 1.269529 -0.557856 -0.541508 1.492438 -1.649541 -1.143535 -2.385654 0.373144 -1.012878 2.560459 0.319418 -0.133465 0.995095 -1.881857 0.390463 1.105282 -1.079113 -0.605888 -0.408037 -0.075350 -0.196110 -1.906507 0.976529 1.140683 -0.749340 1.312258 1.008538 -0.111517
34 -0.016026 -1.387600 -1.415204 0.653473 0.104651 0.108459 0.158791 0.780589 -2.308015 0.516291 -0.579441 0.140445 -1.116446 -1.668624 2.061864 -0.543044 -0.957717 1.035751 -0.710032 -0.013947 0.172267 -0.522334 0.508509 0.298249 -1.421384 -2.046459 -0.774454 -0.692507 -0.423882 0.169666 -0.570598 1.533178 1.068968 -0.360911 0.997963 0.469410 -0.042814 -0.675267 -0.343202 0.640771 0.084911 -0.438913 1.808472 -1.264745 -0.085910 -2.022280 -1.472017 0.487396 0.565568 -1.366145
35 -1.014091 -0.092048 -0.821520 1.195131 1.515930 -0.541585 1.216637 -0.519157 -0.474450 0.149055 -0.387508 -1.449292 0.245119 2.618618 -0.503850 0.159778 -0.373265 -0.745934 0.281384 0.875652 -0.578465 -0.478827 -0.642652 1.145883 0.259073 0.457248 0.736774 -0.938140 0.949194 1.051023 0.317039 2.331865 -0.622946 1.119225 0.621068 0.393853 -2.117304 -0.067251 -0.053391 0.437679 1.826785 0.204560 0.989454 -0.004283 -0.336027 0.213496 1.109118 1.285966 -0.558960 -0.067991
36 0.639701 0.138915 -1.529686 1.166306 0.927125 -0.411977 -0.859078 0.259845 0.598278 0.169053 0.108107 -1.217419 -0.730282 2.030704 -0.800646 0.638443 -0.527252 -1.669230 0.215999 -0.733421 0.690291 -0.358392 1.105664 -0.082633 -0.234221 -0.974115 -0.004108 2.571950 -1.650742 0.344283 -1.066551 -0.498869 1.769900 -0.039475 -1.140585 1.519578 -0.134555 0.199134 -1.518719 0.147721 -0.077942 -0.246115 1.130644 0.850266 -0.638400 0.107831 0.149105 1.704673 -0.631168 -0.725775
37 1.203294 -1.001797 1.139160 -1.001422 0.288372 1.221677 0.971376 -0.941564 -1.293867 -0.884267 -0.024654 -1.850967 -0.371244 -1.752588 0.091214 -0.535818 -1.765879 0.993483 0.026022 0.049243 -0.173664 -1.139232 1.257411 1.685752 0.698495 1.102634 -1.376060 1.188318 -0.246656 -0.722179 0.047077 1.413335 0.378895 -1.103161 -1.194447 -0.238857 1.754557 1.013900 -0.893958 0.697146 0.779405 1.044101 -0.011322 -1.259421 1.278695 1.239752 1.349441 0.297550 -0.506703 -1.333003
38 1.056993 -1.716842 -0.509239 0.444252 -0.162378 -1.179988 -1.498045 -0.106128 -1.007215 -0.102431 -1.839397 0.889369 -0.047980 0.941793 -0.356215 -0.207070 -0.333130 -0.414867 0.429176 -0.200957 -1.191798 2.282116 0.383402 0.135314 0.134198 0.228505 -0.909951 0.938132 -0.867547 -1.296880 -0.719949 -0.158366 -1.124651 0.468807 0.160275 1.692919 0.417333 -1.007340 0.199777 0.041140 -2.946135 -0.306759 -1.197156 0.777069 -0.077508 0.832111 -0.761060 -1.504843 0.802860 0.653587
39 0.347430 -0.422194 0.999478 -0.099600 1.380785 0.490725 -0.771855 0.168753 0.268321 0.518700 -0.194484 -0.530752 1.184024 1.205210 1.068365 -0.860422 0.469586 0.439328 -1.371068 -1.481861 0.083142 -1.608058 -0.713148 0.074840 1.143497 0.707104 0.332370 0.242576 0.405068 0.925157 0.159046 -1.435605 1.489688 0.205374 0.609300 -0.449248 -1.942299 0.960595 -1.314464 -0.578707 -1.716088 0.875881 -0.138955 0.344146 -0.354320 -1.711461 -0.215109 0.080449 -1.573457 -0.301595
40 -0.864177 0.629933 0.782609 0.000981 -0.539430 -1.287230 -1.233284 -0.379702 0.692007 -0.410628 0.689082 0.706363 1.400870 -0.460251 -0.696904 0.004021 -0.196517 0.854801 -0.086737 0.013151 -2.524260 -0.089235 0.210496 -0.665626 0.185840 -0.214275 2.951528 -0.302006 -0.409058 -0.238929 -1.324418 0.817010 0.088112 0.611735 0.674616 -0.480835 -0.163693 0.602201 0.021713 -0.614423 0.891115 -1.093559 -1.030041 -0.040060 -0.687840 0.388929 0.939568 -0.625588 -1.734863 -1.938982
41 -0.061838 -0.144135 -0.144896 0.687684 0.506659 -0.268315 -0.496340 0.669828 1.599079 0.742972 -0.376994 0.349532 -2.498594 1.122587 1.242182 -0.058805 -1.055113 1.003718 2.410161 0.582431 0.091767 1.076832 0.686955 0.531062 -0.379411 0.278371 -0.842104 -0.601164 0.505601 -0.637425 -1.635443 -0.558479 -1.835877 0.790891 1.318099 0.877274 -0.280258 -0.067026 0.236415 0.205279 -1.348544 -0.979343 0.441915 -0.600175 -0.830644 1.230505 0.794002 -0.619032 0.628080 0.600702
42 -0.034430 -0.046785 0.824441 -1.441210 0.520424 0.178540 0.902235 0.255710 -0.707049 0.058380 0.798757 -1.704300 0.681995 0.387261 -0.004300 -0.277579 -0.575550 1.980867 2.960783 -1.242504 -0.199265 -1.608781 0.888074 1.329093 -0.549783 -0.460229 0.058672 1.000151 0.114014 -0.213203 0.684715 -1.793653 1.432365 -1.981041 0.387942 0.622373 0.979517 0.173365 -1.652476 -0.038529 -0.178631 0.644701 -0.363912 0.836900 1.212323 -0.141801 0.282297 -0.004955 0.744368 -0.686851
43 -0.268867 1.685335 -0.532272 -0.931003 1.902418 -0.692524 0.117909 -1.444194 -0.212291 -1.515321 0.350846 -0.576234 -0.117986 0.468308 0.081050 -1.263732 0.605262 0.972135 -1.681894 0.615794 0.528876 -0.657747 -1.320441 0.432220 0.208267 -0.791949 0.884367 -1.410365 -1.844904 0.710293 -2.466837 -2.810411 -1.178206 0.776412 1.085764 -0.080901 0.544870 0.209011 1.599511 0.128763 -1.611568 0.317280 1.221587 -1.063153 -1.181811 -1.061116 0.848962 -0.263450 0.636441 -0.987601
44 -0.286645 1.191095 1.901297 0.693652 -0.310065 -1.162600 -2.349723 -1.551792 -0.599034 -1.206256 0.460502 -0.508177 -1.680087 -0.867778 -0.456599 0.449675 1.956612 -0.772806 0.341189 -0.393369 -0.195547 -0.886872 -0.449827 -1.710097 1.532777 0.616720 -0.811311 -0.067994 -0.689485 0.237594 0.600723 1.275244 -0.095507 -0.229780 -0.777063 -0.467115 0.416621 0.449463 0.245967 1.323716 -1.181771 0.556380 -0.629716 0.116991 0.873137 -0.634298 0.782930 1.097715 1.172301 -0.666205
45 -1.133072 0.435766 0.546845 1.651251 0.228316 -0.022114 -0.542183 0.437741 -0.977814 0.517545 -0.598291 0.530202 -0.017342 0.769518 0.822489 0.347646 0.784253 0.294106 1.228250 -0.688608 0.330121 -0.503891 -0.241522 -0.175531 -0.220704 1.177321 -0.233868 0.118917 -1.105821 1.183958 -0.302638 0.462401 1.028220 -1.215670 0.719580 -0.222752 0.196315 -0.167198 -0.461608 0.340371 -0.031935 -1.330204 0.284728 0.451560 -0.768249 0.767751 0.503316 -0.577517 -0.078420 -2.066197
46 0.338632 0.511285 -0.883494 -0.240223 -1.012247 1.338739 1.231896 0.001970 -0.583143 0.473530 1.064708 -1.931821 0.498556 -2.610565 -2.398927 0.285291 1.566658 -1.251052 -0.339903 -0.116559 2.222228 2.096064 1.585153 1.354510 0.282722 2.334639 0.332790 1.871851 0.032297 -0.441231 0.662376 2.484953 0.038606 -0.029794 -0.416799 1.130649 0.309780 1.386231 1.244184 1.066660 0.450559 0.805977 1.574013 1.969779 0.055205 -0.342072 -1.108919 0.892261 0.606683 -0.338462
47 0.289645 -0.026739 -1.731631 -0.596918 1.018286 0.741572 0.813868 2.177485 -2.493325 -0.392581 1.142694 -0.232635 -0.880098 0.334488 1.332383 3.365269 0.349593 1.278892 0.910857 1.022739 -0.809764 1.701678 -1.238627 0.055369 -1.557048 -0.674729 1.081863 0.848918 -0.193608 0.633028 1.509729 -0.986245 -0.550749 0.374269 0.416409 0.491919 1.473507 -1.283919 -0.170739 -1.392056 -1.062197 -0.368172 -1.273670 -0.569868 -1.499981 1.690391 -0.741940 -1.048729 -0.990881 1.162862
48 0.117309 -0.380945 0.377195 -0.114943 0.112225 -0.262624 -1.735701 -0.577296 -0.970296 1.028390 0.102777 0.703817 -0.464959 0.006081 -1.362845 -0.515557 -1.035509 -1.945531 -0.400314 -0.564815 1.616723 -1.754869 -1.941244 -0.023487 -0.203031 -0.218773 0.189114 -0.644153 0.764885 0.721594 -0.433387 1.680475 0.207829 2.756808 -0.277279 0.283758 -2.128640 0.989075 0.484760 -1.263709 -0.915168 0.899907 -1.450473 -0.449380 -1.310316 -0.330767 -0.067975 1.278567 -0.106828 1.234773
49 -0.291845 -0.092299 -1.400216 1.949026 -0.358433 -1.394663 0.091611 1.150926 1.969130 1.003821 -1.558125 -0.759824 -0.323232 -0.423801 0.081642 0.402680 -0.477318 -0.651935 -1.522539 -0.732516 0.186561 0.438884 -1.110247 -2.154169 0.207481 1.531512 -1.479074 -2.146730 -1.327097 1.234157 -0.768393 -0.657174 0.633008 0.928987 -0.476080 -0.600940 0.586912 -0.506473 -1.314423 -1.755068 -0.355705 -0.076312 -1.239444 1.406356 -0.627013 1.439420 -0.900936 -0.830864 0.478199 -1.355233
50 -2.952479 0.750041 -0.671314 -0.099879 0.221231 0.179950 0.812716 -1.278399 -0.043858 -0.927156 -0.391837 0.049676 -0.148524 -0.603752 1.421401 -0.290192 -1.240111 0.502439 0.370806 -0.564750 0.356715 3.252411 -0.087255 1.315528 -0.571178 0.121976 1.115217 -0.454038 -1.362461 0.670054 -0.107205 1.361529 -0.202890 1.398081 1.034977 0.112354 -0.547714 0.579136 -0.971747 0.394655 -0.867125 0.933744 0.936258 -0.941085 -1.703984 0.429200 -0.794872 1.582076 0.046728 -0.046686
51 0.109383 0.935610 1.530434 -0.643926 -0.074573 0.458382 0.924790 0.869835 -0.503375 0.243468 -0.679120 0.359330 -0.606450 -1.274216 0.972990 0.992864 0.548925 -1.984779 0.166501 0.636157 0.669594 -0.179375 -0.921618 -0.691491 1.754090 -1.531401 0.543687 0.092326 0.386110 -2.355571 -0.521472 1.203850 1.268863 -0.465420 0.661568 0.172374 -0.978635 -1.176937 -0.741241 -1.158407 0.036980 -0.733255 -0.110311 -0.691880 0.205000 -1.319324 0.454048 -0.756417 1.411222 0.917658
52 -0.821342 0.290194 0.001874 0.276293 0.499532 -0.270864 0.269723 -0.704847 2.021681 -1.068432 -0.652961 0.647569 0.200387 1.857874 0.247115 1.505556 -0.572186 0.469113 0.164315 2.014395 0.819049 -0.211855 0.940979 -0.098239 0.913458 -0.543288 1.708527 2.575351 1.493492 0.884345 0.376856 -2.067286 0.494564 1.250489 1.165534 1.129059 -1.193293 -2.191595 -0.458854 -0.594810 1.118764 1.195361 -1.717413 -0.411282 0.262910 -0.285576 -0.725592 0.589061 1.228184 -0.540910
53 0.692003 -0.679662 -0.639239 -1.344010 -0.750416 -0.751148 1.447552 0.819660 -1.642549 -2.102511 0.996666 0.796431 -0.497253 0.096188 1.397445 0.224775 -1.477993 0.318471 -0.856821 -1.229166 -0.103391 -0.165097 -1.388304 -1.252738 1.055581 -0.214485 1.714077 -0.160409 -1.206470 0.345075 0.035045 -0.316782 -0.651197 -0.545032 -0.338708 1.143037 0.430182 0.013500 -0.082278 1.448994 0.072902 -1.309795 0.134054 1.465079 1.502501 0.935570 -1.012197 0.131659 0.592365 0.187218
54 -1.356514 0.315738 -0.470355 0.023640 -0.281433 0.565339 0.298875 1.554367 1.246348 -2.014490 0.549652 0.248059 -1.364848 -0.533882 0.714697 0.588066 0.365295 1.164358 1.094873 0.146842 0.604958 0.569806 -0.407922 0.958671 0.343958 -0.155433 0.853897 -1.513055 -0.562645 -0.555431 0.155803 -0.068979 -0.632686 -0.480174 0.822775 -1.304471 0.406898 1.669613 -1.099634 -1.283019 1.124122 0.917691 1.098330 0.819063 -0.071821 2.711878 0.409622 -1.091079 0.396462 0.447894
55 -1.711406 -0.097744 -0.279638 0.784909 -0.415512 0.370385 0.564287 -0.950137 -0.483204 1.102559 0.330554 -1.663774 -0.018142 -1.198909 -2.045539 -1.998443 1.117221 -1.597651 -0.242496 0.994450 -1.663524 -1.339223 0.034338 -0.437911 0.059435 -0.079138 0.693959 0.448932 -0.991814 0.411806 0.522075 1.144141 -0.128296 0.007468 -1.096344 -0.267322 -0.879535 -0.426097 0.943255 -0.101618 0.532013 1.287291 -0.235600 1.072795 0.270554 0.049494 -0.426306 -0.614104 -0.644731 0.306303
56 -1.153437 0.428047 1.434853 -0.346026 1.852919 -0.196555 0.361799 0.126646 1.817296 1.282319 -0.436757 0.685855 -1.635811 0.168420 -0.663530 0.401490 1.492824 -0.962837 -1.565492 0.257940 0.620867 0.420423 -0.165266 0.002940 0.724219 0.099157 -1.531881 0.629969 1.164347 0.889888 -2.093618 -0.271457 1.289319 -0.364466 -0.855632 0.312344 -0.829640 -0.484719 0.368937 0.005313 -0.651113 1.285654 -2.362715 -0.348167 0.785617 -0.073414 0.561029 -0.499753 0.452276 0.354817
57 -1.344534 0.131251 1.622310 -0.256234 -1.633830 -0.035504 -0.545047 1.233572 -0.058937 0.329708 1.479960 -1.256333 0.433748 -1.127433 0.680057 -0.708095 1.424149 0.190100 -0.121864 -1.245227 -0.004098 0.180040 1.554780 -0.060184 1.021121 -0.685463 -0.654540 -0.572086 -0.083478 -0.081426 0.066041 0.710742 0.398183 0.213517 1.316935 1.351618 1.389596 0.272966 0.751389 -0.063997 -0.002230 -0.342418 -0.551825 -1.410653 -0.505989 -0.621132 -0.457159 0.231506 -1.527942 0.403503
58 -0.780765 -0.160482 0.268143 0.568104 -0.050544 -0.346336 -0.608422 -1.351894 0.538405 1.877560 0.274138 0.046218 -1.000510 -1.285217 -0.418532 1.479109 0.922861 -0.228386 0.283073 2.145092 1.080247 0.374985 2.085257 -0.218417 0.967789 -1.108971 -1.666314 1.189966 -0.394043 2.198081 -0.206556 0.296099 0.890207 -0.863077 0.521154 -0.521039 -0.752345 -1.795045 -1.917269 -0.647008 -0.367929 0.495322 -0.082723 0.980267 -1.043460 -0.570550 0.918654 -0.414773 1.516703 -0.534177
59 -0.500169 0.805754 -1.018441 1.904834 -0.279523 -0.070677 0.295266 0.190677 -0.231888 0.873626 -0.917060 0.557896 2.309539 -2.470513 -1.200941 0.317151 1.029442 -0.144644 0.144577 1.469823 -0.784484 -0.739356 -1.815534 -0.070131 1.281644 1.364460 -0.189338 0.281831 1.111291 -0.537999 -0.377097 0.614892 -0.658987 0.075064 -0.607289 1.218404 1.138208 0.044466 -1.142120 -0.615314 1.223707 0.509699 -0.813897 0.454542 0.114036 0.432524 -0.391519 0.157469 0.962618 0.999042
60 0.354382 -0.337189 1.376067 -0.528506 -0.273417 1.020204 -0.587433 0.149222 0.291124 -1.260467 0.312415 0.197593 -2.105472 0.463078 0.021641 -1.214496 -0.487514 0.373615 0.727341 -0.270405 -0.302729 -1.071777 0.026485 -0.913272 -1.483232 0.334844 1.565484 0.494817 0.487033 1.480310 -0.524747 0.406708 0.350248 -0.040086 0.303492 -0.940453 -0.504735 0.045744 -0.501323 -1.668235 0.740328 0.314356 1.716557 1.714661 -0.563187 -0.748926 -1.455165 -0.078537 1.025630 0.046055
61 -1.870254 -0.417775 -0.010213 0.941550 2.215208 -0.891529 -0.495496 0.571230 -0.401671 0.485089 -1.437295 -0.140334 0.376165 1.085978 -0.040859 -0.184301 1.396618 0.661102 0.613863 0.380413 -0.002700 0.294006 1.151055 0.055246 0.036122 1.547983 -0.762690 -1.382724 0.501961 0.295343 1.103986 0.004683 0.359264 -0.988603 -0.906309 1.073886 0.453055 -0.174355 -1.140298 0.017157 -0.274577 0.884318 1.535514 -0.126442 -1.522499 0.727635 -0.725050 2.238775 -1.597311 -0.537504
62 -0.255282 0.991577 -0.025846 -1.186280 2.357408 0.279679 -0.585079 -1.384425 -1.632021 -0.818273 0.637017 -0.472294 -0.320760 0.986309 0.000476 1.836566 -1.508141 1.112878 1.050280 -0.817379 0.386503 1.154987 0.611693 0.053924 0.160529 1.457274 -0.051253 0.696441 0.148315 0.226550 -0.376000 -1.457217 -1.010269 -1.702203 -0.506253 1.051389 -1.123623 0.336585 0.613151 0.289934 -0.071479 0.618292 -0.776053 -0.341278 0.476737 -0.781552 1.687920 -1.864812 1.687977 0.787080
63 0.269214 0.925644 -0.353921 0.249718 1.371225 -2.314165 -1.275912 0.799773 -0.137692 -1.549566 0.545011 0.468115 -1.385398 -1.226298 0.735375 -0.348496 0.547629 -0.827922 0.728031 -1.355539 0.173802 -0.429633 0.297215 -1.395388 -0.375882 -0.237130 0.109417 0.229215 -1.937430 -0.958303 1.874156 0.770126 -1.501746 0.248980 -1.008033 -0.116076 -0.085612 -1.269580 -0.187803 -0.683065 -0.735990 -0.426237 -0.907641 -0.847341 1.504896 1.702821 0.469819 0.613443 0.342882 0.030840
64 1.650154 -1.284679 0.476927 3.005284 5.586334 4.637991 4.872240 4.818183 -0.158739 -0.868179 -0.248942 -0.590598 -0.441171 -1.382659 3.943110 -1.491867 0.592468 -1.769767 1.942538 -0.762370 1.274838 -1.712301 0.898439 4.678536 3.463664 -1.185036 0.688743 0.544302 2.225695 1.295970 -0.560602 0.008955 -0.239536 0.884218 1.254682 -0.779695 1.965542 -0.074653 -0.591849 0.544146 -0.189011 4.514656 -0.068798 -1.135459 0.595553 0.274720 5.821696 -0.945155 0.037609 -0.156513
65 1.235393 1.037386 0.844986 4.963354 4.631548 5.685021 5.894768 7.400116 -0.898739 -1.540698 1.874456 0.291510 -0.383551 -0.936436 4.550566 -1.247546 -0.725214 0.259281 -0.917345 -0.450047 -0.286567 0.993263 -1.564777 5.828074 5.297579 0.280894 0.761487 -0.609650 1.079222 0.030476 -1.306623 0.220091 0.267784 -0.401162 0.434521 1.055697 -0.821839 -2.138449 0.398111 1.751751 1.417790 6.041647 -0.178180 -0.088210 0.209891 -0.205333 5.280435 -0.558008 -1.907069 -0.123543
66 0.335726 -0.273236 0.095734 6.259061 4.522452 4.568586 5.301611 5.190499 -0.862415 0.395043 -0.638173 -0.431076 0.001713 0.573122 5.544133 -1.216326 -1.440122 -0.763489 0.127528 0.297054 0.099585 1.427513 -0.390175 4.199821 4.319021 1.906030 0.689153 0.592320 1.943943 -0.427873 0.765241 1.844927 -0.857386 -2.519994 -0.307751 -0.309048 -0.105149 0.604740 0.765756 -1.591248 -0.670293 4.096793 1.052699 -3.146680 0.200622 0.533757 3.438478 -0.199000 2.592409 -1.728614
67 -0.383026 0.938364 -1.953144 0.233042 1.738905 0.082887 -0.525490 -1.252100 -0.216235 0.181802 -0.483503 0.387266 -0.271644 0.814911 -0.916370 0.032801 1.385065 0.054192 -0.225325 0.816710 0.542785 -0.557044 -0.105081 0.057805 0.366608 0.465772 -0.745458 0.494113 -0.953930 0.489967 -0.010843 1.935088 -0.214322 -0.654978 -1.509523 0.544138 -0.456411 -0.867673 -0.465374 -0.487481 0.262414 1.551560 -0.269412 1.002976 1.328358 1.296462 2.162900 -0.909831 -0.213745 0.872533
68 0.675208 0.055460 0.836758 0.121638 -1.406254 -0.136271 0.117896 0.330363 -0.596480 -0.581945 -1.183383 -1.348861 -0.133291 -1.125356 1.669236 1.528741 -0.169389 0.768556 0.466041 1.167781 -0.319014 1.675195 0.884749 -1.075013 1.561604 1.409452 1.071403 -0.155865 -1.001957 -0.627943 0.261802 0.095098 -0.687685 -0.495851 -0.106762 1.017421 2.335112 -0.420723 -0.098567 0.217859 0.791813 0.374240 -0.222336 -0.831384 -2.074768 0.741430 -0.773767 -0.041845 0.034382 0.297218
69 -1.261903 0.906885 0.560519 -0.106846 0.081833 0.726516 -1.369910 -0.116908 1.755064 1.379255 1.467406 -0.402640 -0.576928 2.290398 0.796727 1.190303 -1.113122 0.480236 -0.902538 1.154724 1.628741 -1.141010 -2.855724 -0.795028 -0.765402 0.112626 0.789385 -0.991707 -0.150253 -1.821755 -1.293669 -0.171618 -0.779004 -1.443959 -0.061903 0.671484 -0.062511 -0.659810 0.751606 -1.395378 -1.397035 -0.527133 2.168870 0.076749 -0.042881 1.245039 0.460907 -0.614901 0.864149 0.280107
70 -0.736248 0.705034 -1.317547 2.505504 -1.143108 1.083317 1.796517 2.116940 -0.384376 0.724654 0.528966 -0.045722 -1.305421 0.063461 0.620584 -0.084525 0.219280 0.445263 -0.572911 -0.190445 0.914940 -1.111802 -2.074519 0.159968 -0.056033 1.727755 -1.065457 1.618417 -1.377529 -0.632179 -2.213849 -0.676539 -0.985352 1.555847 0.482130 0.745445 0.423931 -1.323524 -0.006690 -0.639099 0.483564 2.049711 0.651801 -0.664155 -0.063400 1.117990 -2.324880 0.198169 -1.335112 0.875478
71 0.897723 1.270798 1.456523 -0.007378 0.717755 -1.513202 -0.065956 -0.187717 -1.353453 0.091186 2.202081 -1.343929 0.075692 -1.709500 0.731804 -0.149344 -0.413828 -0.357071 -0.083551 -1.383737 0.245890 1.000587 0.420835 0.503817 -0.756661 0.337399 -0.315779 0.710680 -1.084138 0.430214 -1.324949 -0.502934 0.119730 -0.016070 -0.581542 2.759873 0.726414 -0.551801 -1.647577 -0.123495 -0.036559 0.751945 0.730021 0.338092 -0.816441 1.210787 0.758133 1.052469 0.595105 1.043840
72 0.467137 -0.436523 -1.157877 -1.854156 0.011619 -0.804079 -0.066338 1.356299 1.249965 -0.284802 -0.730369 0.965442 0.533221 1.071393 -1.270952 -1.610382 0.922456 0.582447 -0.370043 0.042417 0.169739 0.772669 1.955163 -0.688102 -1.994357 2.337736 0.028912 -1.315295 -0.221832 0.224744 -1.026352 0.468333 -1.339538 -1.286977 -1.522732 -0.540942 0.309542 -0.639174 -0.046347 0.116587 -0.432420 -1.081450 -0.475209 0.177722 -0.757193 0.122365 1.089931 -1.074010 0.332913 -1.036168
73 -0.650130 -1.428198 1.137679 0.588622 -0.432524 -0.710873 -0.477680 2.594143 -0.881909 1.045941 0.476718 1.532660 -0.266714 0.608007 -0.083009 -0.096259 1.187301 -1.441590 -0.130126 0.179830 -2.175468 -1.255091 -0.893758 1.006785 -0.699184 0.003934 1.061596 -0.794825 0.375068 -1.760454 0.683623 0.122062 -0.212007 0.118517 0.521520 -2.074736 0.160998 0.241187 0.697629 -0.909766 0.531988 0.264302 -0.742542 -1.074569 -0.192318 -0.657364 -0.012559 1.117458 -1.266369 -0.709597
74 -1.459330 0.196245 1.753460 5.471661 5.471707 5.000316 3.592170 5.721335 -1.804877 -0.175070 -0.251309 1.304954 0.335345 0.606783 5.671085 -0.808975 0.813799 -0.743352 -0.579372 1.424577 -0.509904 -0.629544 -0.238555 6.478825 5.048458 -0.936659 -2.047722 0.486342 -0.800429 -1.333783 -0.985560 -0.660620 -0.921745 -0.687035 0.904383 0.268862 -0.109198 -0.196505 2.178352 -0.538809 0.019852 4.559385 -0.603423 0.315336 -0.494028 0.019062 4.232669 -1.225545 0.222147 1.101329
75 -0.298668 -3.241973 -1.618921 5.996446 6.165896 5.478802 4.922565 4.359191 -1.742457 2.164187 0.971795 -0.457853 0.774120 0.314317 6.136929 0.025949 -1.577103 -0.279115 -1.424178 0.451353 -0.548589 -0.092991 -0.811579 4.540085 4.598365 0.293229 -0.469319 -0.847739 -1.434955 -0.746448 -0.191057 1.952526 -0.307265 -0.454152 -0.194992 -0.399487 1.086154 -0.572935 0.774798 -0.508631 -0.135786 4.768012 0.087718 0.799892 -2.442806 1.449009 4.327172 -1.197782 0.147295 1.571721
76 -2.533590 -0.143745 -0.057678 5.369721 4.653369 4.657013 5.785667 5.716238 1.951779 -0.540592 0.376985 1.055137 1.026756 -0.309992 6.592575 -0.274178 -0.777906 0.908724 -1.468224 -0.712378 0.184627 0.511564 -0.936579 4.980656 5.811748 -0.035243 0.019692 0.847537 0.244707 0.891857 0.654114 0.552391 -2.009410 -1.147200 -0.712380 -1.488902 0.324683 0.825916 1.801398 1.248385 -0.849674 6.153979 -2.026195 0.010833 -0.270505 -1.311662 4.284310 0.938232 -1.153397 0.297462
77 -1.256540 0.919286 -0.247869 -0.080445 -0.029341 1.728523 0.615128 2.234868 1.805655 -0.718045 -1.074003 0.040898 -1.507310 0.697811 0.144055 -0.593482 -0.733645 0.223403 -0.040582 1.026703 -0.765466 0.404189 -0.200871 -0.166034 -1.943405 -0.270575 -0.470633 0.064053 0.305925 1.075336 0.153968 -0.487262 0.573627 0.361950 0.090343 -0.133220 -1.161040 -0.024870 0.020316 -0.697872 -1.975109 1.484200 -0.116160 -0.312612 1.060826 -0.267207 -1.299146 -1.169368 -1.179179 2.294318
78 2.092367 0.599062 0.875823 0.213359 0.384676 1.838800 -0.892662 0.627014 0.381295 0.968664 -1.263937 -0.451927 1.611784 0.177485 0.449138 -0.061496 -0.015410 0.528217 -2.427867 -1.230269 -0.436012 1.440129 -0.554351 1.844624 1.461677 0.031121 -0.337188 1.374175 -0.706756 0.668209 0.591474 -0.080216 0.833086 0.353890 -0.513804 -0.944919 0.107481 -1.702249 -0.364486 0.338562 0.852391 0.679206 0.788884 0.762529 -0.194778 0.671744 -0.421649 0.896681 0.162244 1.293361
79 1.000836 0.541246 -1.544474 -1.031729 1.147016 -0.737691 1.919292 -0.160290 -0.910731 -1.301111 -1.089826 0.226186 0.451346 0.911930 -0.297580 0.355244 -1.014103 0.097881 1.504795 -0.132864 -1.070755 0.217331 -0.044809 0.416198 0.224406 -0.742766 -0.699872 1.115513 0.151829 1.438713 0.876252 -0.031694 -0.376657 -1.438962 0.892935 0.255540 1.401521 1.305009 -1.270509 0.032416 -0.444819 -0.878095 -1.533824 -1.000527 -1.846996 0.242016 -0.514358 0.703223 -0.375272 -2.199142
80 -0.643095 -1.585266 -2.027773 0.216716 -0.641919 1.711844 0.644017 -1.456755 0.427634 0.682252 0.325755 0.934007 1.165624 1.367174 -0.309299 1.046922 -1.881341 0.335105 0.715832 -1.491775 0.607228 0.194716 -1.329425 -0.546692 -0.174910 -0.228880 -0.184390 0.672186 -0.397262 1.613239 2.697330 -0.356630 -1.276798 1.416446 -1.447005 -0.984695 0.135222 -0.545951 -0.373054 0.769421 2.237298 -0.244115 0.437046 1.452625 -0.696135 -0.480884 -0.291584 -1.319386 0.971613 0.345746
81 -0.456350 -0.298605 1.414741 -0.560700 0.576269 -0.523915 -1.498848 -0.463545 0.753199 -0.237031 -2.775466 -0.263502 0.992537 0.007358 -1.217461 -0.998353 -0.009107 0.074888 -0.192277 -0.495839 1.615640 -1.123414 -0.427510 -0.111816 0.000408 -0.604343 0.793466 -0.462337 2.079274 0.761351 1.820644 0.757553 1.321125 0.412866 1.322916 0.350764 -1.507909 0.062230 0.231027 1.864618 -0.125447 1.378279 0.111434 -2.817363 -2.445445 -1.517843 -2.181600 1.994825 -0.143775 -1.247343
82 0.504441 -0.447326 -0.389868 -0.129873 1.606531 0.305242 -0.159460 1.634189 0.231934 0.327841 1.481291 -0.772056 -1.685798 -0.823530 -0.083304 1.091680 -1.660856 -1.183801 0.895017 -0.277642 0.407121 -1.275997 0.647957 -1.068052 1.174425 0.495910 -1.505837 -0.718121 -1.212324 1.328270 -0.896939 0.188820 -0.293936 0.379425 -1.119797 -0.674690 -1.212468 0.504072 0.413179 1.590423 0.437525 -1.090724 -0.384809 -0.002022 0.902246 -0.425523 0.548885 -1.182890 -0.056764 2.508414
83 0.244941 -0.251469 0.759974 -3.004668 -1.402222 -0.461285 0.429334 -1.643338 -0.713331 -1.139586 0.748283 0.173657 1.648166 0.339991 0.690341 0.685129 -1.205292 -0.426740 1.605677 -1.127190 0.186047 -0.117369 0.248540 -0.869187 2.071556 -0.754471 0.325449 -0.315824 0.904981 -1.270949 0.153746 0.617692 -1.661095 -2.118789 0.702309 0.283531 -0.456977 0.491859 -0.639202 -1.085422 0.235792 -0.112027 -1.196479 -1.178391 -0.682494 -2.558627 0.816818 -0.415064 -0.117927 -1.225249
84 0.447727 -0.399753 0.431924 5.085793 6.346226 5.329347 6.248513 4.861706 -0.384261 -0.059791 1.311373 -0.807125 1.520760 -0.427912 5.112365 0.912322 0.408187 -0.790246 -0.378435 0.751093 1.463584 -0.005324 0.719130 3.169496 5.745040 -0.149398 -1.595645 -1.215492 -0.325626 0.586850 0.939150 0.762438 0.419622 -0.995988 0.758096 -1.726058 -0.034429 -0.053777 -1.128079 0.552555 0.558595 7.257790 -0.034134 0.174672 -0.635086 0.990582 4.568116 -0.626888 0.346590 -0.121858
85 -0.264536 -0.539843 -1.352748 6.055261 4.909268 4.726102 5.713639 4.864196 1.021025 -0.695158 1.600529 -0.981068 -0.199340 -0.184693 6.220339 0.802860 0.400199 -2.406785 -0.262332 -1.474071 1.490726 0.839156 -1.235429 5.067991 5.621290 0.152942 -1.881356 0.430891 0.760696 0.857889 1.516055 -1.768473 0.187707 -1.487241 0.105102 0.104977 1.890755 1.363529 -0.502202 0.867485 1.526230 5.155389 -0.989855 0.083153 0.200841 -0.182623 3.818799 -0.106094 -0.212086 0.572597
86 1.351318 -0.165738 -0.972140 3.524883 4.854532 4.574315 4.087367 6.690961 0.764152 -0.552570 -1.711242 -3.025728 -0.816425 0.999721 5.714922 -0.970148 -0.027314 1.384432 -0.187186 -0.479872 -1.017414 -0.419716 -1.202946 4.899183 4.369008 -0.376703 1.479143 -0.664090 0.253205 -3.061058 2.424836 -1.253731 -0.243817 0.186277 0.011050 0.118167 0.556316 -1.262565 0.445720 1.061308 1.223943 6.285499 -0.023155 -1.278797 0.599367 -0.020626 3.961297 0.319920 0.779553 -0.516364
87 -0.033284 -0.548285 0.983272 -0.604942 2.546431 0.165392 -0.300247 -0.945273 -0.495859 -0.660174 0.713980 -0.968226 0.342949 -0.309660 -0.209729 -0.433631 -0.550847 -1.126381 2.833010 2.101982 0.791571 -1.875405 -0.132600 1.688378 -0.130152 0.184257 -1.303425 0.971153 2.256731 -0.969747 0.297631 0.174724 -0.575628 -0.483413 1.061311 1.026038 0.503894 1.637985 1.802841 -1.481071 -0.857083 1.053231 -1.366702 0.057451 -1.284201 0.060370 0.729100 1.363111 0.019084 0.399422
88 -0.261829 0.362522 -0.471662 -0.336165 0.350565 0.961502 -0.000980 0.843387 1.053625 0.594446 1.515313 -0.222011 -0.533910 -0.629042 0.098217 -0.316013 0.921143 -0.537792 1.596634 -1.076275 0.945146 1.579225 -1.643063 -1.155270 -0.656177 0.489447 -1.895772 -1.460272 -1.847503 0.746875 -0.470287 -0.304677 0.144298 0.718502 -0.211518 -0.394383 0.651079 1.401407 0.445805 -0.073052 -1.018944 -0.424955 -1.146048 1.818884 1.503222 -0.549499 0.288840 0.880456 -0.197290 -1.499947
89 0.120421 -0.334330 -0.822268 0.346991 -1.375664 0.139325 0.338949 0.195518 -0.894254 -0.244679 -0.824829 -1.274691 0.888248 2.258985 0.616117 0.513344 2.248666 1.427260 -0.646643 0.196550 0.850922 -0.180951 0.680342 0.538164 1.342818 2.001594 1.949024 -0.357893 0.635611 1.339346 -0.131618 -0.482018 -1.938315 0.478174 -0.481655 -0.093309 2.188282 0.585287 -1.509813 2.266678 -0.226815 0.406068 1.050618 0.866197 2.576394 -0.089172 0.165744 0.478427 1.815756 -0.801730
90 2.085513 0.903428 -0.036920 0.048252 1.157589 0.017477 -0.805655 1.204122 -0.297773 -1.136084 1.051308 -1.118687 1.537202 0.663435 -0.757875 0.260110 -2.573140 0.133648 -0.973827 -0.708260 0.113115 -1.888817 -0.363852 1.202543 0.605666 -0.377386 -0.747752 -0.913276 0.467240 0.538339 -0.000853 -0.176230 -2.523197 -0.856351 1.368510 -1.790359 0.185777 -0.810101 -0.921339 0.465516 1.513653 1.228637 -1.391908 -1.612923 0.355495 1.283860 -0.200803 0.222325 0.334994 -2.913864
91 -0.960128 -0.120917 0.044927 0.317753 -0.040999 -1.279658 0.860786 -0.862181 -1.266124 0.743149 -0.280352 0.103576 -0.151276 0.224257 0.797667 0.264972 -0.314841 -0.410898 1.103748 -0.351834 -0.638541 -0.612057 -1.356086 -0.237689 -0.322510 -1.045700 0.459829 -0.980769 0.835102 0.616489 1.409926 -0.528616 0.497517 0.405684 0.108239 2.078092 -0.000991 0.097123 -0.041402 1.028000 -0.520484 0.977336 1.336142 0.308053 0.132842 -0.536801 -0.282299 0.463488 0.039225 -0.234681
92 -0.937960 -0.363592 1.064088 -0.056003 -0.369526 -2.066450 -0.717324 -0.797689 -1.289084 1.184457 2.008194 -0.693128 -1.456612 1.762766 2.382006 -0.648597 -1.098803 0.491649 -0.785238 -2.272162 -0.157223 0.500180 -1.446862 0.922305 1.471733 -3.041134 2.072850 -0.542501 0.133421 -0.831384 -0.182327 -0.636991 -0.931365 -0.766763 0.487210 2.373641 -0.191777 -0.991906 0.396469 0.776337 -0.808333 0.024440 -2.686597 0.108600 2.074254 1.172806 0.278757 0.519540 -0.340920 1.059106
93 -1.518132 -0.726288 -1.035810 0.903990 0.561447 -0.994419 -2.722014 -0.759882 0.294256 0.380345 -1.352644 2.640485 -0.715783 -1.545678 0.618711 0.175448 1.287846 -0.060345 -1.686510 0.025577 1.423835 0.693684 0.279651 -0.290866 -1.058619 0.288565 -0.177565 0.494966 1.535590 0.096507 0.141652 1.575181 1.363854 -0.067882 -1.098131 0.734335 1.525971 0.684908 -2.349651 -0.552993 1.715582 -0.997965 -0.185437 -1.037210 0.137685 1.205491 -0.277034 0.629863 -0.407795 -2.185233
94 -0.482825 -0.724285 1.469847 -0.643972 1.758103 -1.126693 0.548353 1.990107 0.182438 -0.498966 1.866748 -0.979922 0.459596 -0.334670 0.448173 0.505139 0.818703 1.281069 0.692509 0.222709 -0.648589 -0.599051 -0.298290 -0.410845 -1.010584 0.158774 -1.339015 0.635028 0.479643 -1.309856 0.626348 -1.590681 0.838669 -1.271852 -1.729220 -0.619394 -1.130976 -0.033768 0.742048 2.302906 -0.310742 -0.111316 1.061183 0.166582 -0.108829 0.290396 -1.502902 -0.465100 -0.120508 -0.476655
95 -0.103205 -0.859202 -0.600916 -0.293822 1.562744 0.203053 -0.812903 0.751184 0.617564 0.336392 0.290166 0.083463 -0.023873 -1.963224 0.382989 0.168049 0.147173 -0.763208 -0.974313 -0.105526 0.578064 1.858272 2.044792 -0.889497 -0.522401 -0.061707 1.080986 0.269727 -1.431064 0.414081 0.139251 -0.447595 2.086899 1.208994 -0.596844 -0.292983 0.927620 0.366121 0.647849 -0.578141 0.739350 -0.195365 1.523650 -1.363469 -1.333356 -0.039525 0.263152 -0.834560 -0.707514 -0.140814
96 2.119197 1.225480 1.469749 6.741040 5.214964 6.240948 5.624305 5.378684 -0.112698 0.218632 1.153079 0.179463 1.796939 0.351775 4.762015 -0.681929 0.738783 0.211777 -0.316994 1.228239 -2.654798 -0.424489 0.062780 5.393475 3.754287 0.152905 0.919711 0.268702 -0.393126 -0.618896 -0.148364 -1.255786 0.805087 -1.837926 -0.251273 0.610293 -0.511546 0.729239 1.141545 1.737673 -1.637755 5.812434 -0.108145 0.539796 -1.322500 2.481801 3.967928 0.706368 -0.625510 1.537820
97 -0.361390 -1.387639 0.416256 -0.215315 -0.515778 -0.168432 0.621414 -0.210127 0.509580 0.807942 -0.796726 -2.151607 -1.907099 -0.310198 -1.024331 -0.025120 -0.128288 -0.847034 1.402694 -0.790252 -0.293289 -0.268799 0.240229 -0.058587 0.668388 -1.146593 -1.203395 0.717395 0.558669 0.736401 0.824022 1.366602 -0.420008 -0.002822 1.587292 0.788429 1.626200 -0.517447 -0.026951 0.487049 0.518787 -1.188855 0.499866 -0.272188 -0.436933 -1.777316 2.177827 -0.302627 0.530345 -0.878729
98 0.671190 0.170459 0.807508 -2.120565 -0.495400 -0.627784 1.029988 -0.180127 1.246333 0.862767 -0.853455 -0.267434 0.367521 -1.201961 0.398247 -0.174117 -1.301995 0.621725 -0.880016 0.726026 -0.668388 -0.148750 1.792119 1.267795 1.820260 0.469534 -0.131790 0.393449 -1.013289 0.365143 -0.726782 0.365801 -0.306727 2.351025 -0.469462 1.033407 -1.087519 -2.172052 1.597201 -0.308240 0.527355 0.524036 1.345301 0.450533 0.931531 -0.535207 0.933476 0.751683 -0.895644 0.334921
99 -0.218455 -0.440881 -0.012889 0.042091 -0.488779 0.409302 -1.285040 -1.236690 -2.243842 -0.184461 -0.304518 0.275310 0.556660 -1.896354 -0.896575 -0.821067 -1.210575 -0.814655 -0.385512 0.331360 -1.384624 -0.742601 -0.401083 -1.223450 0.376464 0.077439 0.321306 0.493784 -1.087599 -1.168476 -1.383975 0.290560 0.773873 -0.367842 -0.345885 0.911040 -1.722519 1.787771 0.281512 0.955858 -0.253568 1.276040 -0.448019 0.261971 0.943084 0.089774 0.535990 -1.405347 -0.558899 0.444721
END
#################################################################
SECTION3 (Edges Information)
EndPoint0 EndPoint1 Weight
0 1 1.000000
0 9 1.000000
0 10 1.000000
0 90 1.000000
1 0 1.000000
1 2 1.000000
1 11 1.000000
1 91 1.000000
2 1 1.000000
2 3 1.000000
2 12 1.000000
2 92 1.000000
3 2 1.000000
3 4 1.000000
3 13 1.000000
3 93 1.000000
4 3 1.000000
4 5 1.000000
4 14 1.000000
4 94 1.000000
5 4 1.000000
5 6 1.000000
5 15 1.000000
5 95 1.000000
6 5 1.000000
6 7 1.000000
6 16 1.000000
6 96 1.000000
7 6 1.000000
7 8 1.000000
7 17 1.000000
7 97 1.000000
8 7 1.000000
8 9 1.000000
8 18 1.000000
8 98 1.000000
9 0 1.000000
9 8 1.000000
9 19 1.000000
9 99 1.000000
10 0 1.000000
10 11 1.000000
10 19 1.000000
10 20 1.000000
11 1 1.000000
11 10 1.000000
11 12 1.000000
11 21 1.000000
12 2 1.000000
12 11 1.000000
12 13 1.000000
12 22 1.000000
13 3 1.000000
13 12 1.000000
13 14 1.000000
13 23 1.000000
14 4 1.000000
14 13 1.000000
14 15 1.000000
14 24 1.000000
15 5 1.000000
15 14 1.000000
15 16 1.000000
15 25 1.000000
16 6 1.000000
16 15 1.000000
16 17 1.000000
16 26 1.000000
17 7 1.000000
17 16 1.000000
17 18 1.000000
17 27 1.000000
18 8 1.000000
18 17 1.000000
18 19 1.000000
18 28 1.000000
19 9 1.000000
19 10 1.000000
19 18 1.000000
19 29 1.000000
20 10 1.000000
20 21 1.000000
20 29 1.000000
20 30 1.000000
21 11 1.000000
21 20 1.000000
21 22 1.000000
21 31 1.000000
22 12 1.000000
22 21 1.000000
22 23 1.000000
22 32 1.000000
23 13 1.000000
23 22 1.000000
23 24 1.000000
23 33 1.000000
24 14 1.000000
24 23 1.000000
24 25 1.000000
24 34 1.000000
25 15 1.000000
25 24 1.000000
25 26 1.000000
25 35 1.000000
26 16 1.000000
26 25 1.000000
26 27 1.000000
26 36 1.000000
27 17 1.000000
27 26 1.000000
27 28 1.000000
27 37 1.000000
28 18 1.000000
28 27 1.000000
28 29 1.000000
28 38 1.000000
29 19 1.000000
29 20 1.000000
29 28 1.000000
29 39 1.000000
30 20 1.000000
30 31 1.000000
30 39 1.000000
30 40 1.000000
31 21 1.000000
31 30 1.000000
31 32 1.000000
31 41 1.000000
32 22 1.000000
32 31 1.000000
32 33 1.000000
32 42 1.000000
33 23 1.000000
33 32 1.000000
33 34 1.000000
33 43 1.000000
34 24 1.000000
34 33 1.000000
34 35 1.000000
34 44 1.000000
35 25 1.000000
35 34 1.000000
35 36 1.000000
35 45 1.000000
36 26 1.000000
36 35 1.000000
36 37 1.000000
36 46 1.000000
37 27 1.000000
37 36 1.000000
37 38 1.000000
37 47 1.000000
38 28 1.000000
38 37 1.000000
38 39 1.000000
38 48 1.000000
39 29 1.000000
39 30 1.000000
39 38 1.000000
39 49 1.000000
40 30 1.000000
40 41 1.000000
40 49 1.000000
40 50 1.000000
41 31 1.000000
41 40 1.000000
41 42 1.000000
41 51 1.000000
42 32 1.000000
42 41 1.000000
42 43 1.000000
42 52 1.000000
43 33 1.000000
43 42 1.000000
43 44 1.000000
43 53 1.000000
44 34 1.000000
44 43 1.000000
44 45 1.000000
44 54 1.000000
45 35 1.000000
45 44 1.000000
45 46 1.000000
45 55 1.000000
46 36 1.000000
46 45 1.000000
46 47 1.000000
46 56 1.000000
47 37 1.000000
47 46 1.000000
47 48 1.000000
47 57 1.000000
48 38 1.000000
48 47 1.000000
48 49 1.000000
48 58 1.000000
49 39 1.000000
49 40 1.000000
49 48 1.000000
49 59 1.000000
50 40 1.000000
50 51 1.000000
50 59 1.000000
50 60 1.000000
51 41 1.000000
51 50 1.000000
51 52 1.000000
51 61 1.000000
52 42 1.000000
52 51 1.000000
52 53 1.000000
52 62 1.000000
53 43 1.000000
53 52 1.000000
53 54 1.000000
53 63 1.000000
54 44 1.000000
54 53 1.000000
54 55 1.000000
54 64 1.000000
55 45 1.000000
55 54 1.000000
55 56 1.000000
55 65 1.000000
56 46 1.000000
56 55 1.000000
56 57 1.000000
56 66 1.000000
57 47 1.000000
57 56 1.000000
57 58 1.000000
57 67 1.000000
58 48 1.000000
58 57 1.000000
58 59 1.000000
58 68 1.000000
59 49 1.000000
59 50 1.000000
59 58 1.000000
59 69 1.000000
60 50 1.000000
60 61 1.000000
60 69 1.000000
60 70 1.000000
61 51 1.000000
61 60 1.000000
61 62 1.000000
61 71 1.000000
62 52 1.000000
62 61 1.000000
62 63 1.000000
62 72 1.000000
63 53 1.000000
63 62 1.000000
63 64 1.000000
63 73 1.000000
64 54 1.000000
64 63 1.000000
64 65 1.000000
64 74 1.000000
65 55 1.000000
65 64 1.000000
65 66 1.000000
65 75 1.000000
66 56 1.000000
66 65 1.000000
66 67 1.000000
66 76 1.000000
67 57 1.000000
67 66 1.000000
67 68 1.000000
67 77 1.000000
68 58 1.000000
68 67 1.000000
68 69 1.000000
68 78 1.000000
69 59 1.000000
69 60 1.000000
69 68 1.000000
69 79 1.000000
70 60 1.000000
70 71 1.000000
70 79 1.000000
70 80 1.000000
71 61 1.000000
71 70 1.000000
71 72 1.000000
71 81 1.000000
72 62 1.000000
72 71 1.000000
72 73 1.000000
72 82 1.000000
73 63 1.000000
73 72 1.000000
73 74 1.000000
73 83 1.000000
74 64 1.000000
74 73 1.000000
74 75 1.000000
74 84 1.000000
75 65 1.000000
75 74 1.000000
75 76 1.000000
75 85 1.000000
76 66 1.000000
76 75 1.000000
76 77 1.000000
76 86 1.000000
77 67 1.000000
77 76 1.000000
77 78 1.000000
77 87 1.000000
78 68 1.000000
78 77 1.000000
78 79 1.000000
78 88 1.000000
79 69 1.000000
79 70 1.000000
79 78 1.000000
79 89 1.000000
80 70 1.000000
80 81 1.000000
80 89 1.000000
80 90 1.000000
81 71 1.000000
81 80 1.000000
81 82 1.000000
81 91 1.000000
82 72 1.000000
82 81 1.000000
82 83 1.000000
82 92 1.000000
83 73 1.000000
83 82 1.000000
83 84 1.000000
83 93 1.000000
84 74 1.000000
84 83 1.000000
84 85 1.000000
84 94 1.000000
85 75 1.000000
85 84 1.000000
85 86 1.000000
85 95 1.000000
86 76 1.000000
86 85 1.000000
86 87 1.000000
86 96 1.000000
87 77 1.000000
87 86 1.000000
87 88 1.000000
87 97 1.000000
88 78 1.000000
88 87 1.000000
88 89 1.000000
88 98 1.000000
89 79 1.000000
89 80 1.000000
89 88 1.000000
89 99 1.000000
90 0 1.000000
90 80 1.000000
90 91 1.000000
90 99 1.000000
91 1 1.000000
91 81 1.000000
91 90 1.000000
91 92 1.000000
92 2 1.000000
92 82 1.000000
92 91 1.000000
92 93 1.000000
93 3 1.000000
93 83 1.000000
93 92 1.000000
93 94 1.000000
94 4 1.000000
94 84 1.000000
94 93 1.000000
94 95 1.000000
95 5 1.000000
95 85 1.000000
95 94 1.000000
95 96 1.000000
96 6 1.000000
96 86 1.000000
96 95 1.000000
96 97 1.000000
97 7 1.000000
97 87 1.000000
97 96 1.000000
97 98 1.000000
98 8 1.000000
98 88 1.000000
98 97 1.000000
98 99 1.000000
99 9 1.000000
99 89 1.000000
99 90 1.000000
99 98 1.000000
END
#################################################################
SECTION4 (TrueSubGraph Information)
EndPoint0 EndPoint1 Weight
65 75 1.0
75 85 1.0
65 64 1.0
64 74 1.0
74 84 1.0
84 85 1.0
75 76 1.0
76 86 1.0
76 66 1.0
66 65 1.0
85 86 1.0
86 96 1.0
END
#################################################################
SECTION5 (Labels Information)
0 0 0 1 1 1 1 1 0 0 0 0 0 0 1 0 0 0 0 0 0 0 0 1 1 0 0 0 0 0 0 0 0 0 0 0 0 0 0 0 0 1 0 0 0 0 1 0 0 0 
END
#################################################################
SECTION6 (bt Information)
-5 -5 -5 5 5 5 5 5 -5 -5 -5 -5 -5 -5 5 -5 -5 -5 -5 -5 -5 -5 -5 5 5 -5 -5 -5 -5 -5 -5 -5 -5 -5 -5 -5 -5 -5 -5 -5 -5 5 -5 -5 -5 -5 5 -5 -5 -5 
END
#################################################################
