#################################################################
#APDM Input Graph, this input graph includes 3 sections:
#section1 : general information
#section2 : nodes
#section3 : edges
#section4 : trueSubGraph (Optional)
#
#if nodes haven't information set weight to null
#################################################################
SECTION1 (General Information)
numNodes = 100
numEdges = 200
usedAlgorithm = NULL
dataSource = SimulationData2
END
#################################################################
SECTION2 (Nodes Information)
NodeID Base Counts
0 0.572088 -0.204262 1.779626 1.544061 -0.328379 -0.875349 -1.876320 -1.758462 0.544874 -1.110511 -0.686325 -1.130942 0.486814 1.661247 0.317366 -0.095930 0.654993 -0.075665 1.005662 -1.195405 0.647064 1.265192 0.227177 0.006140 0.870512 1.844886 1.678543 -0.560506 -1.375169 0.313540 0.655173 -0.043206 1.053723 2.124553 -0.129282 1.273323 2.418708 -0.311102 0.448604 0.333017 -1.472429 -2.559349 -0.405500 -0.202050 -1.068360 -1.409382 1.500020 1.394588 -0.973160 0.140034
1 -0.962983 0.430998 2.073796 0.635272 -0.575325 -0.767718 0.695169 -2.669614 -0.227167 0.055977 -0.904881 -0.279250 1.392806 -0.491809 -0.175910 1.194502 2.160430 0.320783 -0.043882 -1.037637 2.069087 -1.079634 0.185725 -0.274736 0.377877 1.403509 -0.016700 1.097243 1.932904 1.211061 0.613502 0.274810 0.056774 -0.352627 -0.788333 0.404888 0.067494 0.755681 0.313778 1.046336 0.490307 0.263797 -0.963495 0.170788 -0.162754 -0.326814 0.043823 -2.419336 0.064935 2.228870
2 -0.319056 -0.121661 -0.207131 -1.209545 -0.078685 -0.557977 2.517057 1.170396 -0.948604 -0.416917 -1.229116 -0.153441 -0.559111 1.788333 0.358846 -0.469968 1.551652 -0.380879 -1.145527 -0.446471 -0.227326 -1.295658 1.257849 -1.103685 0.323492 -1.156951 2.170410 -0.811107 0.831625 -1.450498 0.929207 -1.026515 -0.171479 -1.012259 0.615928 -0.121701 -0.312371 -1.048874 -0.089792 -0.260516 -2.119401 0.547512 0.390074 -0.649548 -0.547381 -1.484792 -1.225176 0.279971 0.588335 0.152733
3 -0.355836 0.569971 2.097781 1.778286 -0.673215 -1.350637 0.262504 -0.132824 -1.541562 -0.892301 -0.850208 2.078583 -0.897721 0.318435 0.105330 -1.154422 -0.247241 0.071246 1.286478 2.446909 0.536391 1.687554 0.965076 1.361412 -1.174320 0.440323 0.227547 0.574576 2.196313 -1.361042 1.558231 -0.039001 0.061017 0.315516 1.542357 -1.805270 0.058557 0.165898 1.002412 -0.733457 -1.353370 1.874573 0.809787 0.594467 -0.625741 0.128087 0.294830 1.147078 -1.174333 0.239209
4 -0.182230 0.124398 -0.560924 -0.346934 -1.044197 0.020340 -1.001290 0.240629 -0.188337 0.245033 -1.583398 1.515408 -0.205744 -0.458466 -1.050287 2.408851 0.449902 1.041871 -0.818707 0.787124 0.341358 0.687921 1.467946 1.186410 -1.188530 0.159435 -0.360484 0.070839 1.568375 -0.555515 -0.762868 0.297583 -1.673737 -0.842714 0.629645 -0.546705 -1.528600 -1.118883 0.364810 -0.274094 -0.473407 0.516041 -2.006798 0.113131 0.434754 0.612407 -0.129996 -0.603104 -0.083560 -0.584679
5 -1.061155 -1.355958 -1.094728 -1.071040 -0.375317 -0.696161 -0.299879 -1.015808 1.335105 -0.784551 -0.324719 1.413814 1.364849 1.789139 -0.666638 -0.048081 -0.813684 -0.396467 0.792877 0.825050 1.001332 -0.988610 -0.749412 0.420673 1.402923 0.357513 1.151685 1.098927 0.173333 -1.190209 0.232543 -0.342529 -1.397193 0.403834 -0.980546 -1.265829 -1.202880 -0.970501 0.846363 0.379932 -1.570559 -0.067697 -0.861253 -0.515135 0.095893 0.044638 -0.915027 1.501311 0.189066 -0.508467
6 0.894646 -0.168881 -0.204317 -2.093597 -0.037563 0.302420 0.400240 -1.106671 0.244053 -0.464675 -2.016396 -0.050360 -2.283713 1.977619 0.156318 -0.531268 1.377123 2.344728 -0.759640 0.273996 -2.082188 1.261328 -2.042170 -0.817796 -2.298827 -0.802822 -0.179709 -1.256376 -0.724668 0.134805 -0.390850 -1.072397 -0.273843 0.612908 1.189287 0.601297 -0.508872 -0.232596 1.052330 1.069670 -0.631694 2.129082 2.351853 1.412850 -0.159613 -0.672890 -0.917878 -0.032055 -0.854747 -0.010827
7 -1.245646 -0.286593 -0.131265 -0.662193 1.982193 -1.095315 0.417773 -0.351850 -1.411872 -1.751257 0.437152 -1.448347 1.396557 -0.150434 -1.177835 0.237073 0.387579 1.056707 0.724792 -0.501592 -0.244937 0.325876 1.827229 -0.053635 -1.258776 0.110917 -1.448180 0.330200 0.136505 -1.183528 -0.226627 0.215395 -1.241432 -0.217292 1.575478 1.740037 -0.010990 0.543080 -0.263763 -0.382600 0.860102 -0.554925 0.016768 -0.346382 0.687098 1.134789 -0.432578 -1.431651 -0.322203 0.331417
8 -1.781292 0.657896 0.185392 -0.229814 0.818591 -0.236569 0.578995 -0.391928 0.996324 0.665423 -0.952794 -0.846277 0.691428 0.733383 1.108503 1.902590 0.309365 1.015408 2.314712 -0.062221 0.567858 -0.395473 0.024503 -0.460085 0.445322 -0.129378 0.981242 0.334349 -0.259618 0.034831 0.653144 0.083144 1.320043 -0.409703 0.783444 0.399751 1.217951 1.844045 1.302098 1.170693 -0.472484 -0.034715 -1.193045 1.294438 1.281809 -1.412526 -0.616434 -0.478478 -0.809242 0.572136
9 -1.363749 -0.566572 -0.537514 0.364099 -0.285910 -0.810448 1.072050 -0.041926 -1.303121 0.858665 1.091467 0.026040 0.587740 -0.554360 -1.387999 0.536352 -0.051399 0.224816 0.911947 1.345976 -0.518689 0.908953 -1.530823 0.288312 -0.500124 0.054361 0.519836 -0.627655 -0.500019 -0.342756 -0.941242 0.967960 1.765298 -0.236732 0.224459 -0.157891 0.816619 0.077610 1.386916 -0.152525 -0.423254 -1.152824 0.576003 1.880041 0.796980 -0.156882 0.090928 0.944814 1.082637 0.989849
10 1.168745 0.483430 -0.809021 -0.504660 0.974821 -0.722975 1.661147 -0.660291 -0.447021 -1.090404 2.226766 0.521297 0.132477 1.308046 0.336450 -0.678771 1.487708 -1.768483 -0.622002 1.767457 -1.001416 0.322504 0.225198 0.824885 -0.010247 0.644495 0.889870 1.001224 -0.583257 0.876295 1.216600 1.445153 0.835617 0.290514 -0.567414 -0.901001 -0.005080 0.300164 0.194602 -0.097208 0.490268 -0.261733 -0.425345 -0.099590 0.626473 -0.495066 0.696513 -0.480643 -0.265525 0.137826
11 -0.006772 1.137132 -0.715186 -0.540670 1.445020 -0.328956 0.163326 1.355320 -0.241183 0.561296 -0.284079 0.247378 -2.160657 0.031721 0.823470 0.349412 -0.018857 -0.490339 -1.076020 0.174806 0.188374 -0.074441 0.918642 0.180774 0.558557 0.695408 -1.088119 0.152968 -0.195009 0.085987 0.451219 -1.972956 0.449544 0.873489 1.199503 -0.417894 -0.520678 0.215878 2.621582 1.014648 -0.930289 -0.091766 0.498219 -1.896425 0.142021 -1.602755 -1.094483 3.013550 -0.300113 0.244181
12 -0.524123 -0.170656 3.026016 0.049964 2.159934 0.645644 1.168638 0.884656 -0.051296 -0.217581 -0.054663 0.980175 -1.440360 0.171766 -0.650420 0.527269 0.886533 0.413375 1.103888 -0.117982 -0.203590 -1.127397 0.181015 0.683391 -1.197468 -0.080920 0.630040 1.276516 0.358512 0.491172 3.632004 1.379439 0.619391 2.409797 0.222921 -0.173211 0.990595 0.452770 1.153749 -0.401983 0.771429 -0.474793 -0.842873 -0.735079 0.219902 -1.695489 -0.043975 0.157284 1.435499 1.329736
13 0.599408 1.355043 0.982565 -0.739171 -0.203242 0.433498 0.230220 -0.213748 1.445300 -0.462574 -0.753632 -0.318112 -0.333509 1.150971 0.742153 0.237757 -0.430356 -0.657682 0.399421 0.210080 -1.556700 0.343154 -1.543848 1.227969 0.555602 -0.016925 -2.253078 -0.664366 1.076307 0.539982 0.199884 -0.315582 -0.007390 -0.128609 1.192657 -0.014122 -0.047168 -0.820128 1.192482 0.253384 1.246933 -0.390693 0.901918 -0.177473 -0.849960 -1.138017 -1.249081 -0.105248 -0.951340 1.311153
14 1.866229 0.858005 1.726927 2.014135 -0.075423 0.868760 -2.347560 -1.575132 -1.044850 -1.023151 0.435791 0.258500 -2.311902 -1.571512 0.592560 -0.712463 0.052907 -1.015305 -1.077936 -1.155445 -0.736273 -0.278041 -0.028242 1.050060 0.201674 -1.102359 1.168926 -0.453848 0.188865 0.883661 0.029068 0.914661 -0.519294 -1.239413 -2.476857 -0.483790 -1.288129 -0.799022 0.747211 0.502526 1.556914 -1.057370 1.849413 0.371315 -0.361779 -1.403325 -0.105988 -0.345548 -0.642080 -1.391828
15 -0.273182 -0.284284 0.448323 -0.418060 -0.308718 0.146552 0.798152 0.827428 -2.599128 0.325569 0.119697 0.352596 1.597470 0.233134 -1.997745 0.303765 1.062414 -1.354746 0.445755 0.340644 -1.473765 -0.894419 -0.795654 0.210713 0.721088 0.521858 1.535055 -1.060121 0.507690 -0.872643 0.606482 -2.497102 0.625136 0.288935 0.106869 1.200701 0.213206 -1.453154 2.267792 0.220395 -0.572972 1.207740 0.374723 -0.167669 0.063119 0.727791 0.175015 0.642866 2.380247 -2.302254
16 0.864716 0.442904 -0.579155 0.348031 -2.326608 0.600359 1.565419 -0.181142 -1.741344 -0.047586 -1.985228 0.912545 -2.136412 0.424778 -1.391386 -0.020044 -1.251351 -2.304935 0.779599 -0.247325 -0.331587 0.359591 -0.937353 -0.405081 -0.050013 -0.146104 0.012145 -1.063454 0.794064 -0.511925 0.688923 2.346985 -0.332901 1.780478 1.163513 1.416199 0.469523 -0.058759 1.417956 0.482707 1.914764 0.282738 0.208428 0.961133 0.984171 2.359872 0.162230 1.931990 -1.557174 -0.180505
17 0.381040 -1.406517 0.805410 -0.330190 -0.085898 -0.100819 -0.348175 0.657602 -2.630924 0.018939 -2.283690 0.043016 0.202086 0.320606 0.381802 -1.356663 -0.050446 -0.600239 0.062118 -0.302051 1.235485 -1.056097 0.774235 0.020826 -0.989910 -0.273992 -0.410273 1.143250 -0.555960 -0.197449 -0.638004 1.250969 -1.639867 -0.383797 2.021049 1.033464 -0.006493 0.767219 0.294373 -0.278663 -0.155694 1.138492 -2.100652 0.878156 0.385658 -0.654333 2.036904 1.589355 -0.105814 0.318064
18 -0.631011 -0.553959 -0.626295 0.184437 -1.591299 0.121966 -0.088418 -0.563240 -0.207754 -1.024640 1.145365 0.361205 1.689722 -0.207377 -0.289597 1.277403 -0.023935 0.234315 -0.348455 -0.226152 0.292140 -0.551322 -0.169613 -0.058907 0.340450 1.257676 0.280110 -1.859906 -0.659084 0.228522 0.373006 0.433072 -0.070358 -0.579743 0.563922 0.205456 -0.176110 0.462256 0.238966 -0.573581 -1.163829 -0.204607 0.248183 0.582242 0.690645 -0.340230 0.225097 -0.394785 0.423632 -1.130471
19 -0.064283 0.045070 -0.066458 0.956575 -0.633250 0.306901 0.769550 0.290593 0.786126 -1.122309 2.215158 -1.098229 -1.508412 0.915916 1.434311 -0.207272 -0.166505 1.755598 -0.836994 0.602811 -1.982895 -1.446452 -1.309110 0.206912 1.400427 0.782965 0.304944 -0.741184 1.644504 -1.414652 -0.439417 1.739199 -0.454418 -1.734004 0.210287 -0.613446 1.012369 -0.353651 -0.401498 0.083764 0.238625 0.253746 -0.532679 -0.735114 0.872672 0.069651 0.115114 -0.283849 -0.298022 0.846595
20 -1.052701 -0.173190 -0.888288 0.761889 -0.797276 -0.264642 1.293627 -0.328838 0.890833 -0.573161 0.322582 0.083068 0.977057 -1.076129 -0.582502 2.324876 0.972372 -1.186290 0.489914 0.626321 -0.376638 1.223799 0.202580 0.958388 1.216089 0.690230 -1.517262 1.266216 1.297334 -0.447261 2.007691 1.041222 0.550134 0.352580 1.361957 0.499851 -1.359466 0.507340 0.306885 1.511172 0.984801 0.948412 1.505408 3.122775 0.545781 0.943141 -0.363295 -0.215478 -1.648758 0.156845
21 -0.280391 0.818895 0.380641 0.682469 -0.779732 -0.258810 -0.363681 0.027853 -0.937794 0.006252 -0.754071 -0.289030 -0.266701 2.069251 0.264122 0.615335 -0.954431 0.198337 1.398755 -0.207211 0.649043 0.138206 -0.450775 -0.458453 0.521060 0.905455 -0.226893 -1.399734 0.998794 1.537693 -0.769439 -1.592040 1.005943 0.559149 0.902224 -0.293254 0.644118 -0.341081 -1.709572 -0.592220 -0.297634 -0.777989 0.636433 0.897113 -0.982465 -1.145321 0.434674 1.136045 -0.983001 0.625295
22 -0.886338 0.860342 0.783456 0.068088 0.229045 2.409139 0.881004 -0.671929 0.445537 -0.184764 0.158057 -1.424152 -0.516802 -0.696503 0.253106 1.312543 0.048818 -0.744958 -0.201517 -1.474527 1.845546 -0.165866 1.052608 -0.139546 -0.983010 0.020288 0.669343 -0.355166 1.018804 -0.243245 -0.857825 1.734697 0.349408 0.472493 0.421518 -0.826546 -1.245461 1.176172 1.342544 0.739604 -0.271799 -0.775679 1.017509 2.374196 -1.054914 1.070021 -0.366110 0.412969 -1.354100 0.056051
23 -0.114142 -1.480787 0.163711 -0.916794 0.078286 -0.573343 -0.198982 -0.096130 0.735254 1.537469 1.431484 -0.171077 1.573541 0.019896 0.139662 0.460079 0.862795 -0.722473 0.610381 0.675571 -0.173628 -1.125185 0.813076 0.142432 -0.477902 -0.631193 -0.324700 1.476938 2.076944 0.478456 -1.234891 0.938516 0.698203 2.287049 -0.719890 0.683417 -0.899939 0.633468 -0.563060 0.269312 0.511665 -0.504586 0.164871 0.158113 0.528396 -1.018794 -1.682900 0.324283 -0.876545 0.002370
24 -0.378778 -0.736482 0.338176 1.309922 0.252519 1.666416 -0.170616 0.601223 1.578423 0.647922 -0.225264 1.637520 1.949982 0.760083 0.534234 -0.767667 2.106657 0.915916 0.971647 -0.333744 -1.741747 0.437206 0.039093 -0.019770 1.149067 2.478241 -1.281529 -1.128135 0.448703 0.172237 0.520728 -0.665735 0.272284 0.522950 1.697082 -0.786933 0.690204 -0.937639 1.926078 -1.056372 0.659804 0.406278 0.614297 -0.065176 -0.547078 1.164063 -0.354033 -1.234055 0.398092 -0.156912
25 0.786035 0.092838 0.718399 0.063052 -1.670076 -1.270784 1.870420 1.313291 -0.916380 0.052702 -0.761359 -0.464227 0.905385 0.649753 1.889387 -0.760997 -0.104075 0.603688 -1.485055 1.087218 1.117800 -0.112711 -0.792943 -1.009176 -1.293597 0.613344 -0.406895 0.301869 -0.044253 -1.270862 -0.622681 -0.908760 -0.356834 0.470024 0.427658 1.081662 -0.285827 -0.553487 -0.730915 0.470387 0.699797 1.925172 -1.441156 0.426833 -0.004265 -0.314044 -0.110270 0.946488 -1.131997 1.394643
26 -1.722453 -0.506961 -0.841738 0.745765 0.481458 1.619272 -0.288180 -1.062286 -0.767838 -0.044036 0.146263 -0.766397 -1.401844 -0.542168 1.443870 -0.217029 1.187960 1.933547 -0.763079 -0.055448 -0.883233 0.767067 0.300656 -0.186806 -0.599272 -1.217789 -0.665256 -0.899575 -0.863415 0.086493 -1.184795 -0.571473 -0.559409 0.615934 1.034500 -1.208296 -1.691569 1.201627 1.676268 0.926197 -0.113192 -1.305254 -0.946765 0.978436 0.480843 -1.170636 -0.665145 0.599686 0.389025 -0.152866
27 1.278661 0.506182 -1.158656 -0.323233 0.446853 -0.341979 -0.309346 -1.920798 3.159082 0.344955 0.107404 0.041031 0.072849 0.050384 0.931787 -0.499166 0.646872 0.235954 -0.452140 -2.253994 -0.472811 -0.792528 0.001979 1.709186 -1.288407 -0.643261 0.629472 -0.221711 0.493075 -0.427295 1.019436 -0.191629 0.869930 0.312439 1.468805 -1.329653 -1.043074 0.215782 0.883588 -1.117261 -1.089914 0.089367 -1.265731 -1.239948 0.394709 -2.156259 -0.205384 -0.109792 1.538427 0.983551
28 -1.576880 -1.117084 -0.179889 -0.653663 -0.423168 0.112383 -1.363700 -2.175002 1.409856 -0.871603 0.878155 -0.448588 1.375118 0.650060 0.693432 1.980709 -2.713411 0.175892 -0.550052 -1.205172 -0.835838 -0.105371 2.149750 -1.175703 -1.675972 0.343019 -0.780596 -0.511632 1.011568 -0.406825 2.011252 -0.127995 -0.159449 0.494469 0.004244 0.430590 -0.072668 -0.159957 -0.423877 -0.425483 -1.210332 1.198296 0.126419 -0.574348 2.975399 1.144719 -1.024518 -1.046610 -0.300523 0.669269
29 -0.432572 0.826787 -0.206205 0.626087 1.119083 -0.011572 -0.421111 -1.938184 -0.977789 0.256617 1.599791 -0.744193 -0.418251 0.031332 0.246708 -0.764774 -1.054966 -0.206435 1.320050 0.715419 0.145275 -1.213237 0.374255 0.469533 0.773270 -0.407871 0.393227 0.612486 -1.509968 1.506053 -0.002194 -0.101355 0.359717 -0.487810 1.552892 -0.977613 0.743152 0.938042 -1.249941 0.130203 1.998428 0.569100 -0.316919 1.882879 0.325382 0.516660 1.179301 -1.051404 -0.392735 -0.225903
30 2.381482 -0.980645 -1.297018 1.048948 0.431288 1.089175 -1.315016 -1.469993 -0.361776 -0.030750 0.015334 0.349950 0.339855 0.048633 -1.750936 0.977311 -2.099083 1.455294 -2.282277 1.009529 -0.341682 -0.121378 0.739853 -0.291394 1.417268 -0.672077 0.167818 -1.187581 0.546259 0.033055 1.080556 0.104313 0.698263 0.349205 -1.935708 0.573359 1.136958 -0.394960 -0.327894 -1.930683 0.430456 -0.040942 0.305049 1.706555 0.782442 1.494393 0.097622 1.318753 -0.589546 -1.299196
31 0.916834 -0.665735 0.152813 1.306229 0.276052 0.100554 1.097847 0.304612 -0.426628 2.693312 0.411911 -0.749257 0.407458 1.140016 0.335073 -1.759429 1.491692 -0.743089 0.390430 0.111940 -1.224675 -0.651496 -0.164023 -1.019334 0.142944 -1.064091 0.810815 -1.796303 -1.056043 -0.338371 -0.393977 1.541838 0.388827 -1.960333 0.152615 2.062774 -0.741355 0.261024 2.694745 -0.208823 0.326870 -0.602076 0.705906 0.181272 0.844654 -0.471201 -0.979042 0.296413 -0.784264 0.471277
32 -1.847202 0.585175 -0.014869 0.625664 0.562811 0.670890 -0.262737 -0.662308 1.500209 0.311237 2.757819 2.177494 0.604237 0.146108 -0.326973 0.204141 2.936956 -0.241390 -1.880230 1.015027 -1.869349 -0.417191 -2.310205 -0.202281 -0.108652 0.318833 0.436305 -0.799813 1.125207 1.573873 -1.153777 1.854067 -0.656871 -0.190111 1.215731 0.872067 -1.453260 0.008810 -0.395673 -0.641686 -0.905825 -0.221355 0.314307 -0.286164 -0.584226 -0.100397 -0.793631 0.626241 0.543016 0.451694
33 0.484481 0.267384 -0.711246 -1.151237 0.585091 0.476922 -0.682672 0.222512 0.029119 0.671446 1.090809 0.554364 -0.293883 2.167223 0.841051 1.481749 -0.462353 -0.475738 -0.252785 0.064035 -0.402950 -0.489392 0.966779 -0.880765 0.142019 1.182913 1.355344 -0.973077 0.769064 0.052441 1.602948 0.997578 0.052688 -0.321323 0.750613 -0.705532 -1.731152 -1.262742 -0.185016 -0.093484 0.643151 0.204138 0.039861 -0.716189 -0.537288 -2.479995 0.076937 0.776826 -1.091924 1.476276
34 0.285655 -0.455252 1.496475 -0.373031 1.811070 -0.188975 -0.520753 1.806444 -0.919280 -1.474082 -0.570173 1.783028 -0.151557 0.147081 -0.882984 0.281484 0.812601 -1.853459 -2.315088 -0.395275 0.166265 -0.161222 0.695614 -1.067950 -0.191281 -0.579683 -0.009279 0.629673 -0.440865 1.340670 0.071881 -1.305164 -0.444285 0.548540 0.309986 -0.721880 1.237413 -0.977013 -1.655177 2.092315 1.077164 -0.405040 0.401577 0.428905 0.619616 0.064022 0.285949 1.128109 -1.789333 0.680931
35 1.607737 0.190126 0.288415 0.552415 0.404439 -0.087445 1.163001 -0.130117 0.491991 0.848918 -0.690032 -0.897501 0.986925 -0.069498 0.389179 -0.199790 0.057630 -0.362586 -0.257948 0.248106 -0.101377 0.217402 -0.186142 -0.419230 0.645909 -0.521346 0.770827 -0.645205 0.310538 -0.182261 -0.466436 0.401818 1.100288 0.736953 0.311355 -0.985677 0.600738 0.357801 0.583858 1.087308 -0.420796 0.547318 -0.258725 0.961838 0.430258 0.826879 0.521578 0.328904 0.274045 0.663587
36 -0.277343 2.680548 -0.990279 0.176496 -1.367618 0.656948 0.008713 0.865952 1.299257 -0.415618 -0.374601 0.673529 -1.291159 -1.755476 -1.899655 -1.091250 -0.168790 -0.414219 -0.165197 -0.801879 -1.408550 0.929579 -1.026523 1.538354 -1.672711 0.928935 0.685431 0.907340 0.901039 0.098115 -0.793954 -1.910866 -0.325412 -1.205720 -2.759559 -0.990751 0.789815 -0.447261 1.046605 1.639960 -0.188727 0.857439 0.708512 0.176275 -0.369111 -0.467600 1.616278 -0.666148 0.411183 0.698179
37 0.021882 -1.301484 -1.405876 -1.356058 0.915391 -0.325599 1.454711 2.034729 -0.827912 -0.579311 0.998949 -0.462725 -0.451364 2.329840 -0.418389 -0.113947 1.056732 -0.779123 -0.999769 -0.089054 -0.183793 0.685118 -1.535546 1.502678 -0.249786 -0.038615 0.829120 -0.290040 -0.563063 -0.850931 -0.596574 0.670781 1.354449 -2.352684 0.026785 0.532419 0.743116 1.095589 -0.243101 0.502452 0.663554 0.633700 -0.394579 -0.823196 1.942410 1.416753 -1.415255 -0.274086 0.494324 0.080890
38 0.816223 -0.098814 1.382723 -0.808847 -0.287906 -0.948295 -1.574240 0.003520 -1.050435 -0.699501 -1.488077 0.220831 -0.277189 -2.475894 -0.122245 -0.602056 2.621917 -0.309125 -0.714393 0.962763 -0.578086 0.308093 -0.833650 0.472352 -0.411703 1.223787 0.772235 0.130699 0.138964 0.083560 0.603759 -1.174569 0.709118 -0.827337 0.816341 1.951394 -0.930134 1.213955 -1.263192 0.732703 -1.182206 0.011139 0.047137 -0.448682 0.061628 -1.340104 0.465974 -0.307895 0.979982 -1.047667
39 -0.136023 -1.351296 1.104095 0.785107 -1.234599 0.153548 0.831194 -1.400210 1.220949 -2.086394 0.614348 -1.508676 1.044155 -0.552943 0.636692 -2.346380 0.585556 -0.972337 1.196437 -0.205263 0.720730 -1.143812 -1.351701 0.564312 -1.724307 0.604071 -2.560687 0.006209 -0.506452 1.312988 -0.391398 1.720824 -0.245902 1.837714 -0.358405 1.869035 0.137557 1.164028 1.390603 1.188548 1.248098 1.069909 0.598188 0.044597 -1.422519 -1.077242 1.586771 -1.915460 -0.076362 -0.738024
40 0.625386 0.468088 0.776056 0.454453 -1.815271 -0.495285 0.576679 1.279383 1.989142 -0.437230 1.247532 2.033016 1.125202 0.658197 -0.108221 -1.837794 -0.815541 1.739523 0.458587 -2.696646 0.150569 -0.140251 0.188215 -0.688425 0.855786 -0.046125 1.478386 1.862187 0.353908 0.025965 0.174673 0.748198 1.010038 1.021600 0.393584 -1.481780 0.258909 1.386213 -1.917170 1.004096 0.109651 0.578530 0.807545 0.502608 -1.324922 -0.092520 0.539375 -0.373989 1.944018 0.299909
41 -0.732462 0.274577 0.332687 1.042659 0.663878 -0.244231 -0.123702 1.197999 -1.686864 -0.411320 0.789701 -1.288600 0.965712 0.803854 -1.485650 0.611010 0.103163 0.715901 1.862276 0.563787 0.233218 1.026069 0.694948 -2.634044 0.991267 -0.430124 -0.009423 0.074990 -2.228931 0.342933 -0.395716 0.161611 1.739862 -0.847640 -1.411840 1.898381 -0.125723 0.979629 -1.685202 2.852040 1.282711 -0.712181 -0.098744 1.463284 0.849232 0.752693 0.882654 1.385425 -2.390876 -0.538238
42 -0.852763 -0.205439 -0.263612 -0.657849 -1.343656 -0.997745 2.110196 0.468251 -0.080898 -0.809360 -0.301311 -1.204138 -1.994941 0.450737 -0.028203 1.500199 -1.353042 0.171585 0.262546 0.118756 1.153307 -0.313723 -0.672775 -0.288145 0.260590 -0.995234 2.079987 -1.371747 0.473829 0.953791 2.368275 -0.770032 -0.859294 0.401227 0.832374 -1.544332 -0.521910 -0.600656 -1.064484 0.253398 0.830926 1.204838 0.791593 1.545752 -0.271989 -1.433859 0.114230 0.489045 -2.289092 -0.244096
43 0.515518 0.278730 0.153602 -0.791927 -0.921109 0.336073 1.117666 2.360127 -1.529025 -0.335138 1.703383 -0.727740 1.502675 -0.668899 0.845391 1.615056 -1.558396 -1.660693 -1.193058 -0.114524 0.429414 -1.045683 -0.479623 -0.661885 0.366287 -0.256323 0.008467 0.434771 -1.551212 0.118772 -0.415942 -1.027634 -0.893225 0.699322 1.949340 0.660889 1.190407 -1.744199 -1.410028 -1.103125 1.681120 -0.050926 -1.545827 -0.939632 -0.528843 0.001378 0.166055 -0.711555 3.883555 -0.973824
44 0.430785 0.107096 1.933197 0.830518 1.656413 -2.662517 1.364794 0.506898 -0.493932 -0.477750 0.097242 -0.066943 0.045158 -0.436522 -0.389737 -0.916488 0.979579 -1.134636 -0.053723 1.165911 0.120306 0.540526 0.216175 0.363858 3.153510 0.344696 0.123976 1.156844 0.500212 0.266946 -0.716021 1.395799 1.251063 -0.707716 0.903893 -1.017197 -0.393070 -0.200768 -0.082907 0.571763 0.337910 -2.380527 -1.150416 0.198301 -1.836161 1.889642 -0.953262 0.850286 -2.133502 0.218458
45 -0.272491 1.477271 0.561834 0.672958 -0.528347 -0.130054 -0.009266 1.491585 0.096335 0.362238 0.501380 0.222511 -0.692186 2.168460 -0.820336 -1.226444 0.286703 0.255204 0.681280 -0.781854 -0.866587 3.257146 -0.865444 0.639182 1.105761 0.467877 -0.569108 2.693085 1.217853 -1.175273 -0.366152 -1.145963 -0.525601 -1.579107 0.585137 -1.327852 -0.394876 0.199130 -0.083848 -1.580857 -1.381716 0.027384 1.754580 -1.026133 2.552875 -1.404512 -1.300111 3.215665 -0.894496 0.287904
46 -0.641771 -0.996287 -0.149178 1.099962 -0.682237 0.574655 -0.811433 -1.232818 0.067071 -0.780016 -1.698015 -0.478964 0.253908 0.717309 -0.167454 0.979039 -0.375001 -0.124943 0.246076 -0.107242 0.357509 1.669788 3.175063 1.580221 1.644619 -1.320007 0.251165 -0.619535 -0.020068 0.386831 0.326961 2.214024 1.705797 0.884572 -1.768029 1.150721 -1.931846 -1.094879 -0.710493 0.401848 -0.305631 -1.519625 -0.432221 -0.092768 -0.497857 -0.156510 -1.018707 1.264451 -0.798573 -1.202137
47 0.698030 -0.107769 0.927574 -0.413970 0.783945 0.805542 1.118749 0.119959 1.057664 -0.899527 1.383929 -1.409921 0.959415 -1.638620 -2.259245 0.437963 0.332744 0.167038 0.277782 -0.712768 -0.371497 1.263507 0.452323 -1.046575 -0.492145 -2.318732 -0.082438 1.287471 1.076295 1.547589 -1.742455 -0.850211 -1.305555 -0.064141 -0.063773 -1.910324 0.367008 0.223815 -1.317558 1.244936 0.164124 -2.678720 -0.454390 -0.044316 -0.704586 0.628271 1.548046 -1.142445 -1.084299 -1.316589
48 -2.212547 -1.414612 0.846501 0.722431 -0.220710 -0.279245 0.766495 0.431995 0.626961 -0.531900 0.950415 1.288520 -0.331537 0.915302 -0.129383 0.286467 -0.079925 -1.185130 -0.988044 -0.527528 0.625422 -1.213925 -1.127241 1.847563 0.170805 2.329790 -0.092106 0.914402 0.779585 -0.494970 -0.483727 0.624447 -2.219196 -1.572730 -0.374114 0.687603 0.089238 2.095309 -1.313543 1.683492 0.738670 -0.184427 -0.108976 -2.636225 -1.277413 -2.601875 0.820267 -1.595544 -0.822925 0.493744
49 -0.776978 -1.095040 -0.076409 -1.189625 0.261988 -0.084980 -0.262604 -0.079574 0.051793 1.032355 1.548549 1.163019 0.389496 -1.096080 -0.661907 0.086277 0.815152 1.364066 -0.469514 1.224114 -1.610026 -0.161825 -1.377500 -2.064364 0.799578 -0.347622 0.739598 -0.750832 -0.364407 -1.369327 -0.309149 2.699212 -1.293094 -0.914568 0.311649 2.126407 0.181962 -0.309270 0.585850 0.850837 -0.965072 1.532465 -0.134300 -1.530485 1.736589 0.521642 -1.522164 -0.802208 -0.487133 -0.303873
50 0.468864 0.180174 -1.202262 0.060555 0.889995 0.568316 -0.641577 -1.529365 -0.204665 -0.403750 -0.325257 0.321593 -0.999018 0.144936 -2.136493 0.562170 0.838580 0.848661 1.920241 -2.227761 -0.042826 1.545401 0.946797 0.503187 0.283133 -1.239929 -0.972079 -0.464209 -0.573963 -0.526385 -1.383535 -2.026341 -0.508003 -0.243516 -0.890617 -0.347519 -2.097441 0.583685 1.054927 -0.301070 0.272987 -0.243964 -0.361276 2.531006 -1.571036 0.821334 -1.093088 1.060172 -0.497748 2.083610
51 0.110591 -0.164018 2.105608 0.937924 -0.446263 -0.406520 -0.532848 0.212719 -1.654002 1.890091 1.390012 0.578364 0.659738 -0.107764 -1.240818 -0.929673 0.883206 -0.116543 -0.236950 0.331233 -0.313788 -0.238247 0.399918 0.152603 -0.319198 -0.305509 0.246409 2.910388 -0.993984 0.768796 0.899466 0.503653 -0.927201 -0.001756 0.867140 1.664292 0.336929 -0.148933 0.306663 -0.372628 0.811815 -0.878869 -0.740019 -0.751601 -1.136270 0.238282 -0.410653 -2.363731 0.509969 0.288259
52 0.997935 -0.120465 -0.244950 -0.043958 -0.175276 -0.103373 0.420115 0.481522 -0.234155 -0.462890 0.790314 0.459792 -2.000470 0.545707 -0.900844 0.110634 0.891772 -0.436014 -1.391038 1.855820 0.337964 -0.425888 0.791407 1.260628 0.987391 0.031604 0.595282 -0.869564 -1.291026 0.370187 1.923195 1.071042 1.332035 -0.377396 -0.612637 0.516705 -0.460169 -1.092612 1.721394 1.746290 0.884991 -0.107620 -1.523146 -1.690684 0.862737 0.869526 -0.127090 -0.839439 0.586420 -0.288602
53 -0.079199 0.026049 1.034900 0.065176 2.967290 0.006208 -0.871954 1.000618 0.879614 0.672809 1.697330 -0.391591 0.078010 0.915343 2.043401 -1.153492 0.091795 0.790074 0.221867 0.489984 0.903623 -2.167033 0.268502 1.152327 0.370738 1.336732 -0.903772 0.230859 0.047725 0.563495 0.904158 0.383798 -1.892248 -0.696827 0.533657 0.161965 -0.061470 0.485787 -1.624351 0.539550 0.109439 1.853811 0.405487 -0.335367 1.192457 0.957002 0.441594 0.790301 -1.351644 0.587868
54 -0.415684 0.591872 1.309644 -0.730344 2.057096 -1.117318 0.407637 -1.105886 0.247478 -0.233868 -2.226351 -0.189439 0.142309 0.186894 1.333026 0.268577 0.443313 -0.275990 -1.378095 -1.819939 -0.042113 -0.354299 -0.855615 1.282512 1.186221 0.231144 -0.347314 -0.367013 -0.401787 -0.120186 0.686667 -0.107218 -0.976685 -0.826641 1.945128 1.452284 -2.178329 0.185860 0.461824 -0.233143 0.636301 0.030901 -0.956003 -0.501008 0.959859 0.086261 -0.540601 -0.027323 1.325766 0.603359
55 -0.587892 0.738473 -0.166291 -1.820171 3.418375 2.773412 -0.705074 -1.915255 -1.147340 0.819571 -0.201403 0.552580 -1.271086 -0.999998 0.171242 -0.097223 0.081051 1.113215 1.525531 -0.344051 0.475069 -0.454582 -1.247809 0.686869 0.856330 1.504279 1.684097 0.567455 0.521061 -1.115473 -1.671056 0.433119 0.161612 1.405292 0.608412 -0.692109 0.441476 -0.681258 0.289454 -1.001203 -0.673107 1.463386 -0.149509 1.771708 1.429403 -1.826514 -0.651916 -0.891494 -0.371815 1.970210
56 -0.486585 -1.544972 1.071174 0.532749 -0.945137 -0.227863 -0.039954 -1.505528 0.618442 0.034921 0.931180 0.163459 -1.115885 -0.180326 -1.060535 -0.625884 0.406860 0.340317 0.163211 -0.743275 0.496989 1.696788 -0.750006 -1.011620 -1.136906 -1.402677 0.155443 0.986921 0.385860 0.944580 -0.199016 -0.494396 -0.415461 1.226190 0.088301 -0.033128 -1.382029 -1.462170 -1.877565 0.529025 -0.281602 0.429124 -1.077836 0.724738 -2.118032 -0.482164 -0.449612 0.518310 -0.747598 0.329087
57 1.323624 0.249312 -2.605265 -0.286938 1.204225 -3.135019 0.425098 -0.160633 -0.626173 0.422958 1.132728 -0.429164 -0.513650 1.070587 -1.179835 0.647636 -1.006862 0.130818 0.920626 -0.030518 1.785593 -0.659479 0.156252 -1.701918 0.105675 1.191755 0.373365 -0.216172 2.889769 -0.431450 0.272077 -0.452321 -2.815813 -1.746868 -1.263520 -1.613475 -1.176966 -0.387866 -1.359177 0.208517 1.754930 -0.594843 1.140933 -1.327447 0.060155 -0.154200 -0.068993 -1.170417 0.368689 1.007438
58 1.510733 -1.194753 0.199908 1.190353 1.011663 -0.888592 1.441533 -0.291165 -0.959760 -0.547122 -0.358066 1.434983 1.047339 -0.088467 -1.136054 0.326246 0.935590 -1.552400 -0.134777 0.192255 0.926791 1.560756 -1.229195 1.451935 1.189430 2.342567 -0.095960 1.068797 0.452846 0.886118 0.997513 0.364151 -1.458943 -0.802178 1.205294 -0.456397 0.401032 -0.527359 1.946591 0.758377 2.320495 -0.059770 0.181461 -0.032825 -1.854389 -0.001258 -0.589779 0.821603 -1.203854 -0.154857
59 1.577429 0.467765 -0.394480 1.655939 1.194840 -0.428448 0.148060 -1.770438 0.982365 0.615398 -0.795312 0.074056 -0.857365 0.650619 -0.660421 0.004850 -1.067408 -0.253351 -0.470119 0.435736 1.353330 0.265238 0.685518 1.163107 0.331660 -0.343164 -0.216256 -0.168978 1.545007 0.011337 0.990282 0.025687 -0.552010 -1.138804 -0.960462 -0.081457 0.464542 1.822694 0.000905 -0.145648 -0.821010 0.057609 1.407572 0.053975 0.849368 1.202939 -2.591213 -2.164663 0.888602 0.557752
60 0.399198 2.981358 0.568836 0.299345 0.559445 0.361458 0.612514 0.938000 0.773884 -0.761424 -0.787838 1.196795 -0.453939 -0.057432 -1.405016 -0.695454 -0.114249 -0.828650 0.380529 0.777383 -2.381294 -1.423854 -0.616599 -0.015022 -0.890018 -2.024685 -0.564570 -2.863940 0.387773 0.548536 -0.920728 -0.966651 1.089986 1.330387 0.326302 0.833916 -0.939513 -0.161726 1.504637 0.539637 -2.799964 0.634742 0.947204 0.292835 0.350309 0.271652 0.623631 -0.768720 0.279075 -0.786462
61 0.529504 -0.396018 -0.147269 0.426050 -0.223030 0.216030 0.367188 -0.463539 -1.925148 0.044396 0.996083 0.934452 -0.456543 -1.262589 0.049076 2.024345 0.297956 -0.389088 -0.780673 -0.343800 -0.605769 0.188241 0.602148 0.302198 0.393260 0.831477 -1.326783 -0.644587 -0.185561 -1.374406 0.612344 1.833127 1.053938 0.313472 0.933792 -1.728810 1.819760 -0.396347 0.116319 -1.270329 -0.140941 0.025072 -1.829241 -0.510952 0.934110 -0.252627 -1.487484 -0.698455 1.348291 -1.230306
62 -0.296217 -1.183025 -0.812545 -0.400068 0.051883 -0.833201 -0.827660 0.218595 0.265072 0.281304 1.025148 -0.428833 0.502485 1.149031 -0.692834 0.806063 -0.137953 0.640279 0.130673 0.296546 1.112657 -0.274214 -0.680281 -0.600453 -0.010926 1.882821 1.158165 -0.624458 0.175490 -0.819455 -1.469103 -2.050029 -1.990422 -1.727610 0.485817 0.765543 0.882422 0.877424 -0.569541 -1.068415 0.930913 -0.991243 -1.390619 -1.969339 1.087744 0.307472 -0.643539 0.223403 0.197454 0.453989
63 0.678442 0.570773 0.136340 2.264809 0.125997 -1.505936 0.883437 -0.494053 -0.225294 -0.186987 1.176913 0.837865 0.277580 -1.091392 -1.169364 1.218733 0.349506 -1.331872 -2.573499 0.695549 -1.381441 -0.332121 0.872026 -1.443965 0.753697 1.842517 -0.772519 -0.087302 -0.038783 -1.353136 -1.179319 -0.236500 -1.544319 0.702777 1.882694 -1.565166 -1.450297 1.389450 -0.132867 -0.509453 -0.942987 -1.743259 -2.717003 0.272656 0.154150 -1.073681 1.306951 0.386792 -0.731046 0.000899
64 0.688300 -1.726646 -1.118009 -1.140850 -0.804536 0.482470 -0.181466 -1.488994 -0.628063 1.306105 0.232800 -1.622396 0.415825 0.521406 -0.229518 0.276967 -2.060454 0.365221 0.706622 -0.815828 0.859771 1.087887 -1.446882 0.131838 -1.560390 -0.172820 -0.798482 -3.249385 0.095192 -0.527838 -0.086284 -0.124178 -0.921021 0.851675 -0.098931 -0.048951 -0.938910 -0.801881 -0.922906 2.248433 -2.334756 -1.077695 -0.090733 -1.913387 -0.232082 1.301648 -0.233577 0.857325 -0.327549 0.175079
65 0.707399 1.888099 0.094932 -0.335589 0.542494 0.474111 -0.850953 0.317061 -1.764497 0.922273 0.835901 -0.635781 -1.659784 -0.109016 -0.716135 0.335058 -0.622448 1.142485 -0.567015 0.547412 -0.099297 0.007537 0.395397 -1.243618 -0.093738 0.268755 1.536932 -0.453413 -1.279672 -0.662749 -2.212239 -1.168822 -0.543547 3.696507 0.530380 0.296100 0.046018 0.765365 -1.266059 0.886159 0.118487 -0.922020 -1.379613 1.898703 -1.504364 0.686734 0.213693 0.586450 -0.937068 -1.541741
66 0.250982 0.329488 0.856606 -0.630904 0.730993 1.508021 0.079069 -0.429108 -1.554330 0.785129 0.265022 -1.832184 2.159260 -0.921050 0.021730 -1.233026 -0.662871 1.087755 0.636537 0.072392 1.413580 -0.275712 1.135898 0.883850 0.755247 0.778392 -0.634686 -1.559342 -0.014679 0.318536 0.621052 1.190407 -0.395144 -1.809599 0.089397 0.697479 -0.471878 0.260287 0.625558 -1.750821 0.379523 0.327718 0.080725 -1.146608 1.531821 -0.787624 -1.215870 -0.222600 -1.051092 1.193485
67 -0.166321 -0.879120 -0.210738 -0.896277 -0.867232 1.053896 -0.777983 1.554408 -0.823659 0.460535 0.701723 -0.202324 0.475761 -2.058172 1.887021 -1.039613 0.158981 -0.170079 -0.594229 -0.569477 1.154486 0.233534 -0.151843 -0.417679 -0.982569 -0.022214 -1.462199 -0.260407 -0.717374 0.349862 0.781753 -0.991236 -1.933088 -0.463664 2.182190 0.208962 0.483462 -1.675381 -0.468649 1.415220 -1.516915 -1.267180 1.039483 -0.018138 -2.674936 0.144975 2.229463 -2.404660 0.482083 -1.072511
68 0.291025 0.141420 -0.513501 1.901380 -1.228157 -0.745322 -0.432282 -0.437842 1.539258 -0.016501 0.693804 0.393459 0.097059 0.189088 0.049963 -0.389485 -0.966029 2.554130 -0.229097 -1.301630 0.101565 0.197842 -1.082973 0.403406 -1.779502 -0.649579 -0.521221 1.573793 0.904635 0.028878 1.487235 0.485334 -0.486367 0.085858 1.038142 0.291806 0.195475 0.835908 2.004784 1.248310 -0.869424 0.984102 0.998784 -0.026478 -0.847661 -0.987788 -0.528492 0.752342 1.046522 3.049346
69 -0.575700 0.113287 0.646702 -1.271505 0.068422 -1.230259 -0.363757 0.987729 0.754809 1.206728 2.929700 0.216132 0.411985 0.633699 -0.535743 -1.023537 -1.151275 -0.904550 0.747851 -2.508144 1.143132 0.458999 -1.243483 -0.052558 -0.404124 0.046836 -1.141189 -0.349144 0.502708 0.200536 -0.035157 -0.034581 1.038995 0.516563 1.561407 1.070771 1.171959 -0.636653 -0.071141 -0.931335 0.325131 0.322791 0.008488 1.619896 -0.049552 0.608931 0.036148 1.168011 -1.125874 -0.424974
70 -1.397689 -2.195149 -0.364672 -0.950011 -0.699546 0.603084 2.021583 -1.003478 0.959282 -1.203479 -0.905306 0.226471 1.763801 0.368136 -0.549410 1.326856 0.376390 1.180065 1.130066 0.424467 1.164037 0.818311 -0.704095 0.056176 -0.221916 -0.825377 0.549514 -3.111466 1.106220 -0.246844 -0.273520 -0.935416 1.728008 -2.691060 -0.297095 -1.243040 0.805475 -0.960863 0.805325 -0.251262 -0.202178 0.514507 -1.831798 0.381019 -2.006460 1.093381 -0.372803 0.769875 0.354051 -0.685150
71 1.492235 -1.383202 0.777768 -0.686534 -0.576710 -0.406774 0.920311 -0.620815 0.458545 -0.261804 -2.446331 -0.407742 -1.313539 1.477075 -1.472618 0.200080 0.451961 -0.836709 -0.525741 1.356106 -0.825452 0.735442 -0.448648 0.006482 -1.416651 1.728701 0.260602 0.143925 1.107960 0.736618 0.142791 0.582285 0.321660 0.115321 -0.475240 0.259957 0.018356 -1.093479 -2.985499 -0.777031 -0.593723 1.529676 -0.733651 -1.593217 -1.706632 1.555379 -0.581655 0.830520 -0.424705 0.246504
72 -1.032273 1.053163 -0.172999 1.173553 0.402380 0.132127 1.573010 1.200963 -1.333907 0.165694 -0.824042 -0.809706 0.075137 -0.025800 0.265132 1.171552 -1.659723 1.811944 0.907755 1.144490 0.383198 -1.021476 1.421084 0.117999 1.393902 -1.108765 -0.382105 -0.053451 0.403061 1.354290 0.658301 -1.884322 0.113465 1.642401 -1.063047 -0.406237 -0.399941 -0.393835 -1.103877 1.262983 -1.969607 -0.140979 0.763952 -1.592557 1.775507 -0.406721 -0.091244 0.749288 -1.406080 1.896093
73 -0.614412 0.522862 -0.476899 -1.305137 1.072758 -0.631412 1.041043 0.980992 -0.025251 -0.044340 -0.667818 0.575006 0.997863 -0.250331 0.913156 0.389675 -1.241851 0.165232 0.318447 0.303321 -0.071563 0.685535 -0.278970 1.306105 0.276634 -0.369148 -0.108371 -1.364470 1.287402 -0.271515 1.335590 0.151531 1.086061 -0.128996 -0.339975 1.695280 1.743331 0.762831 -0.770033 1.414482 1.072679 -1.442047 -1.375753 0.513841 0.956617 1.253510 0.101394 0.948366 -0.078771 1.322540
74 0.898376 0.353065 -1.639051 0.078733 3.093467 -0.805744 -0.745150 -0.136486 1.117059 0.192975 0.123643 -1.492035 -0.320965 0.473557 -0.811273 0.600340 0.748930 -0.445054 -0.297907 -0.005278 0.426112 1.528874 0.078679 0.167026 0.151258 -0.597962 -0.213578 0.316950 0.856170 1.059449 -0.286044 -0.073081 -0.466182 0.209426 0.541405 -1.336238 0.536501 -1.681263 -0.256469 -0.240309 -1.070194 -0.374823 1.078136 -1.310088 -0.823722 0.326846 -0.029197 0.912691 -1.454039 -0.021130
75 0.117243 0.255126 -0.187543 0.328018 1.201278 0.809866 -1.445148 0.999688 0.636558 -0.270755 -0.066919 0.018523 1.006904 0.281222 -1.788529 0.334309 0.967878 -0.060348 0.454571 -0.075708 -0.778338 -0.327754 -0.081334 -0.520485 -0.818241 1.205999 0.524813 0.595942 -0.803212 -1.352463 3.147397 -0.080394 1.177143 0.422067 -2.445414 0.202456 2.301897 -0.999684 0.001782 -0.153901 0.868046 -0.694160 -0.322863 2.404378 -1.148473 1.331416 0.567085 1.249237 1.878637 -1.096343
76 1.696835 1.200143 0.281536 0.566048 -1.312449 -2.181102 -0.024231 -0.622834 0.643895 -1.017068 -0.947060 0.319240 -1.394027 -1.144799 1.026882 0.152819 -0.475712 1.391517 0.268476 -0.053144 -0.497798 0.519968 -0.655170 -0.791490 -1.978688 -0.288362 0.095354 0.432947 -0.269259 0.439134 0.683948 -0.037743 0.195602 0.144564 -1.786129 1.596604 1.242925 -1.910571 -0.067117 -1.328105 1.545092 0.118519 -0.599891 1.576818 -0.762778 -0.564298 0.152623 -0.488795 1.058732 -1.973628
77 1.369888 -0.384890 0.650205 0.448665 0.289011 0.095476 -0.478498 0.358548 1.160915 -0.430372 0.252279 0.098691 0.554787 0.256157 -1.401283 -0.463872 -0.762693 -0.808034 -0.844388 -0.334077 1.621981 -0.622140 2.281687 0.203271 -0.724050 -0.318251 -0.477845 1.624956 -0.816581 0.255874 1.254485 0.305412 -1.162938 0.371574 -0.220421 -0.399453 0.381990 -1.207289 -0.869536 -1.747667 -0.461597 1.139872 0.306737 -0.971457 -0.810134 0.397720 -0.032914 0.222442 -0.160558 -1.726131
78 -0.705590 -0.239540 -0.647634 0.514371 1.780760 -1.570633 0.067542 0.432172 0.260298 -0.653727 0.218913 -1.437909 -1.874730 0.803422 2.458372 0.376519 0.666477 1.316968 0.905853 -0.548038 -1.955064 -0.146431 -0.910755 0.757678 -1.399895 -0.202303 -0.473124 0.429029 -1.116821 0.518857 0.929563 -0.879667 0.016431 0.191243 -1.079237 1.477745 -1.454859 -0.396889 0.994791 1.360578 -0.184508 -1.564033 2.278032 1.031709 0.162717 -0.477800 0.563518 -0.711668 1.441529 -0.039227
79 1.877475 -0.420255 -1.111806 -1.026905 1.229392 -0.491461 0.308800 0.134655 2.035345 -0.290286 -1.063710 1.103585 0.637558 -1.837053 -0.780781 -0.579980 0.182916 -0.436031 0.062187 0.404533 1.001509 -0.569813 0.120575 0.599670 -0.935441 -1.694766 -0.719536 -1.107908 -0.830600 -1.778121 -0.504485 -0.557967 0.879505 1.563942 -0.696755 0.574551 -0.565798 0.789058 -1.055207 -1.637752 0.161594 -0.737032 -1.915816 1.905767 0.983192 0.474994 -1.247095 -1.752403 1.213253 0.447957
80 0.540889 -0.479496 0.679346 0.167983 -0.919330 -1.414606 -0.715614 0.370945 0.042357 1.547931 1.680629 0.730072 -0.844633 -0.933791 1.912566 -0.276699 0.831852 -0.778495 -0.893508 1.437820 -0.904982 0.394856 -0.051077 1.224929 -0.325842 0.832171 1.794951 0.101818 0.974279 0.248156 -0.088361 0.512147 -0.042597 0.161961 -0.290795 0.055100 -0.169920 0.028018 2.234050 -1.553936 1.898768 1.388366 0.481593 0.500900 0.067006 -1.156360 -0.580894 0.405991 1.139988 -0.300011
81 -0.793705 1.290794 1.087085 1.141308 0.029532 0.558789 -1.373580 1.457265 -0.184426 -1.022803 2.427546 1.241175 0.514194 -0.092202 1.234011 0.033664 0.194980 -0.886647 0.912542 0.475970 -0.165084 0.158724 -0.015238 -2.059019 0.163177 -0.728714 -0.890755 -0.926631 -1.668101 -0.384179 -0.247425 -0.340382 0.189061 -1.084072 -0.185689 -0.896706 0.474120 -0.692079 0.939141 -1.068407 1.173339 -1.040170 -0.203748 1.260110 2.237163 0.034405 0.570711 1.202299 -0.065135 0.874702
82 -0.253856 1.489817 1.461994 0.511044 -0.574597 0.428945 0.247028 -0.048301 -0.279511 -0.940555 -0.514391 -1.978783 -1.118743 2.336683 -0.182053 0.904428 -0.193339 -1.067170 1.086159 -2.413567 -1.660254 -0.737208 -1.245488 0.835133 0.641016 -0.056309 0.993859 1.659553 1.670128 1.871992 0.510566 0.676787 0.012024 0.424665 0.236758 -0.058484 -0.228039 -1.516825 1.706308 0.236964 -0.200028 -0.706649 -1.265896 0.109793 -1.769951 -0.839391 -1.308013 -0.358639 -0.441625 -0.174772
83 0.461128 -0.826363 0.358506 -1.758372 1.041036 0.175573 1.648708 0.389308 -1.033219 0.022906 0.943460 -1.031655 -0.314227 0.778563 0.288379 -0.484606 -0.771106 0.414981 -0.546482 1.232999 -1.879738 0.906461 0.912465 -0.048439 0.528369 -0.043821 0.175604 0.189120 0.790098 0.165051 1.673706 1.126937 -1.181350 -0.315294 0.326862 0.135228 -0.300930 -1.180696 -0.873715 0.171772 -0.591851 -0.663483 0.030044 0.063264 -2.747575 -0.169225 0.276056 0.232294 0.034902 -0.030805
84 1.195917 -1.052722 1.964174 0.636181 -1.328385 -0.804980 -0.621839 0.108377 -0.162025 -1.671624 0.026160 -0.129000 -0.425731 0.735277 -0.226935 0.252815 0.802710 -0.198155 -1.372785 0.574682 -0.040253 -1.044594 1.582345 -1.605965 1.408516 1.136321 0.765547 1.208375 0.209900 -0.150392 -1.272509 1.594986 0.346616 -1.372665 -0.454933 -0.208710 0.463339 0.804529 1.459509 0.028513 -1.342054 -1.094681 0.516824 -0.714356 0.340972 0.161489 -0.828904 1.936837 0.776276 0.534723
85 -1.062728 -0.804584 1.219855 0.059711 -0.350428 1.354600 -0.469262 -0.477288 0.280706 -0.533932 0.129370 0.622413 1.460883 -1.350053 -0.861370 -0.066195 1.275501 1.657386 -1.275899 0.706398 -0.510179 0.721291 -0.021331 0.438711 -1.050033 1.827845 0.028020 -1.455579 -2.236987 2.457292 -0.453509 -0.122214 1.277378 -0.858053 0.489661 1.780762 -1.669922 -0.608276 1.305529 0.044317 -1.460282 -2.423579 0.195490 2.032466 0.885224 0.265348 0.772455 -0.224052 0.906720 -1.270711
86 -0.324689 -1.315493 1.292888 2.154550 -1.896219 -0.746218 -0.009357 -1.803335 -1.223627 -0.172675 0.705672 0.965660 0.000800 -0.763851 -0.576120 -0.717524 -1.016882 -1.528278 -0.499461 -0.405556 -0.364957 -2.547278 -0.330505 -0.502449 0.111542 -0.082009 1.035342 -0.293866 0.611226 -1.007080 0.716767 0.454147 -1.436539 3.544337 0.532401 -0.272070 -1.156728 0.186591 -1.672543 0.380301 0.309660 1.233469 0.370409 1.425222 -0.274521 -0.972129 0.222738 -0.629333 -1.758309 1.823750
87 -1.207853 1.938631 0.927024 -0.462483 0.261860 1.237494 -0.530778 0.434879 0.099201 -0.012333 -0.748792 -2.317674 -1.068390 0.511548 1.517821 1.523480 0.864578 0.500035 -0.614510 2.361908 -0.222504 0.098028 -0.511853 0.323479 -1.103951 0.225162 -0.738544 0.322465 0.975292 0.069587 0.119533 0.296609 0.939680 0.133222 0.286158 1.040591 0.137310 0.170519 0.035699 -0.126819 0.913503 -0.315482 -0.431263 0.723028 -0.359626 1.160196 -0.300380 1.257561 -0.548552 2.390235
88 2.621539 0.917144 -0.101468 -0.969712 -0.190307 1.065985 -2.481859 1.080687 0.519977 -1.031043 -1.001126 -1.139241 -0.568443 0.407982 2.594915 0.704721 -1.313525 -1.078881 0.459906 0.829074 1.902858 0.010545 0.414140 1.027675 0.551498 0.475255 -0.581881 -0.885723 0.791632 -0.205190 -2.172566 1.077578 0.121255 -1.161331 -0.470671 -1.018276 1.076247 -0.683789 -2.057293 -1.097692 -0.563094 1.607940 -0.330440 -0.259926 -0.167023 -1.264193 1.256018 -0.646476 -0.377306 -1.197921
89 -0.598261 -1.138972 0.630525 1.601598 -0.053773 0.444054 -2.351365 -1.586711 -0.384688 1.254141 -0.660863 -0.432044 0.879878 -1.597265 -0.555881 -0.625228 0.126516 1.779179 0.689928 2.134784 0.224754 -1.693760 0.991358 0.624173 0.845867 0.328611 -0.725602 0.059353 1.902348 -0.305745 -0.500144 0.694617 -0.060278 1.507121 0.001020 -0.617815 1.609222 0.554124 -0.658103 0.829587 -0.745394 2.129100 0.362786 1.504924 1.356962 -0.830277 2.350444 -0.976545 -2.341811 -0.216952
90 -2.140092 1.373529 1.549855 2.756521 1.501890 -0.522424 0.514034 -0.825239 -0.296389 1.543126 0.764441 0.764123 -0.283567 0.609366 -1.172211 1.636573 1.357318 -2.711712 -1.584832 -1.760801 0.422368 0.819853 1.198917 -2.058553 1.518214 0.978343 2.206748 -0.194597 -0.619513 -0.473913 2.052883 -0.050613 -0.732100 -0.870502 0.894607 0.089562 0.302054 -2.456309 -1.518879 1.801251 0.233093 -1.171090 -1.438463 -0.271471 0.408450 0.766364 -0.402063 0.908852 1.811424 1.849655
91 0.273408 -0.380373 0.852842 -1.266062 0.709499 -1.317279 -0.487585 -0.365488 -0.180385 0.835397 -1.395942 -1.345732 -0.968669 1.527743 -0.288642 -1.123623 0.751459 1.529594 -0.051853 1.670781 -1.558425 0.094249 -0.878364 1.933944 0.020025 0.789537 0.583664 0.697485 0.902841 1.130044 -1.465360 0.848930 -0.684503 -0.619144 1.199845 -1.168841 -1.070122 0.464727 1.101759 0.568806 0.768783 0.027623 0.222196 1.490525 -1.121278 -0.911269 1.710761 1.931836 -0.278531 0.252174
92 -0.679790 -1.174882 1.937292 0.756832 -1.315835 -1.615767 -0.696621 -0.003089 0.559787 2.083575 1.645010 1.978653 -1.006883 2.113555 0.231741 -1.328129 -0.566321 -0.377194 -0.369308 -1.086501 0.539106 -0.779320 2.034925 0.654731 -1.184812 -0.603054 0.340892 0.798574 0.161234 1.347835 2.081996 -0.123347 0.073247 -1.151041 -0.304078 1.017487 -0.038250 1.570065 -1.910665 0.907801 -0.181586 0.975326 -0.429291 0.002895 0.128983 0.730052 0.337009 -0.654902 -0.675903 0.523586
93 -0.162849 0.644515 0.638571 -1.732071 0.408024 1.062067 0.250276 0.531279 0.665108 -0.285374 0.641427 0.554031 -1.570633 0.829784 -0.852659 2.017716 -1.134398 -2.008016 0.846644 1.054888 0.970394 1.202007 -0.435355 0.246025 -1.173529 0.542197 0.315240 -0.259108 0.124924 1.047875 -1.203623 1.520611 -0.274326 1.860914 1.174397 -1.393453 0.155639 0.097203 0.772966 -0.714924 0.162349 0.844870 0.308584 -0.924785 -0.445806 -0.711937 1.165611 -2.052395 -0.107070 0.945938
94 -0.765624 -1.243318 0.154240 -0.728790 -0.479308 0.470540 -1.296650 1.748438 1.878723 0.455158 -0.971241 0.697811 -0.442546 -0.556827 -1.018047 -0.770017 0.459585 -0.479616 -0.833012 -0.987967 -0.941082 -0.402733 -0.015246 -0.819757 -1.011128 1.350772 -0.674724 1.806016 1.183268 0.229660 -0.425209 1.560478 -2.021646 2.056449 1.784391 -0.223284 -0.881624 0.644142 0.111241 -0.278722 -0.829450 -2.651673 0.127328 -1.344191 0.636075 0.114167 -1.361940 -0.816416 1.081747 -0.818345
95 0.799349 1.276086 -0.878116 -1.417576 2.225070 0.849183 -2.130021 -1.320058 1.293659 2.027035 0.439790 1.656102 -0.559381 0.167868 0.417384 0.018421 -0.039206 0.200700 1.819735 -1.405008 0.297507 -0.857637 0.425391 1.479921 0.170627 0.169735 0.239480 0.175883 0.299718 -0.425494 -0.588855 1.601118 -0.041796 -1.104822 1.814991 -0.609186 0.233102 -0.793978 1.540409 0.683984 0.247061 -0.164150 0.536866 -0.736349 -1.159416 0.414472 0.659209 0.013218 1.461758 -0.906971
96 1.339919 -0.216912 0.391306 -0.469789 0.965130 2.457348 -1.696858 0.367489 0.936035 -0.744562 -0.352475 0.626948 0.323044 -1.088350 -1.277238 0.644914 0.212515 -0.061678 -1.527730 -0.521052 0.601209 0.618752 -0.997259 -0.864401 -1.161262 0.081797 -0.505309 -0.867505 1.094030 1.027357 -0.053629 -1.552124 -0.819243 -2.196944 0.705562 -0.262910 -0.060901 -0.678978 0.390234 0.357907 0.164352 0.988259 -0.193408 -1.269167 0.886713 1.025264 0.745440 -1.289748 -0.317472 -1.624299
97 0.288372 0.782367 -0.892740 -0.633835 -1.004933 0.135811 -1.025707 0.074821 1.182467 0.189369 -0.275290 -0.193717 -0.428875 -1.220138 0.009497 0.547910 0.259478 -0.882051 1.076998 1.018410 1.314349 -0.599065 0.081785 -1.021436 0.147691 1.429779 -1.552837 0.248862 0.460578 -0.506140 0.877946 1.258202 1.451863 0.107967 0.577405 0.831519 0.017658 -0.537992 1.606867 -0.564556 -1.124314 -0.878372 -0.337973 -0.842767 -1.102180 0.827222 -0.352468 0.256503 1.329209 1.001080
98 -0.285918 -0.503538 0.965528 -0.529247 0.276723 -0.692337 -0.220262 0.235645 -0.437242 0.168294 0.471186 -2.056715 -1.097705 0.819235 -1.710939 -0.557146 -0.919443 -0.235180 0.920348 -0.093818 1.220793 -1.519491 0.580190 -0.623484 -1.820290 -1.164753 1.426876 -0.578700 -0.864780 -1.224866 -1.613602 -1.275520 -0.455151 1.930242 -1.720584 0.084744 1.394467 -0.697151 -0.666475 1.583896 -1.133846 -0.416673 0.733961 1.879725 -0.834790 -1.528665 -1.742466 -0.374469 1.021390 1.486434
99 -1.427346 0.319775 2.085027 1.133674 -0.392555 -1.565652 0.498426 -0.187577 0.363995 1.072225 0.107052 -1.776278 -0.248912 0.673846 0.688392 -0.662846 0.357637 -0.092223 0.789126 -1.715672 -0.397724 -1.211652 -0.612081 -1.331277 0.753292 0.048649 -0.199634 1.189079 -1.242327 -1.537093 -0.582968 0.574839 0.116639 0.104385 0.728919 -0.035100 -0.247707 -0.465123 0.456548 2.232709 0.323518 -1.519621 1.424713 -1.927766 -0.512384 1.404225 0.532397 -0.086604 0.190868 -0.923549
END
#################################################################
SECTION3 (Edges Information)
EndPoint0 EndPoint1 Weight
0 1 1.000000
0 9 1.000000
0 10 1.000000
0 90 1.000000
1 0 1.000000
1 2 1.000000
1 11 1.000000
1 91 1.000000
2 1 1.000000
2 3 1.000000
2 12 1.000000
2 92 1.000000
3 2 1.000000
3 4 1.000000
3 13 1.000000
3 93 1.000000
4 3 1.000000
4 5 1.000000
4 14 1.000000
4 94 1.000000
5 4 1.000000
5 6 1.000000
5 15 1.000000
5 95 1.000000
6 5 1.000000
6 7 1.000000
6 16 1.000000
6 96 1.000000
7 6 1.000000
7 8 1.000000
7 17 1.000000
7 97 1.000000
8 7 1.000000
8 9 1.000000
8 18 1.000000
8 98 1.000000
9 0 1.000000
9 8 1.000000
9 19 1.000000
9 99 1.000000
10 0 1.000000
10 11 1.000000
10 19 1.000000
10 20 1.000000
11 1 1.000000
11 10 1.000000
11 12 1.000000
11 21 1.000000
12 2 1.000000
12 11 1.000000
12 13 1.000000
12 22 1.000000
13 3 1.000000
13 12 1.000000
13 14 1.000000
13 23 1.000000
14 4 1.000000
14 13 1.000000
14 15 1.000000
14 24 1.000000
15 5 1.000000
15 14 1.000000
15 16 1.000000
15 25 1.000000
16 6 1.000000
16 15 1.000000
16 17 1.000000
16 26 1.000000
17 7 1.000000
17 16 1.000000
17 18 1.000000
17 27 1.000000
18 8 1.000000
18 17 1.000000
18 19 1.000000
18 28 1.000000
19 9 1.000000
19 10 1.000000
19 18 1.000000
19 29 1.000000
20 10 1.000000
20 21 1.000000
20 29 1.000000
20 30 1.000000
21 11 1.000000
21 20 1.000000
21 22 1.000000
21 31 1.000000
22 12 1.000000
22 21 1.000000
22 23 1.000000
22 32 1.000000
23 13 1.000000
23 22 1.000000
23 24 1.000000
23 33 1.000000
24 14 1.000000
24 23 1.000000
24 25 1.000000
24 34 1.000000
25 15 1.000000
25 24 1.000000
25 26 1.000000
25 35 1.000000
26 16 1.000000
26 25 1.000000
26 27 1.000000
26 36 1.000000
27 17 1.000000
27 26 1.000000
27 28 1.000000
27 37 1.000000
28 18 1.000000
28 27 1.000000
28 29 1.000000
28 38 1.000000
29 19 1.000000
29 20 1.000000
29 28 1.000000
29 39 1.000000
30 20 1.000000
30 31 1.000000
30 39 1.000000
30 40 1.000000
31 21 1.000000
31 30 1.000000
31 32 1.000000
31 41 1.000000
32 22 1.000000
32 31 1.000000
32 33 1.000000
32 42 1.000000
33 23 1.000000
33 32 1.000000
33 34 1.000000
33 43 1.000000
34 24 1.000000
34 33 1.000000
34 35 1.000000
34 44 1.000000
35 25 1.000000
35 34 1.000000
35 36 1.000000
35 45 1.000000
36 26 1.000000
36 35 1.000000
36 37 1.000000
36 46 1.000000
37 27 1.000000
37 36 1.000000
37 38 1.000000
37 47 1.000000
38 28 1.000000
38 37 1.000000
38 39 1.000000
38 48 1.000000
39 29 1.000000
39 30 1.000000
39 38 1.000000
39 49 1.000000
40 30 1.000000
40 41 1.000000
40 49 1.000000
40 50 1.000000
41 31 1.000000
41 40 1.000000
41 42 1.000000
41 51 1.000000
42 32 1.000000
42 41 1.000000
42 43 1.000000
42 52 1.000000
43 33 1.000000
43 42 1.000000
43 44 1.000000
43 53 1.000000
44 34 1.000000
44 43 1.000000
44 45 1.000000
44 54 1.000000
45 35 1.000000
45 44 1.000000
45 46 1.000000
45 55 1.000000
46 36 1.000000
46 45 1.000000
46 47 1.000000
46 56 1.000000
47 37 1.000000
47 46 1.000000
47 48 1.000000
47 57 1.000000
48 38 1.000000
48 47 1.000000
48 49 1.000000
48 58 1.000000
49 39 1.000000
49 40 1.000000
49 48 1.000000
49 59 1.000000
50 40 1.000000
50 51 1.000000
50 59 1.000000
50 60 1.000000
51 41 1.000000
51 50 1.000000
51 52 1.000000
51 61 1.000000
52 42 1.000000
52 51 1.000000
52 53 1.000000
52 62 1.000000
53 43 1.000000
53 52 1.000000
53 54 1.000000
53 63 1.000000
54 44 1.000000
54 53 1.000000
54 55 1.000000
54 64 1.000000
55 45 1.000000
55 54 1.000000
55 56 1.000000
55 65 1.000000
56 46 1.000000
56 55 1.000000
56 57 1.000000
56 66 1.000000
57 47 1.000000
57 56 1.000000
57 58 1.000000
57 67 1.000000
58 48 1.000000
58 57 1.000000
58 59 1.000000
58 68 1.000000
59 49 1.000000
59 50 1.000000
59 58 1.000000
59 69 1.000000
60 50 1.000000
60 61 1.000000
60 69 1.000000
60 70 1.000000
61 51 1.000000
61 60 1.000000
61 62 1.000000
61 71 1.000000
62 52 1.000000
62 61 1.000000
62 63 1.000000
62 72 1.000000
63 53 1.000000
63 62 1.000000
63 64 1.000000
63 73 1.000000
64 54 1.000000
64 63 1.000000
64 65 1.000000
64 74 1.000000
65 55 1.000000
65 64 1.000000
65 66 1.000000
65 75 1.000000
66 56 1.000000
66 65 1.000000
66 67 1.000000
66 76 1.000000
67 57 1.000000
67 66 1.000000
67 68 1.000000
67 77 1.000000
68 58 1.000000
68 67 1.000000
68 69 1.000000
68 78 1.000000
69 59 1.000000
69 60 1.000000
69 68 1.000000
69 79 1.000000
70 60 1.000000
70 71 1.000000
70 79 1.000000
70 80 1.000000
71 61 1.000000
71 70 1.000000
71 72 1.000000
71 81 1.000000
72 62 1.000000
72 71 1.000000
72 73 1.000000
72 82 1.000000
73 63 1.000000
73 72 1.000000
73 74 1.000000
73 83 1.000000
74 64 1.000000
74 73 1.000000
74 75 1.000000
74 84 1.000000
75 65 1.000000
75 74 1.000000
75 76 1.000000
75 85 1.000000
76 66 1.000000
76 75 1.000000
76 77 1.000000
76 86 1.000000
77 67 1.000000
77 76 1.000000
77 78 1.000000
77 87 1.000000
78 68 1.000000
78 77 1.000000
78 79 1.000000
78 88 1.000000
79 69 1.000000
79 70 1.000000
79 78 1.000000
79 89 1.000000
80 70 1.000000
80 81 1.000000
80 89 1.000000
80 90 1.000000
81 71 1.000000
81 80 1.000000
81 82 1.000000
81 91 1.000000
82 72 1.000000
82 81 1.000000
82 83 1.000000
82 92 1.000000
83 73 1.000000
83 82 1.000000
83 84 1.000000
83 93 1.000000
84 74 1.000000
84 83 1.000000
84 85 1.000000
84 94 1.000000
85 75 1.000000
85 84 1.000000
85 86 1.000000
85 95 1.000000
86 76 1.000000
86 85 1.000000
86 87 1.000000
86 96 1.000000
87 77 1.000000
87 86 1.000000
87 88 1.000000
87 97 1.000000
88 78 1.000000
88 87 1.000000
88 89 1.000000
88 98 1.000000
89 79 1.000000
89 80 1.000000
89 88 1.000000
89 99 1.000000
90 0 1.000000
90 80 1.000000
90 91 1.000000
90 99 1.000000
91 1 1.000000
91 81 1.000000
91 90 1.000000
91 92 1.000000
92 2 1.000000
92 82 1.000000
92 91 1.000000
92 93 1.000000
93 3 1.000000
93 83 1.000000
93 92 1.000000
93 94 1.000000
94 4 1.000000
94 84 1.000000
94 93 1.000000
94 95 1.000000
95 5 1.000000
95 85 1.000000
95 94 1.000000
95 96 1.000000
96 6 1.000000
96 86 1.000000
96 95 1.000000
96 97 1.000000
97 7 1.000000
97 87 1.000000
97 96 1.000000
97 98 1.000000
98 8 1.000000
98 88 1.000000
98 97 1.000000
98 99 1.000000
99 9 1.000000
99 89 1.000000
99 90 1.000000
99 98 1.000000
END
#################################################################
SECTION4 (TrueSubGraph Information)
EndPoint0 EndPoint1 Weight
2 92 1.0
92 82 1.0
92 91 1.0
91 90 1.0
90 0 1.0
0 10 1.0
10 11 1.0
11 12 1.0
12 2 1.0
2 3 1.0
END
#################################################################
SECTION5 (Labels Information)
0 0 1 0 0 0 0 0 0 0 0 0 0 1 0 0 1 0 0 0 0 0 0 0 0 0 1 0 0 0 1 0 0 0 0 0 0 0 0 0 0 0 0 0 0 0 0 0 0 0 
END
#################################################################
SECTION6 (bt Information)
-5 -5 5 -5 -5 -5 -5 -5 -5 -5 -5 -5 -5 5 -5 -5 5 -5 -5 -5 -5 -5 -5 -5 -5 -5 5 -5 -5 -5 5 -5 -5 -5 -5 -5 -5 -5 -5 -5 -5 -5 -5 -5 -5 -5 -5 -5 -5 -5 
END
#################################################################
