#################################################################
#APDM Input Graph, this input graph includes 3 sections:
#section1 : general information
#section2 : nodes
#section3 : edges
#section4 : trueSubGraph (Optional)
#
#if nodes haven't information set weight to null
#################################################################
SECTION1 (General Information)
numNodes = 100
numEdges = 200
usedAlgorithm = NULL
dataSource = SimulationData2
END
#################################################################
SECTION2 (Nodes Information)
NodeID Base Counts
0 -2.057287 2.115877 -0.006541 1.355728 0.278171 -1.419231 -1.499908 -0.425018 -0.410939 1.396017 0.437654 -0.965870 1.014318 0.538473 0.830384 -0.239799 -0.742130 0.110231 -0.808883 -0.078888 -0.450646 -0.605653 -0.245272 0.793370 -0.250936 0.045024 -0.952016 -2.543766 -0.947663 0.050569 1.169598 1.421458 2.131918 0.195473 -0.530491 0.029667 -1.387114 -0.344572 0.939730 2.525409 1.594215 1.607099 0.413862 1.189214 0.075544 -0.610531 0.452791 0.657032 0.039286 1.052242
1 0.474397 1.142347 1.069989 0.027506 -0.751871 -0.522433 -0.080412 -0.493589 1.089169 0.933859 -0.020384 -0.018804 1.829051 1.193030 -0.929727 1.186188 0.164728 -0.791329 -0.620162 0.149189 0.879442 -0.420992 -0.082427 -0.557778 -0.264833 -0.320127 -0.170429 -1.712364 -0.397226 -1.196499 1.195245 0.361531 -0.058065 1.874131 -1.536020 -1.916905 0.387313 -1.568552 -0.444966 -1.448344 -1.129881 -0.608481 -0.279411 -1.326813 -0.765908 -0.069003 -1.055720 -1.015840 -1.535013 -0.456252
2 2.631417 2.123850 0.854745 -0.191842 -1.214739 -0.098279 0.123024 -0.679046 -0.332241 0.709276 -1.266918 -1.448439 -0.043377 -0.788845 -0.957140 0.065421 0.551047 0.657391 0.741445 -0.344079 -0.305916 0.222604 -1.479009 -0.340715 0.552032 0.625844 1.347947 0.853634 -1.749227 -1.059057 0.365635 3.077875 1.505585 -0.642283 0.667741 0.875349 0.827719 -1.525614 -0.612546 -0.762388 1.151505 -1.779625 0.436929 1.573892 1.487594 -0.804328 0.335053 1.966937 -1.433694 2.375279
3 -1.368505 1.230047 -0.355094 0.084993 -0.679777 0.536936 -0.315746 1.036625 -0.115106 -0.538635 0.844713 -0.344847 1.611433 -0.814992 -0.333266 -1.471949 -0.469851 1.107195 1.520297 0.242925 1.172783 0.781146 -0.154790 -0.973199 -0.140933 -1.110299 0.696971 -0.500012 -2.201623 0.258425 1.151629 0.269585 1.017284 -0.291458 -1.093346 0.663270 0.667741 0.651221 1.189038 -0.786850 -1.591113 -1.310049 0.424244 1.504348 0.216192 -0.524334 -1.353502 0.865010 -0.234422 0.778434
4 -0.850485 0.227716 1.928649 -0.538244 -0.485286 -1.329289 0.995921 0.930564 -0.931118 0.542424 0.792349 -2.201152 0.390919 0.011826 -1.057700 0.133316 -0.290107 1.066075 -0.028109 -2.042032 0.903973 -2.423626 0.069118 0.475538 -0.853024 -2.412111 0.491522 0.218302 -0.918021 -0.299240 1.010803 1.352576 -1.207840 0.970630 -0.758339 1.196316 -0.313824 -1.173490 0.739839 0.585240 0.545905 2.233677 0.713553 -0.890931 -0.598322 -0.950676 -0.006087 -0.573231 -0.714262 0.562234
5 -0.022689 -1.027466 -0.177206 -0.623663 -1.091977 0.981916 1.297388 -0.957829 -0.481443 0.999174 1.652770 0.489960 -0.862029 1.604806 0.072927 1.440337 -0.228975 -0.108361 -0.612652 0.169166 0.515096 1.005308 -0.286405 -1.031927 -1.063662 -0.554121 0.879847 0.766249 0.233054 0.168181 0.354049 -1.625236 0.386419 -0.380708 0.202037 -0.514400 0.428732 -1.080379 0.030156 0.918664 0.586776 0.715407 -0.415832 0.529649 -0.105248 -0.255499 0.506576 -1.608920 -0.397192 0.879629
6 0.377972 -0.164830 0.363309 -0.196592 -0.916102 1.339432 0.853369 -0.213820 1.143753 1.579019 0.259570 0.200790 0.039242 -1.118144 -0.596279 0.830345 1.637941 0.645837 1.934295 -0.569279 -1.120503 1.235763 0.610532 1.490621 -0.911531 0.264593 1.588751 -0.825315 -0.281544 1.136239 0.456386 0.107341 -1.136666 -0.662309 0.482638 -0.957305 -0.039471 0.208882 0.043783 0.075440 1.109163 0.576038 -0.283910 0.129813 1.787181 1.373494 0.427891 1.356655 -1.087524 0.541181
7 0.867752 -0.294054 -0.428247 0.326746 0.544448 -1.939392 0.570117 0.658690 0.208975 -1.282079 0.332403 0.356661 0.014801 1.234732 0.591116 0.236989 -1.325490 1.422807 -0.828839 -2.462155 -1.960918 0.297761 -1.433883 0.250626 0.862083 -1.007683 -0.179842 -0.307784 0.785710 -1.894844 -0.984817 -0.667145 -1.740218 -0.053003 -0.610195 0.669587 -0.387351 -1.044756 -1.449441 -0.324733 -1.326890 -0.509629 -0.713115 0.342646 -0.714493 1.015632 -1.037594 -0.221395 2.169155 -0.713948
8 1.147702 -0.291927 -0.461794 -0.680815 0.854912 0.583661 0.648452 0.475438 0.320973 -0.703537 -0.318723 0.643876 1.375665 1.092356 -0.551008 -0.040499 1.354614 0.929204 -0.314089 1.075751 -1.493372 -0.030139 -0.129247 -0.058302 1.003544 -0.861408 1.224930 0.066732 -1.211872 -0.239542 1.941684 0.137007 0.566096 1.093473 -0.489568 0.276917 -0.816216 -0.599601 0.666392 1.493201 -0.485624 0.143132 -0.655228 -0.234302 0.156530 -1.640281 -1.555917 1.139316 0.848516 -0.663303
9 -0.671859 0.742297 1.686396 -0.948729 1.199794 -0.420524 0.914805 -0.450565 -0.681685 0.460311 0.322309 0.063205 1.504661 0.444113 0.644736 0.689319 0.499237 0.394215 0.738106 0.337005 -1.575295 0.780183 0.092967 -1.232065 0.154460 0.628256 0.569281 1.530426 1.403661 0.187809 2.349316 0.415000 -1.026708 1.257426 -1.556138 0.481582 1.072712 -0.959104 0.506634 -1.354469 -1.876758 0.502342 0.513492 -0.251292 2.145652 -0.652285 -0.401364 -0.645107 -0.860764 0.096895
10 0.351045 2.304352 2.154557 2.875335 0.710303 -1.259099 2.331707 2.286267 1.821270 1.356138 -0.910132 -0.201698 0.675857 -0.050354 0.581651 0.216885 -0.970917 1.165964 -2.228444 1.418066 3.864120 2.605021 2.922208 1.368900 1.069178 1.865525 1.049962 2.931096 0.009168 -1.190375 2.657100 0.594764 1.416172 1.421069 -0.225838 -2.132788 0.500072 0.188673 2.157572 2.771721 2.163405 -0.700464 -0.142437 2.572464 -0.212349 3.316022 3.082564 1.407780 2.424404 1.571807
11 -1.491535 1.184520 2.003226 4.963035 2.619482 -1.168435 3.313090 1.740509 1.208783 1.152668 1.441506 0.029676 0.361080 1.681657 1.000331 -1.974285 -1.003783 -0.287698 -1.409160 2.772427 1.422349 2.493556 1.985286 -0.332888 0.688669 1.340374 2.198221 3.196600 -0.112345 0.269560 0.417868 0.573036 1.050955 2.682911 0.017240 -0.248376 0.679797 0.640972 2.697574 1.929991 2.066173 1.319575 -0.458402 2.300953 4.254501 1.427577 0.698624 1.974319 0.642565 4.130778
12 0.510013 -0.216499 2.506530 0.451172 0.709701 -0.064221 2.650691 1.542019 -0.472591 -1.427615 0.065192 0.627328 -1.099338 -0.604227 1.930491 -1.644349 -1.306395 -0.444845 -1.005317 -0.055484 0.515047 -1.232078 -1.119893 -0.780537 2.095973 0.476894 0.549837 0.183752 -1.392585 0.335120 -0.827493 0.668901 1.583036 0.290938 0.764342 -0.302369 2.735184 -1.567923 1.138382 -0.632812 0.931753 -2.232642 0.313264 0.788864 0.643147 1.142280 0.800366 -1.641054 0.226950 0.423068
13 0.095995 -0.083939 -0.590952 0.534773 -0.173510 0.659846 0.041523 -0.852354 0.714651 -0.138845 -1.221894 0.398747 -0.058710 0.722911 -0.254839 -0.830074 -0.237636 1.113857 -0.138523 1.329609 -0.426093 -0.972189 0.680287 -0.507580 0.593702 -0.376451 -0.271052 -1.126324 -0.191979 -2.183242 0.164774 1.079418 -0.472596 0.716835 -1.000673 0.499812 0.779654 -0.926012 0.302463 0.450867 1.958276 0.397363 -0.848222 -0.830001 -0.285912 -1.479495 -0.992859 -1.504770 -1.348995 -0.550872
14 -1.446562 1.547164 1.628785 0.347172 0.252856 -0.509580 -0.687862 -0.793612 -0.721089 -1.074518 0.042345 -0.062140 -0.395692 -0.553014 1.036602 -1.899787 -1.166519 0.378406 -0.049713 0.469492 0.683216 0.380427 -0.280171 -0.076084 1.319194 -0.966517 -0.117408 0.983092 -0.183187 0.309181 2.053201 1.069735 0.854875 -1.380383 -1.416748 1.747378 -0.525754 0.493671 0.228923 0.842498 0.461454 -0.346219 2.007349 2.228242 1.130343 0.520802 0.046707 0.836364 -1.322259 -1.213502
15 -0.287966 -0.918326 0.092637 -0.277322 1.492697 1.757565 -0.204634 -0.207004 -0.871242 -0.912298 -2.150887 -0.258611 1.173993 -0.111018 0.535697 -0.842252 1.168556 0.589349 -0.261799 -0.399549 -1.441694 0.778473 -0.348510 -0.331512 0.073142 0.513086 1.183378 -0.613346 -0.450183 0.631158 -0.506027 1.144219 0.855036 1.764018 -0.891423 -2.298318 1.757087 0.600669 1.262059 -1.045096 0.294593 0.725688 -0.328355 -1.355585 -1.003687 0.968147 -0.286046 -0.728926 -0.526758 -1.138313
16 0.260057 0.793845 -0.874212 0.250468 1.090619 0.314852 1.541392 0.305542 -2.411872 0.756896 0.391570 0.016651 -1.051074 -0.189785 -0.459909 0.794828 -0.345733 -1.495463 -0.929676 0.087061 -0.918598 -0.926793 -0.771147 0.237051 -1.564248 1.278738 -0.202220 0.597929 -0.040682 -0.287054 -0.461797 0.115410 0.218252 -0.883541 -0.924387 -0.070108 -0.578637 -0.213841 1.393334 2.094684 -0.057219 2.288975 0.949549 0.447067 -0.050794 0.229115 1.909434 1.316775 0.459395 0.700176
17 0.686458 0.984546 0.179456 -1.052091 -0.013006 0.469764 -0.234766 -1.356556 -1.535878 0.689801 0.555757 1.012981 -0.101019 0.580324 -0.728459 0.864435 -1.255395 0.790198 0.244689 0.265276 -1.342347 -0.670182 -1.114261 0.434990 1.401292 -1.328548 -0.660595 2.142607 0.136450 0.726548 0.286259 -0.827625 0.561093 -1.107860 -2.074363 -0.703995 0.997424 0.779772 -0.284205 0.232719 -0.613508 0.539135 0.677556 0.429330 -0.885518 -1.349796 1.050741 0.810417 0.441543 -1.168516
18 0.693334 -2.007877 2.256067 -0.593739 0.169907 0.191527 -0.370521 0.782868 1.716630 -0.185464 2.555256 1.348837 0.312443 -0.523244 -1.271016 1.113101 -1.055805 -0.791008 -0.162323 -0.650379 -0.642395 -2.680295 2.748618 -0.689186 -0.654459 0.524499 -1.032233 0.392889 -0.995926 -1.620539 -0.744490 0.648742 1.778510 1.194037 0.076048 0.400716 0.938789 -1.694996 -0.387941 0.365958 -0.425907 0.730369 0.247746 0.712600 0.545904 -1.467564 -1.093771 0.580071 0.708431 1.508977
19 -1.220311 -0.300763 -0.197736 0.582407 -0.461695 1.183802 -0.735970 -0.326989 -1.063457 0.540654 -1.570567 0.065839 0.357551 0.165234 -0.169331 0.748258 0.157649 -1.242977 -1.915937 -2.317065 -0.974361 -0.351705 -1.354148 -1.223077 3.105742 -0.581498 0.006820 -2.390532 -0.516023 -0.002184 -0.448060 2.130061 0.339264 0.113200 0.017902 -0.280250 0.181149 1.877279 0.774356 0.780541 1.706595 1.439579 -1.632272 -1.540478 -0.143228 0.172519 -0.081243 -0.727867 0.319444 0.300015
20 2.264457 3.393289 0.041740 3.231660 2.219692 0.865276 1.641468 1.720837 2.862872 1.828771 1.092821 -0.115206 0.429707 0.057517 -0.169882 0.345369 -0.825924 2.666244 0.068313 3.074975 1.038990 2.630471 3.956355 -0.968497 -1.570343 2.366550 2.190069 0.282146 -0.533208 2.474370 3.356196 2.006610 3.500533 1.706402 -1.367597 -0.093506 1.589560 3.011606 1.758507 3.222190 3.253576 1.332380 0.945078 -0.653183 1.986643 2.577863 1.254271 2.159140 1.301000 0.398303
21 2.521593 -0.452811 -0.406864 -0.527066 1.515180 0.115484 -0.223150 -0.138274 -0.676250 -0.681568 1.087495 -1.098653 -0.099001 0.112845 -1.642133 1.157020 0.656096 0.367381 0.207786 0.067087 0.127297 0.053437 0.443233 -0.719640 -0.146728 0.692981 -0.605747 -0.847562 0.676939 1.155762 -0.388513 -2.209304 -0.332681 0.048808 1.175440 -2.937780 0.337375 -0.427059 -0.627867 1.163748 -1.346421 -0.264154 1.255098 0.045987 0.516046 0.976857 0.568581 0.341533 -0.484511 0.501762
22 -0.544497 1.781714 0.605472 -0.174667 -1.212823 1.583831 -0.699777 -1.413222 -0.195493 -0.797322 1.132077 1.141132 0.287543 -0.587653 -0.566024 0.301286 -0.304888 1.245328 0.034224 1.234570 0.489686 0.671963 0.030589 -1.550939 -0.471865 -0.533448 -0.117684 -0.399854 0.292286 0.771586 0.057192 1.083045 -0.353939 1.150774 -0.524119 0.607452 0.441378 1.782507 -0.616039 -0.448551 0.410507 -0.092746 -0.668768 0.326255 0.186116 -1.487534 -1.359036 -1.087878 0.506678 1.516268
23 -0.698190 1.353334 -0.037266 0.325781 -0.099726 0.708249 0.603217 -1.075528 -1.125051 0.206574 -0.580860 0.877272 -0.193204 -0.545972 1.209086 -2.434233 -0.723590 -0.384863 0.932601 -0.643249 -1.573204 1.262782 0.226990 -0.615761 -0.830083 -0.983627 0.279583 1.545567 0.896494 -0.155129 -0.077082 -0.326566 0.135841 -0.094821 -2.270677 -0.530181 -0.039579 0.065331 0.013161 0.511914 1.006547 -0.427589 -1.791055 -0.117869 -0.303804 1.558872 1.374639 -0.767768 -0.771813 -1.196636
24 -0.771590 0.845432 0.223776 -1.528667 1.096766 -0.640514 -0.409535 -2.535141 -0.167541 0.221828 0.695061 2.040049 1.494457 0.173741 0.132992 0.090672 -1.473575 0.780225 0.979629 0.743265 -0.523397 0.683692 -0.432019 -2.246903 -1.493433 0.611896 0.909441 0.468317 0.720427 0.995237 0.596390 -0.112480 -0.114795 0.916597 0.306697 -1.036429 -0.886251 -1.186869 0.259697 0.174919 -0.541904 -0.135988 -0.416324 0.396473 -0.885759 -0.767237 1.594794 -1.135239 -1.955182 1.559687
25 1.612644 1.320802 -1.405961 -0.164811 0.589330 0.412747 0.378651 -1.780367 -1.336528 -0.044675 0.331787 1.150713 0.547546 0.878192 0.796770 0.274557 -0.037283 -0.663420 -1.492448 0.847390 1.017197 0.331362 0.651376 0.327675 1.082173 -0.136990 -0.432642 -0.679340 -0.213989 -0.110824 0.041602 1.510440 0.416219 0.378655 0.372729 0.324098 -0.969065 0.001796 0.837683 -0.294972 -0.775444 -0.736669 0.664769 -0.154040 -0.088635 1.874183 0.261369 0.067084 0.463522 0.939146
26 -0.055290 0.623762 -2.891066 0.105653 0.547434 -1.308327 1.739111 -0.269073 0.143067 -0.315556 -1.271625 -1.111101 -0.231705 -0.066253 -0.386325 -1.567089 0.354763 -2.149686 -2.025325 -0.535276 -2.280096 0.975893 2.804762 -0.848057 -0.349683 -1.023771 -1.920690 -0.276933 -0.135602 -0.232043 0.958446 2.112638 -0.490054 2.046310 0.964894 1.004164 1.246693 -2.109090 0.247861 0.884881 0.334946 -0.577201 -0.613741 1.403506 -1.139278 0.357080 0.471805 -0.019584 0.219639 -0.528840
27 0.472474 2.633718 0.690693 1.843140 2.496201 0.307549 1.852880 1.261924 0.871523 2.756764 -1.034604 1.043720 0.571200 1.555790 -0.713016 0.353136 0.074114 2.078802 -1.285943 3.329185 2.876494 1.909935 3.048115 -1.799572 -0.805776 2.038451 2.670476 2.700816 -0.702316 1.183325 4.914704 1.985898 2.149705 2.239550 0.069282 -0.246666 2.109435 -0.654428 1.838570 2.474652 3.748251 2.940655 -0.502532 0.940306 2.827991 2.337082 1.835908 2.765617 2.696174 4.096696
28 0.358124 3.879921 0.224091 1.113127 2.198595 0.211359 2.496465 2.584155 0.754757 2.044314 0.524741 -0.216297 0.521606 -1.783179 0.258548 1.544138 0.822844 4.209291 0.071362 1.602671 2.863032 3.180549 0.845436 -0.373424 0.512208 1.965724 3.690169 2.670072 0.104892 -1.403626 -0.403834 2.926953 0.009095 2.911130 0.782664 -0.925116 -0.539462 0.024796 3.456316 2.674405 0.827227 1.404861 -0.198812 1.273391 0.067641 0.803340 2.327882 2.146536 2.967533 1.281859
29 -0.216275 0.770902 2.370874 3.529092 2.960201 1.163002 2.448050 0.399712 3.325531 1.100325 -0.586153 -2.502184 2.680039 0.933928 -0.359942 0.195996 -0.851652 2.872646 -0.082083 3.324822 0.252743 2.014048 1.439721 2.046220 0.353472 3.084636 2.687040 2.108688 -0.758726 -1.978663 2.643728 1.778519 1.936201 1.571393 -0.616255 -0.856291 1.257553 0.034661 1.945934 1.153275 -0.187219 2.300912 1.057230 2.499917 2.618467 2.056189 1.305250 5.504409 1.444266 1.334793
30 -0.966893 3.034436 0.463063 2.004240 3.514431 0.189053 0.267575 3.709112 3.121384 1.124728 -0.303345 -0.905556 1.114910 -0.893746 0.280928 -0.602348 0.273296 2.329391 -0.407879 2.224430 2.083114 0.250640 0.428374 0.601731 0.247953 2.353030 0.052382 1.712107 -0.313584 1.768446 1.544639 2.426474 3.112943 0.977165 -1.320651 -1.569620 0.189389 -0.606346 3.413842 0.947128 2.312115 0.117437 -0.869053 0.868941 0.180841 2.980352 0.902804 2.617169 1.650524 2.735465
31 1.716716 -1.295749 0.673089 -1.627484 -0.537880 0.249224 1.751114 -0.301775 1.386411 0.287778 -0.441345 -0.775665 -0.946625 -0.314829 -0.313151 -1.569610 -0.552298 -1.246488 -0.113848 0.810840 0.089657 -0.995555 -1.305554 0.200744 -1.778071 -1.138646 0.001303 0.104426 -0.305077 1.217990 -0.066188 0.255779 0.773551 0.151081 -0.249082 -0.773117 -0.035267 -0.034338 0.811462 -0.733987 -0.598408 1.168222 -0.190366 -1.923161 1.282291 0.647641 2.287473 0.071088 0.068515 -1.686435
32 -0.568612 -1.140632 -0.578684 -0.158067 -0.093334 0.315009 -1.892699 -1.502452 -0.774732 1.640874 -0.161677 1.126798 0.832241 0.633200 -0.635052 -0.898999 -0.934491 2.150349 0.082046 -1.880997 -0.340166 -1.316387 -0.183820 0.409970 1.386852 -0.586974 -0.466853 0.399358 0.440184 1.571501 -0.556830 0.569977 0.015317 -0.217454 0.032152 -1.167693 0.400352 -0.968302 -2.008524 -0.826864 -1.483248 1.524942 -0.109219 -0.199592 -0.865341 -0.178572 3.009376 -0.005300 -0.194939 0.797870
33 1.796200 -0.269601 -0.965319 0.001235 -0.346875 0.484118 0.442162 1.129738 -0.658030 -1.434911 1.016954 0.204729 1.039723 -0.709580 0.096746 1.756905 -1.982523 -0.094426 0.543706 -1.816359 1.278937 -0.013173 -0.490981 0.159943 0.809191 -1.020841 -0.024947 -0.998841 -1.232337 1.644757 -0.912870 1.127431 -1.469993 1.418604 -0.770586 -1.056565 1.159896 0.276203 0.083568 1.690003 -0.650302 -0.073492 -1.038693 0.961350 1.225992 -0.691850 -1.441708 0.028338 -1.560166 0.864010
34 1.574011 -1.630378 -0.731396 1.045063 0.976032 1.267159 -0.180547 0.408594 -0.237443 0.206761 0.159294 0.930578 -0.164656 -1.317626 -0.427714 -0.729839 -0.193625 0.047175 0.714840 0.003008 -0.863028 -0.428855 -0.095740 0.944292 -0.113255 -0.323442 -0.061878 -0.590798 -0.417824 -1.927626 0.012839 2.763767 1.679202 -0.045673 0.127104 -1.873782 0.146152 -0.239076 -0.396877 0.523871 -0.396124 -1.170817 -1.154536 0.248324 0.287239 0.570871 0.894832 -0.167753 -0.747933 -0.242353
35 0.858440 0.732715 -1.648629 1.337224 -1.033600 0.769656 -0.960860 -1.738977 0.158665 -1.875898 -1.912948 0.099945 0.600541 0.809353 1.548893 1.427529 0.368425 0.710475 0.072385 0.982708 -0.172961 -1.384354 1.430061 0.822841 -0.168430 -0.834574 -0.479761 -0.689704 -1.872023 -0.708775 -0.319202 -1.969246 -1.417629 0.228885 -1.286625 -0.929326 1.967113 -1.112519 0.416171 -0.607169 1.484936 -0.294445 -0.343526 -0.365396 2.027809 0.011859 -0.168226 0.268287 0.533568 0.653665
36 -0.614163 -0.358883 -0.915025 -0.555791 -0.337574 -1.375216 0.281949 0.061363 0.009286 1.087783 0.166317 -0.651124 0.996109 2.166509 1.931302 -2.346229 0.345972 1.354529 -0.044616 -0.938999 -1.081303 -1.242901 1.099259 -0.631489 -0.176495 -1.355478 -0.156473 1.122480 0.284521 -0.179945 1.907542 0.956871 -0.604220 -0.266945 -0.257380 -1.447110 -2.102547 0.542326 2.452867 0.090359 1.336527 -0.498688 -0.750465 -1.290210 0.905889 -1.768273 1.148368 -0.300390 0.016663 0.675012
37 -0.564874 1.533766 -0.690080 3.448377 2.151230 0.066505 2.912919 1.514237 2.049282 1.251467 -0.838253 -0.633615 0.680621 -2.123000 0.897986 0.406345 -0.093699 2.795081 -1.074647 1.555691 1.086309 2.160740 2.294441 0.249519 -0.900527 2.013122 0.300913 2.861589 -0.754340 -0.133564 1.163152 1.542605 1.780664 2.618305 1.280591 0.649842 -0.041952 0.176806 2.790625 2.679180 3.054896 2.629038 0.055257 2.244352 2.719899 3.707860 0.938822 3.028498 2.822316 1.210071
38 0.023003 1.794766 0.103257 2.580186 1.873633 1.792384 1.312976 2.067177 -0.319442 2.750131 -0.518854 1.173372 0.320426 0.147270 2.225041 -0.708886 1.158476 3.048006 1.972685 1.371399 2.810556 3.788270 3.470116 -1.032196 -0.269747 0.914146 0.471080 1.891949 -0.832942 0.720561 2.274896 2.157100 2.213209 2.576831 0.334072 0.514905 0.610404 -0.041115 2.061698 2.464038 3.758072 1.958276 0.587718 0.347216 2.321313 1.115586 1.986885 3.087213 0.930774 1.425449
39 -0.054252 2.044864 -1.207161 2.583251 1.714724 -0.600626 -0.755026 2.810599 3.062586 1.819041 0.235665 -0.350313 -0.449221 -0.611082 0.894489 -1.251829 -1.068622 2.019240 -0.792367 3.157689 2.833052 1.463534 2.143872 -0.169989 0.840726 2.628149 0.393938 0.635276 1.426830 0.168566 2.809631 3.245821 0.959202 1.909869 -1.267844 0.166363 0.246425 0.028344 1.239094 1.992631 1.682015 3.343179 0.043580 3.579917 1.048682 3.309869 2.256836 1.386382 2.580405 1.152685
40 -1.609862 -1.621090 0.292560 -0.945685 0.138869 0.385409 0.105105 -0.554585 -0.186994 1.650010 0.956505 -1.465751 0.181040 -0.812172 0.248264 0.527284 -0.740308 0.108047 0.612191 0.948491 -0.878677 0.104751 0.933016 -0.201982 0.462696 -1.424317 1.614352 1.402542 -0.582096 0.599685 -0.861103 0.395515 0.660121 0.203197 0.850158 1.278330 -1.304591 2.617317 0.894054 1.014622 -1.109976 1.397570 -0.958872 -0.039362 0.876007 1.345528 -1.242940 1.016247 1.061176 -0.926431
41 -0.110415 0.107951 -1.579784 1.810032 -0.829251 0.142932 0.044493 0.251299 -0.225340 -0.184122 -0.473239 0.071293 -1.491384 0.069878 -0.231512 -0.231526 -0.664219 0.236879 1.054357 -0.851752 -1.396158 -1.435943 -1.032343 0.094950 1.922282 -2.293847 1.098955 3.033390 -1.142932 -0.720995 0.791521 0.932965 0.095311 -1.123381 -2.320846 -0.933308 0.778239 0.708223 -0.798379 -0.951054 0.017607 0.574437 0.663558 0.349715 -0.497230 -0.066920 0.685159 -0.539353 1.737279 0.059055
42 0.875611 -0.612811 -1.885208 0.139783 -0.952781 -1.031527 0.813776 -1.177270 -0.098970 -0.085247 -1.126341 3.022275 0.979060 0.081250 0.350403 0.927183 0.359369 1.378546 0.782385 -1.890491 -2.403379 1.293398 -0.483235 1.136695 -0.384203 -1.494997 1.175029 -0.802364 -1.448979 0.690447 1.472149 -0.330052 -1.247396 -0.765986 -0.755736 -0.564249 -0.143862 -0.802836 -0.433775 1.412158 -0.539405 -1.612984 -1.345408 -0.369393 1.229427 0.159458 0.186147 0.075783 -1.033153 0.515986
43 -0.175319 0.167659 -0.807615 -0.549535 -0.868704 -1.467378 0.892071 1.140202 0.964216 0.083414 -2.612886 1.288577 -0.363457 0.705813 -1.783211 1.739665 0.037838 -0.619409 -0.324580 -0.587774 0.166862 -0.087092 0.024277 -0.723777 0.467059 0.675706 -0.996825 -0.547502 -0.249609 -0.866978 -0.054569 0.749643 0.175747 1.251426 0.873527 0.096567 1.785888 1.006066 -0.134790 1.336885 -0.502557 2.179485 0.846785 1.103328 -0.059055 -1.369515 -0.267403 1.134968 -0.413759 1.243497
44 -0.645785 1.420901 -0.420941 1.707484 -0.486346 -0.266853 -0.431370 -0.924939 1.565083 0.304969 -1.547184 -1.310359 -0.280013 1.750303 -0.559878 0.693851 0.583774 -1.339945 1.542488 -0.752622 -0.828085 -1.757105 1.379188 -1.284871 1.004484 1.014579 -0.375399 0.661450 0.083851 0.035021 0.039724 0.801871 -1.178311 -0.276423 -0.143284 0.187734 0.632254 -1.222505 0.534534 0.496839 0.567829 -1.504027 -0.719667 -0.760316 -1.395727 0.248063 -0.317529 -0.969692 -0.737869 0.728043
45 -0.393866 2.653290 -1.305153 -0.634362 0.529609 -0.238539 0.125930 0.238321 -0.150211 0.376007 -2.191391 -2.877512 -0.278274 1.115202 -1.217991 -0.621612 -0.004755 0.131786 -0.274267 -0.013755 0.773270 1.554370 -0.842681 -0.026297 0.457922 -1.295200 -0.487601 1.923093 -0.854400 -0.061192 -0.315161 -0.819312 -0.662979 0.759782 -0.853000 -1.383573 -0.037467 -1.042785 -1.946425 -0.058261 -0.297630 0.302558 -0.170646 0.589181 0.474745 -0.573422 0.075539 0.491247 0.528491 -0.454737
46 -0.432321 0.667514 0.926841 -0.236679 0.246536 -0.068100 -1.130806 0.167938 1.525417 -1.518019 0.887646 -0.326077 -1.201640 -0.876084 -0.274409 -1.405272 1.450023 -0.369996 -0.708486 -0.151952 0.119096 -0.605071 0.109216 0.483185 -1.271768 -1.100342 -0.330752 0.088731 -1.931368 -0.599923 -0.424131 -0.570450 -0.470144 0.911074 -1.149309 -0.978337 -0.729910 -0.529943 -0.290807 1.226627 0.848629 -1.448592 0.969823 1.198607 -2.477542 0.690681 1.665614 -0.175053 0.452082 0.491533
47 -0.368920 0.680172 -0.819012 -1.832109 -1.449194 0.472464 0.333235 -0.442557 -1.275597 0.381708 -1.261875 -0.007132 -0.164333 -0.443931 0.297636 -0.032169 -1.655197 0.761568 0.359576 -0.609302 0.351794 0.646250 1.208163 -0.167321 -0.749306 -1.110952 0.720681 0.762772 -1.741715 1.620227 -1.001514 -0.202928 -1.597975 -0.042638 0.405291 -0.729304 0.550832 1.243157 -0.987877 0.012828 0.014644 1.330771 0.479050 -0.241036 -0.492867 -0.020215 1.872620 1.575559 -0.186636 -0.264230
48 0.065277 0.672488 -0.968392 -1.022749 0.094261 0.792921 1.050346 0.077881 -1.010919 -0.010077 -0.030183 1.481281 0.937920 1.826503 -0.134551 0.375661 -0.274920 0.841402 1.125531 0.884550 1.212430 0.921039 -0.427982 1.386302 -0.835447 -0.724774 0.669763 -0.670427 0.022159 -0.196369 -0.865357 -0.042347 0.257829 -1.503861 -0.536292 -1.015687 0.311566 0.777251 2.412813 0.405399 -0.463953 -0.718485 -1.162152 2.390143 0.671933 0.195812 0.312767 -1.783063 0.138040 2.199349
49 0.556111 0.243572 -2.487282 0.042592 -0.985001 0.596333 0.089715 -0.303515 -0.429286 -0.052948 -1.209030 0.690074 -0.267545 0.057444 1.736497 -0.976951 0.592515 -0.130454 -0.844246 -0.089348 -0.071283 -1.013666 -0.453319 0.961981 0.241945 0.325706 -0.609446 2.376273 -1.468657 -0.970029 -1.171801 1.185190 0.427573 -0.388085 -0.655181 0.211139 0.520442 -2.199113 -0.638665 -0.463634 0.376625 -1.469739 -3.031747 0.461609 -0.884187 0.605180 1.690336 0.099273 -0.126645 -1.104927
50 0.818378 0.551067 -1.271977 0.970392 2.060849 -0.101619 -0.445618 -0.970000 -2.001492 -0.891941 -0.516062 2.106924 -0.586378 -0.712041 -1.417034 0.129072 0.383597 1.188843 0.429463 -1.660066 0.418266 2.292762 -0.661843 -1.848925 1.117484 -2.410298 0.373439 0.132615 1.377545 -1.313936 0.030509 -0.468740 -0.105459 0.491767 -0.087773 -0.654481 0.219528 1.617278 -1.583210 -1.762072 1.216911 0.888282 0.807210 -0.047164 -0.996273 -1.394704 -0.444930 -0.292554 -0.393321 -0.576416
51 -0.427496 -0.592161 1.341980 -0.690117 0.422011 -0.668904 -0.717827 -1.657604 1.770178 -0.001441 0.502448 1.379787 1.136042 0.806321 -0.512620 -0.545363 -0.721374 0.452248 0.362722 -1.348025 -0.279978 -0.994098 0.626881 0.890179 1.056894 1.755341 -0.274866 -0.249630 0.136369 1.141036 0.328950 0.776707 1.470050 0.141423 0.426295 -1.561063 -0.302276 0.224547 -1.653740 -0.957902 -1.670197 0.115768 0.012740 -0.893118 -0.003123 1.552848 -0.820396 1.209162 -0.609039 2.081378
52 0.327543 0.328062 0.175750 0.640104 0.682354 1.133306 1.022420 0.501137 -0.810144 -1.461104 0.771648 -1.511091 -0.069594 0.584793 -0.047490 0.464197 0.128844 0.990129 0.647232 -0.743416 -1.430485 -0.591307 -0.890181 0.681664 -0.668775 0.699445 1.037971 -1.241347 -0.401139 -0.022255 -0.225167 2.199694 0.878311 -1.036093 0.369668 0.638026 -2.470509 0.328242 0.687967 1.798087 -0.225245 0.084532 0.866974 -0.162571 -0.152446 -0.416606 -0.257468 -0.976900 -1.557028 0.881530
53 -0.509348 2.501296 0.886437 1.016535 0.832051 0.891395 0.198938 -0.605981 1.460869 0.031955 0.944525 0.136536 1.972532 0.007845 -1.950024 1.139447 0.402307 -0.780615 -0.711017 1.691567 -0.551804 -0.125575 -1.033134 -2.248228 0.308541 -1.422516 0.965495 -1.744239 0.212276 0.313647 0.042363 0.442397 -0.442033 -0.969347 0.566685 0.807077 -0.293918 -2.045974 -0.442167 0.714278 1.676601 0.485686 0.540938 -1.718782 0.585402 0.663802 0.138711 0.445795 0.825970 0.709518
54 -1.089728 1.359390 0.968438 -0.639375 -0.374254 1.028204 0.263077 -0.416245 0.085549 -0.763645 0.640532 -0.997859 -1.741590 -0.358655 -3.191789 -1.058287 -0.339602 -0.500954 0.381683 -0.917728 0.394095 0.082732 -1.292917 -1.010666 0.413064 0.035944 -0.600567 -1.526441 -1.148936 -0.437208 -1.195316 -0.619624 2.159947 0.564748 -0.203660 -1.873382 -0.438963 0.878879 -1.250114 1.724814 0.462369 -0.043111 0.941289 -0.126078 -0.009846 -0.454936 0.826400 1.109864 0.016006 -0.542134
55 -0.594725 -1.257085 -0.145977 -0.872610 -0.270735 0.498474 -0.568719 -1.625958 0.407585 -0.019070 -0.993079 -0.824689 -1.981342 0.147628 -0.021556 -0.104246 -1.412079 -0.587428 -0.217413 -0.930088 -1.924232 -1.066948 -1.560426 -0.998565 1.446916 -0.327390 -0.110909 0.146039 -0.415703 0.503812 -0.646600 0.427444 2.179449 -1.107580 -1.677278 0.017321 2.507212 -0.866200 0.525213 -1.919726 0.622084 -1.067259 0.604677 1.845999 0.941475 -0.964598 0.263902 -0.532161 0.353345 1.420349
56 0.172678 0.870047 -0.485668 1.990395 -0.187770 0.014969 2.292913 0.081868 -1.207850 0.632524 0.161845 -0.216874 1.128597 -1.233370 -0.440646 -0.305231 -0.653768 1.654045 0.854206 -0.602893 -0.678707 -0.625039 0.141590 0.684773 -0.849492 0.601610 1.724433 -1.543731 0.087883 1.380759 -0.313194 -0.926222 0.448206 0.502281 -1.011251 -1.128824 0.987932 0.460509 -0.107644 -0.397997 1.728682 0.786640 0.379786 0.492178 -0.367665 0.045897 0.624599 0.730092 0.198164 0.583226
57 1.800790 -1.998486 -0.616707 -0.716732 -1.770549 0.418012 0.311428 -0.761134 -0.498468 -0.764748 0.553329 -1.074274 0.470933 -1.907062 -0.035766 -0.214663 1.203493 -0.074975 1.564512 0.400809 -0.144198 -0.588940 -0.339506 -1.186343 -0.026030 -0.301536 0.527995 -1.234015 -0.179053 -0.514078 -0.429529 -0.989431 -0.371185 -1.435250 0.847213 -0.194730 1.431385 1.303077 0.659965 -0.725596 -0.488607 -0.220482 -1.679104 -0.081818 1.050236 -1.557259 0.025823 -0.580392 -0.774977 -0.621722
58 -0.006630 -0.057663 0.531993 0.923631 -1.418469 -0.353187 1.047221 -0.071676 -0.118552 -0.286747 1.671865 1.449237 -1.303778 -2.349021 0.498002 1.233991 1.714121 0.057397 -0.810163 1.321048 0.665962 0.088731 -0.092037 0.380169 0.265560 0.304846 -2.145064 0.205031 1.477408 -0.518902 -0.193934 -0.281376 0.938696 0.051955 -0.493187 -1.025795 1.835130 0.548500 0.537396 1.507112 -0.413739 -0.055613 0.870802 0.145838 -0.414018 -1.479729 -1.477722 0.417573 -0.138971 -1.207849
59 0.759734 1.656143 1.164780 0.661596 -0.708474 1.594039 -1.354533 1.944483 0.295299 1.153474 0.328035 0.230481 -1.488274 -2.450113 0.560364 -0.188490 1.207322 0.600648 0.717511 -0.259206 -1.781007 0.229724 -1.770359 0.282395 -1.763625 -0.413867 1.349964 -0.022844 -0.634524 0.425739 0.123901 0.792095 -0.655332 1.903520 0.959770 0.548462 1.171766 0.188179 0.328915 -1.779853 -0.245044 1.701030 -1.732610 2.141033 -0.624743 -0.354581 -0.546822 -0.403386 -1.542192 1.180773
60 -2.470008 0.850111 -0.212712 -1.456157 0.180713 -0.337838 -0.387208 -0.195674 -1.302593 -0.247283 -0.490943 -0.522040 -0.009448 -0.009343 1.231676 -1.056564 -0.332727 -0.514982 -0.857282 -0.834659 0.839868 0.109513 0.427364 -0.747060 0.084572 0.590391 0.307169 0.121217 0.094482 1.147078 -0.462242 -1.375952 -0.649169 -0.648229 2.852084 1.570035 -0.226885 -0.665005 0.644512 0.735943 -0.883959 1.104636 -0.788849 -0.150821 -0.832172 0.894596 -2.485861 -0.903722 0.184487 -0.686812
61 -0.476937 -1.691140 0.897469 0.569711 -0.984654 -0.386992 -0.174421 0.315973 0.997645 -0.742346 -1.064893 -0.232359 -0.082459 -1.157809 0.074121 1.615904 -0.620504 0.420504 -0.524874 -0.327393 0.257710 -1.173559 -1.139863 -0.639937 0.654535 -0.976964 0.306866 0.593517 1.784947 -0.424142 -1.147162 -1.209508 1.018840 -0.897840 -0.650198 -0.243499 -0.946202 -0.439916 -1.671855 1.688881 -1.911151 0.426218 0.628232 -1.010930 0.217169 -0.289067 0.742001 -2.330208 1.577900 0.126992
62 0.576502 -0.473896 -0.483545 -0.558245 1.210384 -1.039341 -0.415164 0.538287 -0.887031 -0.050828 -0.957204 1.510619 -0.576580 -0.795339 1.538438 1.286861 -1.258266 -1.231184 0.394805 -0.221523 2.129660 -0.436591 -1.895548 1.266229 0.077018 0.849267 -0.019311 -2.358812 0.966537 -0.500342 1.207488 -0.956577 0.817656 -1.559699 -0.231500 -0.557292 -1.056894 -0.586055 1.724504 -0.353564 0.536688 -0.154488 -0.139405 1.526021 -0.329368 -0.335730 -0.090310 0.162402 0.132916 -0.983687
63 -1.730374 0.567008 -0.359521 -1.042623 0.842277 1.521685 -0.256868 -0.552491 0.277920 1.672471 -0.170736 -0.282353 0.183263 0.154205 0.306753 0.191972 -0.395316 0.164096 1.629547 -0.878882 0.847181 2.108583 1.637171 0.110123 -0.178353 -0.605972 0.445170 -0.590984 0.069099 0.625115 -1.007486 -0.729165 -0.776963 0.661023 0.375857 -0.230873 0.271669 0.676111 -0.319455 -0.952559 0.908738 0.976647 -0.635193 0.564864 -1.776309 -0.288520 0.177701 -1.829520 0.567572 0.442225
64 -0.428798 -0.946549 1.052424 -0.024990 1.779998 0.774743 0.016009 0.566050 -0.776699 0.665730 -0.029354 0.140018 0.036027 0.578709 0.634428 0.026909 0.350568 0.636776 -0.787698 -0.559199 -1.326514 0.905547 -0.085743 -0.932009 0.283931 0.006117 -0.224528 -2.003894 1.362476 0.558132 1.516487 -0.155531 -0.504230 0.101360 -0.437671 -0.735327 -1.531535 -0.228216 0.668547 -1.449301 0.538789 2.809379 2.529046 0.552378 0.921952 1.468599 0.352600 -0.429265 1.223569 0.955241
65 -0.081595 -0.045474 0.958805 0.980014 -0.894192 0.845616 -0.486134 -0.322743 0.199231 -0.257219 -2.200584 0.669760 -0.746028 0.673144 -0.479325 0.594877 1.251654 -1.595741 -0.186682 0.094750 0.053871 0.291529 -0.288135 0.525108 -0.636824 0.905595 0.136979 1.105025 -1.023307 -0.156017 0.352267 -0.059224 0.208480 0.679731 0.127452 1.692707 0.771465 1.560443 1.145325 -0.447051 0.142047 0.251968 -0.429257 -0.698598 -1.168178 1.211483 0.760142 1.673083 1.294868 0.698397
66 0.265185 -0.551693 0.155538 1.540628 -1.114796 1.270452 -0.016855 -0.612682 -2.016524 -1.882898 0.055926 -1.175234 -1.400093 1.333605 0.287061 -0.398804 -0.714190 0.752389 -0.617401 -0.185883 -2.453367 -0.353996 -0.208133 0.452918 0.881900 -1.438655 -0.628372 -0.191343 0.733140 1.450150 -0.406757 0.643712 -0.811184 0.426045 1.101890 -2.300147 -0.429188 1.529668 -0.375309 -1.622694 0.917194 0.209945 2.119942 -1.332269 1.745885 -1.234694 -0.137768 2.651900 -0.271532 -0.092849
67 2.703608 1.634562 -1.752258 0.252282 1.154431 0.737147 1.139234 2.536783 -1.729020 1.496632 1.684863 0.611780 0.518571 0.664449 1.515952 1.218722 0.807757 0.367733 -0.543384 -0.601229 0.228983 -2.931880 -0.272431 0.402618 0.563528 0.746609 0.255863 -1.758131 1.190867 0.800660 1.189341 -1.651771 1.289774 -0.505735 -0.374339 -0.126012 1.646703 -0.720487 -0.185593 0.740543 0.063632 -0.437250 -0.042190 0.633481 1.302458 -1.973614 -0.694667 -0.605012 0.682767 0.778064
68 -0.804513 1.056594 0.067046 0.038513 0.199170 0.111367 1.034223 0.158088 0.923439 -0.364429 1.053515 -0.829635 -0.466192 -0.412758 -1.092474 -0.986990 -0.725345 -0.915333 1.066994 -2.021502 -2.925879 0.424251 0.216960 0.869671 0.295510 -0.977277 -0.312967 -0.060397 -0.102172 0.975719 -1.316346 2.188814 0.385310 0.594473 -1.094331 -1.448681 1.204839 0.335379 -1.604442 0.037435 0.471812 1.007417 -0.163745 0.207844 1.502173 0.588576 -0.126081 1.266320 -0.062211 0.807870
69 1.062686 -0.811185 -0.854321 2.156836 0.450693 0.896681 0.700158 -1.109902 0.870651 1.357130 0.773506 0.157667 -0.436023 -0.775941 1.663688 0.494062 0.892308 0.130486 -0.423791 0.775101 0.678175 1.849609 0.048243 -1.775029 0.539608 -1.114935 -0.861859 0.288998 1.655576 0.258818 0.686335 -0.480715 -0.284324 1.528782 -2.093108 0.113405 0.259115 0.485702 0.110763 -1.029713 0.343014 -1.839265 -0.625990 -0.204944 -1.226286 0.078211 -1.106333 -1.549852 0.438638 0.921280
70 -0.562654 -0.801813 1.495617 -2.255476 0.088231 -0.399510 -0.987030 -0.634706 1.766746 -2.205853 1.346405 0.670368 -0.402899 -0.463726 1.185306 -0.135098 0.965710 0.295937 0.161364 -0.714543 0.512787 -2.555479 -0.668834 -1.053829 0.801254 -0.869759 0.252785 -0.907985 -0.398768 2.324098 0.754957 -0.540603 0.171920 0.422233 -0.665525 0.876733 -0.809715 1.916044 0.320271 0.537936 -0.118142 0.500691 1.500411 -0.193013 1.078447 -0.502311 0.400913 0.217075 1.090867 0.447294
71 2.575455 -0.596564 -0.490480 -1.750725 1.521621 -0.448615 0.296299 -1.633539 0.617696 -0.366827 -1.222096 2.093874 0.327245 -1.017454 0.926317 -0.486023 0.045922 -0.164541 2.574864 0.214744 -2.544690 -0.419968 0.242581 -0.596582 0.148519 -0.604742 0.383885 0.145972 -0.615890 -0.277785 1.535649 -0.270564 -0.127414 -1.157506 -0.456563 -0.495300 -0.908425 0.506014 0.692980 0.330008 -0.416314 -0.102440 -0.449856 -0.341660 0.934178 -0.060640 -0.445757 -0.607502 -1.598248 1.446822
72 -2.034238 2.029674 -1.886374 -1.477551 -0.453015 1.204938 -1.618627 0.761717 1.014665 0.050693 1.229894 -0.596711 0.570976 0.515226 1.496639 1.232177 1.499217 -1.201941 -0.791096 0.271976 1.176495 1.858615 1.361894 -0.026101 -1.297470 -0.248629 -0.952993 1.183957 0.902411 -0.516894 1.548192 -1.883394 0.125586 -0.408010 0.581586 -0.750216 -0.003362 -0.381466 1.245584 0.188934 0.585280 -0.935578 -0.205751 0.003019 0.499551 -0.979790 -0.513119 -0.767521 0.170956 0.060119
73 -0.548256 1.970284 -1.653675 1.555741 -0.570836 -1.320782 -1.237089 -0.881002 -0.080645 -0.765347 0.338465 0.493731 -0.164591 0.795576 1.413638 -0.037721 -0.229083 -1.361056 0.090860 0.212444 0.792522 0.247666 0.981566 1.001639 -0.527219 0.482024 0.010196 0.255440 0.916874 -0.498944 0.719198 -0.186822 -1.393352 -0.516250 -0.508469 1.206205 0.809202 -1.295676 -0.520091 -0.144961 0.985858 -0.744719 0.991134 1.333480 -1.021241 -0.079595 1.405924 -2.089494 -0.842253 0.884216
74 0.344711 -2.417121 -0.782564 1.344498 -0.507232 0.450292 -1.531662 -2.370412 0.388085 -0.041229 0.162020 -0.877402 -0.326315 0.648218 0.364939 0.516805 -0.598977 -1.416881 0.865020 -0.143956 0.548414 1.330565 -0.471688 0.382317 0.251674 1.141789 0.479133 1.067857 -1.083486 1.478233 -0.093973 0.184070 1.099516 1.237027 -1.094517 0.947253 -1.937235 0.884091 -0.132667 -0.448560 1.048232 -0.086240 -1.799789 -1.409776 1.049112 -1.810168 1.500169 -1.497666 -0.010812 0.148978
75 -0.818403 0.150513 1.451749 -0.262818 -1.251826 -0.974478 -0.970107 -0.522836 -0.374311 0.331850 -1.606307 -0.599025 -2.068934 -0.336611 -0.903325 0.918997 0.787599 1.066965 1.895483 -1.303453 -0.537421 -0.152366 0.839645 -1.843199 -0.511658 -0.037350 -1.695375 -1.097931 1.103724 -0.650115 1.412858 -0.734234 -1.902417 -1.759206 -1.677781 -0.233684 0.780369 -0.111672 -0.735989 -0.898329 -0.137357 -1.157435 -0.839497 -1.271350 0.307015 0.275372 2.342259 -2.494887 -1.947222 -0.277300
76 0.276634 0.112115 0.863862 2.736186 -0.336705 -0.765474 1.615276 -0.082169 -0.993357 -0.934982 -1.751189 -0.500858 0.673910 -1.194612 0.004984 -1.837489 0.252345 0.508379 0.776587 -0.238091 0.162748 -0.421852 -0.992736 0.678697 0.357041 0.139810 0.958881 0.050087 0.137473 0.751629 0.045308 -1.316658 -0.679494 2.233574 -0.878455 0.157630 0.422133 0.117171 1.802016 0.261549 1.038064 -0.126396 1.018926 1.104032 -0.327189 2.115027 -0.471969 1.086672 0.842786 -0.317518
77 -1.483963 1.364523 -0.291011 1.289819 0.516447 0.259608 1.013954 2.459467 0.332476 0.770518 1.414802 0.004360 0.375332 1.327248 -0.421124 -1.584887 1.031141 -0.921300 1.274176 -0.223534 0.700159 0.914253 1.662011 1.943622 0.068581 0.556375 -0.577926 -1.810565 -0.053543 -0.051663 0.710092 -1.744417 0.689626 0.310793 0.230944 1.474535 -0.608581 0.775343 -0.413024 -0.244509 0.162407 0.992900 -0.437068 -0.954684 -0.545910 -1.547591 -0.328494 -0.027263 -0.398321 0.430202
78 -0.060900 0.547021 -1.644931 -0.615898 0.338495 -0.025517 0.412932 -0.500227 0.133713 0.942139 -0.803435 0.561868 0.897673 2.402623 -0.858422 1.657526 -0.238889 1.786359 -0.638452 0.596853 -0.454180 0.827376 0.004215 0.034966 0.331821 -0.104068 1.555873 0.057150 0.501538 -0.353969 1.450774 0.479216 1.094141 -1.146987 0.381838 0.430893 -0.693515 -0.484989 1.004084 0.178883 -0.218945 -0.648452 -0.649117 -0.863169 1.897366 -0.357086 -1.002840 -0.164621 0.229529 -1.188737
79 -0.178383 0.115634 -0.416237 -0.285187 -0.120490 -1.314356 0.319308 1.145278 0.629483 -0.356070 0.955976 -0.002311 1.772541 0.619190 1.305961 1.105949 -0.175288 -0.867860 0.870511 -0.435560 0.596944 -0.518849 0.287269 -1.134536 -0.274594 -0.278717 0.607386 -0.049285 1.859488 -0.217748 0.960359 0.167384 0.915434 0.967271 -0.343622 -1.398794 0.926655 -0.826280 -0.476880 -1.037171 -0.202795 1.097356 1.017052 -1.934343 0.316190 -0.667215 -1.282244 0.230500 -0.948558 -0.232921
80 -0.195758 -1.505641 -1.269776 -0.379964 -0.368133 0.317833 0.711310 -2.025119 0.620458 1.450043 0.035244 -1.060689 -0.691798 -0.215493 0.494083 0.321796 0.332061 -1.246381 -0.072009 -0.021807 2.863479 -0.036578 -1.594936 0.565968 -0.258349 0.074926 1.969314 -0.757242 -1.284141 -0.991084 1.712576 0.342067 -0.182155 0.256119 1.247864 0.011457 -0.651297 2.627051 -1.990551 -0.734831 0.938900 1.330244 -0.737313 0.584036 0.200811 1.466304 -1.378269 -0.397759 -0.858415 -0.911600
81 -0.952486 -0.727982 -0.674485 0.464602 -0.038694 0.102466 -0.941799 -0.096039 -1.108691 -0.243067 -0.272495 0.432053 0.811556 0.944479 -0.267678 -0.857752 0.582066 1.106755 -0.008969 0.323547 -0.759932 2.015225 0.357773 -0.102923 1.182846 -0.656282 0.724557 -0.474499 0.186945 -1.538898 -0.693164 1.201575 0.107725 1.578238 0.182212 -0.814891 0.667172 0.116076 -0.409298 0.194193 -0.406813 0.959949 -0.935957 -1.191178 -0.663472 -0.633227 1.211600 0.007342 -0.949831 -1.423818
82 -0.757580 -0.826470 -0.953841 0.202871 -0.555035 -0.056723 -0.328540 0.409326 1.095991 0.982527 1.038822 -0.886341 -0.951725 1.098273 -0.451430 0.997960 0.095183 1.948709 -0.040619 0.491128 -0.761226 0.648169 0.571796 0.837022 0.854993 -0.447199 -1.396980 1.038696 1.644278 -1.796976 0.239541 -0.883198 0.150365 0.905372 -0.162790 1.665976 1.314165 -2.105009 -0.608099 1.483545 -0.077275 2.060014 -0.863087 2.139752 0.283101 -2.113795 1.400046 -2.050831 1.963039 -0.074230
83 0.857118 -0.284713 -0.286945 0.418065 1.295957 0.445445 0.495708 -0.326604 -0.980693 -0.671608 0.914564 -0.404721 1.567247 -1.335793 -0.463876 -0.027488 -1.053130 -0.633126 0.193774 2.155165 -1.007719 0.498979 -0.810186 -0.343024 1.415413 -1.478926 0.548431 0.806855 0.099640 0.855810 0.033374 -0.339981 0.388503 -0.226807 1.679733 -0.298637 0.802169 -0.860561 2.056698 1.857851 0.580919 0.534583 0.392611 1.047638 -1.493919 -0.163109 -1.389333 -1.005720 -0.227835 1.409165
84 -1.545168 -2.768163 -0.853208 0.666382 0.289225 0.578058 0.052154 -0.577621 -0.274101 1.417555 0.398875 -0.957094 -1.522509 -1.803200 0.240690 0.076572 2.055964 -0.376242 0.859534 0.510423 -0.817435 0.838954 1.012272 -0.263585 -0.710000 -0.829362 -0.392050 -2.535103 0.094340 0.152849 -1.353658 -0.401009 1.191671 -0.644950 -0.719311 2.875384 1.202929 -0.366371 -0.218512 -0.241948 0.001119 -0.643761 0.874147 2.196153 -0.892310 0.066962 -0.690186 0.563285 0.333065 -0.648959
85 0.210100 1.807481 -1.675844 -0.779480 0.305892 -1.148794 -0.182532 0.036355 1.643587 -1.341919 0.063888 -0.537333 2.201871 -0.558481 1.973903 -0.567950 -0.667805 1.985459 0.013729 0.197688 0.473111 -0.902328 0.428884 -0.082357 -0.730966 0.177574 -1.296372 -2.165681 1.405676 0.379308 -0.378270 0.251112 -0.304254 -0.642205 1.192941 -1.192098 0.939589 0.375045 1.137538 1.397619 -0.482298 -0.232240 -0.114745 0.678349 1.092443 -0.768679 -0.683423 0.020773 -0.866702 -0.303219
86 0.142305 -1.488316 0.949919 1.765631 0.933777 0.575554 -0.238368 -0.534388 -0.901284 1.098122 0.063568 0.474264 -0.570047 -0.242334 0.710004 0.991007 -0.490653 1.008357 1.535997 0.016358 -0.534739 1.736948 -0.053696 0.822153 -0.292895 -0.351595 0.349461 0.640360 -0.954648 -0.167757 -0.695180 -0.157617 0.123563 -1.004382 -0.727374 0.366385 -2.150729 0.524054 0.315527 0.992419 0.668475 0.201455 1.713612 -0.054532 -0.534169 0.828970 0.207387 0.207953 1.279821 -0.486488
87 -0.204305 0.130076 -0.628023 1.190448 -0.011203 -1.736988 -1.601425 -1.171755 -0.396550 -0.325574 -0.848450 1.556462 0.179960 -1.110097 1.329038 0.658229 0.731949 -0.631694 -1.070597 -0.315686 0.634291 1.056464 -0.568769 -1.158580 -0.534795 -0.567294 0.293897 0.895604 0.349616 -0.916797 0.060637 1.535162 0.425017 -0.359692 -1.479436 -2.088340 -0.659172 -0.171622 -0.112704 0.735459 -0.747906 -1.041027 0.305670 0.125766 -0.200914 -1.281168 -0.730864 0.376497 -0.547046 0.455774
88 -0.975034 0.722955 -1.036118 -0.173210 0.064330 -0.321557 1.113215 -1.552374 1.353903 -2.268583 -0.147282 0.072946 0.967886 0.110241 0.795665 -0.040726 -0.711487 0.278563 -0.166776 -0.151626 1.191894 2.002538 1.233501 0.166884 1.170110 0.108619 0.322934 0.861852 1.016777 0.147179 0.862308 -0.762808 -1.566225 0.463570 -1.730324 -0.742048 0.859621 -0.140896 0.459288 0.027788 -0.293611 0.179111 1.445076 1.239907 0.853639 0.051013 2.214409 -0.765976 -1.086336 -0.110694
89 -0.543480 -2.000585 0.673803 -0.277025 0.803264 -2.438168 1.040004 0.840145 2.447129 -0.858437 -0.972494 0.178414 -0.279404 -1.629036 1.203388 -1.495435 -1.558875 0.069600 -0.977456 -0.527278 1.926858 -0.167711 1.448080 0.933654 1.634125 -1.681487 1.463713 0.913613 1.004741 0.388552 -0.873238 0.132725 0.957241 0.403266 -0.162749 -0.416931 0.640361 -0.926668 -0.351154 0.971874 0.283531 -0.013738 -1.184052 -0.519673 0.880172 0.701604 0.904457 1.022988 0.358743 -0.697500
90 -0.144980 -1.888070 -0.559927 0.398751 1.029955 -0.105325 -1.020933 -0.308231 1.336910 -1.192712 1.625569 0.514754 0.849984 1.847882 0.530632 1.491800 0.158577 -0.438877 1.562081 0.280405 -0.948382 0.451103 1.502068 -0.392435 0.131037 1.292931 1.179846 1.283387 0.116473 -0.047859 0.688710 -0.327253 2.048775 -0.763231 -0.526111 1.270362 -1.697788 0.492270 0.318711 -0.638044 0.705096 0.651608 0.955276 1.003442 -0.376824 0.109500 -0.544308 -1.121145 0.418435 -0.250950
91 0.193540 -0.440998 -1.881768 2.389773 0.153815 1.521856 0.261288 0.366511 1.897892 -1.213265 0.038703 0.125076 0.704561 -2.225300 -1.385891 0.751794 0.369537 -0.013876 1.645451 0.134269 1.632282 -1.287865 -0.877267 0.532280 2.609706 -0.436011 1.230324 0.698324 1.870893 -1.152952 0.281247 -1.169541 0.278234 0.168949 -0.113034 -2.021704 0.013696 -1.610015 -1.081263 -0.103461 -0.245986 0.573225 -0.452061 -0.784717 1.690867 -0.309252 -0.807698 -0.085889 0.760294 -1.183009
92 0.426344 0.815157 0.608359 -1.787939 -1.333713 -1.380345 -0.890094 -0.535057 -0.241276 -0.187062 1.994370 -0.742646 1.800320 -1.223896 -0.120208 -0.722074 2.365944 1.755802 1.267908 -0.182088 0.036950 -1.628954 1.668088 -0.934169 0.022322 0.011196 -0.440687 -0.018095 0.091619 -2.258648 0.334524 -0.234654 -0.453169 -1.362635 1.342397 -0.333493 0.763032 0.189835 1.283220 -0.283492 -0.410751 -0.343635 -0.241879 -1.016016 0.174144 -0.416891 -0.780954 0.270355 0.567045 0.145995
93 1.317423 0.060326 0.358309 1.482434 0.172028 -0.690901 1.489778 0.575361 -1.658863 -1.181896 -0.552887 0.033114 0.850064 0.287281 -0.835711 -1.326209 -0.665794 -1.352390 1.455908 -0.055088 -1.392232 0.020912 -0.887736 1.016669 -1.336017 -0.528615 0.248211 -1.777673 -0.187980 0.464271 -0.159532 -0.495621 -0.999784 -1.684144 1.008277 0.043858 -0.243387 -0.754056 0.064810 -0.209678 -0.056501 -1.138508 -0.602563 1.173233 0.284907 -1.865838 0.875903 -0.101812 0.614770 0.074702
94 -0.786053 -0.507462 -0.834900 -0.011967 -1.386409 0.216077 -1.097486 0.847196 0.527017 0.757488 -0.600965 -0.184191 -1.276508 -0.683211 -0.475192 1.688684 0.107118 1.197227 -0.905546 0.034876 -1.924480 -0.627477 0.762869 -2.435754 1.790827 -0.024152 0.181572 0.121058 1.006336 -0.824429 0.384954 0.028062 -0.581497 -1.797561 0.629265 -1.220554 -0.033635 0.119670 0.262228 0.328945 1.052723 0.481344 0.734668 2.279854 -0.741764 1.601492 0.069846 1.147220 -0.419796 -1.265718
95 1.430572 -0.509975 -1.376595 -0.174882 0.182269 -0.081518 1.006833 1.210073 -2.217683 -0.911931 -2.671912 -0.562456 -0.411167 0.620469 -0.940651 0.584590 0.768768 -1.541492 -0.170840 1.192612 1.436252 -0.510188 -2.722468 -0.374214 0.347515 0.573977 0.165199 -0.375895 -0.016033 -1.149979 0.394284 0.063829 -1.517571 -0.832491 0.836246 -0.098708 0.433583 0.117540 0.745714 -0.494050 -0.134221 0.386178 -0.268513 -0.219340 -1.150684 0.961647 1.857147 1.451176 0.837597 -0.926567
96 -0.173195 -0.582756 -1.273168 -0.250415 0.065563 0.428310 1.175330 0.873565 -0.151600 0.527821 0.394744 -2.089838 -1.105384 0.729435 1.914322 1.039040 1.076620 -1.403580 1.083222 -0.675308 0.375849 1.175786 1.928128 -0.189763 -0.100424 -1.001208 -0.208214 2.092523 -1.111416 0.431477 1.732819 -0.091279 -1.142485 -0.632291 -0.415504 -0.864309 -0.756074 0.042729 -0.941105 0.219819 1.129858 -0.890041 -0.308307 -0.589035 -0.521487 -1.341255 -1.447425 -0.854171 0.524771 -0.840158
97 -0.421513 0.414015 0.470829 -0.453434 0.759684 0.274965 3.205389 0.751186 0.550698 -0.410627 0.823355 -1.191366 -2.360270 0.871904 -1.477868 0.376779 -1.224481 1.543228 0.272037 -0.740539 -0.953107 -0.723501 -1.456410 1.078863 -0.462940 0.304900 1.507085 0.622122 0.180950 1.906940 -0.126909 -0.349282 1.302638 0.464869 0.935451 -1.675555 1.543684 -0.815983 1.184773 -0.632531 1.018274 -0.234453 0.180950 -1.780933 -0.011184 0.805811 -1.660492 -0.137760 0.202496 0.376937
98 -2.197151 1.817672 -1.245859 0.914222 1.027647 1.560502 1.370020 -0.395987 -0.320240 -0.625607 0.821631 1.478755 -2.511891 -0.944833 -0.025683 1.083517 -0.364348 0.478819 -1.190445 2.156451 0.592689 -0.023046 -1.395729 -0.925049 -1.400233 0.521615 -1.415254 -1.384790 -0.026583 -0.151607 0.746351 0.325379 1.091081 0.747807 -0.931150 0.411519 -0.317377 -0.762867 0.350984 0.904266 1.997612 1.552270 0.655161 0.144215 -0.603874 0.031061 -0.001498 0.662832 -1.135856 1.257933
99 -0.128935 -0.593940 0.095287 1.392060 -1.203736 1.781293 -1.032533 0.572590 1.294975 -0.196347 1.357608 0.804456 -0.027553 0.905049 0.711594 -2.998100 -0.556105 0.164005 -0.651672 0.749357 -1.129343 -1.310144 -0.017420 0.053247 1.831094 0.917773 0.448887 -0.620555 -0.144490 -0.479983 0.654611 0.512179 0.036889 0.688558 1.547859 -0.515657 -0.173977 0.600832 2.842778 0.046034 -0.677686 -1.299536 0.480416 -0.499212 1.351778 -0.425571 2.394972 -0.138702 0.077259 0.578157
END
#################################################################
SECTION3 (Edges Information)
EndPoint0 EndPoint1 Weight
0 1 1.000000
0 9 1.000000
0 10 1.000000
0 90 1.000000
1 0 1.000000
1 2 1.000000
1 11 1.000000
1 91 1.000000
2 1 1.000000
2 3 1.000000
2 12 1.000000
2 92 1.000000
3 2 1.000000
3 4 1.000000
3 13 1.000000
3 93 1.000000
4 3 1.000000
4 5 1.000000
4 14 1.000000
4 94 1.000000
5 4 1.000000
5 6 1.000000
5 15 1.000000
5 95 1.000000
6 5 1.000000
6 7 1.000000
6 16 1.000000
6 96 1.000000
7 6 1.000000
7 8 1.000000
7 17 1.000000
7 97 1.000000
8 7 1.000000
8 9 1.000000
8 18 1.000000
8 98 1.000000
9 0 1.000000
9 8 1.000000
9 19 1.000000
9 99 1.000000
10 0 1.000000
10 11 1.000000
10 19 1.000000
10 20 1.000000
11 1 1.000000
11 10 1.000000
11 12 1.000000
11 21 1.000000
12 2 1.000000
12 11 1.000000
12 13 1.000000
12 22 1.000000
13 3 1.000000
13 12 1.000000
13 14 1.000000
13 23 1.000000
14 4 1.000000
14 13 1.000000
14 15 1.000000
14 24 1.000000
15 5 1.000000
15 14 1.000000
15 16 1.000000
15 25 1.000000
16 6 1.000000
16 15 1.000000
16 17 1.000000
16 26 1.000000
17 7 1.000000
17 16 1.000000
17 18 1.000000
17 27 1.000000
18 8 1.000000
18 17 1.000000
18 19 1.000000
18 28 1.000000
19 9 1.000000
19 10 1.000000
19 18 1.000000
19 29 1.000000
20 10 1.000000
20 21 1.000000
20 29 1.000000
20 30 1.000000
21 11 1.000000
21 20 1.000000
21 22 1.000000
21 31 1.000000
22 12 1.000000
22 21 1.000000
22 23 1.000000
22 32 1.000000
23 13 1.000000
23 22 1.000000
23 24 1.000000
23 33 1.000000
24 14 1.000000
24 23 1.000000
24 25 1.000000
24 34 1.000000
25 15 1.000000
25 24 1.000000
25 26 1.000000
25 35 1.000000
26 16 1.000000
26 25 1.000000
26 27 1.000000
26 36 1.000000
27 17 1.000000
27 26 1.000000
27 28 1.000000
27 37 1.000000
28 18 1.000000
28 27 1.000000
28 29 1.000000
28 38 1.000000
29 19 1.000000
29 20 1.000000
29 28 1.000000
29 39 1.000000
30 20 1.000000
30 31 1.000000
30 39 1.000000
30 40 1.000000
31 21 1.000000
31 30 1.000000
31 32 1.000000
31 41 1.000000
32 22 1.000000
32 31 1.000000
32 33 1.000000
32 42 1.000000
33 23 1.000000
33 32 1.000000
33 34 1.000000
33 43 1.000000
34 24 1.000000
34 33 1.000000
34 35 1.000000
34 44 1.000000
35 25 1.000000
35 34 1.000000
35 36 1.000000
35 45 1.000000
36 26 1.000000
36 35 1.000000
36 37 1.000000
36 46 1.000000
37 27 1.000000
37 36 1.000000
37 38 1.000000
37 47 1.000000
38 28 1.000000
38 37 1.000000
38 39 1.000000
38 48 1.000000
39 29 1.000000
39 30 1.000000
39 38 1.000000
39 49 1.000000
40 30 1.000000
40 41 1.000000
40 49 1.000000
40 50 1.000000
41 31 1.000000
41 40 1.000000
41 42 1.000000
41 51 1.000000
42 32 1.000000
42 41 1.000000
42 43 1.000000
42 52 1.000000
43 33 1.000000
43 42 1.000000
43 44 1.000000
43 53 1.000000
44 34 1.000000
44 43 1.000000
44 45 1.000000
44 54 1.000000
45 35 1.000000
45 44 1.000000
45 46 1.000000
45 55 1.000000
46 36 1.000000
46 45 1.000000
46 47 1.000000
46 56 1.000000
47 37 1.000000
47 46 1.000000
47 48 1.000000
47 57 1.000000
48 38 1.000000
48 47 1.000000
48 49 1.000000
48 58 1.000000
49 39 1.000000
49 40 1.000000
49 48 1.000000
49 59 1.000000
50 40 1.000000
50 51 1.000000
50 59 1.000000
50 60 1.000000
51 41 1.000000
51 50 1.000000
51 52 1.000000
51 61 1.000000
52 42 1.000000
52 51 1.000000
52 53 1.000000
52 62 1.000000
53 43 1.000000
53 52 1.000000
53 54 1.000000
53 63 1.000000
54 44 1.000000
54 53 1.000000
54 55 1.000000
54 64 1.000000
55 45 1.000000
55 54 1.000000
55 56 1.000000
55 65 1.000000
56 46 1.000000
56 55 1.000000
56 57 1.000000
56 66 1.000000
57 47 1.000000
57 56 1.000000
57 58 1.000000
57 67 1.000000
58 48 1.000000
58 57 1.000000
58 59 1.000000
58 68 1.000000
59 49 1.000000
59 50 1.000000
59 58 1.000000
59 69 1.000000
60 50 1.000000
60 61 1.000000
60 69 1.000000
60 70 1.000000
61 51 1.000000
61 60 1.000000
61 62 1.000000
61 71 1.000000
62 52 1.000000
62 61 1.000000
62 63 1.000000
62 72 1.000000
63 53 1.000000
63 62 1.000000
63 64 1.000000
63 73 1.000000
64 54 1.000000
64 63 1.000000
64 65 1.000000
64 74 1.000000
65 55 1.000000
65 64 1.000000
65 66 1.000000
65 75 1.000000
66 56 1.000000
66 65 1.000000
66 67 1.000000
66 76 1.000000
67 57 1.000000
67 66 1.000000
67 68 1.000000
67 77 1.000000
68 58 1.000000
68 67 1.000000
68 69 1.000000
68 78 1.000000
69 59 1.000000
69 60 1.000000
69 68 1.000000
69 79 1.000000
70 60 1.000000
70 71 1.000000
70 79 1.000000
70 80 1.000000
71 61 1.000000
71 70 1.000000
71 72 1.000000
71 81 1.000000
72 62 1.000000
72 71 1.000000
72 73 1.000000
72 82 1.000000
73 63 1.000000
73 72 1.000000
73 74 1.000000
73 83 1.000000
74 64 1.000000
74 73 1.000000
74 75 1.000000
74 84 1.000000
75 65 1.000000
75 74 1.000000
75 76 1.000000
75 85 1.000000
76 66 1.000000
76 75 1.000000
76 77 1.000000
76 86 1.000000
77 67 1.000000
77 76 1.000000
77 78 1.000000
77 87 1.000000
78 68 1.000000
78 77 1.000000
78 79 1.000000
78 88 1.000000
79 69 1.000000
79 70 1.000000
79 78 1.000000
79 89 1.000000
80 70 1.000000
80 81 1.000000
80 89 1.000000
80 90 1.000000
81 71 1.000000
81 80 1.000000
81 82 1.000000
81 91 1.000000
82 72 1.000000
82 81 1.000000
82 83 1.000000
82 92 1.000000
83 73 1.000000
83 82 1.000000
83 84 1.000000
83 93 1.000000
84 74 1.000000
84 83 1.000000
84 85 1.000000
84 94 1.000000
85 75 1.000000
85 84 1.000000
85 86 1.000000
85 95 1.000000
86 76 1.000000
86 85 1.000000
86 87 1.000000
86 96 1.000000
87 77 1.000000
87 86 1.000000
87 88 1.000000
87 97 1.000000
88 78 1.000000
88 87 1.000000
88 89 1.000000
88 98 1.000000
89 79 1.000000
89 80 1.000000
89 88 1.000000
89 99 1.000000
90 0 1.000000
90 80 1.000000
90 91 1.000000
90 99 1.000000
91 1 1.000000
91 81 1.000000
91 90 1.000000
91 92 1.000000
92 2 1.000000
92 82 1.000000
92 91 1.000000
92 93 1.000000
93 3 1.000000
93 83 1.000000
93 92 1.000000
93 94 1.000000
94 4 1.000000
94 84 1.000000
94 93 1.000000
94 95 1.000000
95 5 1.000000
95 85 1.000000
95 94 1.000000
95 96 1.000000
96 6 1.000000
96 86 1.000000
96 95 1.000000
96 97 1.000000
97 7 1.000000
97 87 1.000000
97 96 1.000000
97 98 1.000000
98 8 1.000000
98 88 1.000000
98 97 1.000000
98 99 1.000000
99 9 1.000000
99 89 1.000000
99 90 1.000000
99 98 1.000000
END
#################################################################
SECTION4 (TrueSubGraph Information)
EndPoint0 EndPoint1 Weight
28 29 1.0
29 20 1.0
20 30 1.0
30 39 1.0
39 38 1.0
38 37 1.0
37 27 1.0
27 28 1.0
20 10 1.0
10 11 1.0
END
#################################################################
SECTION5 (Labels Information)
0 1 0 1 1 0 1 1 1 1 0 0 0 0 0 0 0 1 0 1 1 1 1 0 0 1 1 1 0 0 1 1 1 1 0 0 0 0 1 1 1 1 0 1 1 1 1 1 1 1 
END
#################################################################
SECTION6 (bt Information)
-5 5 -5 5 5 -5 5 5 5 5 -5 -5 -5 -5 -5 -5 -5 5 -5 5 5 5 5 -5 -5 5 5 5 -5 -5 5 5 5 5 -5 -5 -5 -5 5 5 5 5 -5 5 5 5 5 5 5 5 
END
#################################################################
