#################################################################
#APDM Input Graph, this input graph includes 3 sections:
#section1 : general information
#section2 : nodes
#section3 : edges
#section4 : trueSubGraph (Optional)
#
#if nodes haven't information set weight to null
#################################################################
SECTION1 (General Information)
numNodes = 100
numEdges = 200
usedAlgorithm = NULL
dataSource = SimulationData2
END
#################################################################
SECTION2 (Nodes Information)
NodeID Base Counts
0 0.949258 1.265987 -1.205763 -0.209185 0.167427 1.236227 -0.403352 -1.016521 -0.085028 1.461551 -0.968690 0.566573 -0.692676 -1.904581 1.253256 0.655956 0.612159 -1.732007 -1.406822 -0.031339 0.155229 -1.112014 -1.653846 -0.269642 2.930153 -0.119272 -0.374601 -0.375601 -0.808592 1.856433 -0.170037 1.469390 -0.485266 -0.487108 0.504372 -1.035766 -1.891076 -0.716720 0.258202 1.690000 -0.374701 0.161744 -0.024333 -0.164466 1.190592 -0.775835 1.662336 -0.576753 -0.411718 -1.949152
1 0.361601 -1.517784 1.579663 0.092302 0.878303 0.653639 0.725707 0.337360 1.182656 -0.770089 2.325236 0.070183 -1.710513 0.297914 -2.104152 0.130598 1.070351 1.579471 -0.673741 0.029194 -0.227166 0.229377 -0.351202 -0.621630 -1.446185 0.054058 0.051975 -1.115202 1.458109 1.911830 -0.129110 -1.533551 1.685460 -1.630149 0.282541 0.573328 1.636484 1.402887 1.688411 -1.100452 0.744244 -1.417196 -1.104141 -0.935164 0.036419 -0.894216 -0.093693 -0.519602 -0.360305 -0.714979
2 -0.181121 -0.712271 0.461991 -0.370506 1.052062 -0.435223 -1.829720 1.399533 -0.271077 -0.540987 -1.600556 0.898105 -2.224319 0.226178 0.872135 0.141477 -1.295614 1.775590 1.581892 1.086390 -0.013156 0.033098 0.341694 -1.213626 -2.059445 -0.083358 0.484395 -0.087211 -0.483707 -1.573448 -0.846188 0.987311 0.256687 0.159859 0.068663 0.207169 0.078989 -0.935697 2.153949 0.001160 -0.579036 0.713219 1.987990 -0.583043 -0.545739 0.194128 0.317920 -0.768919 -0.758760 -0.940093
3 -1.720634 0.346740 -0.676221 0.446605 1.365073 0.512351 -1.453028 0.268716 0.829406 -1.445322 0.302653 2.248949 0.116972 -0.036479 -0.784529 0.014117 0.191175 -0.892910 0.496183 -0.231420 -0.791929 0.670371 0.693341 1.224442 1.277882 -1.870442 -0.787195 -1.032876 0.280312 0.815005 -0.504490 0.021077 -0.113960 0.039237 -0.135890 -0.634291 -0.269400 1.559930 -1.285107 0.759302 -1.271960 1.262057 -1.346842 0.499718 0.539688 -1.189362 -0.052465 -1.139604 0.047681 -0.242242
4 0.557030 -1.597670 -0.135239 -0.428499 -1.463222 -0.374719 -1.900414 1.142693 0.461168 -0.050122 -0.131098 -1.694028 -0.431297 -0.711935 0.301233 1.447289 1.074673 1.546490 -1.108506 -1.340607 0.172912 0.554229 -2.252906 1.780243 -0.996723 -0.374973 1.186899 0.702777 -0.474780 2.803895 -1.223124 0.474860 1.870384 0.807908 -0.712384 0.226318 0.232489 -1.261378 -0.156165 -0.438556 0.103375 -0.060767 0.459260 -0.084901 -0.546035 0.126542 0.640619 -1.018959 -0.259192 0.702396
5 0.837293 -0.009011 -0.062323 -0.097756 0.145853 -1.207577 -0.211875 1.028133 0.884850 0.468082 1.607754 -0.479232 -0.198584 0.550114 1.078870 0.191373 0.171932 -0.052769 -0.644011 -0.269482 -2.071120 0.333701 -1.181264 -1.932204 -0.405544 -0.719701 0.856739 1.155810 -1.492524 0.409673 -0.428720 -1.280951 -0.499743 -0.646768 1.002139 -0.490463 -0.049180 -1.994244 0.117120 -0.912369 1.308620 -0.682540 -0.825390 1.424935 -0.117069 -0.947311 0.908805 -0.960160 -0.412837 0.618384
6 0.085355 -0.780478 0.542271 -0.276683 1.182644 -2.373707 -0.642930 0.960121 -0.176942 -0.298926 0.764156 0.463740 -1.165489 -0.555001 0.699889 -1.824161 0.570320 0.911644 0.399131 -0.744714 0.887962 -2.809789 0.934910 1.093511 0.943246 0.282637 0.609907 -0.235315 0.572475 -0.759046 0.794797 -1.181979 1.000993 -1.777413 -0.273676 -0.700104 0.039564 -0.769614 -0.113225 -0.454813 -0.091217 -1.079470 -2.011610 0.401365 0.141941 -0.903170 -1.040478 -1.656011 1.513582 -1.081230
7 -0.166289 -1.116982 0.000916 0.704212 -0.135302 1.796697 -0.058520 -0.982703 -0.023988 -0.203339 -2.681666 -0.190335 -0.588634 -0.048209 0.640517 0.222516 -1.261358 -0.414844 0.492593 -0.144214 -0.213458 -0.429756 -0.158574 -0.157289 0.187389 -0.371281 -0.976969 -0.576082 0.856218 0.082614 -1.296565 -0.372357 -0.106424 0.390970 -1.578340 0.079071 -1.108006 -1.760915 -0.906763 -0.942189 0.945617 1.181445 -0.309985 -0.697229 1.336781 -0.105038 0.783099 -0.002038 0.474082 -0.987631
8 1.677710 1.634267 0.419592 -1.074030 1.021130 0.893211 0.910250 -0.060963 0.952955 0.030375 0.295457 -0.062646 -0.200445 -1.724804 0.507274 0.674860 -1.488170 0.927360 0.118591 -0.055635 -0.665842 -0.781332 1.606619 -1.221638 0.313941 -0.775592 -0.167789 -1.245589 1.795242 2.112585 1.844129 -0.611715 0.008646 -0.142402 -0.505427 0.700968 -2.477793 -2.892549 1.111153 1.032416 -0.548569 0.724795 -1.145485 -0.426239 1.487155 0.553506 0.705991 -1.297670 -1.696798 -0.082714
9 -0.236091 -1.534837 0.135744 -1.087336 0.021611 2.438241 2.390717 0.571011 1.161534 0.015087 -0.623354 -1.486145 1.248855 2.444473 -0.406336 -0.220664 -0.233178 2.854589 -2.015329 -0.410546 -0.250484 -2.223127 0.681215 0.491060 -0.868692 0.029082 -0.805495 -1.161530 -0.245867 1.131424 0.936545 -0.272249 -0.349663 -0.549647 1.128153 0.460385 -0.107759 -0.465118 -1.047090 0.513570 0.519697 -1.317995 -0.325878 0.238027 0.432726 -0.679347 -0.222201 -2.427878 -0.843092 -0.567623
10 1.114883 -0.069340 1.098113 1.205989 0.674787 0.670328 -1.215420 0.121664 -0.404408 0.552588 -0.644999 0.281351 0.467564 0.849759 0.347768 1.215677 -0.013011 -2.141860 -0.410585 -0.769121 -0.664972 1.006988 0.189144 -1.638202 2.174906 -0.982896 -0.529423 -0.828329 -0.910208 -0.203996 0.255961 0.290982 -1.576771 -0.051149 2.035103 0.553059 -0.175896 0.787895 0.857812 0.541141 -1.336246 -0.698507 0.448145 -1.500921 1.202655 0.427278 -0.615582 0.412862 -0.317152 -0.344283
11 -0.904298 0.335556 1.547715 0.407052 -0.130213 -0.665392 -0.722468 -1.110956 1.286038 0.405737 -1.538597 1.051148 -0.938188 0.928615 -0.349807 -0.504485 1.665805 0.052637 1.557068 2.004007 -1.039462 1.268128 1.339409 0.763087 -1.079303 -0.470410 -0.986214 0.915507 0.519606 -0.450234 -0.132271 -1.787480 -0.523179 1.604674 0.508451 0.325305 0.942785 0.125362 -1.426783 -0.000613 -0.117984 -1.458759 0.920139 0.811579 0.028412 0.209363 -0.993306 1.273665 0.619126 -0.930775
12 0.481781 0.307118 -0.666492 -0.262329 -0.688960 0.306028 -0.140684 -2.331304 0.173472 -0.664469 -0.162990 -1.072602 -1.648519 -1.254409 0.748670 -0.769229 -0.443139 1.337812 -0.573562 0.644374 0.443202 -0.699139 -0.268213 0.389476 -0.552364 -1.429669 -0.303213 0.941398 -0.509610 -1.090374 -2.750440 -0.300896 0.852633 -0.514698 0.745238 -0.735835 0.766514 1.337054 -0.466410 -0.880274 1.140036 0.816022 -1.127356 2.502751 0.486122 1.656606 -1.500610 1.778365 -1.313784 0.216176
13 0.454275 -1.541320 0.432619 1.364085 -0.609237 0.389936 0.018674 0.121280 -0.723222 0.427047 -1.230243 1.069432 -2.291482 0.107851 0.611631 -1.698877 1.252749 0.879554 -0.203479 -1.327533 -0.339725 1.775732 -0.430759 2.052636 0.409965 -1.251296 -0.165244 -0.820983 1.730976 -0.283827 0.430790 -2.328371 -0.374362 0.704356 -1.950561 0.118249 1.518611 -0.766622 -0.005297 -0.642913 -0.317291 0.188190 1.288071 1.312253 -1.469398 -0.639124 1.252520 0.819123 1.200709 -0.115656
14 0.047521 -1.421652 0.409103 -1.130820 0.996522 0.217965 -0.141298 -1.724150 0.957294 -2.112040 1.252381 -0.869174 0.403990 1.027048 0.728364 -0.933709 0.653978 -2.401831 0.921689 0.406660 0.621175 -0.540761 0.764844 0.241605 0.676946 -0.523355 -1.838810 -1.255615 0.268807 1.397765 -0.735884 2.246069 0.235153 -0.296400 1.266400 0.317972 -0.311238 -0.144043 0.393439 0.124656 0.663940 1.171312 -0.735940 2.269642 -0.251724 -0.481818 -0.061300 0.500588 -0.878967 0.584316
15 0.180455 0.573837 0.695086 -0.061463 -0.199291 0.739057 0.520307 0.291751 0.506833 0.579536 0.420502 -1.946713 0.084510 2.648456 1.089711 1.934533 -1.802835 -0.678470 -0.179993 0.368094 -2.683309 0.019183 0.706350 0.574701 -1.456493 -1.735880 -1.070641 -0.255325 -0.016207 -0.435173 0.059525 -0.045685 -1.763231 0.021848 2.083458 -0.400075 -0.848327 0.659782 1.556294 -0.493759 1.398469 -0.548535 0.460670 -0.702858 0.076517 0.350714 -0.480672 -0.025284 -0.124006 1.112298
16 -3.497982 0.731398 0.852021 0.462921 1.187326 0.334816 0.325452 -0.018696 0.941441 1.406121 -0.043120 -0.322831 -0.355511 1.992553 -0.237249 -1.241452 -0.727038 0.052017 -0.466862 0.091047 1.479849 0.870025 -1.499199 -0.935918 2.182169 0.449246 -1.286015 -1.496072 -2.051713 2.250628 -0.252844 1.003576 -0.806353 -0.881078 1.582665 -1.446299 0.381702 -0.513232 0.520577 -1.076920 -0.398677 1.112895 1.267353 0.765111 1.127912 0.110347 0.077070 0.120293 0.702383 -0.237341
17 -0.168336 -0.647830 0.513044 0.686839 -0.352098 0.446957 0.184862 -0.209878 0.809230 0.301589 0.832140 0.235525 -1.241430 -1.246735 0.703772 -0.790592 -1.005969 0.682284 -0.212134 1.827362 -0.905586 -0.226103 0.391264 -1.105521 -0.572746 -1.900252 0.352172 0.178416 0.855068 -0.436217 0.472218 -0.860578 -0.224879 0.514773 -0.513692 -0.797749 0.936140 -0.453789 2.127309 0.321317 -0.609664 0.182813 0.892274 0.841938 -0.732035 -0.995611 -2.333601 2.674515 -1.087339 0.455348
18 1.189028 0.311166 0.464811 0.048769 0.751693 -2.299874 1.108653 -0.201932 1.591802 -0.135334 -0.239692 0.123531 0.795278 0.370964 0.073573 -2.008665 0.051000 0.828247 -0.029071 1.199719 0.789849 0.497489 -0.719537 1.339065 0.855963 0.556494 0.407942 0.229157 -0.451172 1.509357 -1.059928 -0.583594 0.450930 -0.770689 -0.524477 1.582921 -0.958513 -1.561098 -0.512325 -0.202084 -0.182562 0.138811 0.096679 0.302079 0.142678 1.861177 0.491750 0.626554 2.032931 0.160647
19 -1.074690 -0.652009 0.845248 1.210441 -0.153558 -0.869732 0.389055 0.395291 -0.869838 -0.398318 0.674467 2.174429 -1.018555 -1.500459 1.368269 0.875499 1.705734 0.075074 0.812693 -0.150884 -0.218768 -0.009653 1.591261 0.041210 0.726125 1.549062 1.254281 -0.499476 -0.155932 -0.080745 0.027805 0.396197 0.557354 0.103532 -1.231435 -1.333653 -0.265040 -0.367165 2.272213 0.935020 0.724045 -0.230695 0.308421 -0.746842 0.563852 0.201865 -1.151417 0.319567 0.409438 -2.001339
20 -1.242340 1.672974 -0.483396 1.741853 -1.001453 1.078003 0.583362 -0.093556 -0.169959 -0.293624 1.914443 0.340946 -0.718363 -0.985542 -0.446035 -0.251313 -1.734894 -1.306273 1.444980 0.164218 1.010812 -0.484891 -1.567836 -1.728835 -0.828371 1.195815 -0.662566 -0.216535 0.922096 0.656279 1.814414 -1.772822 -0.298168 0.232933 0.994440 0.966530 0.131540 1.480899 -0.821116 -0.189374 1.652225 -1.143478 -0.372148 -1.232068 -0.305100 1.654569 -0.949734 0.792973 -0.777207 -0.302012
21 1.374325 -1.079769 0.963126 -0.581794 0.808725 2.344448 0.768881 -0.303850 0.257079 -0.280500 -1.345006 -1.403970 -1.603332 -0.124517 -0.616302 1.076619 0.311654 -0.380543 -0.834357 1.761007 0.286123 -0.727560 -1.640747 0.277904 -1.463596 -0.356022 0.460119 0.245026 -1.075271 0.101679 0.567662 1.453601 2.091119 0.002090 -0.028307 1.104738 -0.282488 -2.618468 -0.926140 -2.090863 1.168823 -0.125355 1.638287 1.561929 -0.089103 0.785193 0.404988 -0.069849 -1.518943 -0.179660
22 0.780992 0.408230 1.417310 -1.711715 0.483383 -0.633341 -0.455072 0.321846 1.448892 -0.923322 -1.586291 0.934903 1.336117 0.619871 0.961110 0.255944 0.914268 0.983604 -0.291550 -1.373455 -0.705560 0.617420 0.082509 0.870935 -0.792608 1.488913 0.274327 0.225045 0.121034 -0.009711 1.144971 -0.255292 -0.510684 1.152900 -0.053278 0.109863 -0.800468 -2.222201 -0.562858 0.380182 -1.193827 -1.033505 -0.307335 0.247811 -0.031491 1.559677 -0.100419 0.992492 -1.141998 -0.160318
23 0.034463 0.609620 -1.690680 -1.069954 -1.748954 -0.352217 0.594535 1.461980 0.083704 -0.523294 0.791949 -0.490424 -0.691967 -1.439879 -0.443231 1.379091 0.093328 -0.109600 0.680757 -1.079645 1.127506 1.101794 -0.583647 -1.531787 0.920921 -0.885940 -0.445610 0.008837 0.868822 0.054474 -1.114997 -0.770868 -1.946218 0.994840 -0.532082 -2.255994 -0.370790 0.953014 -0.209509 -2.135681 -0.342105 -0.522834 0.017381 -0.020904 1.482066 0.480867 1.035893 -0.187073 0.403029 -0.911545
24 0.120174 -0.533470 -0.758404 0.807986 -0.899104 0.096317 0.884870 0.756623 0.115258 -0.476556 0.531270 0.187204 1.955087 -1.206652 0.291542 -1.047393 0.136246 -0.262678 1.523764 -0.955971 -0.135499 0.240180 -0.858250 1.929487 -0.782570 1.488700 -0.930344 -0.733042 0.365268 -1.974321 0.665529 -1.008501 -0.455769 1.507372 -0.926123 1.179985 0.395900 0.754889 -0.698485 0.369885 -1.407550 1.059171 -1.074195 -0.430451 -0.862230 1.342221 0.704764 -0.044524 -0.835008 0.755158
25 1.052890 1.600615 0.983399 1.265285 0.603481 -0.012286 0.377629 0.724506 0.864319 0.845569 0.144956 -0.685639 0.208719 -1.490037 0.152425 -0.003361 1.798433 -0.460437 2.495805 -0.125118 1.851887 0.316948 0.377289 0.607137 -1.163258 0.731595 -0.136114 -0.403897 0.522164 -0.528848 -0.982939 0.134948 0.927969 0.001763 -0.356801 -0.362567 0.845819 0.508866 -0.952534 -1.768221 0.326614 -0.458271 -0.352780 0.226774 2.770034 -0.818775 -1.466554 -0.295015 -0.382315 -0.373537
26 -0.650133 -1.209464 -1.533958 -0.446226 2.323847 -1.869115 -0.432813 -0.033446 0.741158 -0.585417 -0.383123 0.750645 0.142260 -0.148855 -0.316877 -1.258943 0.505816 0.305849 -1.295536 0.185830 -0.147736 0.126850 0.481411 -0.905936 -0.372272 -0.436370 -0.454487 -0.073985 -0.850533 -0.271899 0.916471 0.115375 -0.382179 1.290332 1.321684 1.244061 -1.148771 0.570619 0.914338 0.789561 -1.718988 -1.636795 0.345294 0.080017 -0.056312 0.313789 0.107989 -0.931111 -0.328305 -0.837249
27 1.743627 -0.354869 0.809198 2.080107 0.549592 1.467221 0.897662 0.287337 0.860326 0.879437 -1.007359 -0.314639 -0.716434 0.000800 1.134595 0.457472 -1.385662 0.586659 -0.810417 0.845401 -0.777504 0.415917 -0.640251 0.055734 -1.080829 -1.569852 -0.161889 1.309468 0.040644 0.256453 0.376517 0.715710 1.867252 -0.798644 0.738049 -1.002114 -0.447010 1.008288 -0.727421 0.714860 -0.380761 -0.155180 -1.982248 -0.383008 -0.320287 1.229803 0.617611 -0.722402 -0.137694 -1.094192
28 2.056355 -0.468815 -0.636898 -1.042968 1.824669 -0.126160 1.146014 0.114114 -2.355979 0.618313 -0.717852 -0.314246 0.110737 1.329075 0.496661 -0.180147 -0.379206 -0.963246 -1.131257 0.081597 -0.411155 0.106643 0.283523 -0.197456 -1.798294 0.649663 -0.081207 -1.059766 0.233788 -0.259186 0.583225 -0.139674 1.024806 -0.405229 -0.597408 0.395315 1.186516 -0.574999 -0.958247 0.130207 1.235666 0.473444 0.584023 0.152968 -1.072212 0.375375 -0.330806 -0.305112 -0.232108 -1.165286
29 -0.335172 -0.065295 -0.096097 1.268229 -1.340504 -1.252371 -1.335249 1.451858 1.003523 0.260598 -1.762479 0.188376 -0.304528 1.056557 0.964461 -0.992083 -1.479106 -0.518740 0.664201 1.490663 1.579987 -0.398548 -0.707456 1.577286 0.780109 -0.379042 1.605568 -0.598870 -0.511656 -0.394364 -0.885259 0.330750 0.311057 -1.228355 -0.717093 -1.793246 0.185760 -1.680219 0.403647 -0.132872 0.976250 -0.066010 0.065543 0.233852 0.777557 -0.539386 0.736720 0.572027 -0.443093 -2.073880
30 -0.881311 -1.810349 1.646457 0.636173 0.178665 1.097552 -1.855137 -0.328055 1.236963 0.026947 0.252096 0.855778 -1.542777 -0.031164 -0.697600 -0.781959 0.803150 -1.048916 -1.864266 -2.137051 -1.397246 0.381132 0.377156 -0.571902 0.587413 -1.021949 -0.127728 1.708701 -2.242701 -0.071873 0.082114 -2.031961 0.209895 0.147134 -0.563032 -1.271803 0.187218 0.466749 0.958753 -1.309652 0.561226 1.080000 0.625473 -1.064097 1.354578 -0.003614 1.320165 -1.349149 -0.672130 1.366214
31 -0.446551 1.455979 -0.609081 -1.232576 1.490198 -0.180659 -1.392150 0.317648 0.158601 -1.698285 0.946632 -0.535067 0.192634 -2.322691 -0.038246 -0.203520 0.736432 1.044785 0.647833 -0.434283 -0.632163 0.831357 -0.303634 1.883409 0.594187 0.168977 0.503201 0.100955 -0.433588 1.724835 -0.722857 -0.213496 -0.330896 -2.290461 1.012208 0.080988 -1.218497 0.172272 0.989747 1.357624 -0.153960 0.501888 -0.291013 0.303617 0.013190 0.131160 -1.820290 0.805026 -0.212625 -0.921677
32 1.776532 0.167912 0.998770 -0.714652 1.749271 1.063829 0.839915 0.989289 -0.129482 1.187079 0.704024 -1.087575 0.067403 -0.136248 -1.488976 0.048395 -1.125407 2.285175 1.707740 1.660282 0.328411 0.943246 0.507762 0.245778 0.268168 0.181799 0.479369 -0.123418 1.432707 -0.872674 -0.821338 0.200952 0.309607 1.595174 -0.157192 -0.370969 -0.157812 -1.247502 0.568101 -0.206672 -0.445261 -0.560346 0.637118 2.342378 0.590998 0.508387 1.829364 -0.505271 0.717493 -0.310495
33 -0.752191 -1.946400 0.153527 1.529611 -0.506277 0.884520 0.344935 -0.229045 -0.308868 -0.581086 0.699111 -0.701947 0.661379 1.763436 -1.510389 2.057760 -0.772437 1.660448 -1.144746 -0.108450 -1.406633 0.270877 0.591655 0.356282 -0.391737 0.512298 1.012824 -0.178503 -1.541274 -1.404105 -0.775134 -1.000950 -0.118856 -0.792750 -0.584817 -1.737659 -0.755641 1.676382 -0.745986 1.311565 1.139323 0.111702 1.739590 -0.944769 -0.811068 1.676739 -1.678319 1.091133 1.366021 0.262817
34 -0.428360 -1.946426 1.137614 0.562675 0.162371 0.008246 1.117730 -0.046012 -0.498228 3.022485 1.499405 0.621758 -0.890706 -0.437469 -1.260087 -1.660938 -0.587182 0.238511 -0.515393 2.607535 -0.420726 1.008724 1.219814 0.733861 0.752212 0.064306 -0.057232 -0.661051 -1.696537 -0.312740 0.262155 0.967935 0.922631 -0.256519 0.870380 0.225680 -1.049837 0.245308 -1.141915 0.179405 -0.450416 -0.374978 0.616728 -0.448902 -0.302856 0.504253 -0.867058 -0.760785 -0.648908 -1.136926
35 0.145440 0.786918 0.799068 0.792720 0.883271 0.040500 -0.628245 0.231211 0.872440 1.381251 -0.480713 0.815536 1.226388 2.267242 -0.041867 1.061245 -0.238909 -2.701475 0.313910 -0.755859 -0.208111 0.502298 -1.111608 0.120787 0.284793 0.244386 -2.935568 -0.393776 0.537927 0.627666 -1.591444 0.382101 1.101043 3.130424 1.066266 -1.265459 -2.131807 -0.631942 -0.894064 -0.237161 -0.374911 0.606345 -0.342830 -1.040403 -0.740619 -0.576450 -1.289126 0.873152 1.242337 0.653946
36 0.846344 -0.788328 1.746077 0.060154 0.238357 1.121935 -0.518804 0.871115 -1.360878 0.551909 -0.462561 -0.365215 -0.672139 -2.744675 0.492630 0.938618 0.524790 -0.100657 -0.323625 -0.904222 0.116609 0.472835 -0.785236 -0.387814 0.137951 0.784301 1.176590 0.368270 -0.606156 -1.430065 0.094693 -0.943514 1.445060 0.555965 0.521489 0.240864 -0.337210 -0.752921 1.035469 0.028335 -1.133482 1.842894 0.004725 -1.586246 -0.690089 0.929156 0.697281 0.876479 -1.996759 -0.401613
37 -0.261967 0.847789 -0.081653 -1.489216 0.941631 -0.757687 0.352313 -0.338522 1.643095 -0.151572 -0.342201 0.853360 -0.256744 0.135759 1.088172 -1.168310 0.985190 -1.968745 1.301137 0.456128 -0.207793 0.178491 -1.583317 -1.260929 -0.384724 0.343359 -0.565506 -0.483401 -0.167552 0.610159 0.437178 -1.027661 -0.699367 0.058315 -1.278082 -1.381565 1.779075 0.532946 -1.085472 -0.559453 -0.022904 0.705229 0.748144 0.795382 0.398798 -0.067804 1.208385 0.840967 -1.128821 0.150704
38 -0.525854 -1.557556 -0.922958 0.035996 0.718794 -0.588540 -1.462311 -0.817331 -1.110521 -0.055334 0.784896 0.579863 -0.189864 -0.583123 1.404716 -0.312075 -1.524518 1.706399 0.219559 -0.274411 -0.005965 0.279293 3.262149 -2.187051 -1.294887 -0.166811 0.734003 0.979673 2.336118 0.616337 -0.753191 0.223065 -1.034596 0.923141 0.397760 0.038736 -0.604389 0.042097 1.063393 0.635731 -1.507643 0.535179 1.878964 1.545241 -0.241283 -0.309276 1.337656 -0.813267 -1.057659 0.195447
39 0.914903 -0.039608 1.004819 1.336270 -0.422573 -0.209517 0.611050 0.541813 -0.576372 -0.054979 0.402350 -1.315861 -1.295458 -0.780509 0.725165 -1.126323 2.197989 -1.010621 -0.940389 -0.515671 -1.165726 0.995511 1.281940 0.049676 -0.099983 0.482950 0.959548 0.822469 0.514105 0.465286 0.330730 -0.988805 -1.376945 0.511738 -0.398292 -2.693423 -0.753070 1.432696 -0.718790 1.060079 -0.161156 0.788645 0.225017 -2.584831 -1.146632 2.386468 1.229546 -0.825653 -0.724818 1.042957
40 1.437071 0.139613 0.906939 -1.171545 -1.029073 -0.180167 0.760298 -1.843983 -0.058708 -0.672279 -1.187205 -0.596105 0.231822 0.264333 0.618490 0.739957 -0.303940 -0.477646 -0.293430 -0.615117 -0.672554 1.689781 -1.754581 -1.149317 -0.140876 1.007598 1.303128 -0.573473 -0.605449 -1.558821 0.135325 1.439950 1.353756 -0.136617 0.110501 -0.175362 -0.556473 -0.560524 -0.303414 -0.276824 0.083180 0.271309 -0.507453 0.039872 -0.811646 0.006463 1.367242 0.893221 0.655231 1.357413
41 -0.481459 0.673381 0.191230 0.181489 0.264861 0.107099 -1.462937 0.872220 -0.627457 0.517637 -0.057326 0.346355 -0.546052 -1.056306 -0.191682 1.398366 1.229965 0.294387 -0.546298 -1.040287 -0.421797 -1.461942 0.893048 0.036736 0.007348 0.601408 -1.638419 0.132779 1.653332 -0.486030 0.319237 -0.876461 -0.346030 -0.290030 1.024632 1.089501 -0.289586 -0.096354 0.102734 -0.873439 1.368687 -0.173416 -0.171856 -0.136310 -0.564956 0.955580 -0.029324 -1.163248 -1.250059 -0.724178
42 -0.594506 -1.172512 -0.733150 -0.719375 -1.200369 -1.205746 -0.666978 0.786943 -1.421700 -1.524781 -1.168032 0.552945 1.561482 0.204723 -0.324150 -0.966894 0.095447 -0.396045 -1.122531 -0.756570 -0.939131 -0.327022 -0.207745 1.199091 -0.371568 -0.939875 0.470152 2.013482 0.255338 1.180492 -1.167671 -0.038819 1.226013 0.071891 0.121746 -0.575641 0.658049 0.228445 0.874688 1.005380 1.309853 0.352664 -0.693052 0.274586 0.955686 0.848923 2.004869 -0.497466 -0.799462 -1.474222
43 0.025988 -1.424001 0.728085 1.192737 0.870270 -0.314093 0.068162 -0.315806 -0.039606 -1.712977 -0.005753 1.070789 -0.408078 0.696071 0.417414 -0.124151 -1.423851 -0.264428 0.691570 -0.022694 0.908525 -1.740610 0.103557 1.137914 0.240374 -1.234949 -1.493269 -1.639954 -0.119863 -0.469763 0.572511 0.455512 -1.163891 -0.298124 1.436974 0.884540 -0.253240 0.804122 0.546872 0.594288 -1.671818 -1.023535 -0.992446 -1.853686 -0.378097 -0.649988 -0.670716 -0.662507 -1.802670 -1.197803
44 -0.174538 0.411392 -0.666899 -0.641511 0.484667 1.101911 -1.440982 -0.267150 -1.499435 -0.813211 -0.533545 -1.378014 -0.536106 -0.124853 -0.709181 -0.233959 -1.074057 -0.476874 -2.355918 0.932165 -0.513372 -0.835757 -0.519727 -0.089857 0.294457 0.761884 0.221519 0.023651 0.439753 0.175595 -2.333688 -0.905925 -0.615514 0.329322 -0.934780 -2.612823 0.188902 0.567277 -1.074024 1.978447 0.150226 -1.179038 0.216199 0.715512 1.433474 0.761058 -1.275718 -0.917433 1.716730 0.373002
45 0.035455 1.423243 0.054240 0.853799 1.561353 0.182223 -1.090666 -0.028877 -0.524428 -0.764962 1.101346 -0.774290 0.859112 0.150195 1.228018 -1.118153 0.976880 0.255129 -0.663859 -0.058839 0.842998 0.239356 1.836670 -2.163625 -0.507144 -0.490226 -1.388168 -1.244911 0.626841 0.950196 -1.133909 -0.009356 -1.129276 1.322848 -0.996000 -0.288686 -0.020027 1.452898 0.260414 1.176138 1.311176 0.647513 -1.160731 -0.257473 0.079577 -0.489711 -1.689977 -0.883153 -1.166242 0.927134
46 0.334835 -0.034468 -1.603627 -1.601464 -0.311006 -0.565283 0.606681 0.126802 -0.458684 -0.956253 -2.321544 0.768501 -0.238926 -0.394827 0.332502 -1.052354 0.601610 -0.888051 -0.074745 -1.069143 0.231415 -1.601134 -0.461129 0.078392 -1.462674 1.298844 -0.372021 0.346177 -0.969420 -1.199627 -0.131934 -1.726001 0.892790 0.753985 -0.392892 -1.087613 0.436879 -1.580880 0.819357 1.095651 0.682685 -0.980297 -0.294043 -1.148140 0.242503 0.385003 -0.361980 1.322230 -1.032189 -2.845608
47 0.238370 -0.911238 -0.926144 1.908023 -0.749681 -1.442216 0.227845 1.254919 -0.450718 -1.069628 1.074819 -0.884184 1.168218 -0.189304 -0.829569 1.178147 0.557622 0.536895 0.769610 0.993135 -1.623223 -1.100444 0.255600 -0.964088 -0.386604 -0.692212 0.937833 -0.692544 -0.880872 -0.168313 0.370423 0.247670 0.306856 1.711142 -0.701876 1.133970 0.048989 0.739832 -0.072865 -0.144447 -0.385297 -0.970656 1.040088 -1.379773 0.890750 1.248300 0.679249 0.191505 0.211738 -1.136333
48 0.149164 -0.740016 -1.821433 0.272750 0.738660 0.084270 1.203455 1.586866 1.106069 -0.103289 0.971172 1.109604 -0.658073 0.766609 1.544902 0.906106 -0.075071 0.143072 0.068390 -1.735516 -0.458626 -1.140550 0.811401 0.188597 -0.290150 -0.176128 0.484296 -0.517499 0.417453 0.494451 0.667318 0.257249 -0.080669 -2.340656 -0.754292 -0.176419 -0.311950 -1.740358 -1.846252 -0.303952 -0.429213 -0.554602 1.273962 -0.716661 -0.265125 0.741433 -0.307351 -0.105393 0.857996 -0.286562
49 -0.747943 1.483834 -0.174452 0.120800 -0.059199 0.165644 1.269654 -1.448232 0.721619 1.789448 -0.719718 -0.456127 1.218685 2.440022 0.267656 0.296871 0.250069 0.476370 -0.691729 0.635894 -1.237600 -1.695524 -1.264827 1.143140 -0.633451 -0.508301 -0.155175 1.169534 0.484238 -0.952173 0.952728 0.102902 -0.574639 0.195024 -0.733472 0.022215 0.747218 -0.511899 -1.303352 -0.791015 -0.977306 -0.862780 -0.111901 -1.106146 0.056579 -0.288268 -0.732088 -1.694906 -0.792364 0.316514
50 -1.678592 0.566718 0.484663 3.246695 0.771134 -0.371969 -1.078904 -1.343534 -1.089270 -0.264330 0.081070 0.795665 1.392241 -1.060163 0.295571 -0.563366 0.435569 1.439275 -0.154350 -1.516213 1.689902 -0.295380 0.159803 -0.451837 0.194916 -1.597182 0.005380 -0.438163 -1.299098 0.734173 0.026919 0.529026 0.486973 1.648201 0.055611 0.294691 -0.053051 0.088168 -0.951647 0.635194 2.350255 -0.254108 0.964279 -0.018019 -1.212828 -0.100165 0.520739 0.824707 0.926743 -0.976956
51 -1.496339 -1.581983 0.730448 -0.302937 -0.970996 0.110466 -0.077307 2.373301 -0.425282 -0.471788 0.780470 -1.032100 1.645769 0.803119 -0.018901 -0.476815 0.084862 -0.915560 -1.739239 -0.857375 -1.509509 -1.218066 -0.078934 1.721269 0.409134 -1.440375 -0.292117 -0.335328 0.042277 0.210154 -0.519311 0.441749 0.149727 0.634006 -0.951886 -0.932006 0.425589 0.160180 -0.030327 0.495256 0.963709 0.322670 0.563032 0.955489 0.078434 0.490545 -1.285812 0.129087 -1.451436 -1.694291
52 2.173950 0.136871 4.066340 2.206272 4.583986 -0.345491 1.435799 0.207435 -0.383458 2.845588 1.896598 0.528939 -0.267592 -1.967481 0.689288 -0.391385 0.216469 4.604776 0.501991 1.538536 0.883527 -0.475097 3.632483 -1.270067 4.622541 4.524448 2.300137 4.320766 -1.283503 0.738579 2.952330 2.339027 -1.031680 -0.167716 2.690116 3.145863 0.147520 1.386899 2.329702 1.798751 -0.023768 1.077158 0.960757 -0.468852 1.479144 -1.487455 -1.254343 0.822678 4.329027 -0.806714
53 -1.163755 -0.343889 -0.478155 1.303588 1.407557 -1.141609 2.359692 -0.884727 0.028040 1.469684 -0.632483 0.584533 1.575432 0.299174 0.261238 -1.757263 -0.299817 -0.532847 0.997091 1.274706 -1.757057 -0.762933 0.828572 0.776639 1.350240 1.423670 0.030347 0.749547 -1.806130 1.204355 -0.391639 0.614235 0.758246 -1.600809 1.348556 -0.816246 1.150081 3.622898 -0.433155 -0.099785 0.438477 -0.456873 1.080630 -0.646598 -0.898395 -0.650906 -1.056651 -1.454507 -1.031254 -0.162020
54 -1.137125 -0.296322 0.904608 -0.426027 0.675782 0.223362 0.521195 -0.442828 0.064408 1.233751 1.142596 -0.954217 -0.615706 -1.603084 0.242025 1.965907 -0.281613 0.294871 1.147279 0.874215 -0.648141 -0.574665 0.723980 -1.606330 0.511359 -0.464076 0.432586 -0.867766 -1.111578 -0.257128 -1.411210 0.177763 -0.610291 -0.399170 1.723227 0.949950 0.309719 1.035680 1.256270 0.268574 -2.014635 1.792107 -0.631924 -0.394715 1.838197 0.374242 0.675073 -0.760884 1.602239 -1.885445
55 -0.100017 1.257362 0.765982 0.829087 -0.730207 -0.617367 0.495112 0.052498 -1.521633 0.844148 1.548089 -0.583392 1.320709 0.399325 -1.405954 1.841723 -0.097785 0.144915 1.741199 0.411983 0.731050 0.355907 0.285357 1.549500 -0.829057 -0.099481 1.592626 0.181333 1.259492 0.550536 0.376656 1.637994 -1.394134 0.162824 -0.818211 1.260707 -1.808945 -1.713236 1.683379 -0.607675 0.725197 0.323796 0.574836 -0.935788 -0.233510 0.601677 -1.173615 0.296370 -2.855817 -0.110916
56 0.567090 -2.247819 -0.007947 -0.784788 -0.156837 -0.573245 0.034760 -0.155873 -0.075707 0.264155 -1.556587 0.704518 0.127857 -0.938948 0.951464 1.245959 0.712401 -2.098736 -0.304245 -0.320918 0.047152 -0.521538 -0.424108 1.146343 -0.384608 -1.126528 -0.644664 -0.200603 -0.854860 0.973201 0.684627 -0.246558 0.215382 -0.656749 -0.668730 1.704267 0.399182 0.920125 1.932033 0.041205 0.618267 -0.436994 1.525130 -0.738739 -0.925370 0.559071 0.198084 0.884967 -0.945550 2.055760
57 -0.936720 -0.517011 -0.481970 1.012125 0.403400 0.328341 1.222612 1.731233 0.516386 -0.024099 0.240263 -0.771437 -0.403516 1.356315 -1.208111 0.124471 0.671284 0.627420 1.719546 0.126312 0.790072 1.036724 -1.054635 -0.874100 0.236885 -0.275633 0.921651 1.606362 0.089011 -2.052119 0.595203 -0.489512 1.236666 -0.059648 -0.684651 0.093138 0.467876 -0.364221 -0.530242 -0.305013 1.781817 0.033284 -0.665415 1.036892 -0.331259 0.655858 0.032316 0.800141 0.384094 -0.557791
58 -0.170250 -1.980158 -0.082639 0.590341 -1.159361 -0.266123 1.831672 -0.404140 0.182980 -0.177645 0.413917 2.058438 -0.826246 -0.611164 0.135677 0.598145 0.251901 -0.001874 -0.415327 0.279116 -0.542113 -0.581621 0.187714 -1.332673 0.104377 0.081590 -0.187989 1.020055 -0.852944 0.348040 0.632248 0.834174 1.651453 0.161785 1.138120 -0.048090 -1.035049 0.355942 -0.296315 0.863377 -0.206069 -0.980271 1.178986 0.490679 -1.663308 1.948078 1.364356 0.126286 -1.567304 0.399982
59 1.238695 1.165769 1.184029 -0.156394 2.494225 0.529083 2.250277 1.074359 0.197234 -0.615398 1.191173 0.722329 0.050196 -0.185830 -0.246264 -1.248153 0.706820 -0.120442 -1.565506 -0.342660 -0.799123 -0.419403 -2.178632 0.685462 -1.145888 2.017452 -0.026230 -0.946579 0.253186 -0.666336 0.004082 0.061813 -0.995890 -1.250785 -1.279203 -0.646335 0.103330 0.753726 -0.359190 0.584163 0.003249 -0.316773 -0.613151 0.368498 -1.155723 -0.141041 1.642748 0.612279 0.985097 0.646502
60 1.697387 2.582899 -1.937284 -0.659931 -1.735923 0.996270 -1.992149 0.053666 0.417421 0.682547 0.162380 1.659184 -0.197848 -0.041982 -1.850024 -0.611770 1.638252 0.013659 -0.335866 -0.317103 0.099617 -0.612093 0.177938 0.567538 -0.174719 -1.261966 -0.472907 0.110333 0.200607 0.744246 -1.218622 0.848799 1.589323 1.620257 0.265659 -1.267088 0.019876 -0.027605 -0.450441 -1.782744 1.076155 -1.785965 1.099917 0.247015 -1.300881 -0.602215 -0.825403 -1.209134 -0.862659 -0.062816
61 -1.409656 0.668572 -0.022046 1.874991 -0.277605 0.213334 1.555256 -2.039432 0.449864 -0.851713 0.824469 -1.683007 -1.993292 -0.647877 0.441275 -1.213030 -0.108677 -1.814955 1.961625 0.577279 -0.164255 0.198662 0.293891 -2.271183 -0.965574 -0.822094 0.659030 1.297707 0.394193 -1.066429 1.385886 -0.932463 1.248444 1.495529 -0.371898 0.051624 0.858348 0.690176 2.038483 0.702907 0.898709 -0.443906 0.225280 0.144076 -0.205852 -0.673992 -0.250532 -0.496341 -1.494819 -2.160153
62 0.869378 -0.147688 3.273958 1.399624 3.013920 0.085574 -1.343448 -0.177075 1.294790 2.667166 2.751503 0.305197 -0.615494 0.895719 1.092760 -0.257569 2.146601 2.646014 2.094891 0.569040 -0.613165 0.973496 1.800890 1.583627 3.362347 3.228033 2.062356 5.422920 -0.323074 -1.113002 4.185700 4.141214 0.112371 0.858064 2.262509 3.382316 0.310239 5.486343 2.008352 1.065103 1.072716 0.429252 -0.815758 0.405744 4.833081 -0.559204 -1.473870 0.485625 2.997834 0.062275
63 0.904839 0.870236 -0.602011 0.277734 -0.783091 -0.405305 0.014054 -1.813981 0.702379 1.309980 -0.046475 -0.249380 -0.632955 -0.672460 0.268693 0.447116 -0.911511 0.027722 -2.018836 -0.474910 1.298210 1.549194 -1.607942 -1.874430 0.061894 -0.688929 -0.292364 1.569888 -0.942203 -1.801734 -0.890455 0.355357 -0.873299 0.887968 -0.342624 0.334993 -0.768579 0.891162 -1.069356 -1.533746 0.839164 -0.310752 -0.228322 -1.455802 -0.162140 -0.041182 -1.589149 0.468085 2.329457 0.278295
64 -1.109887 1.619437 -0.343532 0.204239 1.527959 -0.955802 0.513455 0.696499 -0.196691 0.265024 -1.416222 0.196676 -1.636756 0.220896 -0.516705 0.337981 1.647441 -0.200641 -1.642199 0.346414 2.318466 0.733521 -0.647271 -1.353785 -0.033700 0.966510 -0.472419 0.042417 -1.540962 -1.049926 0.068682 1.059110 1.690952 -0.908543 -1.611525 1.827406 -0.634609 0.675630 -0.062855 -0.020509 -0.771983 -1.116095 -0.070629 -1.710319 0.200090 -2.445304 -0.366884 1.590134 1.511582 0.664697
65 -0.725257 1.645393 -2.092757 -0.703538 0.101927 0.641254 -1.128548 0.598623 -0.837347 0.625059 -1.982318 -1.304238 -1.188023 0.409228 -2.109149 -0.940119 -0.787947 -1.046877 -0.786844 1.247120 -0.676321 -0.181927 2.183950 -0.160138 0.789207 0.426585 2.094634 1.340961 -1.930520 0.244389 -0.235727 -1.010023 -0.589777 -0.339190 -0.431451 -1.097549 0.233883 0.706954 -0.777956 0.469754 0.870354 -1.507695 -0.907195 1.811990 -1.690623 0.575219 -0.718719 0.215117 -0.006461 0.526606
66 1.941677 -0.799463 0.400030 -0.731553 1.557227 1.063633 -1.581630 0.600853 0.010360 -1.840207 0.857181 -0.043956 -0.302008 -0.567143 -0.570160 0.249729 -0.497307 0.785747 -0.147044 -1.413746 1.343942 -1.111853 -0.731990 -0.211808 0.117037 0.604967 0.385215 -0.121555 0.325976 -1.514508 0.025361 -0.410408 -0.416161 2.088567 -1.777774 -0.500502 -1.972244 0.755486 0.203865 1.346299 1.381191 -0.700177 -0.340009 1.088449 1.479472 -0.012445 0.070064 0.444862 -0.828442 1.968919
67 2.776929 -0.529549 0.224394 0.388389 0.673319 1.320455 0.005595 -0.956113 0.166099 1.175105 0.470355 0.101709 -0.858786 -0.133424 0.310114 -0.560961 -0.157004 0.256873 -0.142560 0.660118 0.514673 -0.315837 0.173992 -0.072399 1.632422 1.774458 -0.684928 0.375968 2.190533 -0.467488 0.641227 -0.860472 0.655908 1.757660 0.366230 -0.880033 -1.022692 0.380495 0.714958 -0.327106 0.719542 -0.955442 -1.502201 -2.484491 1.870267 -0.779542 -0.524454 0.687564 -0.309061 -0.362233
68 -0.971931 0.821358 0.029931 -1.423424 0.403586 1.567792 -1.093850 -1.553014 -0.069326 0.677537 2.441813 -0.987841 0.210136 -0.391117 -0.342284 -0.079859 -0.400787 0.808334 -2.421572 0.391793 -1.770685 -0.720269 1.341261 0.959921 -1.359940 3.216643 -0.166938 2.210089 -1.324404 -1.103957 -1.088349 -0.452545 1.196920 -0.508500 0.773289 -0.466718 0.550007 -0.198960 -0.573900 -0.007065 0.153900 1.261495 -1.961922 -2.892223 0.993334 1.442548 -0.254103 1.368779 -0.743619 0.179410
69 -0.993296 0.760044 -1.712820 -0.180171 -0.150345 -1.583503 0.233038 -1.899007 0.472975 -0.343857 0.805055 -0.399794 -1.100697 -0.130502 0.219497 0.453685 -0.636512 0.072356 -0.486882 -0.054496 -0.751535 2.399514 -0.410750 0.246697 0.593131 0.102893 1.710109 0.284930 -0.653467 -0.022433 -0.013348 0.002387 -0.553247 0.203613 2.336995 0.880981 -0.576288 0.372350 -0.753768 1.508911 -1.497817 -0.768302 -0.228044 0.973702 -1.330096 -0.411172 0.302005 1.774426 -0.361004 -0.162693
70 1.321728 -0.594773 -1.322753 -0.501379 0.033895 -0.029308 -0.504397 0.078296 -1.533373 0.332082 -0.429416 0.819283 -0.418359 -1.117920 -2.233859 -0.129555 -1.017365 -0.366223 1.397622 0.207949 0.098976 -1.155388 -1.120520 1.202200 -1.276246 -0.190753 -2.113509 -0.641227 0.059354 -0.656178 2.101136 1.727310 -0.187156 -1.594070 0.034946 0.499938 0.209263 0.037387 -0.187339 2.053556 0.538237 0.823103 0.638019 0.851692 -1.723997 0.162179 -1.041054 0.418961 -0.233580 1.120510
71 0.946919 -1.968094 -0.081847 -0.437358 0.445261 -0.600818 0.701850 -0.611775 -0.513086 0.336878 -0.805318 -0.188564 -0.325310 -0.524151 0.204915 -1.791019 0.279577 -0.239874 -0.027132 1.182291 -1.022272 -1.406295 0.092665 -1.937051 -1.866501 -0.317251 0.996677 0.666453 0.652879 -0.975251 0.233727 0.122712 -1.463334 2.216856 -1.570324 -0.722661 -1.181108 -0.871713 0.355203 0.170895 0.400672 -0.502131 1.156254 -0.721628 0.839950 -0.639516 0.930403 0.753426 -1.497424 0.140361
72 3.257312 -0.815978 3.923681 3.667095 2.117976 -0.494200 -1.214644 0.425394 1.128775 2.069457 3.651388 -1.106836 -2.911679 -0.021919 0.993861 0.620314 -0.185816 3.714818 -1.532987 -0.672914 -0.310580 0.524753 2.845556 1.302335 1.193755 3.879477 3.248333 3.159307 0.050330 -0.076535 3.204264 2.422087 -1.695101 -0.023058 2.181219 3.639331 -0.818312 2.888693 3.878308 0.482507 1.037201 2.331157 0.408190 0.715872 1.222976 -0.688453 -0.191797 0.642595 2.542743 0.634604
73 2.084602 -1.415972 0.933434 0.147906 0.748451 -0.259660 -0.845423 0.363537 0.755775 -1.053882 -1.169901 0.050520 -0.136852 -0.788409 1.998392 -0.769917 -1.015950 0.791310 1.561301 0.976712 0.160142 -0.140103 -0.414950 0.762306 -0.348723 -0.887759 1.344861 -0.957526 -0.946633 1.159385 -1.334754 -1.177925 0.374368 0.192076 0.385430 -1.253404 -0.565589 -0.241548 0.922829 1.373292 -0.984053 1.104604 3.341856 0.876841 -1.325418 -0.308857 -0.313693 0.805923 0.285649 -1.175905
74 -0.317320 -0.040808 1.066051 -0.547892 0.249133 2.074081 0.111015 -0.555250 1.248631 0.096070 0.000515 -0.758697 0.235153 -0.555574 0.423488 0.407569 -0.036765 0.891343 -0.262998 -2.296005 0.573100 -0.125172 -0.156233 -1.025257 -1.886650 0.162957 -0.083558 0.560538 -1.062456 1.215136 -0.335174 0.907209 2.535503 1.480018 -1.614361 -0.108940 0.941277 -0.165528 0.508225 -2.082721 -0.178222 0.174758 -0.531523 -1.470765 -0.607335 -0.942183 -1.445685 2.264504 0.048678 -1.882742
75 -0.033068 1.351446 0.393466 1.386472 -0.528231 -0.229911 1.090805 -0.206965 0.483015 0.108741 1.184087 -1.602486 1.039998 -0.053497 2.014719 -1.289517 -0.111007 -0.911619 -1.217223 -0.779714 0.099726 1.019325 -0.322296 0.454213 0.358290 -0.597112 -0.026762 0.197925 0.944033 -0.811251 -1.646462 0.651574 0.059007 1.000519 1.469010 -1.094832 0.171150 1.257815 -0.462745 -0.049359 0.415598 0.011118 0.308157 0.626765 -0.226308 0.007738 -0.484612 -0.240951 0.082472 0.068590
76 0.922238 -1.734819 0.072402 0.080253 0.659102 0.019995 0.966472 0.434332 -0.941897 2.096705 -0.361979 -0.136524 0.528113 -0.198023 -1.021115 0.618881 0.146545 1.886294 0.738339 -0.259339 -1.713967 1.175040 -1.543921 1.922687 -0.780656 -0.684456 -0.495325 0.046331 0.038613 0.657191 -0.195789 1.386215 -1.291157 -0.451549 -1.470290 -1.206295 0.541301 -1.535176 0.431754 0.527975 0.584362 1.312002 1.496454 -0.289995 -0.738457 -1.195444 -0.334680 -1.560977 -0.578424 -0.421837
77 -1.578481 -1.484527 -0.603988 -1.363650 -0.905049 -0.687931 1.248844 -2.299136 -0.593088 -0.771238 0.176695 -1.208068 -0.517569 0.021552 0.064653 -0.385116 1.686220 1.648830 0.639235 0.438724 -1.787347 -1.111913 -0.596336 2.021712 0.559200 0.440782 1.426644 1.576348 0.417291 -0.992536 -0.604508 1.217210 0.388526 -1.527619 0.456601 -1.010178 1.334274 0.755789 -1.188181 -0.584678 -0.525645 0.193530 -3.502883 -0.600614 0.458015 -0.806295 -0.232941 1.877560 -0.151484 0.823682
78 0.234974 0.824436 -1.667427 -0.894970 -1.567796 0.809169 0.386625 0.010570 -0.585676 -1.280169 0.150920 -0.132875 -0.652398 -1.121585 0.724987 0.410313 -1.032834 1.639689 -0.890489 1.646841 -1.586782 0.948866 -1.713201 0.656438 1.555207 0.201876 -1.371378 1.724973 1.879899 -0.202234 1.038627 -0.742196 -0.400916 -0.580312 0.134577 -1.037068 -1.027974 -0.082878 1.304953 1.366670 -0.149813 -0.808873 1.085164 1.198658 -0.081258 1.619216 2.009502 -1.319325 1.216953 -0.583319
79 -1.734905 0.244798 -0.421164 -0.844654 -0.666744 0.329791 -0.918697 -1.001900 -0.221122 0.131003 1.573471 1.322559 -0.293327 0.811913 -0.564593 0.188443 -0.894117 -0.985835 1.375360 -0.864842 -0.005591 -1.181094 1.744938 0.109164 -1.866479 -0.318687 0.636704 0.611909 0.315933 -0.211467 -0.394346 -3.251204 1.028477 -0.545520 1.203952 -0.600417 -0.112568 -2.249720 -0.071435 0.262880 -0.033521 1.641857 -1.075465 1.987532 2.179651 -1.044608 -0.611476 -0.346888 0.727022 0.891453
80 1.110390 2.248889 -0.135739 0.896804 -1.327935 2.432624 1.782262 0.698273 1.268866 -0.402042 -1.970534 -1.218558 0.668747 0.392469 0.439930 1.206058 0.230312 0.016170 -0.654755 0.414621 -0.650152 -0.641005 0.962389 -0.858198 1.004357 3.363787 -1.331467 0.069876 -0.253384 -0.363628 -0.318682 -0.158240 -0.501999 -0.719689 -1.214111 -0.056029 -0.493587 1.314219 -1.423295 1.673286 0.228288 -1.216225 -0.012924 1.623452 -0.320718 -1.023561 -1.043290 -1.843901 -1.088663 -0.089298
81 -0.009369 0.419378 0.118472 0.173431 -0.580970 1.172817 -0.751528 0.266758 -1.324158 0.052206 -0.579963 0.093497 1.296785 -1.264205 0.387953 -0.200469 0.039205 -0.207593 -1.059291 0.615401 2.328355 -1.176023 1.369290 0.812286 -0.289868 -0.139778 0.193103 -1.929187 -0.811582 -1.200888 0.367751 0.651122 -0.146871 0.583357 -0.494928 1.207142 0.395732 1.004193 0.667629 -1.160537 0.304983 -1.130502 -0.571132 0.982673 1.082955 0.779454 0.291180 0.497107 -0.022285 0.893785
82 4.528279 -0.267416 2.219812 3.139431 1.339951 -1.128942 0.140149 0.582055 0.079997 2.703180 3.411867 -1.225522 2.254526 0.216342 1.502241 0.554158 -0.293100 3.121504 1.110255 -0.745214 1.057647 0.986396 0.923788 -0.636825 5.116479 4.534237 3.989473 2.900225 1.079301 1.404877 3.906715 1.689521 -0.082702 0.479201 2.834870 3.909570 0.476237 3.671586 2.956827 -0.727316 -1.045086 0.954064 -0.441582 -0.093767 4.051183 -0.526029 1.072820 -0.301598 2.144730 -0.857394
83 3.154693 -0.417670 2.959098 1.692550 4.815596 -2.046605 0.290894 -0.006813 0.830125 3.197637 3.648710 0.598392 -0.836541 -0.051078 0.901793 -0.446750 0.076413 0.680777 -0.231348 1.981704 0.650576 -0.599517 2.856421 -0.698144 2.576167 4.089985 3.698074 2.119692 -0.377990 -0.212790 1.587370 3.128060 1.301707 2.226106 3.087879 1.429351 -0.788346 3.225625 4.238198 1.243165 -0.983447 0.461938 0.269223 0.084350 4.750741 -0.562249 -0.723810 2.000268 2.614038 0.577232
84 0.848099 -1.279409 -0.703041 -0.790141 0.315187 0.067037 0.327565 -0.456517 0.507343 -0.258157 -0.431464 1.189302 -0.425420 0.968211 -0.694256 1.225535 -0.292835 0.738648 0.867535 -0.597009 2.520793 -0.349309 -0.063505 0.302141 0.442202 0.231617 -0.524902 -0.093966 0.365409 0.253769 0.341843 -0.297902 1.244949 -0.425049 0.644580 0.812126 0.713782 -1.452725 -2.743614 -0.305282 -0.348200 -0.673398 0.255376 0.779139 -0.305684 0.649123 0.868108 0.174090 0.479588 -2.481317
85 1.350174 -0.045581 0.526127 -2.311507 -0.498604 -0.851131 2.464112 -0.616903 -1.102954 -0.558417 -0.490133 -0.497322 -0.811358 -0.283614 0.023050 -0.599211 0.872553 -0.082180 -0.061563 -0.259841 1.606785 0.504646 -1.964603 1.037830 -0.691396 -0.447358 -0.411448 1.168204 1.263189 -1.308702 0.263752 1.968734 1.083260 0.751867 0.601047 0.445294 1.166807 -0.687256 -0.311339 1.961210 -1.126977 -0.471487 -0.115804 0.929176 0.622716 -1.262508 0.494994 1.756774 1.062405 -1.129161
86 0.908638 0.208651 -1.428457 -0.841475 0.001111 -0.247911 1.903050 -0.846770 0.358858 0.464270 -0.523101 0.726210 -0.361221 -1.758356 -2.619981 0.830931 0.764586 0.300765 0.740349 -1.164646 -0.451507 -0.505177 0.661836 -0.659035 0.875546 0.207536 -1.113927 0.455983 0.177971 0.762071 -1.195346 2.528281 1.359451 -1.149430 1.488016 -0.220176 0.001435 0.008155 1.168073 -0.226806 2.572588 0.773249 0.006343 0.454505 -0.586618 -0.319215 -0.651548 -0.245859 -1.102636 0.174331
87 -0.180758 -1.595941 0.325904 1.023013 -0.664577 -1.482446 -0.867624 -0.260660 1.223934 -0.326698 0.299092 1.076553 0.322861 0.013617 0.353384 0.271522 -0.188598 1.161349 -0.952435 -1.486760 -0.388697 1.798340 1.181406 0.004613 -1.240428 0.034834 -0.387528 -0.448371 -0.767936 -0.645128 1.008799 -0.934008 -0.902834 -1.162044 0.222628 -0.248752 -1.981432 -0.326284 -1.369071 -0.135075 -1.027185 -1.431938 0.391823 -1.841363 0.060249 -0.156189 -0.597521 -2.124208 -0.110363 -1.525667
88 -0.236434 -0.970306 1.780740 0.353934 2.692476 -0.342294 -0.038092 -1.128061 0.443062 -1.887545 -1.024106 0.848584 -0.294643 2.002451 -0.279411 -0.543510 0.455533 0.695434 1.323900 -0.969086 0.832897 0.399527 0.220472 -1.055184 0.357232 -0.124202 -1.498148 -1.787389 0.771310 0.964087 0.840770 0.532093 0.527838 -0.408791 0.998384 -1.130852 -0.566424 -0.316466 1.333428 0.082371 -0.667114 -0.040102 -1.921548 -1.349090 -1.074771 -0.137740 -0.819391 -0.985867 -0.879899 2.091363
89 -0.495154 -0.585039 -0.232382 -0.782971 0.883914 0.288588 -0.653406 0.056299 2.254599 -0.108431 0.464769 -2.275962 -0.286006 -0.706626 -1.022634 -1.987885 -0.182221 -0.898346 1.250410 -0.729785 0.838521 -0.654430 -0.680223 -1.655125 0.484187 0.418836 -0.402213 0.962286 -0.382158 -1.162006 -1.114232 1.173764 0.260173 -1.149902 -0.000881 -0.509753 0.898110 1.481727 0.718659 0.641075 -0.349667 0.007753 -1.928576 0.132208 -0.989463 0.297227 1.357772 0.035759 -0.742709 0.462392
90 0.163108 -0.050278 1.254070 0.335367 0.512301 -3.071586 1.213664 0.298591 -1.881434 -0.381667 0.342048 -0.705525 1.405022 0.787703 0.238034 0.971891 -0.426845 -0.008496 -0.152672 0.400216 1.219722 -0.042655 -0.283110 0.016954 -0.581325 -1.662582 -0.945006 -0.275035 1.006709 1.955253 0.146754 -1.706999 -1.635331 -0.283698 -0.453731 -1.059056 -1.577887 0.624228 -0.992261 0.077678 -0.678104 -0.376311 0.777147 0.014185 -0.438413 -0.272175 -0.834501 -2.068321 0.153466 -1.794289
91 0.847819 0.235406 0.270227 0.733200 1.945062 0.005265 -0.208855 1.170555 -0.072240 0.064109 -1.948507 -0.714242 -1.661407 -0.488115 0.814025 0.311336 -1.082366 1.807620 -0.350679 0.797341 -0.181780 -1.188843 -1.418809 0.271301 -0.819787 0.082646 1.473795 -0.941725 -0.640884 0.794475 -1.846208 0.780676 -1.647645 -0.806888 0.687501 -2.234736 0.408174 0.856606 1.035987 0.207425 0.512987 0.319355 -0.455579 -1.035780 1.485831 0.503393 0.014523 0.757933 -0.417446 0.552494
92 -0.912566 -0.874800 -0.564167 0.164439 -0.990106 -0.467354 -1.997865 -0.221254 0.287616 -1.340549 -0.639796 -0.217639 0.846752 -1.607994 0.529069 -0.767180 -1.673755 -0.434673 0.292937 -1.517946 0.284028 -1.578770 -0.807079 0.404435 0.856183 1.032243 -0.556164 -0.069837 -0.374535 0.458062 1.195183 -0.295256 -0.018691 1.575527 -0.624319 -0.958514 -0.510640 -0.266411 0.615835 -0.263802 -0.637790 -0.618082 0.251273 1.002891 -0.447140 -0.977216 -1.078108 -0.584481 1.336276 1.069888
93 0.334816 0.523939 -0.286983 0.485238 1.236728 0.803761 0.656116 -1.275849 0.248059 -0.657356 0.403765 0.226444 -0.636161 -1.073228 0.560803 0.521843 -0.316210 0.367100 -0.409389 -0.333430 1.265320 -0.663356 0.979387 -1.394249 -0.558601 1.337024 0.385503 0.751743 0.431598 -0.309333 0.080032 0.879053 0.030492 1.264436 -0.296209 -0.678616 -0.355477 1.240793 -0.499185 -0.073059 1.004722 1.457790 0.355531 0.428249 2.622778 -0.929552 0.612031 -0.345765 -0.120592 -0.532427
94 -1.187751 -0.540509 -0.558060 0.517861 -1.708340 -1.533619 0.180972 0.911140 1.461330 0.568179 1.044479 0.117095 0.415982 -2.675820 0.169745 -0.580536 -0.979601 0.386884 -1.297436 -0.536288 1.980778 -0.138198 -0.793831 -1.602589 -1.120642 0.917778 -0.586637 -0.954775 -1.622693 -0.897713 0.863276 -0.158081 -0.265833 -0.343263 -1.316125 -0.859155 -0.523314 -0.403122 1.126826 1.233963 1.363409 1.899969 0.241858 -0.088663 0.077682 0.187028 0.544764 0.881449 -1.252505 1.260293
95 0.587858 -0.373856 0.353386 0.401241 -1.268484 -1.025320 -0.756906 -0.300377 0.695260 -1.417657 0.411436 1.311817 0.929467 1.036553 0.200561 1.896624 1.023331 -0.891731 1.602810 0.280691 -0.577093 0.120192 -1.482717 -0.965285 0.135746 0.229020 -0.511470 2.186435 -1.772894 -0.592906 1.256950 -0.359837 1.415996 -0.326481 -1.114500 -1.853795 1.904314 -0.489370 1.169640 -0.098814 -0.469184 0.756267 -1.286310 -1.207155 0.393010 -0.507830 -0.088394 0.269801 0.545126 0.878324
96 0.830465 -0.537128 -1.107606 -0.317497 -0.943436 -1.045885 -0.938639 0.694318 -0.659257 0.262709 -0.623597 -1.067216 1.220013 -1.052139 -0.758779 -0.087085 1.590805 0.643497 -0.574054 0.342368 0.451060 -0.777075 -0.473669 -0.329154 0.311701 0.340979 1.186839 -0.507940 0.651743 -0.554853 0.124285 -1.191064 -0.608712 -1.653374 0.741596 -0.115751 -0.373333 -0.274069 0.308189 0.109655 2.045137 -0.054868 -1.823863 1.280221 0.152994 -0.034915 -1.104179 1.076191 0.724203 -0.559805
97 1.334939 -0.182513 -1.184140 -0.794674 -0.339985 0.753709 1.499874 -2.175593 1.663304 -0.872569 -1.112370 -1.289614 0.361462 1.144480 -0.858405 0.893369 1.737111 -1.011183 0.198309 -1.284310 0.927000 -0.559872 -0.425684 -0.771894 0.611689 1.159417 -0.271887 -0.349606 0.856297 -0.051121 -0.559976 -0.293160 0.031132 -1.222248 -0.433626 0.036354 -0.360961 2.051069 0.150685 0.841342 0.593692 1.274012 0.553518 -0.567891 0.739159 0.858573 0.386963 -0.107201 -1.706406 1.302445
98 1.411347 0.680623 -0.192564 -0.264504 0.625260 -0.179638 0.303113 2.564537 0.736685 -0.350042 -1.302028 1.769090 -1.054102 -0.873575 0.094200 -0.449173 0.308043 -0.536435 -0.567005 2.248460 -0.177923 0.888227 0.422759 -1.822108 0.175504 -0.866385 -0.802536 -1.102303 1.825555 0.463527 0.238984 -0.641020 -0.484357 0.219600 0.675347 -0.475046 -0.764246 1.261142 -2.806729 1.354423 -0.723282 -1.153737 -0.105586 -0.281223 -0.148778 1.249165 0.981689 -0.198335 -0.555596 -1.004358
99 -0.532651 0.288005 -0.652950 -2.427204 0.388486 -0.062609 0.708946 1.226006 1.742332 0.117530 -0.681433 -0.115382 1.173005 0.892208 0.269105 1.186737 1.208528 0.885673 -0.070047 -0.903439 1.430323 -0.371676 0.040008 0.310308 -0.398490 1.608440 -0.611143 -0.152575 -1.807921 1.434234 2.619869 0.254709 0.212414 1.171870 0.183380 -0.212336 1.252476 -0.349838 -1.427928 -0.217758 -0.596759 -1.029940 -1.278852 -0.797959 0.532991 0.926450 -0.463817 -0.528521 1.310704 -0.277181
END
#################################################################
SECTION3 (Edges Information)
EndPoint0 EndPoint1 Weight
0 1 1.000000
0 9 1.000000
0 10 1.000000
0 90 1.000000
1 0 1.000000
1 2 1.000000
1 11 1.000000
1 91 1.000000
2 1 1.000000
2 3 1.000000
2 12 1.000000
2 92 1.000000
3 2 1.000000
3 4 1.000000
3 13 1.000000
3 93 1.000000
4 3 1.000000
4 5 1.000000
4 14 1.000000
4 94 1.000000
5 4 1.000000
5 6 1.000000
5 15 1.000000
5 95 1.000000
6 5 1.000000
6 7 1.000000
6 16 1.000000
6 96 1.000000
7 6 1.000000
7 8 1.000000
7 17 1.000000
7 97 1.000000
8 7 1.000000
8 9 1.000000
8 18 1.000000
8 98 1.000000
9 0 1.000000
9 8 1.000000
9 19 1.000000
9 99 1.000000
10 0 1.000000
10 11 1.000000
10 19 1.000000
10 20 1.000000
11 1 1.000000
11 10 1.000000
11 12 1.000000
11 21 1.000000
12 2 1.000000
12 11 1.000000
12 13 1.000000
12 22 1.000000
13 3 1.000000
13 12 1.000000
13 14 1.000000
13 23 1.000000
14 4 1.000000
14 13 1.000000
14 15 1.000000
14 24 1.000000
15 5 1.000000
15 14 1.000000
15 16 1.000000
15 25 1.000000
16 6 1.000000
16 15 1.000000
16 17 1.000000
16 26 1.000000
17 7 1.000000
17 16 1.000000
17 18 1.000000
17 27 1.000000
18 8 1.000000
18 17 1.000000
18 19 1.000000
18 28 1.000000
19 9 1.000000
19 10 1.000000
19 18 1.000000
19 29 1.000000
20 10 1.000000
20 21 1.000000
20 29 1.000000
20 30 1.000000
21 11 1.000000
21 20 1.000000
21 22 1.000000
21 31 1.000000
22 12 1.000000
22 21 1.000000
22 23 1.000000
22 32 1.000000
23 13 1.000000
23 22 1.000000
23 24 1.000000
23 33 1.000000
24 14 1.000000
24 23 1.000000
24 25 1.000000
24 34 1.000000
25 15 1.000000
25 24 1.000000
25 26 1.000000
25 35 1.000000
26 16 1.000000
26 25 1.000000
26 27 1.000000
26 36 1.000000
27 17 1.000000
27 26 1.000000
27 28 1.000000
27 37 1.000000
28 18 1.000000
28 27 1.000000
28 29 1.000000
28 38 1.000000
29 19 1.000000
29 20 1.000000
29 28 1.000000
29 39 1.000000
30 20 1.000000
30 31 1.000000
30 39 1.000000
30 40 1.000000
31 21 1.000000
31 30 1.000000
31 32 1.000000
31 41 1.000000
32 22 1.000000
32 31 1.000000
32 33 1.000000
32 42 1.000000
33 23 1.000000
33 32 1.000000
33 34 1.000000
33 43 1.000000
34 24 1.000000
34 33 1.000000
34 35 1.000000
34 44 1.000000
35 25 1.000000
35 34 1.000000
35 36 1.000000
35 45 1.000000
36 26 1.000000
36 35 1.000000
36 37 1.000000
36 46 1.000000
37 27 1.000000
37 36 1.000000
37 38 1.000000
37 47 1.000000
38 28 1.000000
38 37 1.000000
38 39 1.000000
38 48 1.000000
39 29 1.000000
39 30 1.000000
39 38 1.000000
39 49 1.000000
40 30 1.000000
40 41 1.000000
40 49 1.000000
40 50 1.000000
41 31 1.000000
41 40 1.000000
41 42 1.000000
41 51 1.000000
42 32 1.000000
42 41 1.000000
42 43 1.000000
42 52 1.000000
43 33 1.000000
43 42 1.000000
43 44 1.000000
43 53 1.000000
44 34 1.000000
44 43 1.000000
44 45 1.000000
44 54 1.000000
45 35 1.000000
45 44 1.000000
45 46 1.000000
45 55 1.000000
46 36 1.000000
46 45 1.000000
46 47 1.000000
46 56 1.000000
47 37 1.000000
47 46 1.000000
47 48 1.000000
47 57 1.000000
48 38 1.000000
48 47 1.000000
48 49 1.000000
48 58 1.000000
49 39 1.000000
49 40 1.000000
49 48 1.000000
49 59 1.000000
50 40 1.000000
50 51 1.000000
50 59 1.000000
50 60 1.000000
51 41 1.000000
51 50 1.000000
51 52 1.000000
51 61 1.000000
52 42 1.000000
52 51 1.000000
52 53 1.000000
52 62 1.000000
53 43 1.000000
53 52 1.000000
53 54 1.000000
53 63 1.000000
54 44 1.000000
54 53 1.000000
54 55 1.000000
54 64 1.000000
55 45 1.000000
55 54 1.000000
55 56 1.000000
55 65 1.000000
56 46 1.000000
56 55 1.000000
56 57 1.000000
56 66 1.000000
57 47 1.000000
57 56 1.000000
57 58 1.000000
57 67 1.000000
58 48 1.000000
58 57 1.000000
58 59 1.000000
58 68 1.000000
59 49 1.000000
59 50 1.000000
59 58 1.000000
59 69 1.000000
60 50 1.000000
60 61 1.000000
60 69 1.000000
60 70 1.000000
61 51 1.000000
61 60 1.000000
61 62 1.000000
61 71 1.000000
62 52 1.000000
62 61 1.000000
62 63 1.000000
62 72 1.000000
63 53 1.000000
63 62 1.000000
63 64 1.000000
63 73 1.000000
64 54 1.000000
64 63 1.000000
64 65 1.000000
64 74 1.000000
65 55 1.000000
65 64 1.000000
65 66 1.000000
65 75 1.000000
66 56 1.000000
66 65 1.000000
66 67 1.000000
66 76 1.000000
67 57 1.000000
67 66 1.000000
67 68 1.000000
67 77 1.000000
68 58 1.000000
68 67 1.000000
68 69 1.000000
68 78 1.000000
69 59 1.000000
69 60 1.000000
69 68 1.000000
69 79 1.000000
70 60 1.000000
70 71 1.000000
70 79 1.000000
70 80 1.000000
71 61 1.000000
71 70 1.000000
71 72 1.000000
71 81 1.000000
72 62 1.000000
72 71 1.000000
72 73 1.000000
72 82 1.000000
73 63 1.000000
73 72 1.000000
73 74 1.000000
73 83 1.000000
74 64 1.000000
74 73 1.000000
74 75 1.000000
74 84 1.000000
75 65 1.000000
75 74 1.000000
75 76 1.000000
75 85 1.000000
76 66 1.000000
76 75 1.000000
76 77 1.000000
76 86 1.000000
77 67 1.000000
77 76 1.000000
77 78 1.000000
77 87 1.000000
78 68 1.000000
78 77 1.000000
78 79 1.000000
78 88 1.000000
79 69 1.000000
79 70 1.000000
79 78 1.000000
79 89 1.000000
80 70 1.000000
80 81 1.000000
80 89 1.000000
80 90 1.000000
81 71 1.000000
81 80 1.000000
81 82 1.000000
81 91 1.000000
82 72 1.000000
82 81 1.000000
82 83 1.000000
82 92 1.000000
83 73 1.000000
83 82 1.000000
83 84 1.000000
83 93 1.000000
84 74 1.000000
84 83 1.000000
84 85 1.000000
84 94 1.000000
85 75 1.000000
85 84 1.000000
85 86 1.000000
85 95 1.000000
86 76 1.000000
86 85 1.000000
86 87 1.000000
86 96 1.000000
87 77 1.000000
87 86 1.000000
87 88 1.000000
87 97 1.000000
88 78 1.000000
88 87 1.000000
88 89 1.000000
88 98 1.000000
89 79 1.000000
89 80 1.000000
89 88 1.000000
89 99 1.000000
90 0 1.000000
90 80 1.000000
90 91 1.000000
90 99 1.000000
91 1 1.000000
91 81 1.000000
91 90 1.000000
91 92 1.000000
92 2 1.000000
92 82 1.000000
92 91 1.000000
92 93 1.000000
93 3 1.000000
93 83 1.000000
93 92 1.000000
93 94 1.000000
94 4 1.000000
94 84 1.000000
94 93 1.000000
94 95 1.000000
95 5 1.000000
95 85 1.000000
95 94 1.000000
95 96 1.000000
96 6 1.000000
96 86 1.000000
96 95 1.000000
96 97 1.000000
97 7 1.000000
97 87 1.000000
97 96 1.000000
97 98 1.000000
98 8 1.000000
98 88 1.000000
98 97 1.000000
98 99 1.000000
99 9 1.000000
99 89 1.000000
99 90 1.000000
99 98 1.000000
END
#################################################################
SECTION4 (TrueSubGraph Information)
EndPoint0 EndPoint1 Weight
52 62 1.0
62 72 1.0
72 82 1.0
82 83 1.0
END
#################################################################
SECTION5 (Labels Information)
1 0 1 1 1 0 0 0 0 1 1 0 0 0 0 0 0 1 0 0 0 0 1 0 1 1 1 1 0 0 1 1 0 0 1 1 0 1 1 0 0 0 0 0 1 0 0 0 1 0 
END
#################################################################
SECTION6 (bt Information)
5 -5 5 5 5 -5 -5 -5 -5 5 5 -5 -5 -5 -5 -5 -5 5 -5 -5 -5 -5 5 -5 5 5 5 5 -5 -5 5 5 -5 -5 5 5 -5 5 5 -5 -5 -5 -5 -5 5 -5 -5 -5 5 -5 
END
#################################################################
