#################################################################
#APDM Input Graph, this input graph includes 3 sections:
#section1 : general information
#section2 : nodes
#section3 : edges
#section4 : trueSubGraph (Optional)
#
#if nodes haven't information set weight to null
#################################################################
SECTION1 (General Information)
numNodes = 100
numEdges = 200
usedAlgorithm = NULL
dataSource = SimulationData2
END
#################################################################
SECTION2 (Nodes Information)
NodeID Base Counts
0 -1.139794 1.572790 1.223575 0.431556 0.794689 -0.078274 0.678132 0.574731 0.840023 1.756485 0.511956 1.079841 0.017997 -1.667564 -0.137668 1.484940 0.214648 0.678700 0.487599 -0.463550 -1.158907 -0.339011 1.157519 -0.282646 -0.209972 0.625181 0.573413 -0.225315 -0.363154 0.545815 0.366019 0.807489 -0.205292 1.105754 0.098207 1.328580 2.333432 0.438701 -0.849575 0.158472 -0.191588 1.655870 0.239303 0.685429 2.096066 -1.340662 -0.218857 -0.305001 0.421578 0.808756
1 -0.244274 -0.831156 0.775387 -0.787014 -0.136629 -0.061498 -1.056334 -0.333428 -1.522128 -0.206332 0.674191 -0.565456 1.823470 -0.760165 -0.981015 1.069548 -0.319914 1.538908 0.781672 0.198569 1.100524 0.954676 -0.281236 1.632972 0.399239 0.280907 -0.605553 0.612260 1.379854 -0.037916 1.023284 -0.731891 -0.439648 -1.003021 0.114690 0.974930 1.101434 -0.232762 -0.325451 0.538460 0.221235 -0.982414 -1.002361 -0.681028 -0.892941 0.635813 0.276551 0.516584 0.381032 0.989840
2 -0.468796 0.896437 0.133833 -0.368396 -1.177396 0.342916 0.893111 -0.026144 -0.692215 0.661884 0.335347 0.048854 -1.771578 0.086960 1.469062 -0.086596 -0.535065 0.127443 -0.062857 1.210039 -3.101039 -1.025053 -2.111388 0.613111 0.565854 -1.970513 0.056029 0.782354 -1.421970 0.735976 1.175474 0.366665 0.816594 -1.073973 0.835008 -0.480477 -0.820817 -1.523577 0.363162 0.185784 -1.450585 0.934151 0.151722 -0.507808 -0.940541 0.476027 0.662965 1.031849 -0.648811 0.649433
3 -0.184067 -0.080681 0.450762 0.608299 0.466078 2.541079 -0.639252 -0.274003 0.808339 0.656004 2.411468 0.118279 0.092898 -2.643667 1.261596 0.659361 0.882497 -0.561344 -0.498522 0.336295 0.561126 0.345397 -1.856255 -0.558421 0.251422 -0.758394 1.622216 -0.890448 1.059418 0.672294 1.553749 -0.281395 1.303092 -0.885236 1.382976 -0.690730 1.237745 -0.372907 -0.407074 -0.727897 -1.585528 0.271610 -1.331867 1.125233 -1.126281 -0.445434 -0.024480 0.632855 1.360509 -0.418789
4 -0.316196 0.341089 -2.097979 0.809659 -0.404385 -0.044708 6.054804 0.386786 0.063552 0.318874 -0.981832 0.465652 0.060374 1.555028 0.002052 0.448022 0.812546 0.430706 0.271504 0.644598 6.802986 0.181779 0.336533 0.526941 -0.711960 -0.883127 0.240522 1.431851 -1.740276 1.421687 -0.387503 -1.010451 0.648766 0.472845 0.457446 -0.060279 -0.684696 0.239740 -0.481702 0.700604 -0.340383 1.038979 -1.197382 0.289035 1.963353 -2.750094 -1.253327 1.684740 0.695295 0.866931
5 0.027893 -0.761007 1.894909 0.145722 -0.841488 -0.462859 2.184591 0.770019 1.536528 0.447616 2.326194 0.584588 -0.441294 0.121491 -0.717222 -1.364566 -0.414887 1.154160 -0.754999 0.360647 0.317406 -0.572630 0.045524 -0.627766 -0.732139 -0.742103 -0.024773 0.834432 1.085577 -0.852285 0.469374 -1.380386 3.198073 0.615978 -0.424379 0.325275 -0.724723 0.466667 -0.408364 0.890343 0.618822 0.559596 1.763413 -3.416445 -1.217713 0.964134 1.525010 -0.559669 -1.862333 -1.404724
6 -1.322394 -0.098831 0.532992 0.354526 1.632540 1.006280 0.140463 -1.626816 -0.098944 -0.387706 -0.962654 -0.077671 0.575671 -0.253684 -1.141282 1.606838 0.367799 -0.052228 0.302841 -2.661171 -0.034684 0.576459 0.033142 -0.856289 0.562318 0.455620 0.024273 0.448283 -1.286002 1.023492 -1.420384 0.856746 -0.107410 1.253441 -0.475759 1.003218 0.215300 0.036242 0.558278 -1.446758 -0.413538 -0.168791 -0.815709 -0.053201 -1.217319 -0.207774 0.898230 -0.739279 -1.631723 -1.406071
7 0.377709 -0.566415 0.329756 1.418843 0.404662 -0.270739 -2.255307 0.112922 -2.063539 -0.389976 -1.575093 -0.280640 -0.818030 1.810585 1.249384 0.094716 -0.129126 -1.230492 0.509351 -0.098411 -0.359448 0.463534 0.809432 -1.946361 -1.911276 0.057512 -1.690039 0.820416 -1.527317 -1.824425 -0.187458 -0.393189 -0.583134 -0.058196 1.260835 -0.859632 -0.143289 0.605503 0.938970 -1.889626 -1.023539 -1.251055 0.259257 -1.602119 -0.474014 0.170202 -0.668869 0.107088 0.885028 0.666794
8 1.239879 -1.515478 0.727907 -1.656632 -1.279901 1.944813 0.590279 -1.048633 -0.419171 -1.257911 1.829267 0.942913 -0.725375 -0.524759 0.337972 1.165101 1.228421 -0.853123 -0.108628 0.792300 0.081581 1.085892 -0.872433 -0.680072 2.075441 0.213843 -0.866640 -0.186982 -0.309355 -1.884962 1.135623 -1.062027 -0.428122 0.832514 1.963004 -1.068191 -0.314002 0.797165 -0.171625 0.518420 -0.050610 -0.364597 0.149154 1.513345 -0.154023 -1.976932 -1.333300 1.361117 -0.812052 -0.207707
9 0.184608 -1.593347 0.953048 -0.257979 -0.686639 0.336916 0.082563 1.210004 0.495225 0.087419 0.713544 -0.224956 0.053670 -0.690208 0.645864 -0.542239 1.326231 -0.214703 2.124255 0.585044 -0.771959 -0.445363 -0.582078 -0.068928 0.461117 0.546960 -1.472964 -0.486586 -0.933624 0.139430 0.120123 0.220697 -0.054058 1.168151 -0.426862 -0.218162 -0.430621 0.461883 -0.288652 -0.839804 -0.886967 0.198590 -0.477391 0.935241 -1.112040 -0.773516 -1.018172 -1.259043 -1.301402 0.917559
10 0.676572 0.909584 -0.593426 0.646267 1.317463 -1.535759 -1.268230 -1.477669 1.191842 -0.290884 0.311483 -1.180413 0.425086 -0.115245 1.268863 -0.393181 0.418887 -0.897733 0.162380 0.582254 -1.225554 0.716998 -0.957077 1.206155 -0.029643 -0.577465 -1.482069 -0.020916 0.312974 1.206625 0.086058 -2.486691 0.583752 0.279502 0.422022 0.125889 0.492945 0.583535 -1.214708 -0.835211 1.279177 1.057346 0.255895 -0.470194 -0.468203 0.050009 -0.272292 -1.243563 1.596092 -0.162710
11 -1.480277 -0.536113 -1.495022 -0.635558 0.458444 0.844716 4.146078 0.311585 -0.005027 -0.170429 -0.507470 0.162850 -0.763640 -1.488034 0.080151 -1.244819 0.739643 -1.028981 -0.770129 0.860916 5.886957 -1.609552 0.375649 -1.291437 1.272212 0.360406 0.482915 1.481516 0.511067 -0.216427 0.534165 0.473841 0.264617 0.385724 -0.213390 1.145181 -0.942878 0.444639 1.799893 -0.656748 -0.923744 0.922516 -0.099766 1.411032 0.040609 0.603545 -0.502455 -0.262972 0.545673 -0.153298
12 -1.415101 -0.382553 -0.670504 -1.216043 0.383374 1.255221 -0.690108 0.572251 1.208960 1.200972 0.757779 0.620360 -0.359819 1.865396 0.870653 -1.201986 -2.155739 -0.656047 -1.448635 0.576886 0.776273 1.256243 0.032845 -0.329251 0.970903 1.593332 -0.211239 1.889320 -0.953409 1.941681 1.218770 1.116555 0.456607 -0.459718 1.027110 -1.064821 0.914460 0.507508 -0.838249 -0.416430 0.236066 -1.713701 0.725806 -1.117336 -0.655154 1.139892 -0.530841 -1.707604 1.198817 -0.379976
13 0.501449 1.059886 0.113008 1.333975 0.889986 1.780157 6.132305 0.904480 0.220865 -0.961941 0.348295 -0.159187 1.054183 0.939494 0.098719 0.651160 -0.570161 -0.464742 -0.727565 0.690289 5.362071 -2.394262 -0.280974 0.345173 0.324862 1.751824 -1.215031 -1.695879 -0.859841 1.372647 0.087120 1.397862 0.093305 -0.733148 0.269565 -0.891168 -0.304739 -0.293221 -0.072239 0.595573 0.908678 -0.723100 -0.959570 -0.745163 0.194252 0.827215 0.899881 -0.461061 -0.790671 -1.596425
14 0.561286 0.197348 0.838789 -1.488732 -1.118872 1.460079 4.634071 -0.840217 0.089365 -1.602911 -0.593390 -0.073776 1.725891 0.579156 1.102298 -0.017623 -0.554593 0.898831 -0.031932 -1.942123 4.656887 0.350094 -1.272107 0.938737 1.015177 0.812317 0.097201 -0.251178 0.311958 -3.196767 -0.064137 2.299451 -0.003671 -1.910884 -0.744648 1.656866 -0.805335 1.045697 -0.136817 0.739574 0.384366 -1.991934 0.999463 0.288715 0.262772 1.023600 2.561695 -0.648198 -1.421923 0.501152
15 -0.962382 2.397067 1.695305 0.320548 -0.386497 0.899451 5.023519 1.718562 -2.304901 -0.429390 -0.155633 -1.493634 0.040722 1.310868 0.524929 0.868965 -0.403419 -0.304909 -0.425561 -0.972991 4.437967 0.283359 1.418004 -0.102807 0.732917 -0.719091 0.660185 -0.236613 -0.285045 0.478273 1.158440 0.828454 0.997763 0.762032 0.766233 0.893229 -0.435475 2.292947 -0.274883 -0.626346 -1.467477 0.875211 -0.842676 0.092574 2.136352 1.824196 -0.025848 -0.374449 -1.783336 -0.459485
16 0.023691 1.266184 4.053926 1.148575 2.514804 0.250169 1.772544 0.520319 0.566070 0.467431 -0.698412 0.393681 -0.559613 -1.844208 -0.202501 -2.173742 0.306742 1.169284 -1.237190 -0.682324 0.158505 -0.009930 -2.020134 -0.078354 -0.735825 -0.107073 -0.054660 -1.260808 1.554616 -1.781467 0.129732 0.069010 -0.004541 -0.218917 1.373500 -0.101879 1.462784 -0.803453 -1.830717 -1.491477 -1.086632 2.216346 -1.503987 0.169041 0.133938 0.626069 -0.081127 -2.690129 -1.480472 -0.496758
17 -0.622335 0.297587 -1.212326 -0.904520 -0.090535 0.860429 -1.298970 1.406988 0.871156 -0.302420 0.427662 1.641187 -0.398886 -1.669422 -1.035671 -0.274029 0.094315 -0.437790 0.540446 0.034195 -0.223223 -0.434291 1.173783 -1.465161 0.194392 -0.172406 -0.612483 -1.126218 2.757363 1.363316 -1.785476 0.511582 -1.351985 -1.608625 0.032046 -0.340548 -2.209783 -2.241062 2.175786 0.598957 -0.341081 -1.366318 1.154098 -0.143711 0.132965 -0.634051 0.106251 0.249959 1.096444 -0.380474
18 -0.362137 0.172040 0.982211 0.231428 -0.242396 -1.592408 1.100461 2.232297 -0.355569 0.418262 -0.174125 1.183770 -0.701367 0.591236 2.254608 -0.308838 -0.014025 -0.700182 0.958587 1.419921 1.672947 0.190005 -0.759876 0.344032 -0.115013 -0.032989 -2.579592 0.750255 -0.415082 -0.617416 -2.304503 0.149697 1.699922 -0.229708 -3.015158 1.865882 -0.668256 -0.975109 -0.585233 0.278425 -1.719795 0.953364 0.571566 0.337365 2.063547 -1.849634 -0.109277 0.825849 -0.533941 0.786081
19 0.708348 -1.179014 -0.911344 0.705070 -1.707293 -1.163396 0.827483 0.160255 -0.003609 1.536746 -0.226629 -0.048392 1.082612 -0.190057 2.675506 -0.988277 -0.250123 1.138020 -0.193110 -0.097915 0.334302 1.013696 0.641447 -0.902176 -0.096088 -0.161292 -0.960118 -0.575889 2.164633 -0.483994 -0.045112 -0.242499 -0.323675 0.386446 0.066707 0.159246 1.288434 0.000782 0.350617 -1.392396 -1.321302 -2.133716 0.908234 -0.894822 0.340003 0.351543 -0.152125 -0.377355 0.135571 -0.203246
20 -0.510884 0.584031 -0.254904 0.400528 -0.038436 0.799112 0.668817 0.625698 -0.392090 -0.713183 -0.199990 -0.089464 -0.592631 1.430377 1.455965 0.128450 0.828584 -0.474682 0.752784 0.112892 0.189438 -0.623986 -1.162646 2.595932 0.382763 -1.301096 0.355801 0.906663 0.279294 2.110473 -0.235448 1.189954 -1.188687 -0.136604 -0.411786 -0.941140 1.208879 0.219490 1.558954 0.118397 -0.208717 -1.512581 -0.748237 0.292066 -0.749747 0.678976 -1.730385 -0.731824 1.409680 -0.445597
21 1.453720 0.552424 -0.332394 1.048366 -0.663658 1.698883 3.862832 0.297021 0.278434 0.871978 0.387802 -0.576938 1.078563 0.912676 0.762593 0.839251 -1.131328 -0.023315 -0.450942 0.362773 4.787268 -0.290409 0.568092 0.528087 -0.264858 -0.055732 0.919343 -1.820477 -0.187752 -0.296424 -1.493528 0.239625 0.478641 1.431061 -0.529142 0.935201 0.097203 -0.562246 0.649435 0.793195 -1.230728 0.689367 0.648214 -1.420338 -3.269185 -0.726595 0.445964 -1.193571 -0.703036 0.565855
22 -0.658522 -0.459014 -1.286245 0.784607 -1.684763 -0.750407 5.434160 -1.993440 -0.287838 0.324437 0.590682 -1.248889 0.301194 -0.873232 1.310808 -0.757502 0.273126 -1.116104 1.482218 -1.055361 4.744557 1.699283 0.672896 0.128302 0.892097 1.686719 -1.385968 0.150227 0.503137 0.635386 -0.837212 -1.288589 -1.416049 0.103242 -0.056157 1.474732 0.713332 1.081313 0.868528 0.298882 -2.144546 1.214652 0.960757 -1.062938 0.138351 0.088154 -0.854929 -0.093192 1.397390 1.741403
23 1.498596 1.115459 1.021111 1.033129 -0.200704 0.710192 4.196402 0.691369 0.703573 -0.657458 -0.342265 -1.753916 0.363929 0.204387 -0.547621 1.488389 -2.246320 0.597478 0.626629 1.463400 6.003199 1.495096 -1.837467 -0.223115 -1.418045 0.021783 0.695877 1.512293 -0.083735 0.425203 0.485653 -1.460439 -2.700437 -1.866238 -0.278307 0.488540 -1.041305 1.063409 0.521741 -0.766463 0.730578 2.043434 0.753474 -0.913668 -1.450589 0.203565 -1.259224 3.063671 0.450422 0.581116
24 -0.619830 -0.049190 -1.622195 -0.039514 -0.844872 -0.142000 4.815452 -0.108477 0.128382 1.019021 -0.222382 0.848995 -0.846598 0.917060 0.426563 2.109068 -0.889335 -1.022914 -0.210099 0.327229 6.365300 0.734673 -1.841765 0.585983 1.170495 0.829382 0.126516 2.184824 2.507268 -1.760814 0.065760 -0.760894 -0.053389 0.177361 0.805229 2.855908 0.616740 -0.294132 -0.598136 -0.366166 0.293860 -1.222465 0.316887 0.293486 -2.002086 -1.111067 -0.247975 -0.126242 -0.820406 -0.844841
25 -0.836683 0.645875 -0.558457 -0.825177 -1.911075 1.508941 5.568685 0.212205 -0.452371 0.539720 -1.462741 0.840268 0.470864 -0.181798 -1.102793 0.337308 1.587557 -0.880923 0.923800 -0.598674 3.375795 1.657220 0.760480 -2.494251 2.712831 0.704816 0.201080 -0.172706 -0.062652 0.611954 -1.258753 0.345070 0.729460 -0.708296 1.501065 -0.165946 0.603865 0.187360 0.996656 -1.841341 -1.956450 -1.053930 0.094980 -1.261595 -0.434210 0.461020 0.122967 0.880409 1.367920 -1.005736
26 -0.009652 2.671539 -0.269796 0.184441 -0.343825 -0.537219 -0.874021 0.836873 -0.752777 0.347492 -1.372433 -1.723555 0.403382 -1.223448 0.660002 -0.292838 -0.925295 0.760485 -1.324739 -0.740868 0.169537 -0.403861 -0.440707 0.110675 -0.027667 0.063568 0.383314 -1.164232 -2.130550 0.761094 -0.457718 -0.222731 0.508254 -2.385328 0.450091 0.109133 1.169114 2.068037 -0.063524 0.065151 -0.522052 -0.505562 1.454790 0.052259 -0.601301 -0.609488 2.595677 1.276682 -0.904972 0.290811
27 -0.658649 -0.351573 1.632587 -1.080427 -0.372057 -1.241148 -0.978176 0.796004 0.078873 -1.177156 0.724846 -1.491119 0.831053 0.443280 -1.067991 -0.771055 -1.688817 -0.293650 -0.985696 -0.260132 -1.846682 -1.008776 2.026566 0.397356 1.315019 -1.005059 -0.945138 0.775498 -0.715718 0.711248 -0.645450 -1.544118 -1.121519 0.038233 -0.840440 0.059950 1.400961 -0.909119 0.699004 -0.961553 1.388838 -0.266637 -0.606874 -0.679232 1.978414 -1.490477 0.171266 -0.404996 -0.720725 0.379048
28 -0.670110 -1.782905 -0.681749 -0.410637 0.381623 -0.182678 -1.454895 -1.254908 -0.330374 -1.843751 0.784937 -0.016890 1.642991 0.821048 -0.180175 -0.469154 -0.761693 0.837719 0.527076 0.521584 1.274304 -0.552074 0.148963 -0.112912 1.893082 -1.462207 -0.324793 -0.570824 -0.714092 -0.324238 -1.395434 2.118292 2.441711 1.171519 -0.675523 0.295889 0.085308 0.298190 -0.176688 2.083945 0.737395 -0.009578 2.319288 0.083327 1.369136 -0.254631 0.177967 1.590017 -0.064110 0.735497
29 0.020366 0.871883 1.118982 0.350276 0.449888 0.325387 1.070592 -1.022702 1.211068 -1.088923 -0.576592 -0.700390 1.869319 0.686287 1.885556 -0.092366 0.308769 1.260936 0.819181 -0.616110 -0.599131 -0.198082 1.436314 0.829651 -0.799629 1.061949 -0.147707 -0.806492 -0.564529 0.664215 1.940548 1.119700 0.590559 -0.807536 -0.369917 -0.214733 0.481628 0.948604 0.789111 -0.641491 -0.921186 1.077713 -0.002060 -0.706308 -0.838736 1.029638 -0.110649 0.508425 0.206903 0.662195
30 0.687325 0.354670 0.447271 -0.214538 0.917588 1.517493 1.163953 -0.943464 -0.354750 -1.138045 1.541379 0.075183 1.995659 0.125628 1.218818 -1.594193 -0.684147 0.400182 -0.168993 0.616299 0.452684 -1.125214 0.208205 -0.085614 1.358043 0.558205 0.535006 -0.690315 2.398130 -1.219266 -0.916178 -1.029870 1.617137 0.804276 0.155627 -0.169339 -0.557531 -2.365144 0.560855 0.163992 -0.032032 -1.323780 -1.496226 0.625916 0.387766 0.026346 -0.969148 0.047139 0.819236 -1.143988
31 0.635886 -1.514183 0.100681 -1.677434 0.527037 -1.349602 -1.147621 -0.439676 1.350133 1.284939 1.037503 -0.222742 0.069451 -0.489470 -0.306887 -0.869205 -2.032340 0.028997 0.792477 1.222099 1.646069 0.033392 -0.500320 0.705531 0.423576 1.322685 0.790438 0.463551 -1.518224 0.511699 -1.832230 -0.549698 -1.876220 0.381089 -0.570571 0.937462 0.206067 2.608980 -1.165891 -0.357092 1.197388 -0.439826 1.287457 -0.647295 -0.215837 0.925240 -0.068608 -0.706635 0.525226 0.060221
32 -0.332485 0.394781 -0.376586 -1.566586 -0.676293 -0.614029 -0.001700 -1.866293 0.668873 0.129558 -0.517004 0.459104 -0.520659 -1.776289 2.317929 -0.326826 0.220087 0.237226 0.153726 1.049750 -0.173167 -1.771774 0.212735 0.493792 -1.107333 0.160228 0.918682 -0.571263 -0.303314 1.415528 2.314656 -1.449036 -0.025766 -0.155953 0.057396 -0.254979 -1.723037 -1.864825 0.009946 -0.210739 -0.485795 -1.121638 -0.357153 -0.610362 -0.573155 -1.531312 -0.323204 0.426956 0.414299 -1.487811
33 1.358213 1.259923 0.596886 -1.181379 -0.566276 0.958448 0.025123 -0.202085 -1.139183 -0.830026 0.061875 -0.028441 0.688632 -2.112680 0.384035 -0.757092 0.419621 -1.724679 0.817338 -0.038795 -1.305120 -0.617587 -0.761421 1.039397 -0.499797 1.238045 -0.643897 -0.530532 0.241533 -1.978491 -0.013845 1.794899 0.520202 1.546995 -0.341538 0.480197 -0.903562 -0.232266 1.469230 -0.656214 -2.315526 0.232193 1.204523 0.227868 0.552404 1.247429 -0.362013 1.359314 -0.581250 -0.919480
34 1.052771 -2.486241 0.456735 -0.441002 0.624341 -0.151670 0.398827 0.238811 -1.297623 1.107642 -0.040577 0.677724 0.941796 0.152747 -0.341009 -0.784738 0.744910 0.359315 -0.820883 -0.919607 -2.206631 0.098561 -0.138722 1.090749 1.007910 0.398818 1.458742 -0.312151 -0.384466 0.976033 0.518709 0.040768 -0.277032 -2.302412 0.178503 -0.489416 -0.410871 0.444913 0.478676 0.981725 1.564505 -1.455737 1.212475 0.483751 0.332908 1.009417 -0.177213 0.869045 1.257216 -0.525202
35 -1.248146 1.394913 0.393429 -0.896104 -0.383693 -1.739949 -0.712511 0.040209 0.540098 -0.133679 -0.062588 0.388218 0.448281 2.158399 0.285266 1.554574 0.386532 0.238226 -1.039700 0.005208 2.105319 0.834305 -0.524404 -0.528041 0.062095 -0.334968 1.458339 -0.026871 1.102197 -0.156899 -0.935711 -2.209849 1.358557 0.354198 -0.605820 0.032523 -0.195453 1.072919 0.913152 -0.555161 0.267148 0.370282 -2.060020 -2.255090 -0.999783 0.288961 1.159896 -0.598814 0.490130 0.533978
36 0.511269 0.113181 -0.314159 0.578180 0.189044 -2.222674 1.833317 -0.183068 -0.458134 0.514948 0.217722 0.111518 2.106588 -0.042578 -1.391875 -0.381938 0.590743 -0.204064 0.309550 0.822729 -0.277388 -0.088418 -1.619466 -1.285514 0.289856 1.808465 -0.954977 -0.697882 0.933326 -0.944445 0.272357 0.797884 -0.879394 -1.657594 0.173339 -0.722198 0.764757 -2.526552 -0.501163 2.017384 -0.030630 0.197017 -0.760675 -2.588603 1.571267 -1.245504 1.004292 0.322336 1.210405 1.869296
37 0.659974 -1.358689 -1.446359 1.284987 -1.671115 -2.683934 2.562452 -0.750937 -1.221790 -0.530055 0.278796 -0.626301 -0.793626 2.556877 -0.997552 1.840280 -1.006890 -0.026967 -0.331690 -0.000574 -0.293548 1.021582 -0.329023 -0.950522 -0.654366 0.812588 -1.220059 0.631054 -0.933086 1.595917 0.752536 0.665028 0.256807 0.803618 1.135556 1.705419 2.286149 -0.195878 0.382938 1.776988 1.924662 -0.174680 -0.032200 -0.441555 0.173533 0.841637 -1.200168 -0.822047 1.269465 0.038181
38 0.365181 1.761520 -0.494854 -0.569282 2.265696 0.275880 1.592540 1.185020 0.640013 1.612082 1.839786 -0.991694 0.715482 1.137543 0.884367 -2.121470 1.739252 -0.286309 -1.509783 0.818957 -1.152626 0.003629 1.274515 -0.104922 -1.099407 0.073104 -0.954011 -1.186057 0.779499 -0.749619 -0.477029 1.159800 0.185070 -0.325875 -0.088261 -0.103932 0.508693 0.434257 -2.288512 -1.048414 -1.584880 0.841895 -0.965593 2.210728 0.157602 -0.931941 -1.067754 0.749676 0.580650 1.480149
39 -0.379453 1.351732 -0.219463 1.372633 -0.598560 -1.220045 1.366229 1.476998 0.263551 -1.254569 1.392713 0.830147 0.246086 0.982320 0.068416 -0.282331 -0.427465 -1.637797 -0.136025 0.379367 -0.622320 -0.446340 1.919802 1.281257 -0.781441 -0.179075 -0.600713 0.201253 -0.412398 -1.880330 -1.069695 0.194474 -1.576250 -1.611764 0.790186 0.648279 -0.818995 1.255349 1.188069 1.173325 1.117546 -1.275693 0.461951 -0.734693 -0.460555 0.096256 -0.761485 -0.467741 -0.225504 -0.536773
40 -0.841104 0.489277 0.427852 -0.952451 -1.095091 0.355789 0.482929 0.257425 -0.298146 -0.270329 1.691208 0.856103 -0.619978 1.031521 -0.031907 -1.855940 0.395077 0.803815 -0.442372 0.577357 -1.231886 -0.610803 1.424841 1.357090 -1.068529 1.438422 -0.211440 2.449451 2.015822 0.284426 0.750317 -0.358623 -1.138403 -0.184690 -1.125103 0.091020 0.523792 -0.957864 -0.874601 0.567157 0.819014 -0.274023 -0.519551 1.114887 0.532522 1.856918 -0.842287 -0.016962 0.679459 0.539661
41 -0.409842 -0.461600 0.016917 1.318827 -0.706102 1.878729 -0.157678 -1.157606 0.499027 -0.502187 1.409955 -2.066884 0.721965 -0.527225 0.144312 -0.813439 0.990321 -1.015425 -0.570569 0.308044 1.972052 -1.089550 -0.205034 -1.904131 -1.067577 1.029431 1.081607 -1.168280 -0.759966 1.158602 -0.319813 1.089384 0.159179 0.612111 -0.995938 -0.304568 1.156529 -0.052062 0.072949 -2.013299 0.219120 -0.041245 -2.892128 0.634502 -0.598014 -0.900120 -1.220003 -0.856465 0.141480 -1.118696
42 1.083452 1.105896 1.958274 0.990442 1.216330 -0.035923 1.414352 0.123304 -0.987314 -1.312895 0.172492 1.286209 -0.214070 1.968733 -0.504648 0.915282 0.837089 -0.224854 -0.623101 0.710967 -2.021522 0.279403 -0.188336 0.651057 1.385425 0.785939 1.203875 -0.718569 1.134557 0.301772 -0.834999 -0.996781 -0.379257 0.693584 0.789811 0.435085 2.236779 -1.173063 -0.270017 0.417127 1.263198 -1.218607 -0.195214 2.032068 0.135440 -0.575561 1.216774 1.631032 -0.295729 -1.772568
43 -0.489004 -0.773670 -0.691603 0.517369 -0.709412 -0.326569 1.514786 -3.221262 -0.000274 -0.434163 0.997210 -0.120040 -1.478506 -1.355031 -0.681075 -1.476101 -0.538094 -1.008945 -0.245997 -0.070259 -0.903536 0.089204 0.656197 -0.457531 1.604462 -0.546585 0.778394 0.305525 -0.058123 0.229477 -0.219217 -1.652252 0.572383 1.398795 -0.219924 0.966808 -0.347158 0.059907 -0.971207 1.052568 1.594807 1.905313 -0.171766 1.059583 0.721488 -0.234112 0.730869 -0.565522 -0.335084 1.014662
44 -0.216780 -1.108096 -0.132255 -0.404487 0.344892 1.497254 2.053352 1.243332 0.802126 -0.537658 0.826922 0.640035 0.583601 0.592524 0.312493 -0.681662 -0.423272 0.172552 -0.195501 1.516850 1.747588 0.496951 1.241013 -1.173727 0.619158 -0.011068 -0.101351 0.050195 -0.741866 -0.788192 1.299641 -2.401350 0.141028 -1.806130 0.034912 -0.758892 1.274086 0.186069 -0.025956 0.522390 -0.743343 0.342571 0.836712 -0.126141 0.515024 -1.053264 1.484852 -0.443355 0.402445 -0.072171
45 0.243196 -1.075078 -1.130320 2.357065 -1.299509 -0.409409 1.427795 0.214174 -0.421848 -0.904960 -1.737769 -0.755099 0.880834 1.193864 0.272950 -0.310363 -1.044143 -0.433301 -1.305053 0.406527 -1.977826 -0.159278 0.351726 1.117756 1.314115 1.837544 -1.154736 0.917824 0.153049 1.820699 -1.586702 -0.128893 1.691461 0.091263 -0.483682 0.065059 -0.300492 -1.567025 0.732119 0.555870 -0.306636 -0.542644 0.107209 -0.728257 -0.018858 -1.106127 -0.622615 -1.346806 -2.775563 -0.266422
46 -1.049509 -0.728137 1.168812 0.318712 0.491807 0.251088 -0.087451 0.338392 0.339861 1.038717 -1.300075 0.106128 -0.249058 0.632469 0.430959 -1.543278 -0.311885 0.150454 0.052240 -0.642584 -1.541929 -0.493019 0.356068 -0.850966 -0.719832 0.084632 0.299117 0.011079 1.755460 -0.814603 -0.442569 -0.353246 2.004542 -1.667949 -0.272525 0.465270 0.701448 -0.953317 0.426874 -1.340263 -0.054543 -0.277322 -0.996146 0.177691 0.833733 0.450389 1.050043 -1.066246 0.038564 1.045269
47 0.603992 0.286774 -0.187008 0.321311 -0.899826 0.701020 -0.026794 -0.343807 -1.117872 -0.724538 -1.383467 -0.027010 0.633597 0.274782 0.701044 0.106584 -1.488394 0.002418 -2.006283 0.419479 -0.078056 -0.204657 -0.060488 -0.113342 -0.674756 -0.808207 -1.879912 -0.705902 0.778535 -0.087212 -0.461694 0.088951 1.098326 0.163353 0.070639 -0.466516 0.356432 -0.716648 -0.090933 -1.576999 1.033499 0.413096 -0.604012 -1.609675 0.482080 -0.227964 0.087899 1.253254 0.587404 1.348901
48 0.061935 0.803995 0.027016 0.490475 -0.908722 -0.296447 -1.852885 -1.027177 -0.058568 -0.576156 -0.043804 1.099759 0.082421 -0.463638 -0.664797 0.567358 -1.457126 -1.236415 0.734687 0.345675 -0.466523 -1.970625 0.269622 1.439889 -1.071848 1.494792 -0.566076 -0.454851 1.150856 -0.132769 -0.425009 -0.056963 -0.435193 -0.463712 0.791555 1.928602 0.383269 0.526329 0.217875 0.248522 1.202503 0.649426 -1.259775 0.976019 0.211747 -1.367856 1.011926 -1.390746 -1.621916 0.862436
49 -0.661023 1.012163 0.652798 -0.346265 -1.072782 -0.015232 -2.417906 0.659616 0.650985 -0.197461 -0.657119 -0.849478 0.106816 -0.371297 -0.604451 -2.234676 0.127068 -1.007954 0.216552 1.358523 0.225335 1.377353 0.778039 -1.433057 -0.159337 -0.223935 -0.007085 0.085197 -1.808366 0.129957 0.032845 0.096131 0.443277 1.526194 -0.547784 1.203890 1.187597 0.262379 1.707095 -0.699037 -0.367990 -0.031384 1.088414 -0.069385 -0.556135 -2.754311 1.254185 -1.211318 -0.402373 -0.281937
50 1.815710 1.091983 -0.383375 -1.018755 -1.023416 0.435049 -0.851676 -0.461814 -0.331496 0.541147 2.072012 0.423243 -0.669429 -0.956537 0.427675 -0.545022 -0.238073 -0.748928 -1.722090 -0.903328 2.202173 -0.716584 -0.245653 -1.123359 0.567047 0.748021 -0.601537 1.009994 2.426719 -1.299642 -0.804403 1.356584 0.821949 -0.816406 0.413786 -0.088186 1.542425 0.289529 0.641644 1.924479 -0.117190 0.626050 -1.067313 0.706332 -1.022185 -0.164866 -1.012527 0.044022 -1.520081 0.056845
51 -1.477475 1.621589 -1.299750 2.028352 0.725627 1.348405 -2.030176 0.738625 -2.007008 0.290673 0.829838 0.022376 1.049616 0.253376 -0.979194 -2.152316 0.398895 0.227407 0.209649 1.005159 -1.070398 -1.896977 -0.285176 -0.718048 -1.434871 0.894213 -0.227948 0.308936 0.223868 -0.555241 -0.657684 0.639775 -1.032882 -0.900861 0.719214 0.779308 -1.523213 0.261432 -1.131370 -0.434713 -2.123039 1.329220 2.016391 -0.271956 -0.067075 0.410201 -1.779782 -1.992719 -1.537976 -0.635065
52 1.194096 0.022271 -0.582672 1.404146 0.637840 1.052233 -0.028184 0.184524 0.451793 0.244844 0.698096 0.320958 1.421528 -1.583896 0.953093 -0.142693 0.773053 -2.955792 1.846901 0.291382 -0.698498 1.134568 0.389393 0.505884 -0.470456 -0.201447 0.659242 0.125176 1.030049 0.010786 -0.303727 -1.825594 1.390334 -1.397887 1.344248 -0.108993 -1.386692 0.797552 2.081972 0.350414 -1.193904 0.268647 0.630428 0.737313 0.186416 -0.150996 0.313361 1.709908 -0.260313 0.661173
53 0.562561 0.418802 -0.866831 -1.205912 -1.662292 -0.849220 1.143368 -0.285758 -1.117263 0.980294 -0.468532 0.281113 1.021071 -0.441416 -1.430753 -0.036347 -0.238406 0.421005 0.639648 1.138487 -1.507294 1.264766 -1.115963 -0.407592 1.164628 1.575932 0.071794 0.037983 -0.934774 0.334317 -0.087853 -0.309964 -0.286016 2.288547 0.391235 0.055145 0.653515 -1.000133 -0.751783 0.547855 -0.578444 0.170582 0.955231 0.359585 -0.514196 1.086475 0.838212 0.026808 0.329618 0.114630
54 2.125597 -0.503419 -0.112613 0.864907 0.071202 -1.036452 1.226422 0.508338 2.183241 0.905822 -0.634615 0.039112 -1.464476 0.282111 -0.044078 1.547045 0.599823 1.902498 0.047936 -0.175281 1.378800 -0.046255 0.627250 1.539723 -0.144496 1.589477 1.629350 0.711253 2.281316 -0.268598 -1.757050 -1.476255 -0.608369 0.427059 -1.538747 0.589242 0.562073 1.057392 1.179185 -2.034667 -0.108022 1.741463 -0.550036 -0.913771 -0.143368 0.555774 -0.280815 0.588611 -1.585423 -0.651276
55 -1.109574 -1.671521 0.363931 0.631921 1.035726 -0.849767 -0.090156 0.213837 1.470458 0.214747 -0.304811 -1.620114 -1.429263 0.139639 -1.268863 0.113628 -0.123390 -0.214160 0.584357 0.929411 -0.468790 -0.594163 -0.012220 0.031464 1.995626 0.405194 -1.568972 0.712738 0.265697 -0.357262 0.226819 0.293055 -0.826795 -1.882929 0.001385 0.057170 0.455408 0.595370 -1.091367 0.301514 0.541228 -0.093543 1.405729 0.494204 0.652367 -1.041011 -1.280273 -0.630393 -0.608855 0.529163
56 -1.792692 0.837280 0.073399 1.282417 -0.423591 -0.760418 0.910708 -0.839096 -0.982198 -1.130479 -0.536887 0.104290 -0.497425 -0.144029 -0.233821 -0.128138 -0.642144 1.152448 1.170024 0.020877 -0.799041 0.296410 0.181307 0.099278 0.399482 -0.802737 -0.218822 -0.536883 0.459504 0.346661 1.467193 -0.485348 1.012723 1.184757 -0.198658 2.283917 1.700315 -0.588715 -0.065997 0.364309 -0.160808 0.650945 0.419229 0.552505 0.475877 0.466969 1.868457 -1.202410 -1.079897 1.945530
57 0.403866 2.404860 -0.151093 -0.075730 2.324297 0.386303 -0.411009 0.698526 -1.287216 0.688482 -0.588083 -0.819999 0.629451 -0.605121 2.205908 -0.349223 0.489827 -0.363631 -2.117988 1.950690 0.837583 -0.377583 -0.374990 -0.076992 -1.041727 -1.275532 1.446638 0.900671 -0.319851 -0.723376 0.408731 0.591202 -1.049710 -0.464800 0.211432 -0.013807 0.070303 -1.677642 -0.305117 -0.236185 -0.176842 0.117545 -0.437973 -1.034151 -1.447983 -0.266897 0.027942 2.265264 0.005277 0.922814
58 1.244700 -0.487440 0.915261 -0.419900 1.295620 1.049136 -1.361094 -1.736175 -1.120611 0.070823 0.901857 -0.181701 0.130213 0.206686 -0.976956 0.877134 -0.506189 -1.050182 -0.863282 -1.930736 0.766987 0.168706 -0.468861 -1.036349 -0.653207 0.025920 -0.367564 -0.988112 -1.177965 -0.236663 1.507996 -0.260540 1.051473 -0.340823 -0.266290 0.789851 0.891817 0.831269 0.418553 -0.461904 0.151094 -1.634970 -0.465241 -0.066121 0.013514 0.855888 0.624654 -1.319444 0.351656 -0.098702
59 -0.972184 -1.160181 0.289089 -2.721419 0.386425 0.391483 0.419737 0.027030 -0.249461 0.621363 -0.706491 1.746859 1.177393 0.193215 -0.755846 -1.742334 -0.172966 -1.836987 -0.716608 2.218038 0.743786 -0.579316 0.297775 -1.533020 -0.108498 -0.889855 -0.016447 -0.209433 -0.841977 -1.197438 0.243422 -0.541369 0.974505 1.650168 -0.535936 -0.857317 -0.236228 -1.740806 -0.242197 0.878348 -0.670299 0.150713 -0.816330 -0.346997 -0.903614 0.485207 -0.451592 0.037145 -0.464652 -0.796274
60 -1.477630 -0.799383 -0.311849 1.475975 0.337721 0.503351 1.440694 0.146367 -1.052881 0.176849 -0.227364 1.784676 -0.518450 -0.237515 0.137351 -0.603206 -0.979768 -0.601902 1.008795 0.194601 0.530446 0.321102 -1.053965 3.348436 -0.485953 1.667389 -0.836890 -0.760836 -0.945004 0.372486 1.594756 0.228096 -0.572027 1.201230 2.051678 -0.226211 -0.063304 1.204253 0.418034 0.361334 1.922864 0.418929 -1.357375 -0.568023 0.769252 1.544159 0.102923 2.207126 -0.594629 -0.240095
61 -1.636817 -0.376787 -0.079574 0.352695 -0.646537 -0.772263 -1.046961 1.843140 0.095095 1.295035 -0.433194 1.693527 0.935679 -1.555034 0.572769 -0.453586 1.261384 -0.537464 -2.165740 1.403439 1.845484 -1.244515 -1.023268 1.276300 0.281625 0.055650 1.057729 -0.759155 1.372018 -0.190799 1.081158 0.238620 0.287366 -0.462881 0.610269 -0.214992 1.789675 -0.201399 0.933826 -0.150023 -1.940549 -0.500697 -0.766817 -0.948668 1.792379 -1.144872 -1.169930 -0.931742 -0.165477 -1.499458
62 -0.559625 -1.074239 0.042935 1.557964 0.682403 -1.688882 0.725208 0.137761 -0.281382 0.879488 -1.188121 1.044848 -0.397899 0.136397 -0.033497 -0.035426 -0.311793 0.463499 0.014556 -0.747724 0.494659 1.114782 -0.095016 -0.568265 0.430332 0.682629 -0.055518 0.138454 -1.411496 0.523324 -0.400136 -1.477175 -0.760527 1.143752 1.611836 -0.290102 -0.468013 0.045106 0.933565 -0.693343 -0.433024 1.071908 1.227358 -0.526641 0.265086 0.968112 -0.918566 0.094864 0.385561 -1.796271
63 0.545776 -0.581955 -2.533981 -0.002214 0.681043 -0.422173 -0.432406 -0.592862 0.139256 -1.440286 -1.228229 0.610052 -0.003388 0.510704 0.247593 -0.711215 -0.331195 0.408807 1.750669 -0.092032 -0.979751 -1.081233 -0.778329 -0.127857 -1.603908 0.037506 -0.525336 -1.725584 -0.362504 -0.352238 2.233586 0.743107 1.031948 -1.586250 -0.010887 2.459230 -0.208535 -1.311094 1.034770 -0.151534 0.595619 0.857616 -0.246292 -0.881181 1.029166 -1.858299 1.174665 1.712368 -2.205861 0.042774
64 1.835122 -0.028322 0.998628 -1.183745 0.807484 -0.372291 -0.135676 0.252532 -2.509536 -0.191357 0.237447 -0.650225 1.321201 -0.186520 -0.643266 -0.032484 0.849449 0.750855 -0.015850 0.398474 0.726717 1.395752 -0.404644 -0.495427 -1.422559 0.279178 0.269094 0.727143 -0.428822 0.044831 0.223280 1.170398 -1.125237 0.632707 -0.742897 -0.403449 -0.737730 1.437140 -0.365679 2.788454 0.527131 -1.309973 0.982044 -0.281835 -0.923264 1.246143 -0.482538 -0.899756 0.033532 -1.174021
65 -0.255382 0.048032 -1.156324 2.187327 1.379760 0.577908 -0.607451 -2.241611 0.352758 -0.972560 -1.056881 -0.413027 -1.369191 -1.299547 0.434782 0.995877 -0.008394 -0.607855 -0.554261 -0.692324 0.073349 -0.964713 0.854733 -0.000892 0.225544 -0.244910 0.997450 1.545232 0.792800 1.182804 -0.587596 -1.191804 -0.934871 -0.111991 0.512958 -1.042663 0.662745 0.475591 0.390989 0.034995 -1.136247 -0.564469 -1.284937 -1.611875 0.709337 2.156688 0.396226 1.535672 -1.686173 1.952461
66 0.638539 -0.440145 -1.287086 0.405145 -0.231500 1.881367 -1.850921 2.698146 0.744405 -1.480479 0.333312 0.983924 1.120306 0.150775 -2.626950 0.070533 -2.038087 -0.010053 -0.516340 0.951760 0.634423 1.339847 -1.219946 0.828460 -0.059508 0.204527 -0.042024 -1.078072 2.232660 -0.009889 0.565970 -1.320320 0.148978 0.031628 0.255151 -1.134811 1.904213 -0.230481 1.062750 0.451179 0.224845 -0.288504 1.425890 1.478027 -0.430118 0.867123 0.336073 0.305438 0.805614 -0.455027
67 -0.936387 -1.094138 0.976045 -0.197496 1.094901 1.188785 -1.004752 0.769855 0.855201 -1.394436 0.225739 -0.051736 -0.559100 -1.804794 -1.149119 -0.128029 -0.051805 -1.266303 1.518221 -0.532938 0.013184 -0.277039 1.596556 0.413004 -1.026307 1.215946 -1.137630 -0.132805 -0.846723 -1.317209 0.858389 -1.466658 -0.788618 0.633703 1.077866 0.231142 0.374713 -1.143821 0.756148 1.210334 0.133428 0.286714 -0.087269 1.012047 0.908389 0.297361 2.805832 0.808697 -2.801618 0.732133
68 -0.554070 -0.352500 1.953482 -0.123211 -2.801575 -0.698869 0.468848 -0.427300 0.400309 -0.656728 -0.814036 1.641460 -1.164147 0.520519 0.871621 -0.717607 1.316625 -0.864235 0.887021 -0.038373 -0.904919 1.685643 1.880623 -0.539203 -1.155693 0.430992 0.617318 -1.074990 -1.566205 1.430475 0.619066 -0.541648 1.200643 0.800515 1.283789 0.222584 -0.627228 -1.786678 0.079287 0.375646 -0.887886 -0.486150 -0.663304 0.214251 1.843928 0.808366 -1.311385 -1.177749 0.373969 0.291256
69 1.436947 0.340077 0.202851 -1.049367 -1.547251 1.650304 0.656525 -1.036583 -0.419868 0.190632 0.791319 1.000235 1.399889 1.207551 -1.698671 0.893716 -0.703752 -0.207784 0.402634 -0.262236 -0.928822 -0.835803 0.942110 0.106376 0.219443 -1.151264 1.429195 -0.629824 -0.083725 1.737943 0.798312 1.177408 1.444992 -1.399338 -1.911102 0.133922 -1.353039 0.202331 0.904812 1.284620 -0.912124 -1.145806 -1.045250 -0.004237 -1.297025 -1.221747 -1.844917 -0.271002 1.393764 1.406877
70 -0.255160 -1.003892 1.296648 -1.514192 0.416869 -0.474246 2.375054 -0.353058 0.548481 -1.268855 0.162788 -0.742567 0.933070 1.692017 0.657131 -0.382663 1.982848 0.024762 0.848630 0.828284 0.833248 0.785901 -1.254047 -0.507667 0.515200 -0.085339 -0.522526 -2.284747 -0.754902 -0.232725 2.351053 0.126679 2.065204 -0.564107 0.701250 -1.024622 -0.731157 1.783858 0.985019 -0.519137 0.541380 -0.195011 0.573034 0.006217 -0.234756 -0.677868 0.274990 -0.696873 -0.709711 -1.081769
71 1.183378 2.200615 -1.376731 -0.000771 0.309840 0.599124 0.813647 -1.953805 -0.633632 0.292157 1.113047 1.163904 0.257766 0.461723 0.549089 -0.285127 0.423815 1.866969 1.532653 2.560571 0.758689 1.601545 0.821078 -0.098704 -0.400086 0.661124 -0.715162 -0.048976 -1.176453 0.499939 -0.419149 0.278925 3.811900 0.461852 -0.518570 -2.060131 -1.193158 0.552940 0.807224 2.970877 0.789782 -0.322759 -0.165350 0.048693 -0.190476 -0.120466 0.429275 -1.312769 1.159958 0.738736
72 -0.101135 -1.227998 2.410794 1.261002 -0.116496 0.561687 -1.146920 0.333428 -2.644563 -1.305504 0.980886 -1.924631 1.824784 0.270795 -0.558804 -0.151761 0.767549 -0.743933 0.248145 0.626594 0.052406 0.242919 0.664498 1.158551 -1.593082 1.564207 -1.328572 0.756078 0.322015 -1.823651 1.212492 0.141070 -1.214981 0.796295 0.355666 -0.555928 0.137424 -0.051330 0.244926 0.801043 -1.522677 0.931138 1.950595 -1.131175 1.701888 -1.941940 1.834786 1.339906 1.683405 -0.274509
73 -0.884637 -1.350801 -0.988945 0.025600 0.740310 1.252206 0.439943 1.652582 0.342798 -2.231022 1.152097 -0.248437 -0.720029 0.890320 -1.168201 -0.133437 1.967361 0.905975 0.103539 1.020347 -0.561875 0.517262 -1.481663 0.147939 -0.282629 -0.810203 -1.446343 -0.720498 -1.713439 1.051330 -1.467210 0.620739 -1.638749 -1.254731 -1.384512 1.306283 -1.447308 0.811203 -0.658875 0.240091 0.262183 0.153047 0.661374 0.672565 -0.472456 0.227315 2.439043 -0.044721 -0.479429 -0.672231
74 0.611180 -1.895288 -0.492160 0.102389 1.630467 1.034215 1.575284 0.102743 -1.790581 0.556972 0.272560 0.152697 2.384903 -0.456586 0.087184 -0.239631 0.790179 1.842593 0.415333 0.662615 -0.614462 -2.384159 -0.219351 0.558409 -0.368095 0.783410 -0.683993 0.133324 0.569475 0.714535 0.590920 0.527129 0.820733 1.209766 0.701158 -0.686769 0.154490 0.754528 2.648625 -0.459101 1.726299 0.259008 -1.045014 -2.512940 0.604950 -1.319928 0.611771 1.137634 0.407404 0.768881
75 2.716662 -0.427258 0.760760 -0.172389 -0.615325 -0.360408 -0.486936 0.768193 0.114872 -0.071004 0.587420 0.306138 0.153654 -1.197438 -0.125083 -0.718085 -0.149518 -0.723750 0.710481 -0.495469 -0.195843 0.184963 0.071000 0.158212 -1.937919 -0.345149 0.025683 -0.272370 -0.822573 0.318523 -0.742249 -0.449547 0.835095 0.727507 -0.185219 -0.478497 0.891334 -0.191292 -0.644148 -1.773359 0.623520 -0.587766 1.446916 -0.807690 -0.353903 0.550612 -2.252603 0.218991 -0.285402 -1.423060
76 -1.338835 -0.174818 2.149011 0.520051 -0.141301 -0.400310 -1.049251 -0.213894 -0.042790 1.761824 -0.606741 -0.548893 -1.630401 0.629250 -1.240236 0.153430 -0.997378 1.704122 -0.395332 -0.322435 -2.460028 -0.145749 0.631784 1.887896 -0.227915 0.250534 1.732567 0.454116 2.272110 -0.804264 1.009090 -1.957607 0.589557 1.886097 -0.478641 1.478996 -2.040416 1.331331 0.319674 -0.294134 -0.651200 -1.042312 -0.531263 1.054633 1.039541 0.315832 0.791117 -0.360359 0.269560 0.971263
77 -1.193999 -1.385665 -0.255152 1.172551 0.355572 -0.735922 -2.012914 1.118063 -0.048833 0.713476 -0.161188 -0.875095 0.398311 -2.960511 0.210216 0.234482 0.557541 1.299324 -0.634062 -0.804274 -0.088518 0.036801 -0.176056 -0.901682 0.299330 0.724094 0.337363 2.330008 -1.097955 -1.078067 2.207405 -0.417240 0.716351 -0.244994 0.563051 0.500071 -0.803322 -0.618694 0.376511 0.501330 -0.690300 -0.071106 -1.350795 -1.856190 -0.677530 0.305663 0.827060 -0.696566 0.378707 -0.517909
78 0.180778 0.358296 1.671029 1.507554 0.474288 0.065015 -0.785500 -1.068363 1.316640 -0.762282 0.218146 -1.111713 -0.655558 -1.067686 -0.331063 -0.897478 0.361199 -1.143739 -0.473871 1.669203 1.150362 -0.194738 -1.681425 0.512430 -1.833572 -0.825946 0.894586 0.046058 -1.517485 1.490488 -0.609904 -2.023009 0.666950 1.131120 -3.106967 1.533975 -0.762021 0.858432 0.533000 -1.499498 0.785474 -0.852250 0.003936 1.283863 -0.549844 -0.578280 0.528567 -1.055261 0.507595 0.064333
79 -0.204917 -0.404184 -0.245026 0.694859 2.552226 0.881529 0.020531 -1.908077 1.690263 -1.057254 1.282166 0.234772 0.051987 -0.960935 -0.492300 0.568585 -0.064899 0.509846 0.545606 -0.420142 -0.505329 -0.929529 -0.231639 -0.705507 -0.560261 -0.914197 -0.888839 -1.198008 0.313157 -0.269179 -0.382009 -0.290942 1.110001 0.746942 -0.636230 0.100557 0.394341 -0.535554 -0.578002 -0.844064 0.728074 -1.515431 0.111192 -1.225053 0.112749 0.137006 -0.871691 -1.151698 -0.443963 0.636632
80 1.264639 -0.023606 -0.281796 -0.393276 0.983071 0.311015 -0.372659 -1.590792 -0.187835 -0.420379 0.158838 1.545835 1.383266 -1.465332 0.396262 0.850043 -0.740659 -0.244126 -0.006262 1.142994 -0.293899 -0.240046 0.665421 -1.027803 0.562927 -0.160408 -0.666982 0.258006 0.290154 -0.794598 1.207133 0.627129 -0.703449 -0.891962 1.503883 0.907966 0.525368 -0.584998 1.308651 2.337690 1.287852 0.333548 0.719455 -0.764886 -1.121714 1.027917 0.734257 0.749594 0.159549 0.871301
81 -1.338401 -0.691153 1.237335 -1.005581 -1.320136 0.489748 0.658477 0.191760 1.316064 -0.939278 -1.927843 -0.864263 -0.486569 -1.823466 -1.221154 -1.070907 0.003467 1.608194 0.426382 0.596418 0.423826 0.841340 -2.644237 -0.115581 -0.650669 -0.600084 -0.189854 0.107311 -1.181060 -1.440571 -0.112042 2.606544 -0.948515 -0.748528 0.667192 -0.266731 -1.675245 0.832283 -2.005769 0.707903 -0.092051 -1.126740 -0.689112 0.856762 -0.094140 1.089741 1.890121 -0.120194 -0.084619 -0.453310
82 -0.269709 -1.153547 0.255634 0.980754 -0.209540 1.375218 0.623675 -0.726737 1.129336 -0.126422 -0.353287 -0.996904 -0.443923 -1.032693 0.453832 0.943028 -0.139987 0.102299 0.599115 -1.115621 -2.391090 -0.545440 1.732284 1.200068 1.248541 1.288815 1.154586 -0.466093 1.520338 0.210943 0.981882 0.904340 1.636241 0.638267 -0.513048 0.395504 -0.760746 1.423610 -0.174369 -0.597793 0.110821 0.757765 -0.764521 1.902052 -1.486145 0.629148 0.248282 -0.622068 -1.911349 -0.579878
83 -0.920251 1.760453 -0.068209 -0.414771 -1.262370 -0.386320 -0.586039 0.839710 -1.930686 -0.448828 -0.164058 0.334342 -0.479548 0.118834 0.249985 0.152409 -0.884505 0.198744 1.179451 0.546755 1.923631 0.342170 0.061924 1.742399 -1.070046 0.488007 0.351157 2.894667 0.145826 -0.975189 1.871022 -1.540394 0.421946 0.371601 0.970915 -2.089795 -0.304229 -0.065378 1.313356 1.102911 -0.152118 0.149145 -0.898180 0.151875 -0.177502 2.000789 1.592519 0.387606 0.579208 -0.604839
84 1.349764 -0.048862 -1.386586 -0.411126 -0.896179 0.777291 0.495349 -1.689412 -1.008317 -0.586577 -0.899989 -1.331573 -0.933790 0.593418 1.069366 -0.689743 0.068822 0.328401 -0.269120 0.138532 1.158928 -1.519422 1.240225 -2.554085 -0.362730 -0.061689 0.279992 -1.242894 1.728618 1.677520 -0.706527 -0.884105 -0.183554 -1.273765 0.496333 -0.246416 -1.595502 -0.720982 0.184566 0.176489 0.284542 -0.161780 2.362189 -0.064757 -0.573610 0.527296 0.912802 1.461564 0.453639 -0.178833
85 0.657789 -0.284104 -0.017975 -0.946805 -2.310978 -0.475585 -1.297141 0.483315 0.475705 0.648709 -2.168397 0.467833 -0.059650 -0.885617 -0.116680 -0.901763 1.826140 0.301567 0.307969 -0.561856 0.285404 0.404683 -0.027044 -0.186481 -0.013253 2.382629 0.000314 -0.102252 -0.793346 -0.886901 -0.622249 0.022566 -0.011562 -0.686070 -0.341830 -1.679246 -0.816521 1.163675 -1.350050 -0.045428 -0.830679 2.999829 0.863975 2.479019 0.111846 0.437664 0.693021 1.733321 -1.230155 -0.761768
86 0.631071 0.477644 0.002456 0.229987 0.771253 1.311116 0.997296 0.808524 1.250910 -1.681543 0.822685 -0.536349 0.284734 0.383295 0.509899 0.541689 -0.298920 0.322373 -0.676931 -0.148803 -1.080227 -0.507902 -0.477751 1.355014 -0.663317 1.809854 -0.372597 0.882982 -0.195434 -0.741460 1.028520 0.208833 -0.072037 0.068963 1.974549 0.638913 3.120393 -1.686461 1.892397 0.144150 -1.043153 0.498310 1.271692 -0.969999 -0.141138 -0.008252 -0.849298 1.720783 -1.325326 -1.683429
87 0.570599 1.161254 -0.785001 0.412832 0.148854 1.236720 -0.056027 -0.646902 -0.009058 -0.821273 0.606654 2.181494 0.205018 -0.731106 0.204717 -0.421182 0.932509 1.089582 0.243382 1.369243 -0.797395 -0.718192 -0.855507 -0.608631 0.531091 -0.285061 0.876729 0.151250 1.676342 -1.680282 -0.420702 -2.098170 -0.223944 1.251952 -0.564843 0.369832 -1.010831 -0.180587 -0.259543 -0.624887 -0.852630 0.208569 0.345519 -1.668737 0.629518 2.554773 0.054261 0.736925 1.655102 0.673646
88 -1.435019 1.330361 0.795808 0.558724 0.382546 0.447999 0.070834 -0.065894 0.667141 0.815332 -1.358298 1.089569 1.069220 -0.613917 1.922777 0.011041 -0.540598 -0.086101 0.127867 0.646517 0.095144 -0.245201 1.079171 0.488530 -0.681236 0.812588 -1.372978 0.752700 -0.196957 -0.597261 0.195595 -0.646570 0.046166 -0.565425 -1.712369 1.042452 1.482349 0.467676 -0.507782 0.111145 -0.807609 0.712476 -0.041607 1.418714 0.244330 -1.064621 0.329519 -0.302464 0.867428 0.733921
89 0.024306 -0.745919 -1.330157 -0.725090 -0.160316 -2.351789 -1.554331 0.268580 0.467525 -0.873026 0.606001 1.512435 0.609800 -0.932057 -1.403053 0.384952 0.069635 -0.795010 -0.046219 -0.649306 1.003213 0.036577 -1.505186 -1.174694 0.207498 0.893053 -0.011691 0.243232 0.469706 1.630821 -0.129092 0.975162 0.080595 -0.064244 0.666509 -1.573828 -0.018363 1.396467 -0.372100 0.839495 0.790803 1.681534 2.447509 -0.140373 0.512911 0.453130 -2.436023 1.133007 0.180928 0.686986
90 0.802518 -0.506303 -1.007613 -0.905721 -0.710846 0.191952 1.266452 1.252868 -0.514348 0.264719 0.968297 0.551487 -0.260045 -0.261740 0.040464 -0.602813 0.021468 -0.683019 0.415459 -1.340038 0.962631 0.022576 -2.369303 -0.584990 0.348861 -0.225652 -2.054871 -0.122787 0.833345 -0.410144 0.408635 -0.765492 -0.847124 2.949368 -0.040090 -0.061710 -2.977798 -0.483489 0.015648 0.288496 -2.283706 0.850797 -1.673439 0.417511 0.780837 -0.246735 -0.254272 -0.385281 0.667494 -2.658669
91 1.730925 0.290172 -0.500013 0.185050 -0.369906 -0.322491 0.114771 -1.100615 0.060578 -0.506242 -3.191976 -0.731930 -0.799602 1.516298 0.652506 0.106519 -0.912974 0.273163 -0.024869 -1.608616 1.072915 0.401537 0.379039 0.491122 -0.309997 -0.898055 -0.599789 0.332170 -0.588079 0.120875 -0.825114 -0.536091 0.095265 0.058379 -0.100289 -1.547911 2.453066 0.155535 -2.382033 0.056785 -0.864043 1.566620 -0.760236 0.061312 -0.563136 -2.205181 0.314033 -0.581588 1.730629 1.513336
92 -2.288393 -1.328389 1.712999 -0.550459 0.036909 0.223575 -1.521671 -0.419510 -0.762622 -0.827169 0.198531 0.473137 0.583831 -0.780818 -0.300708 -0.459530 -1.089367 0.601652 -0.731399 -1.083597 0.371241 -0.580366 0.262680 -0.089482 0.840180 0.544162 0.907148 0.789629 0.919012 0.656392 0.386626 -2.119420 -0.128936 0.454944 0.171451 0.254880 0.140014 -0.531618 0.924149 0.094910 1.635999 -0.219130 -0.801591 -0.866272 0.934573 0.132061 1.332898 -0.490078 -0.789307 -0.131465
93 1.165499 1.052277 0.429347 -0.205829 -0.788581 -1.136903 0.070651 -0.134697 0.496910 -1.076750 0.411411 -1.125634 1.394455 0.522978 -1.241024 0.979455 -0.306922 1.218224 -1.269921 0.016436 0.468615 0.696261 0.353612 -0.099316 0.015182 -0.130752 0.551616 -2.049352 0.693473 1.284688 -0.156792 -1.538117 -1.268203 1.695142 -0.180711 0.469407 -0.904086 1.287487 1.030038 0.157425 0.087631 -0.119771 -0.292292 -2.609405 1.421621 1.393018 -1.233510 -0.472146 -1.092132 -0.481199
94 -0.215718 0.590329 -0.076953 -0.686583 -1.062183 0.155584 1.461920 0.558102 0.712474 -1.002316 0.260148 -0.165399 1.354337 -1.448665 0.061957 -1.428238 0.648575 -1.133977 1.060228 1.062308 -1.329684 1.062305 0.620409 0.138225 2.607933 1.336004 -0.052424 -0.319421 -0.000609 -0.576503 0.959190 1.555330 0.926523 -0.494532 0.202496 0.090862 0.477260 -1.829115 -0.098867 1.095698 0.126794 2.193362 1.293310 0.180181 0.587723 0.613887 1.489058 0.525423 1.140032 1.680328
95 -0.168553 -0.189677 -0.655317 -1.630794 0.582154 -0.379991 0.845927 -0.397330 1.123547 1.555918 -1.979679 0.233196 -0.769311 0.170773 0.571936 0.555190 -1.209712 0.250709 0.731809 0.846752 0.274020 -0.072624 -2.067608 -0.041280 -0.576331 0.749983 -1.011758 -0.454537 0.180800 0.989110 -0.885616 -1.737363 1.518241 0.230024 -0.327273 -1.773412 0.634875 0.530047 0.363786 0.911679 -0.524426 1.872026 -0.973992 0.319649 -1.038826 0.207957 -0.068840 -0.452458 -0.667419 -0.268585
96 0.306111 -1.496425 0.149512 0.069514 0.202038 -0.757625 0.437994 -1.105443 2.384351 0.545664 1.103696 -0.393855 2.200775 -1.220040 -0.021872 -0.499266 -1.436919 -0.446469 0.890807 -1.890737 0.746403 1.631557 -0.015824 -0.913237 0.049712 -0.731396 -0.565466 -0.969186 0.871609 -0.954286 1.074778 0.788896 0.689758 -0.542578 0.517861 -0.664509 0.079269 2.039637 1.799876 1.065546 -0.056842 -0.517418 -1.153482 -2.136132 -0.266764 1.714467 0.711018 -1.570370 0.133355 0.143967
97 0.788602 0.974559 -0.008221 -0.406436 0.811211 -1.073971 -0.532617 0.510653 -0.579331 -0.918960 -0.575582 0.575340 -1.516861 0.904124 -0.354004 0.797000 -0.079836 -1.789330 -1.757288 0.922067 0.895623 -0.043276 -1.282255 0.059990 -0.141705 -0.301311 -0.479459 -0.564993 -0.107119 1.133519 -0.234079 -1.408844 0.704047 0.440198 1.557017 0.858149 1.465268 -0.382542 -0.189889 -0.646828 0.231634 -0.005841 -0.436791 0.981689 -0.283772 0.372016 0.094392 -0.263786 -0.028343 -1.554431
98 0.145436 0.427597 -0.432399 -0.013023 -2.270242 2.094393 1.166573 0.316635 -0.067557 0.631611 -0.250387 0.341677 0.206662 -1.171477 -0.359449 1.019080 -0.634969 -3.616467 -0.427944 0.850258 1.644196 -0.162834 -1.268952 1.245444 -0.683006 0.887603 -1.455684 -1.068074 -0.741992 1.444284 0.344452 -0.370825 1.257658 -0.179644 -0.176167 0.554912 1.844129 -0.983957 0.428391 2.313416 0.502330 -0.039331 0.347253 1.497618 1.161901 -0.852798 -1.455056 -1.084917 -0.343634 0.379946
99 0.716542 -0.540130 1.467178 -0.287523 0.646292 0.212879 -1.019013 0.223260 -1.112382 -0.838658 -0.199289 0.090426 1.000954 0.048482 -0.363613 0.373855 0.439395 1.764147 0.103739 -0.665337 0.786628 -0.766571 -0.407722 -0.713443 0.854585 0.077063 0.375135 -0.398176 -1.181000 1.085961 -0.019132 -1.173598 0.581653 0.391670 -0.100038 -0.728962 0.171406 -0.923813 0.404765 0.986403 0.463835 -1.948233 -0.363364 -0.066149 -0.532546 0.258265 0.920139 -0.087638 0.635447 -1.898475
END
#################################################################
SECTION3 (Edges Information)
EndPoint0 EndPoint1 Weight
0 1 1.000000
0 9 1.000000
0 10 1.000000
0 90 1.000000
1 0 1.000000
1 2 1.000000
1 11 1.000000
1 91 1.000000
2 1 1.000000
2 3 1.000000
2 12 1.000000
2 92 1.000000
3 2 1.000000
3 4 1.000000
3 13 1.000000
3 93 1.000000
4 3 1.000000
4 5 1.000000
4 14 1.000000
4 94 1.000000
5 4 1.000000
5 6 1.000000
5 15 1.000000
5 95 1.000000
6 5 1.000000
6 7 1.000000
6 16 1.000000
6 96 1.000000
7 6 1.000000
7 8 1.000000
7 17 1.000000
7 97 1.000000
8 7 1.000000
8 9 1.000000
8 18 1.000000
8 98 1.000000
9 0 1.000000
9 8 1.000000
9 19 1.000000
9 99 1.000000
10 0 1.000000
10 11 1.000000
10 19 1.000000
10 20 1.000000
11 1 1.000000
11 10 1.000000
11 12 1.000000
11 21 1.000000
12 2 1.000000
12 11 1.000000
12 13 1.000000
12 22 1.000000
13 3 1.000000
13 12 1.000000
13 14 1.000000
13 23 1.000000
14 4 1.000000
14 13 1.000000
14 15 1.000000
14 24 1.000000
15 5 1.000000
15 14 1.000000
15 16 1.000000
15 25 1.000000
16 6 1.000000
16 15 1.000000
16 17 1.000000
16 26 1.000000
17 7 1.000000
17 16 1.000000
17 18 1.000000
17 27 1.000000
18 8 1.000000
18 17 1.000000
18 19 1.000000
18 28 1.000000
19 9 1.000000
19 10 1.000000
19 18 1.000000
19 29 1.000000
20 10 1.000000
20 21 1.000000
20 29 1.000000
20 30 1.000000
21 11 1.000000
21 20 1.000000
21 22 1.000000
21 31 1.000000
22 12 1.000000
22 21 1.000000
22 23 1.000000
22 32 1.000000
23 13 1.000000
23 22 1.000000
23 24 1.000000
23 33 1.000000
24 14 1.000000
24 23 1.000000
24 25 1.000000
24 34 1.000000
25 15 1.000000
25 24 1.000000
25 26 1.000000
25 35 1.000000
26 16 1.000000
26 25 1.000000
26 27 1.000000
26 36 1.000000
27 17 1.000000
27 26 1.000000
27 28 1.000000
27 37 1.000000
28 18 1.000000
28 27 1.000000
28 29 1.000000
28 38 1.000000
29 19 1.000000
29 20 1.000000
29 28 1.000000
29 39 1.000000
30 20 1.000000
30 31 1.000000
30 39 1.000000
30 40 1.000000
31 21 1.000000
31 30 1.000000
31 32 1.000000
31 41 1.000000
32 22 1.000000
32 31 1.000000
32 33 1.000000
32 42 1.000000
33 23 1.000000
33 32 1.000000
33 34 1.000000
33 43 1.000000
34 24 1.000000
34 33 1.000000
34 35 1.000000
34 44 1.000000
35 25 1.000000
35 34 1.000000
35 36 1.000000
35 45 1.000000
36 26 1.000000
36 35 1.000000
36 37 1.000000
36 46 1.000000
37 27 1.000000
37 36 1.000000
37 38 1.000000
37 47 1.000000
38 28 1.000000
38 37 1.000000
38 39 1.000000
38 48 1.000000
39 29 1.000000
39 30 1.000000
39 38 1.000000
39 49 1.000000
40 30 1.000000
40 41 1.000000
40 49 1.000000
40 50 1.000000
41 31 1.000000
41 40 1.000000
41 42 1.000000
41 51 1.000000
42 32 1.000000
42 41 1.000000
42 43 1.000000
42 52 1.000000
43 33 1.000000
43 42 1.000000
43 44 1.000000
43 53 1.000000
44 34 1.000000
44 43 1.000000
44 45 1.000000
44 54 1.000000
45 35 1.000000
45 44 1.000000
45 46 1.000000
45 55 1.000000
46 36 1.000000
46 45 1.000000
46 47 1.000000
46 56 1.000000
47 37 1.000000
47 46 1.000000
47 48 1.000000
47 57 1.000000
48 38 1.000000
48 47 1.000000
48 49 1.000000
48 58 1.000000
49 39 1.000000
49 40 1.000000
49 48 1.000000
49 59 1.000000
50 40 1.000000
50 51 1.000000
50 59 1.000000
50 60 1.000000
51 41 1.000000
51 50 1.000000
51 52 1.000000
51 61 1.000000
52 42 1.000000
52 51 1.000000
52 53 1.000000
52 62 1.000000
53 43 1.000000
53 52 1.000000
53 54 1.000000
53 63 1.000000
54 44 1.000000
54 53 1.000000
54 55 1.000000
54 64 1.000000
55 45 1.000000
55 54 1.000000
55 56 1.000000
55 65 1.000000
56 46 1.000000
56 55 1.000000
56 57 1.000000
56 66 1.000000
57 47 1.000000
57 56 1.000000
57 58 1.000000
57 67 1.000000
58 48 1.000000
58 57 1.000000
58 59 1.000000
58 68 1.000000
59 49 1.000000
59 50 1.000000
59 58 1.000000
59 69 1.000000
60 50 1.000000
60 61 1.000000
60 69 1.000000
60 70 1.000000
61 51 1.000000
61 60 1.000000
61 62 1.000000
61 71 1.000000
62 52 1.000000
62 61 1.000000
62 63 1.000000
62 72 1.000000
63 53 1.000000
63 62 1.000000
63 64 1.000000
63 73 1.000000
64 54 1.000000
64 63 1.000000
64 65 1.000000
64 74 1.000000
65 55 1.000000
65 64 1.000000
65 66 1.000000
65 75 1.000000
66 56 1.000000
66 65 1.000000
66 67 1.000000
66 76 1.000000
67 57 1.000000
67 66 1.000000
67 68 1.000000
67 77 1.000000
68 58 1.000000
68 67 1.000000
68 69 1.000000
68 78 1.000000
69 59 1.000000
69 60 1.000000
69 68 1.000000
69 79 1.000000
70 60 1.000000
70 71 1.000000
70 79 1.000000
70 80 1.000000
71 61 1.000000
71 70 1.000000
71 72 1.000000
71 81 1.000000
72 62 1.000000
72 71 1.000000
72 73 1.000000
72 82 1.000000
73 63 1.000000
73 72 1.000000
73 74 1.000000
73 83 1.000000
74 64 1.000000
74 73 1.000000
74 75 1.000000
74 84 1.000000
75 65 1.000000
75 74 1.000000
75 76 1.000000
75 85 1.000000
76 66 1.000000
76 75 1.000000
76 77 1.000000
76 86 1.000000
77 67 1.000000
77 76 1.000000
77 78 1.000000
77 87 1.000000
78 68 1.000000
78 77 1.000000
78 79 1.000000
78 88 1.000000
79 69 1.000000
79 70 1.000000
79 78 1.000000
79 89 1.000000
80 70 1.000000
80 81 1.000000
80 89 1.000000
80 90 1.000000
81 71 1.000000
81 80 1.000000
81 82 1.000000
81 91 1.000000
82 72 1.000000
82 81 1.000000
82 83 1.000000
82 92 1.000000
83 73 1.000000
83 82 1.000000
83 84 1.000000
83 93 1.000000
84 74 1.000000
84 83 1.000000
84 85 1.000000
84 94 1.000000
85 75 1.000000
85 84 1.000000
85 86 1.000000
85 95 1.000000
86 76 1.000000
86 85 1.000000
86 87 1.000000
86 96 1.000000
87 77 1.000000
87 86 1.000000
87 88 1.000000
87 97 1.000000
88 78 1.000000
88 87 1.000000
88 89 1.000000
88 98 1.000000
89 79 1.000000
89 80 1.000000
89 88 1.000000
89 99 1.000000
90 0 1.000000
90 80 1.000000
90 91 1.000000
90 99 1.000000
91 1 1.000000
91 81 1.000000
91 90 1.000000
91 92 1.000000
92 2 1.000000
92 82 1.000000
92 91 1.000000
92 93 1.000000
93 3 1.000000
93 83 1.000000
93 92 1.000000
93 94 1.000000
94 4 1.000000
94 84 1.000000
94 93 1.000000
94 95 1.000000
95 5 1.000000
95 85 1.000000
95 94 1.000000
95 96 1.000000
96 6 1.000000
96 86 1.000000
96 95 1.000000
96 97 1.000000
97 7 1.000000
97 87 1.000000
97 96 1.000000
97 98 1.000000
98 8 1.000000
98 88 1.000000
98 97 1.000000
98 99 1.000000
99 9 1.000000
99 89 1.000000
99 90 1.000000
99 98 1.000000
END
#################################################################
SECTION4 (TrueSubGraph Information)
EndPoint0 EndPoint1 Weight
24 14 1.0
14 4 1.0
24 25 1.0
25 15 1.0
15 14 1.0
14 13 1.0
13 23 1.0
23 22 1.0
22 21 1.0
21 11 1.0
END
#################################################################
SECTION5 (Labels Information)
0 0 0 0 0 0 1 0 0 0 0 0 0 0 0 0 0 0 0 0 1 0 0 0 0 0 0 0 0 0 0 0 0 0 0 0 0 0 0 0 0 0 0 0 0 0 0 0 0 0 
END
#################################################################
SECTION6 (bt Information)
-5 -5 -5 -5 -5 -5 5 -5 -5 -5 -5 -5 -5 -5 -5 -5 -5 -5 -5 -5 5 -5 -5 -5 -5 -5 -5 -5 -5 -5 -5 -5 -5 -5 -5 -5 -5 -5 -5 -5 -5 -5 -5 -5 -5 -5 -5 -5 -5 -5 
END
#################################################################
