#################################################################
#APDM Input Graph, this input graph includes 3 sections:
#section1 : general information
#section2 : nodes
#section3 : edges
#section4 : trueSubGraph (Optional)
#
#if nodes haven't information set weight to null
#################################################################
SECTION1 (General Information)
numNodes = 100
numEdges = 200
usedAlgorithm = NULL
dataSource = SimulationData2
END
#################################################################
SECTION2 (Nodes Information)
NodeID Base Counts
0 -1.661000 -0.795618 1.084748 -1.545722 1.437385 0.097340 1.980968 1.012051 -0.080422 -0.272268 -1.384622 0.732933 0.103744 0.563412 2.097242 0.027557 -1.092340 1.017245 -2.173770 -0.827891 0.349303 -0.648380 -1.463499 0.058579 0.704264 -0.029322 -1.672590 -0.870517 0.256357 0.362024 0.380318 -1.630745 -0.291186 0.735910 -1.075338 0.677623 -0.988972 0.438192 -1.060218 -1.023690 1.204183 0.061678 -0.036624 -0.454934 -0.924751 -0.120010 -0.944325 -0.332655 -0.658860 0.595846
1 1.533009 0.588600 -0.842985 0.478913 0.941047 -2.024126 0.205403 -0.629540 1.496504 -1.192673 -0.958131 1.576071 -0.485453 -1.049013 0.932531 -1.821738 0.219937 -2.252141 -0.981149 0.028646 0.814332 -0.499918 0.030652 1.041177 -1.019551 -0.421661 -2.788613 0.329838 1.111768 0.805932 -0.840877 -2.170425 1.636786 0.141007 0.830220 1.161565 0.812765 -1.478480 0.389825 -0.135011 -0.543663 0.444663 1.342126 -0.990061 0.418557 -2.022635 -0.440053 0.012042 -0.219966 0.808342
2 -0.467442 -0.542373 -0.508451 0.775843 -0.382914 0.489977 -0.504105 1.063502 0.195306 0.634392 -1.025875 0.388695 0.325381 1.545733 -0.604467 0.096398 0.124601 0.287478 -1.251768 1.243323 -3.025711 0.568478 -0.324152 0.916587 0.141743 2.995448 -0.093532 0.722350 -2.662040 -1.244142 -0.488919 -1.494863 1.164044 -0.835854 1.847253 -1.755529 -0.105009 0.500505 -0.625080 0.303600 -0.457047 0.302593 -1.205397 1.460610 -0.722317 -0.232030 -0.442145 0.354899 -1.574668 -1.288503
3 0.719921 0.109740 -1.490901 0.580306 0.182923 -1.623336 -0.389505 -1.458034 0.779661 -1.312988 -1.163973 -1.877992 -1.486752 -0.643165 -0.576127 -3.122914 -0.607439 0.593401 -0.457778 0.733190 -1.725203 -0.635959 0.721685 -0.258888 -0.091890 -0.478596 -0.529443 0.051574 -0.854752 -0.456466 -0.615382 -1.192012 -0.060759 1.228670 0.344479 0.332059 1.280589 -0.218852 1.152067 0.564164 -0.751649 0.720894 -0.510253 0.086619 1.025950 -0.421568 1.725323 -0.888548 0.176138 -0.786549
4 -0.960347 -1.362947 2.867908 -0.766636 -0.110025 1.784394 0.994506 1.603085 3.421572 1.522290 1.219605 2.050410 -0.756810 0.224931 3.030194 -0.754041 -0.168746 -0.164453 1.450480 0.434536 -2.326089 1.830459 -1.800770 0.186707 -0.030412 2.122167 3.710998 -0.579227 -0.653828 -1.834346 -1.729176 1.044212 0.587045 -0.071144 0.260328 -0.568486 -0.163248 1.937770 2.412608 1.946936 -0.435001 0.497080 -0.469103 0.242296 -1.142103 3.234794 3.967609 1.759265 2.229013 2.935041
5 0.232725 -0.999237 1.727136 -0.554081 -0.542564 0.947445 2.399653 -1.212589 0.229209 0.912198 -1.289815 2.138605 -1.237543 0.073030 3.095123 -1.392372 -0.079967 1.104438 -0.117601 -0.521158 -1.345940 2.079299 -0.028280 -0.933644 -1.441011 0.756272 0.653407 1.821409 0.322179 0.369239 -0.015120 0.719882 3.050493 2.139174 4.828171 1.111215 -1.473779 -1.636352 2.097298 2.040672 1.341067 -1.240125 1.581378 0.689690 0.757052 0.699446 1.199817 -0.926731 0.127710 2.733162
6 -0.272717 0.851336 2.163362 0.710526 -1.429950 2.269056 3.529028 -0.601700 2.944634 2.228858 -0.914256 2.211882 -0.490665 0.532029 2.939298 0.204561 1.708435 0.142291 2.093273 -0.220305 0.809386 3.760349 1.124789 -0.534890 1.936204 1.384038 2.904114 2.202848 -1.304300 0.885029 0.929702 1.869414 3.087487 1.430292 1.495604 -0.736023 -0.781294 -1.971816 2.707313 1.419902 -0.290104 0.595751 1.906315 0.189988 -0.074431 0.888146 2.922724 0.958255 0.725010 2.943178
7 -1.198535 -1.317068 1.061733 -0.313430 -0.726621 3.530032 3.006991 0.093544 1.549718 3.986383 1.047401 2.122267 0.612338 -0.574459 2.199048 1.411309 -0.078589 -1.511842 -0.353501 -0.312549 -0.669566 2.950645 0.753788 0.281242 -1.522526 2.924841 2.773286 2.528519 0.342706 0.011216 -0.643379 -0.929037 1.763413 1.925693 2.115174 -0.319485 0.213860 1.213618 -0.038746 1.513698 -1.633168 -0.009205 1.790859 0.671932 0.695203 4.331652 3.852588 -0.554775 0.974559 2.590784
8 0.773491 -1.038662 1.794502 -1.519620 0.248939 1.262051 2.935194 1.371161 2.390583 3.090470 -0.545312 2.013011 0.688552 -0.006976 2.517497 -1.239797 -0.780665 1.569142 0.389355 -2.215406 -0.913413 1.448440 -0.921486 -1.283406 0.539995 1.938597 1.184841 0.450261 0.096236 -0.904701 0.290115 0.004348 1.419586 0.094068 3.118614 1.548675 -1.002342 0.230311 1.884353 1.494060 -0.385840 -0.514780 2.433349 -1.741772 -0.038390 1.171995 0.728946 -0.533880 2.346373 1.663165
9 0.038607 -0.128685 -0.294290 1.553177 -0.603041 1.866766 0.274570 -0.367273 -0.625460 -1.362863 -0.383560 -0.494943 -2.465301 0.533207 0.260113 0.993250 0.262221 -0.984332 0.825468 0.033949 -0.071450 1.311571 1.660154 0.116795 0.108335 -1.180834 -0.119995 0.206543 -0.144986 0.244994 -0.994279 0.112330 -1.089362 2.646780 -0.270490 0.427620 -0.892362 0.851238 0.185223 -1.282709 0.732152 2.501346 0.078533 -0.120281 -1.036518 0.306044 0.154706 -0.626112 2.011381 1.325540
10 0.154416 1.323782 -0.249886 0.506270 -0.532952 1.764259 0.831797 -2.064439 -0.195427 1.089195 1.665518 2.021019 -2.745680 -0.554110 -0.499630 -0.166117 1.164602 2.110262 -1.228805 -1.254871 2.205467 -0.074105 0.077269 0.522898 -0.470534 0.754831 1.326939 0.465402 -1.817872 0.688697 -1.590649 0.502429 -0.129800 -1.187893 1.269028 -0.273925 0.498811 -0.057805 -0.082521 0.368418 -0.658376 0.028730 -0.246070 0.083578 -0.216007 -1.560874 3.413897 -1.728878 -0.432768 0.696746
11 1.027879 -0.619213 0.350904 -0.030915 -0.564516 -0.733186 -1.734160 -0.334593 -0.285509 1.157906 -0.013256 1.154205 -0.427207 1.127154 -1.392300 0.363478 -1.474064 0.597012 -0.308804 -0.174965 0.114276 -0.404695 1.629207 0.622296 0.476681 -1.492638 0.687195 1.500338 0.653940 -0.456547 0.260282 -2.037320 1.015964 -1.056922 -0.740534 -0.492574 0.639439 -0.193370 1.513443 0.212946 -1.430561 1.163382 -0.005675 0.172329 -1.021540 -0.161973 -0.226494 -0.863506 -0.109196 0.055918
12 -0.086815 -0.653334 -1.265331 0.192365 1.435142 1.059025 -1.543759 0.246788 -0.538411 -0.858191 0.366573 0.340991 -0.430974 -0.780373 2.663242 0.127759 -0.160033 0.599661 1.746324 1.644240 0.045418 -0.989027 -1.299147 1.147719 0.724476 0.432339 -1.568188 -0.104835 -0.682461 -1.698866 0.749184 -0.462215 -1.096788 0.328212 0.303008 -1.130382 -0.110605 1.128098 -1.209145 0.298890 -0.639661 -0.361875 -0.363992 0.283658 -0.935125 1.446225 0.500007 0.297299 0.540370 0.215997
13 -0.155814 0.742800 0.401102 -0.344970 0.540684 -0.500344 -1.251050 0.010992 0.130748 0.601392 0.112998 -1.063206 -0.675353 -0.435520 -0.915910 1.881130 0.103977 0.630933 0.289376 -0.531304 -0.170534 0.248473 0.672196 -0.193073 0.996097 -0.207878 -0.400153 -0.083717 0.768833 -1.418942 0.952261 -0.599902 0.414005 -0.307390 0.696714 -0.801507 0.081374 -0.358994 1.103792 0.376248 -0.026369 0.085296 -0.661744 0.672861 -0.187773 0.829724 1.941264 -0.552494 -1.382788 0.610582
14 0.508807 -0.841529 0.192804 -0.088186 0.726413 -1.699208 0.423264 0.511396 -0.330097 0.893004 -0.744716 1.446156 1.261459 0.157422 0.664749 0.238595 -0.499498 -0.992105 -1.718059 -0.015221 -1.255718 -0.961253 -0.192582 1.187853 -0.470854 -0.273015 0.322526 0.385968 -0.497574 -1.239989 1.055756 -0.084159 0.617785 -0.044025 0.062442 0.473370 0.753413 0.277526 0.120448 1.097110 2.243338 0.567904 1.758861 0.305679 -1.987111 0.145501 -0.324443 0.497830 -2.086011 1.258046
15 0.097735 0.459533 0.641668 2.232717 0.767676 1.132740 0.198836 0.208871 0.379483 -0.129219 -0.296597 -0.471711 0.162323 0.094411 -0.971957 1.317330 1.404021 -0.813617 1.228149 -0.386633 0.177357 -1.834209 0.961890 0.503912 -3.324929 0.372506 -0.309839 -1.356019 -1.391151 1.156174 -0.940336 1.014834 -0.655281 -0.959466 -1.036204 -0.737717 0.286435 -1.331580 -0.674009 0.148405 0.404656 0.294320 -0.393207 -0.009500 0.413611 0.780269 -1.448245 1.199395 0.940698 0.976767
16 -0.274267 0.678894 0.101965 1.548448 0.283521 2.312968 -0.397571 1.378572 -0.121595 -0.665770 -0.114550 2.717742 0.664806 1.793069 -1.544037 0.404938 -0.211875 -0.842612 0.807254 -0.416302 -0.567316 -1.036319 -1.300876 0.106819 1.154384 0.516087 0.275417 -0.595592 0.040062 0.496361 1.107880 -0.494205 0.413170 0.062569 -0.873404 2.303086 -0.113613 -0.105842 0.361623 0.135804 -0.549727 -0.651838 -1.530547 2.101210 2.543286 -0.430331 0.534906 0.773806 0.183888 0.405946
17 0.901406 1.392612 -0.723858 0.823971 0.258374 0.887027 -0.208825 1.066223 0.101787 -1.223597 -0.118277 -1.821522 -0.591647 0.422172 0.623234 0.647931 -0.106724 0.470821 0.130308 -1.427720 -1.085041 -0.684434 -1.115788 -0.700228 0.353050 -2.371042 0.490701 0.876109 0.354107 -0.325146 -1.536698 2.253171 2.334245 -0.618760 -0.760693 0.015704 1.657852 0.173567 0.851743 0.123532 -0.533255 -0.280833 0.707650 0.831891 -0.897819 0.178843 0.450477 0.663108 -0.529469 0.491930
18 0.550392 0.684442 0.724343 -0.371492 0.329210 -1.910124 -1.034059 -0.795283 0.381185 0.339663 0.771385 1.852763 0.026459 0.205466 1.236018 0.693125 0.514655 1.168960 0.936932 -1.145287 -0.584097 0.946063 1.261273 0.799340 1.215393 -1.199233 -0.526584 -0.417041 -1.092479 0.348554 0.820061 -2.103185 -0.975476 -1.272386 -0.415344 0.614768 -0.254500 -1.739089 -2.302799 0.442359 0.726763 0.855015 1.044534 -0.414640 -0.722309 -0.686924 0.114018 -0.253233 -0.371081 -0.446295
19 0.480396 -0.934775 -0.646489 -0.566910 1.894670 2.299984 0.788277 -0.198371 1.369130 0.922946 0.722156 -0.232210 0.264476 0.238051 -0.416880 0.345491 1.585708 -0.479324 -0.131710 -1.102409 -0.035185 1.082011 -0.441945 -0.300055 2.031631 1.700170 -0.255920 -0.330817 -0.514621 -1.765632 -0.729664 -0.857216 1.383987 -0.801356 -0.716852 1.294999 0.553742 0.014082 -2.529590 -1.067850 1.118650 -0.787930 1.194900 -3.286793 0.090915 0.822616 -1.941399 0.429176 -3.170349 0.614551
20 -1.598725 0.349482 0.799306 0.491722 0.523587 0.081489 0.255213 -0.672224 1.251404 -2.449940 -0.780356 -0.379744 0.112298 0.153760 0.742547 1.231586 0.234826 0.692920 -1.626470 0.816769 -0.424418 0.185863 -0.460621 0.356868 0.897617 -1.526338 -1.392180 -1.430093 1.216219 0.471080 -0.610824 -0.155058 0.627299 -0.446299 1.769078 1.183910 -0.831977 -1.223393 0.445029 -0.284778 -0.535543 2.171499 0.805939 1.532243 1.926409 1.195004 -0.099967 0.601620 -0.688643 -0.000978
21 -0.686041 -0.492959 -0.659570 -0.135174 1.091782 0.891778 0.937138 0.117871 -1.040532 0.772513 1.577393 1.961671 -1.060857 -0.294210 -0.638859 -0.733922 -0.604648 0.689618 -0.544712 0.588641 1.015626 -1.190968 -0.878227 -0.348246 -0.425022 1.220913 -0.502394 0.395913 0.268345 0.476532 -0.119344 -0.366665 0.776223 -0.145964 0.731617 -0.188614 0.567185 -0.907771 -0.239905 0.292455 0.771425 -0.397874 0.671233 -1.136086 -0.857161 -0.829966 0.687417 -1.543825 -0.341339 -1.263086
22 1.619773 -1.978524 1.706930 -0.686049 -0.063645 0.355701 -0.951988 0.707319 -0.261723 0.739262 -0.766977 0.004616 0.700416 1.110794 0.763166 1.227683 0.514124 -0.564372 -0.650666 -0.313178 -1.554370 0.551831 0.566207 0.327181 -0.831747 3.653496 0.737503 1.218171 -1.464389 1.948510 1.614722 1.229342 0.923847 0.818391 0.504764 2.181638 -0.243253 1.048364 -0.622068 -0.860573 -0.044640 1.251836 -0.608575 -0.730578 0.837541 1.289616 0.830820 0.231426 -1.208738 -1.056208
23 -1.155727 -1.733722 0.592394 0.608338 -0.559464 1.314208 -0.787217 1.356514 0.818304 1.919332 1.943172 -1.389330 -0.948171 0.515905 0.790149 -0.446899 -0.236018 0.516545 -0.718444 1.203431 -0.842504 1.474213 -1.502892 0.302380 1.174774 -0.654459 0.030257 0.005336 2.180762 1.206044 0.898577 -0.189871 1.576683 1.127495 0.045234 0.990331 -0.174671 1.626021 -1.190956 0.626256 -1.005910 0.470375 -2.544805 0.062577 0.329950 -0.892352 1.622692 -0.395831 -1.487970 -0.332301
24 -0.078469 0.316165 -2.117001 2.426121 -0.325619 0.945650 1.128128 0.549826 0.507975 2.323692 0.879599 0.313559 0.882671 -0.780472 -1.515263 -0.933390 -0.189305 2.349215 -0.259920 0.899225 0.307037 0.752731 1.909211 -0.920088 0.615049 2.051804 -0.573771 0.718168 -1.956678 0.058871 -1.475635 0.003042 -0.912335 2.184794 0.475408 -0.290140 -0.557211 -0.438666 -1.249148 1.755968 -0.581777 0.168778 -1.166403 0.230568 0.646266 -0.751745 0.214302 -0.689118 0.598486 -0.036425
25 0.941930 0.602765 -0.049164 -0.400127 -0.937182 -1.146893 0.113112 -0.908118 1.569702 -0.590745 1.917192 -1.977575 -0.329122 1.618154 1.595779 -0.125869 2.012249 -0.309048 -0.705908 0.475604 0.028088 0.327155 0.500135 -0.344551 1.640104 0.447032 0.590306 -0.387489 0.530508 -0.490542 -0.112255 -0.049201 -0.211150 -1.417450 0.422093 1.133366 0.388701 0.309241 1.501249 1.548488 -1.092412 -1.919316 1.009752 -1.454950 -0.260095 -0.004708 1.767750 0.259706 0.091693 1.176433
26 -0.396069 0.802790 -0.667253 0.414541 0.617315 1.240419 -1.403003 -1.287510 -1.266228 -1.054506 0.497091 -0.413085 0.617086 0.496210 0.075077 -0.795444 1.288278 0.126074 0.225945 0.759619 -0.571547 1.476268 1.046633 -0.605526 1.362465 -0.593443 0.954634 0.982572 -0.436753 0.222374 -0.102802 1.045757 0.369895 0.208214 -0.414678 -0.588769 -0.164371 -0.010243 0.961846 2.199419 1.139073 -0.131854 -2.062400 1.082237 0.306766 -0.798973 -1.829405 0.669020 -1.515277 -0.208908
27 1.659892 0.496112 0.069449 0.405117 2.135856 0.497794 -0.401860 1.112217 -1.517525 0.045389 1.186384 1.642407 -1.198734 -0.799310 1.043103 1.421096 0.297599 0.917321 0.429779 0.716563 0.526788 -0.496312 0.979976 1.579991 0.040822 -2.443706 1.550738 -1.336772 -0.481789 -0.935339 0.241857 1.297873 -0.133815 -1.034364 -0.577547 0.729818 -1.474930 0.761076 0.223887 0.277666 -1.932966 -0.194894 0.884096 -0.179191 -0.945182 0.022341 -0.367844 0.708513 0.039125 -0.180893
28 -1.445376 0.091242 -1.422607 0.447200 -0.818009 1.031291 -0.950769 0.598924 0.818117 -0.461391 0.841960 2.228869 1.458719 0.142693 -1.559618 0.282721 0.204632 0.941641 1.351857 0.757910 1.782574 -0.199072 0.714879 0.493879 1.979411 0.335932 -0.710398 -0.512552 -0.127973 -0.849075 -0.612275 -0.548460 -0.381327 -0.444196 -1.115495 0.670601 0.646880 -1.528594 -0.592527 -0.361693 -0.683018 -0.175477 0.230603 -0.001541 -1.456504 -1.890461 -0.081134 0.729772 0.197971 -0.262511
29 0.054108 0.673780 1.963942 1.083476 0.659346 0.394914 0.641047 0.135636 -2.882863 -0.196474 1.953743 -0.587761 0.797005 -0.322563 -1.640378 -0.725837 0.064695 -1.224039 -0.904140 0.141045 -0.537879 -1.262259 -0.392921 0.775748 -0.305314 0.486204 0.061497 -1.879422 -0.212063 0.903262 -0.146644 -0.510471 0.260290 0.470919 0.800590 0.591493 -0.962398 -0.215202 0.490871 -0.079405 -0.617228 -0.909302 0.073259 -0.860553 -1.320583 -1.073413 -1.928408 -0.344380 -0.331313 0.433335
30 -1.267410 -0.932240 -0.595001 -0.060355 -0.035489 -0.191427 -0.026561 -1.501743 0.166598 -0.542836 0.914589 0.234704 0.111627 -0.004790 -0.481883 0.693975 0.103732 0.096640 1.104486 1.463864 -0.859525 -1.091797 -0.321939 0.054402 0.216868 0.488189 0.649920 -0.143896 -0.873356 1.223162 -0.206266 1.080807 -0.774636 1.322060 1.267545 0.098514 0.199147 -1.585311 1.316684 -1.786089 0.274401 -0.121257 0.962709 -0.122970 0.279970 1.372056 0.424404 0.090632 0.884058 -0.673377
31 -0.269229 -0.544935 -1.257719 1.119905 -1.068406 -0.120634 -0.734699 0.293439 0.857609 0.196267 -1.398712 -1.130095 1.248211 -1.872757 -0.926181 -2.171717 0.296423 1.019022 0.204322 0.676434 -0.171911 0.837522 -0.967322 1.597977 -0.222174 -0.729208 0.797825 0.737406 0.669318 0.231736 -0.353943 -0.005197 -0.693150 -1.446063 0.563636 -0.195896 -1.186551 -2.049816 1.010505 1.136932 1.169624 -1.226167 -0.381272 0.078983 -0.696436 -0.260254 -0.378502 -0.055649 1.253241 -0.193947
32 1.102563 -0.374486 -1.588165 -1.231099 -1.139253 0.076160 -0.497949 0.398028 -1.228125 0.351517 1.168207 -0.177074 1.723895 -0.167937 -1.181800 -1.282674 -1.459038 1.606485 0.385491 0.049205 2.092476 -0.137161 -1.179225 -0.729896 -0.321003 0.312159 -0.743340 1.035371 0.577862 0.690194 0.032277 -0.217516 1.789113 -0.345248 -1.422377 0.935183 1.813544 0.506073 0.502988 0.169721 0.100489 0.973001 0.765391 1.948190 1.351653 -0.996297 0.691061 -0.338867 0.637191 1.514544
33 0.697205 1.304724 -1.829253 0.724334 1.075160 -1.450447 -0.570781 0.607371 -0.358737 -1.192967 -0.409324 1.703764 -0.087859 -1.243558 -0.113128 0.319643 0.688468 -0.504265 -0.726982 -1.074484 -0.605266 0.430762 -2.345397 2.566217 1.247114 -0.875059 -1.108987 1.185492 -1.147109 2.144391 1.103818 0.801168 0.898819 -0.659213 -1.179414 0.005195 -0.778719 -1.281565 0.965000 0.619456 1.123799 -0.809994 0.263368 0.860435 -0.095446 1.047627 -2.572302 -1.254439 1.004055 0.048030
34 0.002772 0.848422 1.044666 -2.087575 0.623154 -0.519084 -0.346179 -0.339296 0.095569 1.651302 -0.576655 0.633005 -1.777923 -0.420779 1.021676 0.439546 -1.134180 0.873140 0.573218 -1.629018 -0.141429 -1.414805 -1.155962 -1.847767 -1.057414 0.720939 0.604684 0.944496 -0.747597 1.073568 0.618105 -0.826371 -0.006869 -0.823284 0.870021 -0.638354 0.919882 1.251703 2.720200 -1.761353 -0.339450 -0.494686 -0.686323 -2.046433 0.616455 1.699056 -1.701352 0.690411 0.977367 1.513715
35 0.158706 0.869043 -1.837895 -0.681953 0.695141 -1.190461 -1.079206 -0.192752 -1.685115 -0.972718 1.065274 0.831054 0.597786 -2.092037 0.987079 -0.847341 1.021266 -1.795161 0.372750 1.234685 0.625473 -1.468609 1.116821 0.924985 -0.143698 -0.267287 1.255922 0.743413 -0.926678 -1.216627 -0.549307 0.972988 0.080661 0.511827 -1.162546 -0.076386 0.679018 0.938359 0.609346 -1.811293 -0.887683 -1.036542 1.263243 0.034407 0.269505 0.526475 0.956484 1.100360 -0.068624 1.174932
36 1.119996 1.318396 0.309379 -0.303974 0.218681 0.572411 0.627403 0.376317 1.267593 0.772376 -0.903905 0.448205 0.608372 1.073680 -0.661169 -0.745826 0.014512 -0.008517 -1.184161 0.302081 0.770023 -0.283326 -0.227565 0.008195 1.093606 -0.251611 0.728750 -0.871152 -1.204585 0.187150 -0.747913 1.921889 0.074061 1.175794 0.651786 0.734896 -0.067444 0.579681 1.615962 0.549856 -1.059920 -0.405479 -0.357870 1.011778 -0.331104 -0.418152 -0.851939 0.710699 0.096317 -1.242378
37 -2.931049 0.429499 -1.687587 1.916427 -1.072324 -0.467771 -0.400200 0.814002 1.840099 0.034539 0.898771 0.945064 0.097484 -0.504824 1.318321 0.193819 -1.106313 0.883531 -0.801600 0.437571 -1.408706 0.089185 -1.120445 0.317295 0.689918 -1.128572 -1.810782 -1.189347 0.625243 0.383637 0.874085 -1.615328 -0.585841 0.344972 0.265677 -0.352286 1.538647 -1.121801 1.011068 1.577753 -1.841496 -0.509948 0.724211 -2.166453 -0.829067 -0.217902 -0.902206 1.673684 -1.301088 -1.061023
38 -0.556197 -2.063447 -0.500410 0.990565 0.519837 -0.546356 0.378289 -0.610511 0.954397 0.681757 -0.860013 -0.141129 -0.772478 -1.394379 -0.129694 -2.103241 0.341518 0.621136 1.027999 1.159313 2.917636 -0.350445 -0.937252 -0.018584 0.342780 -1.813984 -0.098710 0.420047 1.594512 0.554477 -0.610049 0.845449 -0.795000 0.036362 0.094352 0.943892 0.447375 0.352447 -1.113183 0.952718 0.569693 -1.513326 -1.335937 -0.445076 -0.762429 0.753918 0.446352 1.124390 -0.133036 -2.258240
39 1.543987 -0.929430 0.052782 -2.042328 1.237212 0.017587 -0.900226 -0.891671 0.537035 -0.322328 0.697412 0.512217 -0.394346 -1.468830 0.031329 -0.762517 -0.916289 1.143386 -1.754788 1.226278 -0.265023 -0.246276 -0.299208 -0.634539 -0.443491 0.222276 0.882432 0.132159 1.073800 -0.378193 -1.092324 -0.170282 0.482595 0.694376 -0.464862 -0.743960 -0.124941 -0.273581 0.124395 -1.420889 0.626552 0.537991 -0.407784 -0.270314 1.865796 -0.915296 -0.242194 0.244018 -1.208753 -0.429873
40 -0.051474 -0.054467 -0.455339 -0.042420 -0.459077 -1.052266 -1.533493 -0.688857 -1.016446 0.321525 -0.355984 -1.118586 1.169149 1.350780 0.471854 1.205985 1.270214 -0.189222 -0.149131 -0.874176 -1.111140 0.318813 -2.168576 -0.384353 -0.514692 2.354114 1.883556 0.523453 2.040563 0.523329 -1.978761 -0.357848 0.040505 -0.412567 -2.892196 -0.597847 0.391489 0.417556 1.020581 -0.649817 0.823803 0.868920 -0.192462 0.369752 1.540252 -0.151362 2.070869 -0.646600 0.411969 -1.201532
41 -0.255441 0.016030 -0.059779 1.117766 0.781062 1.828920 -0.125575 0.177987 0.728128 -0.564619 -0.795805 -0.752259 0.349935 -1.269709 -1.440378 -0.888408 0.187076 1.129960 0.101380 -0.681066 0.379905 0.828949 1.386303 1.253346 0.862218 0.217770 0.108997 0.761492 -0.052042 1.007836 1.547264 0.281585 0.042108 -2.948860 -2.202460 -1.229361 -0.629973 -1.391443 0.209973 0.998135 0.071285 -0.280023 1.434032 -0.137740 -1.302676 -0.626635 -0.400571 -0.820986 0.189984 -1.819067
42 1.146216 0.612949 -0.029118 1.324028 -0.935332 -0.681656 0.238046 -0.256545 -0.573651 1.248401 -0.622471 -0.491906 0.482702 -0.778631 -0.035091 -1.832435 1.044560 -0.325035 0.406324 1.252182 1.263108 1.569087 0.945825 -1.647641 -0.538133 -0.489225 -0.498336 -0.306445 -1.719772 -0.547059 0.920332 0.108803 2.813267 -0.352014 -0.298775 -0.339950 1.351158 0.335996 0.408712 -0.395022 0.041522 -0.120025 1.600747 -1.665992 0.108021 -0.024437 -0.709673 -0.689216 -1.315521 0.226970
43 0.525897 -1.266991 -0.452942 -0.431973 0.826073 -1.181347 -0.110320 0.808915 2.157895 0.417775 0.242653 0.316692 -1.171547 0.103905 0.402451 0.944229 0.259403 -0.493353 0.586132 -0.117074 2.487202 1.226171 -0.285488 -0.057010 0.812273 -2.722725 1.897206 0.975160 1.048505 0.842919 0.549609 0.417971 -1.125071 -0.736392 -0.537418 -0.877395 -1.123976 0.705276 0.902118 -0.187744 -0.587920 -0.512156 -0.290684 1.160090 -0.391967 0.621947 0.529049 1.077301 0.466509 0.338004
44 0.332185 0.294789 -0.715093 0.700226 0.231844 -0.192271 0.310875 0.121912 1.610431 -0.581256 -1.478048 -0.797728 -0.178874 1.265254 1.311622 2.244765 -1.307731 0.193269 -0.173855 -0.745235 1.857345 0.260682 -0.126711 -1.832036 -0.450676 1.485553 -0.938493 0.346980 0.797301 -0.100061 0.009603 1.147486 -0.193524 -0.058712 0.634576 -1.103897 1.136059 1.201780 -0.390407 -0.422751 -0.162212 -1.031169 -0.458575 -1.411867 0.179559 -0.564471 0.455088 0.198170 -1.229157 -1.010819
45 0.770339 0.035471 1.095940 -1.410569 -0.093404 1.767317 0.281045 -0.594811 -0.347494 -0.571899 -0.151840 0.254910 -0.049945 -0.091728 1.219328 -0.526952 -0.167314 -0.386674 -0.397462 0.026925 0.131104 -1.012127 -1.013984 -1.153956 2.162118 -0.520646 1.054413 -0.246513 -0.485915 -0.683234 1.666066 0.670442 -0.679315 -1.700413 -1.504973 -0.786407 1.834158 0.652639 0.194062 -0.966194 -1.739032 0.539911 1.211470 1.085597 1.011576 -1.575341 -0.414656 0.009454 -1.204862 0.799897
46 -1.318353 0.469296 -0.062118 0.162812 1.036687 0.112229 0.785575 -1.379371 -0.526249 0.113948 -0.616974 -0.434099 0.095989 1.150838 -1.559516 0.061685 0.184548 0.870320 -0.452384 -0.260149 2.514299 -0.071700 -0.739929 -0.839223 -0.101630 -0.701934 0.082933 -0.622753 0.829241 0.294405 1.900325 1.362278 -0.447697 0.284489 -0.484715 0.906566 1.385005 -1.042316 -0.186270 0.974343 -0.094319 0.801306 0.109301 0.258330 -0.629614 -0.258590 0.658691 0.783261 -0.926383 -0.866858
47 0.396905 1.118850 0.260472 -0.410197 1.244812 0.491243 1.382718 0.635329 -0.602164 0.717522 0.171548 0.698271 1.574166 -0.137213 -2.190603 -0.756825 1.099706 -0.744781 0.231599 -0.885264 0.925643 -0.404120 0.997702 1.127241 -1.032245 0.722488 1.840224 0.319438 -0.212800 -0.124074 -0.374799 0.261443 -1.953406 -0.197739 -0.864986 -2.513344 1.299724 -1.662285 0.432665 1.606284 1.056009 1.288588 0.292752 0.851117 -0.267962 -0.092450 -0.235421 -0.667920 -1.814269 -1.402986
48 0.199215 -0.872751 0.012271 -1.050832 0.925159 -0.670299 -0.402935 -1.301170 -1.630868 1.045343 -1.226030 -0.365111 -1.039038 -0.845848 -0.855871 1.640652 -0.623558 0.625128 0.153416 2.155073 -0.382394 -1.312606 0.005712 -0.612321 0.836432 0.779198 -1.067805 -1.633541 -0.175093 1.353584 0.969820 -0.455741 0.876617 -0.561649 1.393236 0.224257 0.959908 0.377897 1.183807 -0.522951 0.070869 -1.736727 -1.206665 1.354589 -0.081589 -0.443149 1.298882 0.299261 -1.781578 -0.211660
49 -0.581425 -0.155262 0.827939 -1.558898 -0.308912 -0.937650 0.125346 1.311332 0.473669 2.825495 -0.565009 -0.349137 -0.047111 1.107746 0.610195 -0.993992 0.272705 0.044312 1.188562 -1.012419 0.594385 0.429357 0.029751 1.168404 -0.245924 1.361755 1.824565 -1.278110 0.444203 0.807025 -0.067859 -0.318557 0.184406 -0.288642 -0.202821 0.659854 0.261467 1.507423 0.176361 -0.475980 -0.152407 0.394691 -0.210794 -0.107496 0.039322 0.967731 0.671759 -0.493382 0.089820 -1.021973
50 0.756245 -1.739511 -0.848200 -1.585759 -1.086510 1.319171 -0.402298 -0.306311 -2.932105 0.473951 0.468364 -1.370382 0.357419 1.113339 -0.530759 0.601511 -0.793673 0.185953 0.986831 -0.339371 -0.067305 0.172294 0.013510 -0.139267 0.164801 1.060746 1.942148 -1.632934 -1.358879 0.910980 -0.055263 0.803547 -1.115053 -1.016876 -0.075727 0.503359 -0.645229 0.193683 -0.159041 -0.357002 1.979649 -1.718422 0.594467 0.535044 0.779763 -0.541010 0.576176 -0.040995 -0.282612 -0.891280
51 -1.658212 -0.844375 -1.189286 -0.342560 1.486292 -0.605602 -0.385215 -1.101961 0.344053 -0.208629 -0.575060 -0.450012 -0.572300 -0.113954 1.094600 -0.427130 1.265785 0.332573 -0.487260 -1.155629 1.622553 -0.954806 0.909683 1.498134 1.026169 0.378167 0.230346 -0.211077 0.285742 -0.496138 1.270892 -0.442770 0.081382 1.158458 -2.381333 -0.383290 -0.400344 0.773915 0.063554 0.966984 0.081738 0.724631 0.812766 -1.216725 1.850415 -1.833273 1.500305 -1.405778 -2.749559 1.114232
52 1.001654 0.455395 -1.396163 -0.577585 -0.372934 0.748374 -0.093581 -0.941250 0.545879 1.081783 -1.674326 0.910934 -0.093298 -0.340800 -0.378786 -0.466797 -0.616129 0.338176 -1.859565 -1.137274 0.447255 1.349261 -1.856863 0.050987 1.841961 0.608926 -1.431269 -0.668563 1.816994 -0.787479 1.616005 1.686840 -0.947304 0.084647 1.511256 0.299942 -0.139569 -0.220323 0.642882 -0.773091 -0.413132 -1.347233 -0.602224 0.628857 -1.596062 0.137380 0.416343 -0.259836 0.408879 -2.319231
53 -0.255463 0.933391 0.535822 0.266557 -1.196794 0.601032 0.602102 -0.175940 0.201448 1.348646 0.061509 1.423167 1.185550 -1.226373 -0.714493 1.515253 1.301354 -0.286648 0.460879 -0.478102 -2.177210 0.176003 -0.928685 -1.388612 -1.803428 -0.006089 -0.055574 0.874117 -1.717589 0.342594 0.891729 -1.319869 0.075641 -0.137437 0.386168 1.680218 1.567863 -0.524830 0.805506 -0.531757 -0.005218 -1.849201 1.129902 -1.431450 1.287842 1.122837 -0.429608 0.920956 1.093597 -0.844018
54 -1.507644 -0.068532 1.029987 -0.388282 0.904690 0.902968 0.033694 -0.901089 1.144719 0.324997 -0.084505 -0.053140 0.247693 0.580788 1.153473 -0.332486 0.712139 2.081969 0.106497 0.253480 0.761867 -0.241702 0.061244 0.285434 -1.150414 0.617764 0.438347 -0.420064 0.172034 -0.219180 -1.011255 0.090763 0.082976 -0.327782 -0.048635 0.831793 -0.492341 -0.503783 0.732880 -1.351219 1.225407 -0.094773 0.428970 -0.520985 -0.449907 -1.112741 0.110540 -0.209255 1.537293 -1.176817
55 0.785888 0.310342 0.346674 -0.277065 -0.406244 -0.915524 -0.846949 -0.335726 -0.062212 0.461054 -1.541714 1.918386 -0.520218 0.468823 0.427428 0.594194 -0.787412 -0.209291 0.836670 0.042158 -0.780461 -1.067786 -0.745641 0.649910 -1.618164 0.307921 -0.458614 0.815835 -0.252800 0.974645 0.921231 -0.411281 -0.312468 -0.178336 1.068107 -1.500496 -0.897972 1.336599 0.186923 1.436598 0.748933 0.587522 0.346588 -1.098569 0.169805 3.043991 -0.234848 -0.904873 0.666222 1.872806
56 1.729020 -0.576326 -0.816540 -1.667155 -1.818119 0.762150 1.659767 0.429649 0.826063 1.225044 -0.072886 -0.477087 0.177872 -0.265616 0.802491 0.926041 0.423602 0.348110 -0.094756 0.775300 -1.160595 -0.783195 0.151142 -0.394437 1.464491 0.672993 -0.090820 1.580215 0.888041 -0.203862 -0.187975 -0.686658 -0.288177 -0.617826 1.004072 0.545734 1.749775 -0.147163 2.153674 1.062801 -0.603623 -1.198240 0.989210 -0.461630 -3.305733 -0.591754 1.384265 -0.516703 1.901578 -0.550270
57 -0.694290 1.278867 0.109572 0.534345 -1.866758 1.163636 1.128010 -0.747573 0.092121 0.432876 1.193153 -2.849132 0.680142 -1.605048 0.349992 1.502404 -1.595241 0.429755 -0.785057 0.645652 1.700191 -1.951868 -0.608996 -0.340047 1.139333 1.130091 0.361849 -0.247226 1.057021 -0.091142 -0.091965 0.090814 -0.467340 2.009480 -2.465670 -0.510540 -0.805201 1.707697 1.261734 -1.560363 0.022538 -0.364812 -0.546401 0.334427 -0.626916 0.222800 -1.448307 -0.347680 -0.315666 -0.686868
58 -1.264854 0.238586 -0.627311 -0.789365 0.755217 -0.586216 -0.249322 -0.061862 0.371081 -0.025830 -1.037741 -2.138959 0.150621 0.410344 -0.016941 -1.288206 -0.009794 -0.684481 1.142183 1.396300 -1.478430 1.830045 0.247756 0.905226 -0.286772 0.149887 -0.329196 0.627495 1.256213 0.518097 -0.637153 0.171558 0.770119 0.849221 0.490809 -0.585110 -0.588137 -0.109309 0.180502 2.049802 -0.038956 1.408379 1.366582 -0.636718 0.132168 -0.239949 0.866648 1.226687 0.042392 0.424216
59 -0.440530 -1.786472 0.379715 -0.019663 -0.687757 -0.634236 1.038276 0.245625 -0.521911 0.882362 1.009861 -0.789233 -1.968032 0.106411 1.562073 -0.566682 -0.498262 0.315313 -0.873698 -1.824640 -0.227491 -1.410187 -0.078902 0.287835 0.345319 -1.220790 -0.834690 -1.441406 -1.212752 -0.431893 -0.154950 0.296135 -0.281988 1.121276 -1.086887 1.197582 -0.280351 1.578081 -1.282456 0.140254 1.573002 0.852940 -0.491697 -0.479724 0.880021 0.359596 -0.068776 -0.065155 -0.156530 -0.895480
60 0.966944 0.614276 1.291394 0.200344 -0.181392 -1.333516 1.185435 -1.175985 1.554778 -0.180954 -0.405351 1.455281 1.444530 0.720807 0.315724 0.211577 -0.579376 -1.082681 -1.313174 0.610975 0.027954 -0.308539 2.182465 -1.577931 0.017853 1.015832 0.442764 0.878642 -0.011694 0.924475 -0.825592 1.864404 -1.128142 -0.416395 0.778531 -0.129382 -0.661658 0.566889 0.212775 0.891632 -0.634001 -0.165258 1.101593 0.060499 0.503141 -1.169666 0.950955 0.078354 -0.849963 1.350168
61 -0.595352 -0.872229 -0.047196 -0.063393 2.015624 -1.916288 1.423393 -0.849045 0.964237 1.314777 0.215046 -1.037910 0.694549 0.566938 0.551148 0.609365 0.614771 -1.679736 0.004727 -0.284511 -2.489284 0.265795 -1.265839 -0.129814 0.000960 0.265159 -1.204316 0.971623 1.048001 -1.298948 0.068197 0.746993 0.235540 0.102303 0.095573 0.070556 0.906909 -2.690673 -1.232938 0.244019 -1.202177 -1.806992 0.382083 -0.715337 0.453500 0.809206 0.622723 2.522035 2.499722 -0.797945
62 0.566831 0.378208 -1.313371 0.981351 2.150399 -1.479416 -1.985441 2.656467 1.523146 0.561283 -0.739264 -2.396141 -0.568706 0.474409 0.461074 -0.240582 0.450714 -0.318883 0.326658 0.961818 -2.007268 -0.774180 0.710593 1.162832 1.030737 1.220589 -0.736643 0.286740 -0.741380 1.736260 0.179798 0.493546 -0.834504 0.026270 -0.731160 -0.781029 0.268699 -0.109406 0.326229 0.405917 1.643350 2.464217 0.664121 -0.450638 -0.759705 0.032911 1.111380 0.215425 -0.259641 0.878624
63 0.312847 -0.042875 1.065367 1.544046 1.955421 -0.953108 -0.740806 0.638537 -0.598473 0.791268 -1.483550 0.270249 2.051057 1.563683 0.506640 -0.055138 -0.172275 1.202875 1.024971 -1.042938 -0.408778 0.567094 -0.805338 0.603976 -0.380979 0.018730 -0.708617 0.189218 -0.642340 0.766571 1.161249 0.029462 -0.333733 1.007681 0.807499 0.160658 0.845132 0.245656 0.459384 -0.052067 0.687882 -1.324230 0.925139 -0.765241 -0.585833 0.738710 0.931503 -0.141948 0.001801 -2.862399
64 -1.320090 0.784149 -0.317552 -0.578509 0.085832 1.690359 0.348324 -0.802653 -1.205044 -1.137283 1.048485 1.252228 -0.604352 1.617677 -0.203089 0.406523 -0.218346 -0.368126 0.662366 -0.751799 -1.209399 -0.260930 -0.657331 0.034063 0.214120 -1.340324 1.400768 0.235449 0.861776 -1.583009 -0.245335 0.962906 1.309683 -0.494909 -0.678237 -1.718203 0.029947 -1.247102 0.989945 -0.132024 -0.861078 -0.369345 0.818968 -0.489841 -0.532025 -0.273405 0.658300 -0.182120 2.466302 0.173610
65 -0.359242 1.983035 -0.274674 -0.219027 -0.331147 -0.951164 0.436916 -1.207849 -1.610718 -0.428740 -1.781138 0.914105 0.526256 -0.896103 -2.138612 -0.325967 0.681635 0.184569 0.312923 -1.409279 -1.040695 -1.652589 1.220847 0.644943 -1.740798 -2.124352 0.587811 0.099254 0.716362 -0.102878 1.514118 -0.715478 1.739203 -0.200437 1.550328 0.487776 -0.379248 -1.161038 0.557680 -0.003436 0.247934 -0.312065 1.895361 0.920466 0.270298 0.193976 0.516830 0.330703 -0.093095 -0.030773
66 1.174374 0.701197 -0.833060 -0.433371 -0.339937 -0.011236 0.207860 0.406649 0.691057 0.158266 1.677882 -0.129552 -0.848625 0.523808 -1.487817 0.786748 -1.026635 -0.637625 0.227608 -0.853805 1.425457 0.304168 0.777902 -0.106856 -0.623996 -1.391425 0.579481 -0.798117 -1.847566 -1.487589 0.227672 -0.883016 0.518737 -0.235085 -0.845820 0.342186 -0.662744 -1.215435 -0.067088 -1.464617 -0.591756 -0.635777 -0.230210 -1.344213 1.495490 -0.347095 -0.143794 -0.191897 -0.938351 0.116194
67 1.617036 0.029159 0.290662 0.199778 0.307619 -0.829949 0.558160 0.587364 0.198684 -0.285605 -0.614302 0.718661 0.427545 1.465834 -0.668725 -1.227960 -0.869245 -0.799576 0.638212 -0.273192 -1.092890 -0.440043 2.083077 -0.648561 0.172129 -0.691094 -0.134944 0.198482 -1.582572 1.225702 0.999012 0.394781 -0.870205 0.307831 0.239732 -0.471131 0.971455 0.739986 1.820812 -0.373274 -0.931970 -0.748624 1.133468 1.283741 -0.402290 -0.004999 1.317287 -0.102668 -0.456476 0.365228
68 -1.057976 -0.596881 -0.552686 0.423522 0.067113 0.896127 0.058236 -0.029650 0.465403 0.773225 0.025717 0.261857 0.124680 -2.384756 0.927816 -0.530970 1.244160 1.285266 2.097255 0.505387 -0.475873 -0.626949 1.155005 0.552133 0.240134 -0.208037 0.512460 0.056616 -0.793524 -1.704657 1.459379 1.040314 -0.064578 0.035428 -0.602951 -0.727124 0.800934 -0.041576 0.036803 0.120978 -0.012025 0.491206 1.093684 1.375696 -0.155526 -2.510408 -0.612907 -0.011553 -1.044868 0.621860
69 0.398294 -0.024014 -0.394614 -0.450342 0.286965 0.209279 -0.281559 0.918007 1.104208 1.250979 0.324174 -1.388395 -1.533538 0.254028 0.349777 -1.193760 -0.680523 -0.705869 -0.050889 1.792669 -0.607030 0.094355 -0.489113 -1.103811 0.651031 -1.775216 0.157734 0.180269 -1.449025 2.430119 0.129075 -0.120839 -1.496554 -0.222783 -0.067703 0.471213 0.969124 0.214619 0.415931 0.341701 -0.350756 0.942823 -0.388706 -1.533692 0.041473 0.503645 0.569949 -2.061956 -0.664703 -0.792999
70 0.140810 0.452276 -0.145269 -0.240330 0.106569 1.770781 0.408617 0.305023 -0.036328 -0.497320 -1.496816 -0.140828 0.406091 1.521420 -0.347834 -0.243078 -1.451379 0.224577 -0.493066 -0.211948 -0.231767 -1.698145 -0.881395 1.766893 -0.153312 -0.135147 -0.206002 -0.554915 1.146556 0.339555 -0.398510 -0.904830 -0.305493 -1.483217 1.851998 0.286731 0.527039 -0.234705 0.405222 -0.054981 -0.031253 0.246563 -0.722449 0.434299 -0.267791 -0.642655 0.404173 2.134000 -0.461229 0.592090
71 0.294433 1.891609 1.162157 1.411397 -1.067359 -1.640817 -0.980414 2.028566 0.469381 -0.391682 0.575604 -0.426521 -1.051500 -0.802372 -0.588023 0.501907 -0.718506 2.026170 1.283805 -0.444134 -2.060906 0.234343 -0.001522 -1.700240 1.090711 0.779637 0.252783 -0.487597 1.495745 -2.066001 -0.175914 -0.815565 -0.008634 -1.732189 1.128613 -0.036575 0.462576 -0.195366 -0.730165 -1.508682 0.609451 0.353413 -1.363450 2.256405 -0.780535 1.065635 -2.432368 0.648612 0.099194 -0.045395
72 0.549845 -1.331545 0.177468 1.677518 -0.354538 0.619440 1.525445 -0.759037 -0.167875 0.058780 -0.590341 -1.543202 0.317656 -0.061670 -2.077714 0.313066 0.769173 -0.826437 -0.393658 -0.453962 1.253304 0.910873 0.881371 -0.268029 2.655496 -1.313559 1.122948 -0.017635 0.195673 0.355002 -0.923184 -2.339860 0.538476 -0.566776 0.406245 -1.439793 -1.299825 -0.692447 -1.232006 -0.825075 -0.657017 -1.247313 -0.655449 -1.150712 -0.192023 -0.182649 -0.768825 0.559837 0.548269 0.700748
73 1.198746 1.475547 -0.102483 -0.477921 -2.014053 1.702801 0.249710 -0.439033 0.887045 -0.049837 -1.167218 -0.556636 0.274321 -0.902017 -0.462549 1.155241 0.805592 -1.367177 1.220676 -2.247384 1.865220 0.370879 -1.236263 -0.143737 -1.297960 0.077282 -1.757860 -1.753867 -0.949315 0.634493 0.689777 0.088359 -0.177117 -0.030393 0.586141 -0.692127 -0.662030 0.545314 0.305827 -0.216468 -1.645999 -1.352152 0.311305 -0.426969 0.015376 0.533492 -0.139270 0.373262 1.748867 0.122773
74 -0.577342 -0.975228 1.043875 0.295527 1.558449 1.867527 2.633142 0.242365 1.146617 0.888641 0.313778 2.262367 -0.264097 0.427615 3.130871 -0.687646 -0.985136 0.703028 0.536065 0.732365 -0.606718 1.403315 -2.749777 0.594430 2.078194 2.226222 2.329100 3.137764 0.766505 -0.548138 1.609357 -0.403939 1.531734 -0.656453 0.969663 -0.299341 0.348017 -2.044363 0.640612 1.514111 -2.217679 -1.661418 2.399845 0.924810 -0.434745 2.603058 -0.383588 0.045541 3.270617 2.178318
75 -0.699692 0.128407 2.733460 0.613069 1.088028 0.196282 2.068336 -0.691807 2.352526 1.000995 1.393466 2.095492 0.292574 1.137461 2.024333 -0.790401 -1.379991 -1.965082 -0.987319 0.546207 -0.355086 2.762911 -0.857705 -1.010070 -0.550724 0.948152 2.396942 0.775334 -0.847019 0.204847 0.006363 0.351118 2.480537 0.044025 4.243443 -0.742968 2.288701 -0.898816 1.857992 -0.570462 -0.331953 -0.298088 2.240529 -0.879302 -1.200448 2.375032 1.739244 -0.722191 1.815915 2.235297
76 -1.435433 0.651173 -0.319967 0.251573 0.927556 -0.854153 -0.060572 0.657370 1.183657 -1.378249 1.848084 -1.233888 -1.774754 0.446909 -1.637488 -0.647441 -1.195020 1.564474 0.683218 0.366980 0.217867 -1.158147 0.165629 1.515107 -1.568353 0.168444 2.033196 -0.254609 1.158412 -0.076532 -0.868654 0.017144 -0.003048 -0.164516 0.507267 0.592552 -0.358848 -1.025815 -0.202507 0.525496 0.025372 -0.513000 -1.766467 -1.504607 0.160203 -0.831460 0.344716 -0.872392 -1.120086 -1.408263
77 -0.452861 -0.176575 1.291490 0.217471 -0.341163 -0.097397 -0.029293 -0.406017 -0.834295 1.845633 -0.217416 0.844094 0.316486 0.547408 -0.589723 1.167773 -0.676994 0.426773 -1.087142 -0.143870 0.082011 -1.018565 -1.403686 -1.536461 -1.974677 0.129177 -1.268167 -0.357849 -0.663058 -1.667762 -0.242879 -0.627232 -0.390239 -1.729075 0.287878 0.361764 0.748306 -0.003848 -0.273050 -0.402343 -0.473237 0.297002 -0.124664 0.406058 -0.365040 -0.764467 -2.584946 0.421392 -0.492712 -0.452121
78 1.340053 0.662052 0.023170 -0.205140 -0.530108 -1.203200 -0.848626 1.223383 1.812489 -0.214572 0.689396 0.390626 0.884468 -0.632287 0.609742 -0.248456 0.927659 0.572321 1.133405 -0.639441 -0.369296 1.066616 -0.446399 1.834127 1.635416 1.285662 -0.416956 0.179298 0.595440 0.563666 -0.001512 0.035505 0.353672 2.046106 1.198172 0.542955 -0.142830 1.120677 1.188684 -1.310006 1.352405 0.172759 -1.098740 0.407967 -2.112750 -0.395394 0.918968 -0.736777 -0.270869 -0.149262
79 0.605014 0.155396 -1.103308 1.178473 0.603443 0.551078 -0.245640 0.740482 -0.175438 0.533202 1.156972 1.569096 0.859784 -0.558977 1.675015 -1.253015 2.078816 0.424570 -0.841541 -0.809389 -0.878206 1.103449 0.249283 -1.392758 -1.044808 0.408563 0.409187 0.496026 -0.435463 -1.398299 1.516882 -0.294305 -0.019164 0.511963 -0.311414 -0.423058 -1.382301 0.460482 -0.758631 -0.168915 -1.270755 -0.308456 -1.250980 -2.504811 0.280160 -0.145771 -0.163340 -2.275266 1.005849 1.361117
80 -1.042385 -1.202746 -0.342237 -0.451662 -0.360888 -0.127198 0.171554 -0.443765 0.794161 -0.052900 1.157482 -1.311076 -1.691365 -1.096191 0.303697 0.394898 0.066335 1.708714 0.046456 -0.520271 1.112512 -1.610466 1.087074 -0.080360 0.164200 0.435813 1.360716 0.032373 -0.696961 -0.643555 -0.142436 0.472638 -1.860997 0.904766 -0.812294 0.867252 0.556161 -0.049469 0.315110 -0.898617 1.132159 -0.404395 0.954978 -0.023585 1.043938 -0.510148 -0.161607 0.996096 -1.369906 -0.483823
81 -1.766630 -0.204219 -0.896815 -0.639603 -1.044432 -0.995148 -0.516410 -0.203637 -0.426142 1.064338 0.473007 0.069802 -1.177432 -1.023241 0.135289 -0.912454 0.844546 1.352188 0.740623 -0.326980 -0.172908 -0.043375 0.032388 -1.661721 0.064025 1.515203 -1.480656 -0.114118 0.113475 -1.365126 -0.393084 -1.277160 -0.150747 -0.881015 -0.131603 -0.300583 -2.607452 -1.041937 -1.122080 1.696753 -0.450334 -0.403601 -0.807495 -0.407066 -0.426868 -0.081467 1.089490 -1.196351 0.370431 1.389503
82 -0.490192 -0.674274 -1.209728 -2.382298 -1.042413 0.036315 -1.058429 0.633875 0.696526 -1.587678 -0.849530 -0.833358 0.587086 0.315542 0.898845 0.650969 -0.500185 -1.881006 -2.342490 0.202801 -0.421703 -1.139055 0.167316 1.171559 0.617505 -2.102900 0.714769 -0.149317 -0.420651 -0.242526 1.809232 -0.127642 0.577108 0.790297 -1.459404 -0.277116 -1.369269 -1.455052 -0.652217 1.053500 0.747660 -0.575189 -1.473493 -0.012434 -0.895657 0.110446 -0.633788 -0.185965 -0.819204 0.191752
83 -1.465277 1.434976 0.287971 2.097689 0.390490 -0.782912 -0.139682 2.464088 -0.424494 0.645657 1.666459 0.829524 0.335312 -0.211664 -1.069217 -1.267676 -0.326308 0.521382 0.144182 0.526787 1.647184 -1.040252 -0.869248 -0.008149 -0.231447 1.323244 -1.059536 -1.607346 -0.015405 1.504189 -0.574090 0.654996 0.118971 -0.744672 -1.157976 -0.369890 0.355733 -0.367628 -0.565973 0.636056 0.351166 0.543765 -0.157595 0.225826 -0.379466 -0.891998 0.587192 0.938697 0.356180 0.333281
84 1.065053 -0.489838 2.686713 1.123026 -2.276322 1.412049 2.842716 -0.765755 1.795198 1.285001 1.288250 2.964380 -0.822629 -0.329037 3.689371 -1.009245 2.045439 0.089635 0.024073 1.224241 0.349727 2.408203 0.977082 1.850528 -0.807024 1.067615 3.003717 2.608439 1.429828 2.358420 -0.917191 0.097388 3.906974 1.396607 1.471237 -0.978120 1.108471 -0.266690 2.439646 2.121891 1.284061 -0.406473 3.487398 -1.095216 -0.779322 1.578285 2.152843 0.133073 0.213822 1.220537
85 0.277654 -0.396251 -1.965691 0.790696 -0.840325 -0.626990 -1.261932 -0.305715 -0.935984 -0.971425 0.442714 -1.492074 1.042998 -0.278073 -1.102584 -0.379729 -0.277025 -3.352990 0.059580 1.318042 0.387026 0.483685 0.267502 0.065850 1.843680 -0.246729 -0.195558 -1.460673 0.639551 0.827942 -0.450901 -0.582692 -1.516411 -0.701039 0.470095 0.326481 1.913136 0.201534 0.131123 0.601101 -0.859080 -1.103862 0.106916 0.669001 -0.001991 -0.304795 -0.263577 0.976673 1.003430 -0.533851
86 -0.052002 0.768328 -0.737163 -0.176844 0.665505 -0.908820 1.150259 -0.684443 0.929069 -0.630257 -1.155469 0.790836 0.374535 1.430183 -1.446043 -0.605662 1.037409 0.603932 -0.789935 -1.532780 0.070777 0.603052 -1.042619 -0.037107 0.662836 0.076419 -1.092002 1.169793 0.576408 0.574193 -0.754495 -0.531908 0.898533 -0.500208 -0.347024 -0.992606 0.993601 -0.320040 0.849985 -1.043857 -0.656984 1.142381 0.056897 0.547710 1.072190 1.651725 0.323310 0.380412 0.707473 -0.294994
87 0.860120 1.267530 -0.699285 -0.155980 1.144877 0.194118 -0.261179 -1.499349 -1.022735 -1.428912 -0.654333 -0.126706 -0.528210 -0.130223 -0.812306 -1.608124 -0.890266 -0.543004 -0.560305 -0.652967 0.187969 1.292032 0.452386 0.105992 0.704943 2.148836 0.082683 -0.191888 -0.447617 0.933362 1.540352 0.284976 0.268138 0.055901 1.707552 0.380641 0.226281 0.151386 0.476058 1.568578 0.238629 -1.203406 -0.152288 -0.990670 1.494849 -1.952152 -0.966610 -0.479152 -1.034288 -0.568854
88 -1.679872 -0.627279 0.401788 -1.840124 -0.489724 -0.390997 -1.291050 -0.337981 -0.363423 1.229143 -0.345600 1.660589 0.780329 1.845077 -1.026507 -0.304429 -0.985782 0.337241 0.683498 -0.832195 3.417269 -0.362092 1.038806 0.795307 -0.002095 -0.882835 1.412210 -1.182630 -0.611085 -1.433751 -0.268748 0.075811 -0.952476 -1.001298 0.515099 -0.227932 -0.543548 1.374628 -0.850062 -1.025497 -0.568882 0.402289 -1.046117 0.927543 -0.370660 0.198996 -0.933553 0.923910 -0.230908 -1.032176
89 -0.681314 -0.076656 0.229460 -0.428693 -1.175788 1.245228 1.072793 0.248911 0.222095 1.090549 0.136875 -0.609886 -0.265452 0.087002 1.642666 -1.706466 0.616427 -0.435255 1.958105 0.895165 -0.977773 -0.279531 -0.237328 0.433243 -0.239012 -0.102863 0.634131 0.845739 -0.720949 -0.329753 1.419556 0.420977 -0.165266 -1.546562 -2.039430 0.876376 0.415007 0.725459 -1.273823 1.796780 -0.990708 1.000813 1.044213 -1.222204 0.225792 1.173458 -1.925034 -0.827437 1.260327 0.209448
90 0.716899 -1.191622 1.099220 0.514131 0.790868 1.478768 -0.660314 -1.080987 1.121541 0.050846 -1.425132 -0.426505 0.770329 -0.589279 -0.426875 -0.001084 2.122523 -0.282266 0.367361 -0.105843 0.588407 0.926715 -0.012554 1.494062 -0.841012 0.565926 0.256529 -1.182084 1.062487 -0.510734 0.313181 -0.151940 0.067417 -0.414171 1.964657 -1.505238 0.580745 1.758529 -0.183619 -0.243555 -0.856731 -0.135642 0.952105 -0.220447 -0.496527 0.312699 -0.387301 1.688357 0.006782 0.257545
91 -0.391031 -1.018163 0.831385 -1.124042 -0.326053 0.763439 0.239029 -1.376590 -1.674237 -1.359037 0.286539 0.506935 -0.870573 1.451602 0.986085 -0.534898 -0.351475 -1.700175 0.320531 -0.329997 0.072694 -0.303872 -0.029815 1.244479 -0.265134 -0.840648 0.246284 2.339677 0.607611 1.437115 0.348486 0.753433 -0.780651 0.244060 -0.400607 0.155500 -0.866748 -1.027994 -0.639217 -0.525268 0.717330 -0.736693 -0.665036 0.516420 -0.924929 0.670331 -1.422606 -0.566720 -1.013320 -0.317671
92 -0.271472 1.437151 0.807609 0.055701 -2.077322 -0.780852 0.885367 1.075471 -0.711263 -0.154499 0.079237 0.495806 0.348162 -0.973134 1.112227 1.945698 1.451868 -1.530731 0.408996 -0.246479 2.013546 0.561892 -0.299046 0.172054 0.134422 0.689911 -0.485359 -0.338445 -0.079502 -0.771563 -1.759853 -0.053888 -2.301674 1.292963 -1.216902 -0.438297 0.312331 0.400318 -1.274418 -0.751369 1.368615 0.860499 1.041499 1.005139 -1.296881 0.866902 -2.103301 0.525632 0.572166 -0.083456
93 0.219599 -0.251688 -1.120413 -0.641886 0.402513 -0.218336 -0.091964 -0.970738 -1.265901 1.597913 0.338418 1.352269 0.874211 -1.325477 -0.264028 0.434090 -0.435610 -0.570035 -0.215837 -0.363743 0.172014 2.124872 -1.994621 -0.905440 -0.230961 0.980171 1.318524 1.587169 0.263506 0.176328 -1.813586 0.702074 0.630755 0.840151 -1.654610 -1.743183 0.466573 -0.545436 2.026228 -0.893765 0.297984 1.212143 -0.737916 1.353092 -1.920449 0.321549 -0.545051 0.156027 0.295185 0.326571
94 -0.437086 0.618743 2.508739 1.303102 -0.569783 1.096012 3.113693 -0.090303 2.688396 1.744386 -0.198763 3.510094 0.031874 -0.997357 1.644448 0.433984 -0.372397 -0.266740 -0.296419 1.709745 0.456021 1.784565 -1.694544 0.452649 -0.455017 -0.082348 2.282499 0.320182 0.335510 -0.017721 -0.394868 -1.695022 3.422879 0.484795 2.074710 1.420719 0.443724 0.346044 2.792702 2.275537 -1.530693 0.789699 2.264735 0.569124 0.008978 2.172338 1.465102 -1.580103 2.141154 1.419283
95 0.914265 0.729924 -0.247730 0.437258 0.731082 -0.144289 -0.759718 0.967401 -0.960582 0.921664 0.862198 0.462834 1.106757 0.156946 -1.815371 -0.808112 1.663015 -0.552021 -0.315698 -0.528585 0.832054 -0.824024 -0.151902 1.035153 1.280249 -0.028790 -1.400683 0.101153 -1.607729 -2.103745 -1.049804 0.531988 2.011485 0.350343 -1.320898 -2.128774 -0.087631 0.537493 0.228261 -0.238645 -1.914269 -0.562845 -0.418205 -0.335033 -0.565732 -1.629131 -0.778682 -1.570569 -0.362483 -0.936659
96 0.234522 -0.526349 1.304476 0.324504 0.336744 1.897537 3.559897 0.551030 3.214182 3.329645 0.365745 2.336465 -1.541729 2.274462 2.536155 0.478081 0.233745 1.565368 -1.234061 0.110633 -0.620577 1.958660 -0.476911 0.986090 -1.008870 1.118026 1.281178 1.921733 0.373590 -0.782095 -0.649460 0.625217 2.855500 -0.879187 0.259249 -0.662892 2.369213 0.501708 2.868553 1.006951 -0.116518 0.083361 2.912996 1.509808 0.309297 1.899223 1.692294 -0.150539 0.181127 1.562560
97 -0.728008 0.681588 -1.554347 0.668436 0.726638 -0.119085 0.363629 -0.660514 -0.097231 0.863778 -0.785376 -1.551060 0.228146 -2.035984 -1.188221 -1.532384 0.897422 0.873099 0.716505 -0.792828 -0.623617 0.902062 -0.415075 1.014251 0.086120 -1.464747 -0.449996 1.379832 -0.047921 1.175167 -1.195041 1.628245 -1.702936 0.663862 0.812861 -0.110239 -1.920304 1.315322 0.679018 -1.879629 0.460175 0.163274 2.086354 1.103118 -0.189564 -0.637063 0.280202 -0.224582 1.354039 -0.861894
98 0.388134 0.393543 -0.324601 1.539344 0.871476 -0.244242 0.736710 0.230180 -0.954326 -0.884188 -0.766509 0.596565 -0.841524 -0.029120 0.324662 -0.924224 -2.201125 -0.166176 -0.806433 -0.028614 -1.629163 0.113364 -0.063751 1.174146 -0.650470 -0.247753 -1.557995 1.259402 0.246301 -0.681312 1.025056 1.392292 0.460997 -1.200017 0.346717 0.623077 0.399141 0.736081 0.328568 -0.387980 0.254917 -0.538088 -1.041980 -1.406676 -1.372858 0.222146 -0.918494 0.573418 -1.341105 0.584536
99 -0.166116 0.253148 -0.374288 -0.889899 -0.030128 0.513349 0.642591 -0.520906 -0.594085 -0.834047 -0.113004 -1.039524 1.443117 -1.716612 -0.283195 -0.574999 -1.962694 -0.676958 -0.989171 -0.870450 -0.824929 -0.575042 -1.529590 0.457460 -0.138826 0.852722 0.102392 0.061465 -0.276473 0.694529 -1.429423 -0.312409 -0.721786 -0.167032 -0.870169 0.410931 -0.365910 -0.222298 -0.940570 1.104536 1.960582 -0.219280 -2.489443 1.190603 -1.565075 0.039027 -1.351532 -1.522166 0.290079 1.304616
END
#################################################################
SECTION3 (Edges Information)
EndPoint0 EndPoint1 Weight
0 1 1.000000
0 9 1.000000
0 10 1.000000
0 90 1.000000
1 0 1.000000
1 2 1.000000
1 11 1.000000
1 91 1.000000
2 1 1.000000
2 3 1.000000
2 12 1.000000
2 92 1.000000
3 2 1.000000
3 4 1.000000
3 13 1.000000
3 93 1.000000
4 3 1.000000
4 5 1.000000
4 14 1.000000
4 94 1.000000
5 4 1.000000
5 6 1.000000
5 15 1.000000
5 95 1.000000
6 5 1.000000
6 7 1.000000
6 16 1.000000
6 96 1.000000
7 6 1.000000
7 8 1.000000
7 17 1.000000
7 97 1.000000
8 7 1.000000
8 9 1.000000
8 18 1.000000
8 98 1.000000
9 0 1.000000
9 8 1.000000
9 19 1.000000
9 99 1.000000
10 0 1.000000
10 11 1.000000
10 19 1.000000
10 20 1.000000
11 1 1.000000
11 10 1.000000
11 12 1.000000
11 21 1.000000
12 2 1.000000
12 11 1.000000
12 13 1.000000
12 22 1.000000
13 3 1.000000
13 12 1.000000
13 14 1.000000
13 23 1.000000
14 4 1.000000
14 13 1.000000
14 15 1.000000
14 24 1.000000
15 5 1.000000
15 14 1.000000
15 16 1.000000
15 25 1.000000
16 6 1.000000
16 15 1.000000
16 17 1.000000
16 26 1.000000
17 7 1.000000
17 16 1.000000
17 18 1.000000
17 27 1.000000
18 8 1.000000
18 17 1.000000
18 19 1.000000
18 28 1.000000
19 9 1.000000
19 10 1.000000
19 18 1.000000
19 29 1.000000
20 10 1.000000
20 21 1.000000
20 29 1.000000
20 30 1.000000
21 11 1.000000
21 20 1.000000
21 22 1.000000
21 31 1.000000
22 12 1.000000
22 21 1.000000
22 23 1.000000
22 32 1.000000
23 13 1.000000
23 22 1.000000
23 24 1.000000
23 33 1.000000
24 14 1.000000
24 23 1.000000
24 25 1.000000
24 34 1.000000
25 15 1.000000
25 24 1.000000
25 26 1.000000
25 35 1.000000
26 16 1.000000
26 25 1.000000
26 27 1.000000
26 36 1.000000
27 17 1.000000
27 26 1.000000
27 28 1.000000
27 37 1.000000
28 18 1.000000
28 27 1.000000
28 29 1.000000
28 38 1.000000
29 19 1.000000
29 20 1.000000
29 28 1.000000
29 39 1.000000
30 20 1.000000
30 31 1.000000
30 39 1.000000
30 40 1.000000
31 21 1.000000
31 30 1.000000
31 32 1.000000
31 41 1.000000
32 22 1.000000
32 31 1.000000
32 33 1.000000
32 42 1.000000
33 23 1.000000
33 32 1.000000
33 34 1.000000
33 43 1.000000
34 24 1.000000
34 33 1.000000
34 35 1.000000
34 44 1.000000
35 25 1.000000
35 34 1.000000
35 36 1.000000
35 45 1.000000
36 26 1.000000
36 35 1.000000
36 37 1.000000
36 46 1.000000
37 27 1.000000
37 36 1.000000
37 38 1.000000
37 47 1.000000
38 28 1.000000
38 37 1.000000
38 39 1.000000
38 48 1.000000
39 29 1.000000
39 30 1.000000
39 38 1.000000
39 49 1.000000
40 30 1.000000
40 41 1.000000
40 49 1.000000
40 50 1.000000
41 31 1.000000
41 40 1.000000
41 42 1.000000
41 51 1.000000
42 32 1.000000
42 41 1.000000
42 43 1.000000
42 52 1.000000
43 33 1.000000
43 42 1.000000
43 44 1.000000
43 53 1.000000
44 34 1.000000
44 43 1.000000
44 45 1.000000
44 54 1.000000
45 35 1.000000
45 44 1.000000
45 46 1.000000
45 55 1.000000
46 36 1.000000
46 45 1.000000
46 47 1.000000
46 56 1.000000
47 37 1.000000
47 46 1.000000
47 48 1.000000
47 57 1.000000
48 38 1.000000
48 47 1.000000
48 49 1.000000
48 58 1.000000
49 39 1.000000
49 40 1.000000
49 48 1.000000
49 59 1.000000
50 40 1.000000
50 51 1.000000
50 59 1.000000
50 60 1.000000
51 41 1.000000
51 50 1.000000
51 52 1.000000
51 61 1.000000
52 42 1.000000
52 51 1.000000
52 53 1.000000
52 62 1.000000
53 43 1.000000
53 52 1.000000
53 54 1.000000
53 63 1.000000
54 44 1.000000
54 53 1.000000
54 55 1.000000
54 64 1.000000
55 45 1.000000
55 54 1.000000
55 56 1.000000
55 65 1.000000
56 46 1.000000
56 55 1.000000
56 57 1.000000
56 66 1.000000
57 47 1.000000
57 56 1.000000
57 58 1.000000
57 67 1.000000
58 48 1.000000
58 57 1.000000
58 59 1.000000
58 68 1.000000
59 49 1.000000
59 50 1.000000
59 58 1.000000
59 69 1.000000
60 50 1.000000
60 61 1.000000
60 69 1.000000
60 70 1.000000
61 51 1.000000
61 60 1.000000
61 62 1.000000
61 71 1.000000
62 52 1.000000
62 61 1.000000
62 63 1.000000
62 72 1.000000
63 53 1.000000
63 62 1.000000
63 64 1.000000
63 73 1.000000
64 54 1.000000
64 63 1.000000
64 65 1.000000
64 74 1.000000
65 55 1.000000
65 64 1.000000
65 66 1.000000
65 75 1.000000
66 56 1.000000
66 65 1.000000
66 67 1.000000
66 76 1.000000
67 57 1.000000
67 66 1.000000
67 68 1.000000
67 77 1.000000
68 58 1.000000
68 67 1.000000
68 69 1.000000
68 78 1.000000
69 59 1.000000
69 60 1.000000
69 68 1.000000
69 79 1.000000
70 60 1.000000
70 71 1.000000
70 79 1.000000
70 80 1.000000
71 61 1.000000
71 70 1.000000
71 72 1.000000
71 81 1.000000
72 62 1.000000
72 71 1.000000
72 73 1.000000
72 82 1.000000
73 63 1.000000
73 72 1.000000
73 74 1.000000
73 83 1.000000
74 64 1.000000
74 73 1.000000
74 75 1.000000
74 84 1.000000
75 65 1.000000
75 74 1.000000
75 76 1.000000
75 85 1.000000
76 66 1.000000
76 75 1.000000
76 77 1.000000
76 86 1.000000
77 67 1.000000
77 76 1.000000
77 78 1.000000
77 87 1.000000
78 68 1.000000
78 77 1.000000
78 79 1.000000
78 88 1.000000
79 69 1.000000
79 70 1.000000
79 78 1.000000
79 89 1.000000
80 70 1.000000
80 81 1.000000
80 89 1.000000
80 90 1.000000
81 71 1.000000
81 80 1.000000
81 82 1.000000
81 91 1.000000
82 72 1.000000
82 81 1.000000
82 83 1.000000
82 92 1.000000
83 73 1.000000
83 82 1.000000
83 84 1.000000
83 93 1.000000
84 74 1.000000
84 83 1.000000
84 85 1.000000
84 94 1.000000
85 75 1.000000
85 84 1.000000
85 86 1.000000
85 95 1.000000
86 76 1.000000
86 85 1.000000
86 87 1.000000
86 96 1.000000
87 77 1.000000
87 86 1.000000
87 88 1.000000
87 97 1.000000
88 78 1.000000
88 87 1.000000
88 89 1.000000
88 98 1.000000
89 79 1.000000
89 80 1.000000
89 88 1.000000
89 99 1.000000
90 0 1.000000
90 80 1.000000
90 91 1.000000
90 99 1.000000
91 1 1.000000
91 81 1.000000
91 90 1.000000
91 92 1.000000
92 2 1.000000
92 82 1.000000
92 91 1.000000
92 93 1.000000
93 3 1.000000
93 83 1.000000
93 92 1.000000
93 94 1.000000
94 4 1.000000
94 84 1.000000
94 93 1.000000
94 95 1.000000
95 5 1.000000
95 85 1.000000
95 94 1.000000
95 96 1.000000
96 6 1.000000
96 86 1.000000
96 95 1.000000
96 97 1.000000
97 7 1.000000
97 87 1.000000
97 96 1.000000
97 98 1.000000
98 8 1.000000
98 88 1.000000
98 97 1.000000
98 99 1.000000
99 9 1.000000
99 89 1.000000
99 90 1.000000
99 98 1.000000
END
#################################################################
SECTION4 (TrueSubGraph Information)
EndPoint0 EndPoint1 Weight
74 75 1.0
74 84 1.0
84 94 1.0
94 4 1.0
4 5 1.0
5 6 1.0
6 96 1.0
6 7 1.0
7 8 1.0
END
#################################################################
SECTION5 (Labels Information)
0 0 1 0 0 1 1 0 1 1 0 1 0 0 1 0 0 0 0 0 0 1 0 0 0 1 1 1 0 0 0 0 1 0 1 0 0 0 1 1 0 0 1 0 0 1 1 0 1 1 
END
#################################################################
SECTION6 (bt Information)
-5 -5 5 -5 -5 5 5 -5 5 5 -5 5 -5 -5 5 -5 -5 -5 -5 -5 -5 5 -5 -5 -5 5 5 5 -5 -5 -5 -5 5 -5 5 -5 -5 -5 5 5 -5 -5 5 -5 -5 5 5 -5 5 5 
END
#################################################################
