#################################################################
#APDM Input Graph, this input graph includes 3 sections:
#section1 : general information
#section2 : nodes
#section3 : edges
#section4 : trueSubGraph (Optional)
#
#if nodes haven't information set weight to null
#################################################################
SECTION1 (General Information)
numNodes = 100
numEdges = 200
usedAlgorithm = NULL
dataSource = SimulationData2
END
#################################################################
SECTION2 (Nodes Information)
NodeID Base Counts
0 1.025492 0.223749 -0.055908 0.537970 0.524957 0.940154 -0.954637 0.048740 0.901501 0.917931 -1.351273 1.128106 -0.256958 0.501106 -0.547641 0.936335 1.542086 -1.666828 0.442046 0.010193 0.504543 1.056035 -0.987590 -0.618139 2.894736 0.195371 0.632270 -0.042734 0.178851 -1.182305 -1.556698 -1.689003 -0.242987 0.745038 1.220229 1.459990 -0.077630 0.671504 0.719385 -0.324990 0.108451 0.526164 -0.720731 0.358556 1.033721 -0.612432 -1.746253 -0.925301 0.486199 1.712937
1 -0.619686 1.705312 -0.292133 0.063254 -0.711370 -1.883927 -1.573935 0.992555 0.845736 0.117202 -0.616170 0.673368 1.758178 2.139461 -0.240918 0.396943 2.502857 -1.178803 0.107311 -0.735728 -0.893398 0.581386 -1.060372 1.205524 0.010701 0.904247 -2.043442 0.357494 -0.464404 -0.531017 1.848688 1.105727 -1.729657 0.304176 0.108968 0.733451 0.272069 2.201659 -0.561595 -0.582013 -0.251329 0.909166 0.509221 1.642957 1.041818 -0.594101 0.568031 0.459409 1.204848 0.589578
2 1.672212 -0.328494 1.266522 3.072833 0.444995 1.909177 -0.292389 0.895590 -0.452273 0.722166 -1.864518 -1.222774 0.248449 0.890844 0.163981 0.950373 -0.496657 -0.210566 0.756725 0.702195 -0.117525 1.082403 -1.387983 0.244125 0.579841 -0.114420 -1.589545 -0.398303 -0.240868 0.639569 0.509958 -0.321708 0.161018 0.452956 -1.084853 1.498640 1.072530 1.335297 -0.772735 0.205839 1.351378 -0.395555 -0.190682 -1.297709 0.759466 -0.947212 1.402911 0.102291 0.849664 0.168953
3 0.635820 -0.750427 -0.768307 -0.482741 -0.683762 -1.592851 -1.570303 -1.916905 0.689130 -0.598144 1.350526 0.592405 -1.136234 -0.068147 -0.922223 0.024187 -0.642837 1.056971 -0.547832 -0.012743 1.278376 0.310175 1.040658 0.208610 0.920432 1.172450 -1.427782 0.199521 -0.387710 -0.373285 -0.180463 -0.831600 -0.142889 0.468207 0.986260 -0.939317 0.379401 -1.035906 0.314219 0.821717 -1.020809 3.177202 -1.449208 -2.202714 -0.826917 0.512917 0.697790 -1.235821 -1.444105 -1.057715
4 0.911243 1.327274 -0.039562 0.930507 -1.390017 1.402170 0.910485 -0.912280 0.280287 -0.535508 -0.313151 -1.517596 -2.390422 0.586728 -0.275982 0.192672 -0.448747 -1.174643 0.641812 0.750425 0.649728 -1.125416 2.673137 0.570596 -0.364137 -1.034215 1.148705 0.071792 -1.026885 -0.420268 0.079426 2.813856 0.308400 -0.482535 1.282279 -0.246971 -0.763865 1.724966 -0.450930 0.406886 -0.298516 1.062666 0.330321 -3.295267 2.601556 -1.305542 -0.524936 0.438944 -0.098913 -1.045282
5 0.431865 -0.931225 -0.507636 -1.110081 0.253589 -0.298744 -1.648220 -0.198551 -0.241002 1.581055 0.813324 0.155317 1.116142 -1.485353 2.011879 1.056606 0.200196 -1.524089 -2.564796 -1.186012 0.537241 1.825008 0.056862 -0.329461 -1.394122 1.309381 -0.790107 -0.676555 0.432323 -0.213533 0.892355 -1.111127 0.734125 0.914823 0.021250 0.187926 -1.221382 0.710698 -0.203052 -0.355577 -0.104879 -0.310101 -2.535945 1.292723 -0.034143 0.105054 0.728245 -1.660708 0.728092 -0.902083
6 1.794598 -0.668153 2.482742 -0.061191 -0.029616 0.702664 0.442866 -2.526300 0.530049 -2.196275 1.239373 -1.081625 0.988677 0.347699 -0.913452 -0.126945 0.324428 -0.075829 0.128747 0.507005 1.672801 0.098106 -0.238483 -0.397264 0.357120 -1.290512 -1.376479 0.124568 -1.378952 0.302553 0.397107 -1.799411 0.565536 -1.750392 -0.245215 0.828000 0.710682 0.249725 -0.043950 0.293392 1.074886 -0.159192 -0.814917 -0.367527 -0.042726 1.173776 -1.582645 0.142914 0.288926 0.840884
7 0.205586 -0.038298 0.249360 1.143951 0.372418 0.735539 0.013931 0.548173 0.157667 0.149898 2.096138 0.099504 -0.296902 0.858718 1.870629 -0.620393 -2.936154 0.468443 0.856015 -1.368481 -0.201084 -0.449196 0.024132 1.168116 0.431605 -0.332793 1.728249 0.334177 1.355608 0.507729 -1.018700 -1.319379 -1.497720 1.116439 0.300245 -0.343495 -0.491179 -0.817187 -0.292062 -0.097068 1.060432 -0.101498 1.004977 -0.421692 -0.869137 0.764259 -0.486944 0.501809 1.279632 -1.000426
8 0.657960 0.606140 -1.353354 -0.861695 -0.106321 0.176685 0.211381 -1.173975 1.748910 0.538027 -0.050980 -0.222802 -0.253595 0.203574 0.129307 -1.535967 -0.049393 0.366224 -1.167212 -1.575707 -0.308458 0.119254 1.840258 -0.518961 0.269815 1.640029 -0.484738 0.046310 0.535882 2.212049 -1.514266 -1.306705 1.275891 -0.610225 1.136146 2.422605 1.777993 0.805985 -0.527686 -0.106187 -0.521181 0.912178 0.310143 1.881454 -0.430294 -0.336034 -0.258502 1.039904 1.089390 -0.236640
9 -0.002684 -0.555898 -1.228634 -0.151163 -0.656330 -0.130081 -0.044603 0.974460 -1.437716 0.458400 -0.392293 -0.777466 0.040021 0.599092 -0.919098 1.281358 0.688352 -0.742995 0.950760 0.853367 -0.380590 0.385102 1.696365 -1.961263 -0.742644 1.304355 -0.862980 -0.173447 0.120724 0.999126 1.274935 1.569333 -0.055687 0.339047 0.254962 0.205095 0.430920 -0.263577 0.211222 -0.751072 1.933616 1.126808 0.136910 1.043188 1.376746 1.338015 0.504607 -0.784508 0.889369 1.492904
10 -0.752527 0.132740 0.836462 2.302910 -0.280741 1.201797 1.141980 0.108539 1.311228 0.561788 -0.153546 -1.148974 -0.606427 1.013743 1.938536 1.039807 -0.443898 1.112625 0.766816 -0.790808 -1.559105 -0.612807 -1.236157 -0.498586 0.718354 -0.129703 0.463216 -0.388594 1.621152 -0.283789 -0.910857 0.298236 1.772377 -0.186155 -0.131943 0.385838 1.404977 -2.414153 0.046272 -1.276897 0.091660 0.769073 0.745472 -0.424882 1.449315 1.469956 0.657551 -0.753242 0.287809 -0.458799
11 2.004823 0.181091 -0.251467 -0.635630 0.388851 -0.885105 1.088304 -0.594067 -0.224226 1.048192 -0.253992 -0.539059 1.871949 -0.267139 -1.155720 0.537892 1.405416 1.032980 -0.544916 -0.788013 -1.050263 0.480387 0.371291 -1.088157 -0.750275 -0.028785 0.598949 -0.144518 -0.668303 -0.725257 0.699989 -0.362733 -1.549281 0.403856 -0.132209 -0.554304 0.426794 -1.834584 0.029446 0.538135 0.709145 1.537688 -1.319664 0.716056 -0.543984 0.436336 1.068842 0.046662 0.828671 -0.553459
12 -0.091604 0.527805 -1.074169 -0.395751 -0.579953 -1.884391 -0.220252 1.936701 -0.741369 0.240292 1.143329 -0.333966 -0.983279 2.028165 0.082665 0.995164 -0.833530 0.653695 -0.657436 0.941096 0.606133 0.216510 0.427258 -1.322884 0.416269 1.188157 2.411348 -0.549842 -1.431747 -0.620512 -1.702408 -0.215060 -1.287017 -1.520594 -0.013420 -0.054957 0.872744 0.719589 0.370376 0.432199 -0.464212 -0.708966 0.196610 0.272213 1.112738 1.113946 0.108988 -1.227710 0.738365 -0.062419
13 2.000755 -1.032752 0.543364 -1.560025 0.493826 1.179421 -3.103799 -0.623840 -0.396274 -0.669511 -0.201106 -0.562995 0.334311 0.621818 -1.076386 0.314974 -0.883962 -1.646305 -0.293412 0.147848 -0.844609 1.395330 2.101271 1.304892 1.227381 -0.814968 -0.133906 -1.942127 -0.718442 0.225642 1.070788 -0.189601 -1.279620 -0.103958 0.545160 -0.876385 -2.380463 -0.394299 -1.330646 0.202453 0.884607 -0.830659 0.520100 -1.908247 1.146713 -0.122488 0.579526 0.443763 0.740816 -0.640854
14 -0.990553 -0.801690 1.520885 -0.035625 -0.172778 -0.039983 -0.323701 0.255450 -0.796478 -0.173967 0.584447 1.192115 -0.450154 0.520609 1.057040 -0.861260 0.020635 -1.476924 0.903965 -0.971905 0.264100 -0.507874 0.532327 -0.366654 -0.568750 2.833269 0.746242 0.592628 -0.442376 -0.785299 0.424469 -0.348476 0.242814 3.012069 -1.252198 1.474824 0.308232 1.595752 0.155992 -1.266803 0.475626 1.181996 0.896269 -0.722590 -2.528570 -0.996692 -0.067698 0.987600 0.286119 0.215849
15 0.271848 0.476576 1.346991 -0.782316 0.833785 -0.187056 -1.532337 -1.183176 1.620590 -0.448806 -0.211356 -0.576672 1.419126 2.185920 -1.210437 -0.362434 1.446067 -0.897760 -1.064638 -0.566862 -1.176825 -1.177918 -0.273692 0.404374 -1.200266 0.667223 -0.902002 -0.300246 -0.061758 0.191358 1.566839 -1.015760 0.321479 1.426339 0.742081 0.195462 0.442009 0.991933 0.608697 -0.565387 -2.329515 -0.099122 -0.127339 1.877193 -1.160771 0.115164 -0.077513 -0.902045 0.529880 2.558944
16 0.683098 -0.810151 -0.631856 0.507051 0.851354 1.147097 -2.300286 -0.314733 0.995864 -1.040920 -0.735388 -0.262657 0.391297 -0.268597 -0.873796 0.502358 0.979050 -0.060555 -0.735058 -1.685780 -0.500610 1.243221 0.169805 -0.323195 0.242098 -1.205227 1.127840 -0.189138 0.825712 -1.349138 0.393166 0.702026 -0.782957 -0.244547 1.293684 -0.152652 -0.384105 -0.189630 1.286628 -0.739747 1.397811 -1.977592 0.595754 -0.923213 0.188117 0.556722 0.904065 0.811253 0.629933 0.123349
17 1.551519 -0.291353 -0.713319 -1.498208 -1.341074 0.370890 0.428955 -1.330603 -0.698582 -1.477771 1.931958 1.265680 1.127717 -0.078769 -0.141504 2.611625 1.099170 -0.512532 -0.540321 0.184102 -0.294376 -0.690844 -1.106707 -0.803824 -0.213214 0.581780 1.104604 0.328872 -0.700892 0.211364 1.066318 0.461465 0.198343 0.338818 -0.051957 1.899886 0.058772 -1.370447 0.852871 -2.200660 0.431349 2.230914 -1.059342 -0.602807 -1.016098 -0.398228 -1.123045 2.043627 -0.435821 -0.502173
18 0.500077 0.254796 -0.169253 0.023085 1.363227 0.378198 -1.606601 -0.022244 -0.433551 0.635219 -0.786425 1.366113 -0.237184 -0.747605 -0.859481 -0.642950 0.980354 -0.420683 -0.385387 -2.522170 -0.357155 1.732107 1.124838 -0.203851 -1.200575 0.510381 0.251994 -0.212514 -0.587803 -0.005641 -0.877131 0.399394 -0.032179 -2.402086 2.904246 0.325205 0.111128 1.577818 0.503129 1.084354 0.306880 1.137474 0.850009 -1.160503 -0.769655 -1.133672 1.838869 0.131153 0.807543 -1.178817
19 0.294232 0.507086 -0.865165 -1.201518 -0.394898 0.301011 -0.187733 -0.198214 0.029184 0.060773 -0.049511 -1.394904 1.806919 -1.499466 0.454331 -0.204513 -0.073759 0.643643 -0.100510 -1.283310 -0.832270 0.459749 0.500913 0.420901 0.437751 0.349055 -0.662910 1.761000 0.606178 -0.001797 1.018258 2.343092 2.431155 0.479202 -0.396967 -0.059212 0.848673 0.540613 0.385307 -0.349289 0.130360 0.267518 1.790459 -0.236604 0.559637 -0.754639 0.340835 0.317417 1.507467 -1.688915
20 -1.794327 1.111039 1.444249 1.128544 1.458854 0.658736 -0.048155 -0.031347 -0.582151 -0.423870 -1.059976 -0.336406 -0.956434 0.296758 -0.413447 -0.837864 -0.005880 -1.417927 0.085243 -2.051001 0.890018 0.583360 -0.611360 0.896052 0.069429 0.774429 -0.006565 -0.542484 1.957184 -0.182508 -0.246198 0.737970 -0.451619 0.246313 -0.539737 -0.501330 0.888800 1.030593 0.999689 0.973526 1.033197 -1.466335 -0.772819 0.302883 0.205575 -1.550731 0.393672 -1.860071 2.291399 -0.795160
21 1.152135 -0.093960 -0.574165 0.736238 -0.391466 -0.794877 0.570290 1.518236 -1.216694 1.484149 -1.982600 -1.291619 -0.039570 -0.392711 0.285472 0.516058 -0.583983 1.779315 -0.600964 1.070211 0.546407 -1.051547 -1.853985 1.458868 0.576242 0.397754 0.765151 -0.236044 0.333870 -1.250013 -0.036637 0.077551 0.214719 0.332884 1.513435 -0.025627 -0.363330 0.654797 -0.594959 -1.418036 -0.497070 0.052026 -1.429973 1.147138 -2.622825 -0.635273 -1.286589 -0.781706 -0.041174 2.146527
22 -0.375246 1.419881 -0.007019 -1.115679 -2.520422 0.507986 0.932259 0.925582 0.108143 0.326944 0.107277 1.261228 0.030385 -0.934599 1.576790 -1.335760 -0.284514 -0.248578 -0.210512 0.478450 -2.615706 2.537110 -0.548785 -1.313453 0.011038 1.969554 1.515396 -0.623321 0.652807 1.148133 -1.465463 -1.285018 -0.158760 0.329030 0.183931 0.569727 2.485900 1.758879 -0.598186 -1.250448 -0.406886 0.944385 -1.864378 -1.241211 -1.430531 0.069631 1.505378 -0.322614 0.436579 -1.287322
23 1.015992 -0.496693 -0.167752 -1.345919 -0.892719 0.987334 0.160862 0.335826 0.956611 -0.147485 -1.043225 0.251941 -1.631437 0.984714 -1.643138 0.260859 0.971179 0.190287 1.950433 0.186621 -0.411095 0.266632 0.100017 -0.347509 0.132919 -2.365914 0.418062 -0.965199 0.144113 -0.311146 -0.021506 -0.311296 -0.060308 1.848684 -0.478791 -0.432989 -1.330675 -0.425039 0.598314 -0.193268 2.072189 1.107973 -0.905074 -1.308378 0.546537 0.022707 -0.196447 -0.972177 -1.488168 1.311544
24 1.120106 -0.648668 -1.534187 0.488796 -0.613708 0.744017 -0.920051 0.243917 -1.424713 0.137623 1.259218 -0.695302 -1.085356 1.421127 0.241761 -0.141931 0.623577 -1.594137 0.133298 1.620436 0.240647 -2.095532 0.273725 0.063655 0.199462 0.556016 0.238303 -0.431556 -0.438615 0.416672 -0.560395 -1.291100 -0.302335 0.726105 -1.981871 -1.247048 -0.756493 -0.216728 -0.096618 0.440389 -0.940563 -0.303958 0.705561 -1.274847 0.551331 -0.420901 0.747236 2.589734 1.315152 1.558873
25 -0.221653 2.210020 -0.554781 -0.533173 0.455110 -0.669201 -0.751261 0.160746 -0.583554 0.039947 0.012412 0.515051 -0.074831 0.411737 1.675352 -2.604992 -0.810471 -0.534274 -0.606948 -0.258328 2.533736 -2.568294 2.550693 -0.090967 -0.854142 -1.105996 1.024560 0.928997 -1.197359 -1.725778 0.865479 0.528501 -1.378132 0.066000 -0.632012 0.296261 -1.201448 -2.081573 -0.728471 0.989623 -0.882456 0.174471 0.387079 0.169097 0.580160 0.106404 1.766907 0.871507 -1.179140 0.166562
26 -1.703465 -0.271917 -0.227027 -1.104573 0.110972 0.118363 0.411438 1.076273 1.592267 -1.600968 0.810562 -0.406776 -0.235136 0.315331 1.563648 -0.923252 0.036094 2.022207 -0.805326 0.426888 0.491443 -0.189760 -1.044997 1.877246 0.830546 -1.111806 -0.698153 0.702235 -1.045043 0.782201 -0.662294 -0.360185 0.623448 0.414759 0.211180 -1.062176 -1.010377 -0.560551 -1.107804 0.861649 0.385122 1.425760 0.509037 -0.364329 -0.836200 1.553482 0.163152 0.472918 -0.898456 0.668161
27 -0.417022 -1.966616 0.498527 -0.189258 0.968487 -2.030481 -0.260424 -0.756370 -0.127716 0.527311 -1.184900 1.908877 -1.007587 0.767619 -0.853417 0.135827 0.776998 2.145660 -1.248248 -3.124417 -0.804043 -0.150737 0.485949 -1.054651 1.332451 0.412422 -0.290763 -1.627492 1.214865 -0.356955 -0.352267 0.027757 -1.080389 0.797973 -1.273384 1.599184 -0.786424 1.019752 -0.284468 -2.014632 -0.531461 -0.154183 -0.474096 -0.492178 0.087570 -0.663625 -0.078062 -1.141257 -0.140709 -1.588746
28 0.018623 -0.719167 -2.477122 0.933359 0.152744 0.471618 -1.467700 -0.514941 0.421480 -0.884798 -0.929612 0.694425 1.765436 -0.019445 0.075957 -0.760121 -1.083683 1.324699 -0.166174 -0.437154 -0.456005 0.202561 0.454250 2.386342 -0.803645 -0.410153 -0.380541 -2.536895 0.926640 0.925553 -0.121983 -0.337374 -1.788632 -0.122934 -0.379622 0.838226 0.517630 -0.050761 -1.592448 -0.201050 0.783364 1.596407 0.290946 -0.466578 0.791776 -0.599405 1.679541 3.150595 0.055805 0.604090
29 -0.564136 -0.427860 -0.422231 1.121065 -0.127897 -0.659831 0.358109 -3.125110 -0.528497 -0.161847 1.451171 -1.038871 -1.436085 -0.396332 -1.003822 0.252012 -1.128454 -1.256717 -0.560905 1.090233 -1.212453 -0.817273 -0.541017 -0.257668 -0.089388 0.519050 -0.343618 1.137228 1.141468 0.396142 -0.633338 0.142825 -0.047018 -2.191500 2.165898 0.131426 2.600710 0.233284 0.621878 -2.171964 0.445177 0.516851 -0.030109 0.602068 -0.817622 1.795993 0.872238 -0.554796 -0.506855 0.488573
30 0.476745 0.622279 -2.767177 -0.824979 -0.159812 1.587980 -0.669299 -0.724409 0.699753 -0.278855 0.619901 -0.197396 -1.587837 -1.145012 -3.178228 -0.287894 1.684117 -1.343717 -0.295159 0.447411 0.398174 0.884832 -0.239017 -0.101922 -0.148563 0.159788 -0.763891 -0.628696 -0.168522 -0.221916 -1.072607 0.658524 -0.662250 0.459671 -0.219521 -0.737692 -0.080514 -1.418577 1.629860 0.693719 0.357271 0.101029 -0.231276 -1.204514 0.306397 -0.042274 0.112361 -1.111523 0.136267 -0.581962
31 1.072307 0.051938 0.207921 1.383692 1.866250 1.177433 0.791456 1.726391 -0.013449 -0.327076 -0.519267 0.677495 0.351712 1.290744 -1.491066 -0.325711 -1.295837 -1.012116 0.646484 -2.526340 0.117262 0.083195 0.858629 0.576681 0.686043 1.885977 0.130707 -1.383457 -0.405043 -1.181593 0.802081 -1.257554 0.685388 1.041006 -1.154545 -0.677976 0.558729 1.435563 -0.072814 0.213069 1.520898 0.195856 -0.439972 -0.605417 1.863071 -1.522308 0.740108 0.886772 -2.177393 1.031393
32 1.098183 -0.954591 -2.358522 0.880039 1.420436 0.455713 0.308596 1.404920 0.014000 0.148404 0.831128 0.537804 0.549093 -1.490468 0.416139 0.734530 0.517101 -0.323935 1.625825 -1.802185 2.541148 0.854920 0.509626 0.388475 -0.327686 -1.261153 0.728488 0.149295 -0.396558 -0.545137 0.086468 -0.071970 -0.689919 -0.812938 1.306795 -0.502768 1.464938 -0.353882 -0.396489 -0.381883 1.380725 0.365096 0.003620 -0.830385 2.292714 -0.840549 -0.388005 -1.975899 -1.164418 0.977520
33 1.344272 3.174135 0.535948 0.984932 -1.723740 0.903707 0.465680 0.718675 -0.541207 -0.660916 1.865186 0.460391 -0.062136 0.658565 -0.988867 -1.316008 0.349535 -0.015703 0.323241 0.216914 -0.444920 -1.192422 -0.739651 1.706699 -1.318075 1.516594 0.680465 -0.848190 0.289299 -1.116512 -0.086546 -0.630860 0.156703 -0.482388 -0.579804 0.687544 -0.414347 -1.274921 -0.149676 0.535813 0.188341 -1.000614 0.481240 1.124858 1.112325 1.197361 -0.269027 0.259907 -1.053631 -0.596268
34 -0.081777 0.649036 0.221600 0.593556 -1.483981 0.286468 -0.031948 0.355573 -1.044447 0.779956 0.864034 0.278249 0.266867 1.631828 2.101784 -2.025603 0.400831 0.880627 1.804736 -0.940336 0.994384 0.528985 -0.293660 0.653737 -1.106757 0.552980 0.080658 -1.481957 1.215261 1.136067 -0.262393 1.932534 -1.327950 -0.469802 -0.699946 -0.424385 -1.230232 -1.648595 -0.962149 0.662424 1.486052 -1.180668 -1.711615 -0.696210 1.099697 -1.054917 0.992478 -0.929040 -0.336005 1.570305
35 0.523111 -0.855386 0.057243 2.228494 1.374953 0.597263 0.430456 0.051609 -1.686269 1.393208 -1.024399 0.718267 -0.028234 -0.897853 1.112858 -0.993504 0.056981 -0.168342 0.918774 1.258401 -0.880012 -0.620901 -0.102462 -1.424419 -0.221274 0.016853 0.257716 0.709682 -1.601020 -1.861521 -1.996847 -0.632360 -0.261774 0.393310 -1.021073 0.625783 0.517578 -1.009052 -0.262213 1.370426 -0.906192 0.996637 -0.577900 1.206289 -0.867656 0.759443 -0.359197 -0.149607 -1.368949 -0.132635
36 -2.264515 0.088267 -0.382103 0.342151 0.370541 1.128892 -0.492449 -0.768966 -0.454369 -0.937193 0.853055 -0.544721 0.058721 -1.126036 1.048850 -0.373220 -0.967544 0.067281 -0.306149 -0.315011 0.192736 -0.317290 -0.955208 -0.990719 0.475537 -0.502231 1.297127 -1.283737 0.015699 0.285654 0.176471 -0.072139 -0.750939 -0.340826 2.312581 -1.501746 0.151318 -1.052744 -0.210388 -0.762469 1.557448 -1.214828 -0.504361 0.453732 0.155815 -0.021603 0.953572 1.456816 0.401836 -0.402792
37 -0.530662 0.956388 0.143827 1.018661 -0.494209 -0.484633 -1.450462 -0.442555 1.558355 -1.037269 -0.763171 -0.089227 1.034672 1.135837 1.305026 0.305320 0.275300 -0.133230 -0.086768 1.221021 1.927711 0.381466 -0.134458 0.015139 -0.505127 1.255268 -0.676603 0.132807 0.416657 -0.573981 -0.047548 1.931402 -0.462223 -0.638646 0.456379 -0.575319 1.833308 -0.583995 -1.054985 0.085964 -1.368362 -0.244747 -0.478700 -1.565365 1.024186 -0.347775 -0.262421 -2.004717 -0.803424 0.934785
38 -0.185477 1.359213 0.430259 -0.431132 0.395900 -0.891194 -0.289702 -0.001122 0.779526 0.225406 0.818260 0.753892 -0.596575 0.196484 -1.483998 -2.140498 -1.073344 -0.592651 1.464493 -0.055868 -0.574249 0.038677 0.775786 0.922542 -3.190030 0.615656 -1.915937 0.230492 -2.714244 -1.326670 -1.727022 -0.829228 2.310561 0.896187 -1.182685 1.811789 -0.225167 0.651880 1.891598 -0.879301 -0.272205 0.143199 -0.635450 -0.276291 0.468600 0.371509 0.573863 2.061371 -0.565546 -0.458892
39 0.594035 1.249295 -0.392326 -1.952751 0.054955 -0.357003 2.465991 0.239155 -0.547457 2.237489 0.778087 -0.519228 -0.470927 0.189331 0.054455 0.550341 1.072488 1.317292 -1.503924 0.941689 0.297428 0.040907 -1.118853 -0.867592 -0.003177 0.258469 0.548622 -0.470746 0.719942 -0.808905 -1.225672 -0.354460 0.368559 -0.032813 2.181735 -1.243476 -0.703827 0.215087 1.239847 -0.263684 -0.608023 -0.073427 -0.892965 -0.266035 0.832750 0.876829 0.096718 0.380519 2.177309 -0.183235
40 0.240725 1.174034 -0.128728 0.024936 0.040985 0.060770 -0.107437 2.298483 -0.371302 0.505667 -0.534790 -0.804995 0.610397 -1.526241 -0.809454 0.411903 0.682272 -1.080847 -0.622358 -1.243061 -1.863027 -0.088173 -0.617867 -0.495596 0.305820 -1.204972 -0.455355 0.325460 -0.429875 0.767845 -1.233371 0.241013 0.339389 -1.549736 -1.694189 1.242611 0.104555 0.069757 -0.928908 0.792386 -0.560558 -0.147455 -1.297676 -0.875515 0.207241 -1.191897 0.807271 -0.519106 1.404540 -0.807529
41 0.338282 -0.528173 0.035130 0.555823 1.844752 -2.082309 -1.237338 1.068283 0.572998 2.448743 -0.956126 -0.906980 -1.250279 0.896410 -1.497768 -0.840725 0.923976 -0.833718 0.314616 -0.264699 -0.915570 0.289081 0.172723 -1.438278 0.499213 0.048790 0.754759 0.833544 -0.952144 0.266537 1.000481 -1.131240 -1.098724 0.834237 -0.157923 2.003895 -0.707133 -0.564174 -0.283539 -2.259380 -0.429486 -0.334428 -0.060860 -1.893954 -0.295898 0.892115 -1.270793 1.454370 1.961779 1.114452
42 0.444508 0.764507 -0.388628 -0.360436 1.345732 -0.187646 -0.559962 -0.151779 1.476151 0.348429 -0.349194 1.087489 -0.053920 0.602873 -0.292189 0.897380 0.566251 1.709452 -0.851424 -0.779169 1.211660 0.826164 0.173853 0.045268 -0.358417 -1.110215 0.318380 0.809035 -0.236484 -0.022908 1.174954 -0.180581 -1.051973 1.287720 1.048306 -1.080594 0.331159 -0.934447 -1.110371 -0.090135 -0.744466 -0.088757 0.379358 0.854612 -1.251456 -1.419027 -0.540476 -0.144812 -0.605921 -1.578852
43 0.355355 -0.214369 -0.367357 0.826860 0.088604 -0.710633 -0.577245 0.525127 -0.257111 -1.627104 -0.389639 -1.013514 1.263903 -0.876063 -0.451761 0.001010 -0.318470 -1.261551 0.879473 -0.474284 0.146900 0.507575 0.577256 -1.268184 1.123332 -0.016546 -0.629687 -0.087340 2.021057 -0.896820 -0.401402 0.402849 0.768734 -1.079580 0.194895 -0.151291 0.008213 0.635646 -0.720648 -0.547570 1.306950 1.255911 -1.161127 -0.268831 0.531594 -0.148757 0.921916 -1.128194 -0.990127 0.274683
44 -0.196825 1.964905 0.042283 -2.498099 -1.206303 -0.217846 1.765945 -0.522418 0.970929 -0.194532 0.080663 -2.318365 1.395178 0.796706 1.409562 0.376991 -0.380575 -0.565854 1.290588 -1.752198 -0.309886 -0.521484 -1.092197 0.740165 1.250690 -0.409248 -1.372918 -1.216247 -0.893407 -1.388888 -0.463762 0.128444 -0.944717 -0.945488 1.829459 -0.273614 -0.225761 -0.234599 0.352011 -0.524631 1.906275 1.525351 -1.054682 -0.009113 -1.894471 -0.452010 0.263978 -1.024488 -0.193201 -0.489876
45 0.518736 -0.079580 1.407670 -0.688015 0.517650 0.458041 0.275801 -1.066795 -0.617788 0.371133 -1.138523 1.041095 0.040779 0.689757 0.387863 1.350146 0.225160 -2.131784 0.675131 0.157312 0.821291 1.191454 -0.614522 1.288963 0.063771 0.126477 0.632286 -0.579593 0.334041 0.386262 -0.889546 0.649083 1.305642 0.680780 -0.542075 -1.152623 -0.481407 -0.478636 -0.660845 0.423675 -1.625189 -0.531861 1.561074 0.035070 0.913149 -1.908094 -0.800094 -0.473618 0.027156 0.653608
46 -0.627344 -0.182414 1.561871 1.132928 -0.553987 -0.059977 0.651315 -1.700713 0.256404 1.175379 0.755990 -1.129991 -0.982398 2.115593 -0.493634 -0.572624 -0.392131 2.036575 1.001721 -1.254898 0.200424 -0.588075 -0.891870 0.550557 0.551103 -0.240533 -2.025806 -0.107389 0.537103 0.227007 -0.072533 0.773317 0.658706 1.151737 0.264660 -0.172619 -0.871494 0.224890 -1.519835 -0.750071 -0.918177 -0.057883 0.758106 -0.127125 -0.135100 1.527383 0.260581 -1.187898 -0.290216 -0.404169
47 1.431921 -0.609374 -1.543127 0.496317 -0.131228 -0.832832 -0.477566 0.369944 0.250840 0.828247 0.154815 0.642582 0.455157 0.671982 0.176693 -0.455551 2.101951 -1.424460 -1.221660 -0.642301 1.120449 0.387172 1.060116 -0.266668 0.585300 0.037148 -0.388233 0.260956 -0.105613 0.086803 1.771761 1.888470 -0.611759 -0.992826 0.744169 -1.633539 -0.317749 -0.155813 -1.262388 -0.914398 0.108692 0.735155 0.280220 -0.961892 -1.014321 0.546824 0.124783 -1.486442 0.145843 1.104015
48 -0.354835 0.402634 -0.354398 -0.444975 1.154788 -1.743870 0.020612 0.318098 0.341025 -0.354536 0.552737 -0.241916 0.476274 -0.625874 -0.439642 -0.340086 0.244245 1.718988 1.034879 -1.238160 0.758019 0.048093 -0.212010 0.819811 -0.259844 -1.067797 -0.068863 -1.328742 1.018980 -0.651032 -0.059586 -0.181143 -1.778887 0.811569 0.527531 0.058415 1.448855 1.012005 1.154503 0.229764 -1.076188 -1.368226 0.173944 0.165011 -0.456891 0.522930 -0.005743 -2.097376 -0.596954 0.231539
49 -0.492390 -0.645728 1.480264 2.619780 -0.181550 0.497693 -1.733091 -1.250388 -0.838211 -0.251479 0.533043 -1.250897 0.380480 0.829119 0.249047 0.486967 -0.658699 1.538504 -1.075687 -0.045089 -1.938872 -0.303241 -0.413034 -0.621437 -1.202051 -0.956411 0.394872 -0.546492 0.241372 1.101914 2.123846 0.821440 -0.466823 -1.499587 -2.153580 -0.864104 1.204943 2.662277 -0.611332 -1.528411 0.485243 0.848384 -0.226536 0.090907 -0.483669 -0.683525 0.618100 0.257480 0.299063 0.570929
50 -1.170161 0.200098 0.479633 -0.163707 -0.869135 1.422605 2.632170 0.504297 -1.312417 0.856645 -0.044430 1.466307 1.527113 -0.765329 -0.465422 -1.363456 1.205818 -0.343809 0.145807 -1.601207 0.978255 -1.459148 0.474698 -1.015847 -1.544255 -1.644665 0.785290 -1.194463 1.153436 -1.676824 0.722583 -0.562137 0.882964 1.442514 2.549941 0.507750 1.686396 0.952727 1.360314 -0.961483 2.093566 0.750202 0.711600 2.096231 -0.077564 1.498792 -0.209938 1.172074 0.088750 -1.516256
51 -0.285231 0.519464 0.929011 -0.530622 0.531480 0.133215 -0.546392 1.833424 1.640218 -0.932991 -1.147858 -0.398185 1.128446 -0.033600 0.541861 -0.909726 -0.118570 1.329031 0.798559 0.849825 -0.651608 0.995099 -1.322253 -0.263038 -0.105087 0.664698 0.101703 -0.258208 0.611007 -0.436374 -0.796011 0.727939 0.764893 -0.249590 -1.905595 -0.616851 -1.099831 -1.387321 -0.528150 -0.056285 0.131839 0.048530 2.035621 0.283881 -0.709810 0.577574 0.657110 0.401342 -0.095171 -1.333953
52 -0.484018 -0.422229 -1.165048 -0.619159 0.386558 -1.693062 -1.507884 -1.035946 3.056938 -1.345994 1.599590 1.634399 0.103043 -0.307962 -0.373865 1.315927 1.511585 -0.707156 0.267718 0.674076 -0.825800 -0.068522 0.193162 -0.225466 -0.518074 1.117649 0.969966 -0.917421 1.525461 -2.390250 0.211014 -1.495168 -1.386569 -0.735780 1.237947 0.372484 -0.182113 -0.347084 -1.168905 2.698801 -1.193980 0.254770 0.476101 0.092464 1.016583 1.346054 -0.572179 0.149646 0.475542 -1.334154
53 1.137424 0.083280 2.106454 2.761260 4.475468 2.493136 -1.326214 2.627420 1.415516 -0.264000 2.415324 4.489429 1.018490 2.791981 2.371791 2.523706 -0.336898 -0.203787 4.350969 2.757955 -0.825040 -0.416969 3.476861 3.927624 -0.562497 4.041740 3.298193 1.628253 4.835453 2.199311 3.967075 2.934375 3.330751 1.017713 3.243700 0.738319 3.477637 -0.396237 2.855407 1.405610 -0.761692 0.764836 2.574222 2.284897 -0.389719 -0.050705 3.365429 0.391828 -0.272857 0.984373
54 0.700414 0.921511 1.748177 4.035616 3.132056 2.695301 -0.512949 1.832216 0.270543 -0.217948 4.920165 3.626510 0.675619 1.834690 5.307626 4.381641 2.393841 -0.011566 3.309450 1.479865 -0.387412 -0.480299 1.392419 3.027747 1.025006 3.093386 3.935994 3.754272 2.989297 4.824537 4.207823 2.972216 3.217897 -2.015442 3.392492 0.666305 3.170960 0.383917 3.700570 4.209998 -1.113797 0.188950 1.559322 3.443539 0.637131 -0.431170 2.862445 1.635657 1.166093 1.635435
55 -0.429684 1.125905 0.830210 -0.241095 0.271989 0.864703 -0.599730 -0.335125 -1.029264 -0.151748 -1.082815 -1.442030 0.652882 0.408918 0.685131 -1.787057 0.959766 0.744475 -0.866667 -1.775869 -0.238456 -1.069541 -2.265138 1.383044 2.056235 -2.014085 -0.144391 -0.773994 -0.854348 -0.847298 1.302731 0.388162 -0.204140 0.624138 -0.689317 -0.701007 0.844187 0.518906 0.296882 -0.097842 -0.669904 -0.583344 -0.212558 1.210520 -1.524860 0.445264 0.360012 0.446057 -0.098384 -1.528964
56 -2.606272 -0.739745 0.253702 -0.769956 -0.056008 3.103858 -2.470825 -0.747997 -0.610341 -1.916843 -0.516301 0.281982 1.755614 1.323827 -1.150418 -1.370722 0.168116 0.675483 1.523803 -1.779086 -0.920437 -0.236348 1.030952 -0.466983 -0.109267 -1.278195 0.431317 -0.722753 -0.671378 -0.005502 1.330172 0.157795 -0.854243 0.227593 -1.061928 0.067375 0.128286 0.106343 -1.180191 0.293201 1.427342 -1.405038 0.248995 -1.896952 1.443239 0.544884 -1.147529 -0.534998 -0.629310 -0.060027
57 1.276169 -1.659675 -0.334116 -0.857015 -0.096612 0.122290 -0.733548 1.706181 0.237967 0.147280 -1.049681 1.727506 -0.806996 -1.439551 1.658955 0.933037 -0.689305 0.595894 -0.591039 0.989459 -2.102199 0.842309 0.512149 -0.807759 -0.299981 1.246091 0.517759 -1.222541 2.036159 -0.274232 0.533273 0.455944 0.946994 -0.122592 1.154109 -0.365223 -0.123102 0.613242 -0.440860 0.123720 1.318962 -0.360862 0.246913 0.765555 1.029661 -0.389734 -0.496610 0.721501 0.136985 0.648348
58 0.939505 0.598542 0.227936 -1.336084 1.624124 0.150372 0.807316 0.709531 0.566634 0.289641 2.838980 1.592118 0.351804 -1.411240 -1.043345 -1.200773 0.107648 0.775913 -0.011848 0.252746 -1.358020 0.844913 0.374456 0.527731 -0.978485 0.674955 -0.101746 0.841659 0.395437 -0.080723 -0.430303 -1.902281 0.187167 0.588563 1.482111 -1.715484 -0.328504 1.891807 -0.101536 -0.446659 -0.615217 0.974192 1.759395 -1.171259 -2.044804 0.165008 -0.333877 0.138332 -2.454722 -0.844392
59 0.742341 1.427112 -0.423680 -1.031852 -0.301140 -0.341653 -0.074075 -0.448919 -0.597540 1.867971 -0.540477 -1.331285 -0.069290 0.178994 0.295786 3.043904 1.442973 -0.473261 0.487376 0.948291 0.470352 -0.367068 -1.537506 -0.903836 1.315434 0.625082 1.021664 -1.651397 -0.436842 0.095778 -0.745842 -0.092831 -0.938744 -0.727880 0.705073 0.516247 -0.518193 1.306502 -0.233180 -0.797954 1.205005 0.378577 -0.877464 -0.836858 0.469857 0.390772 -0.345416 -0.929152 -1.625471 1.532746
60 -0.122143 0.873275 0.297338 0.803013 0.370136 1.385693 0.256395 0.500770 -0.700714 0.945970 -0.707345 0.518932 1.072784 -0.138664 0.619893 -1.333328 -1.363077 -0.851768 -1.416255 0.686419 1.344930 1.412459 -0.412420 -0.204099 -0.422556 -0.206642 -0.400391 0.052510 -0.236776 0.301480 1.141453 -0.381415 0.889635 0.291826 0.215117 1.089146 -0.082003 -0.770039 0.027407 -0.448825 -0.024462 1.328228 1.696313 -0.512939 -0.169879 0.831947 -0.021276 -0.819539 0.222203 3.100714
61 -1.172058 0.912463 -1.124337 -0.596717 0.542577 0.280923 0.546862 1.132516 0.197450 -0.067212 -0.466530 0.033266 -0.957029 0.222534 -1.042579 -0.005813 -0.499812 0.533173 1.944508 0.233713 -0.139371 -0.220419 1.189091 0.092944 -1.144977 1.171215 0.074275 0.295222 0.169867 2.362459 0.478777 -1.447699 -2.028970 -0.689474 -0.325174 0.857431 -0.217669 0.241178 -0.705240 -0.915347 1.029141 0.519841 0.115216 -1.390866 -0.108738 -0.657510 -0.317703 -0.155350 1.121044 -0.560629
62 1.548878 0.427421 -1.294122 -0.591988 -1.182175 -1.354484 1.589640 -0.442973 -0.120547 -0.129473 0.783606 -0.774611 0.457056 -0.517935 1.015371 0.622360 -2.533177 -0.009649 -0.117312 0.770499 -0.167857 -0.285362 -0.851728 -0.328014 0.947800 -0.303919 -1.014461 -0.183561 0.556613 -0.736048 -0.565815 0.904284 0.643772 -0.097063 -1.210958 -0.495193 -1.220633 0.215734 0.306872 -0.698818 -1.361726 -0.053908 0.636562 0.078442 1.342555 -0.259551 0.519669 0.489738 -1.647913 0.725117
63 0.565054 0.300179 1.029319 -0.698262 1.090089 -0.760078 0.201485 -0.468169 -0.037653 -1.218361 2.085607 -0.146477 0.607597 1.192577 -1.114572 -0.263988 0.821632 -0.526605 -0.147232 -0.772131 0.256440 -0.868183 -0.798017 -0.941228 0.138411 0.433529 -1.255745 0.271641 1.216572 0.292252 0.253248 1.549561 -0.250868 0.419729 -0.009390 0.336622 -0.119292 -0.434763 0.729647 -0.307532 0.622843 -0.230458 1.683593 -0.361289 -0.661551 -0.755306 -0.052390 -0.597229 -1.720717 0.091495
64 -0.519188 -0.494868 2.169109 3.803317 4.109426 2.378476 1.454522 2.209179 0.795005 1.763126 1.810726 4.298879 -1.107423 3.489184 3.430745 4.587093 1.374532 -0.048228 4.706919 3.183423 1.636619 -0.606083 2.789887 2.490894 -0.129403 3.826245 3.012386 1.214123 3.474634 2.326203 3.470444 3.822723 2.439428 0.342118 1.408901 1.448407 1.749249 -0.417299 3.623923 2.998778 -0.620616 -1.630068 2.545762 3.744216 1.451363 -1.488870 2.593844 3.422850 0.236644 0.074765
65 -0.181559 -1.004859 0.185366 1.807084 -0.069739 -1.282401 -0.114750 1.702708 0.474062 -0.141430 1.376850 0.407952 -0.291797 0.484499 0.387419 0.654541 -0.260030 0.640684 -1.269607 -0.979914 1.165053 0.697044 -0.885780 0.225896 -0.443514 0.447427 1.350703 0.424769 -1.828403 -0.716317 0.483461 -0.347551 -0.931735 0.945326 -0.538580 -0.208961 -0.817572 -0.668618 -0.901245 0.886130 -1.949216 0.721666 -1.671839 -0.324145 0.630366 -0.281175 -0.631263 -0.957874 1.393284 1.089441
66 -1.400392 0.910612 -1.509985 0.086837 -2.146608 -1.114728 -1.378983 0.979781 0.941648 -0.007714 -0.574685 -0.071599 0.792145 -0.175619 -2.089798 0.509550 -1.022883 0.044737 0.176535 0.626889 -0.575616 -0.103872 0.419724 -0.025083 -1.579535 -0.852762 -0.271381 0.991598 0.837138 -0.031309 -0.914275 0.341668 -1.064345 -1.323702 -0.982640 -0.094227 -0.818227 -1.068819 1.022619 -0.455684 0.954857 0.770023 -1.099956 0.058660 -0.889479 -1.179355 0.296742 0.724186 0.698609 0.614222
67 1.178390 -0.511638 0.035831 1.191758 -1.496655 -0.717314 -0.436936 0.698910 1.637725 -0.092931 -1.474553 -2.077244 0.729492 0.023061 0.097443 -0.105006 -0.670526 0.522855 -0.628878 -0.302563 0.596703 -0.691115 -1.645252 -0.221889 0.680764 -1.514069 0.261979 -0.404343 -0.017705 -1.509630 0.865504 -1.179537 0.001584 -0.096237 0.417128 -1.085070 0.124467 -0.744839 0.147500 -0.810036 0.149735 -0.683452 0.273391 1.804306 -0.498542 1.156615 0.491700 0.391215 0.045974 1.212615
68 -0.120281 0.124015 -0.674703 0.749003 1.261308 -0.722455 -0.266471 -1.261143 -1.325450 -0.627596 1.049790 -0.304689 0.684720 0.235486 0.037242 -0.773379 1.295225 -1.391889 0.076598 0.171207 -0.227519 0.436821 0.605221 -0.326821 1.170102 0.092823 0.322477 0.835859 0.323872 -2.770820 -1.568745 0.774162 -0.220895 0.253934 0.549879 0.397233 -1.725124 -1.256804 -2.063027 -0.668665 -0.017895 -0.063624 1.012595 -0.377634 -1.349871 -1.285437 0.667331 -1.702385 -0.224297 1.196240
69 1.328417 0.399547 1.248055 -1.403909 -1.857831 -1.765620 0.172980 0.322315 0.750615 0.777471 -1.132893 0.497189 0.844573 -0.407125 -0.209200 1.460351 -0.227593 -1.629067 1.111186 -0.463009 0.209359 2.152282 -0.437113 0.963314 0.380859 2.074971 0.424218 -0.422906 0.367083 -1.096280 1.276745 -1.500475 1.680125 -0.773723 -0.252749 -0.184927 -0.078786 1.250913 -0.351685 -0.611987 -0.734240 -0.554295 -0.851179 0.485698 0.185388 -0.190117 0.008870 -0.015463 0.815694 -0.878818
70 -1.912052 -1.388012 -0.537005 -1.092299 0.422309 0.303572 -0.814679 2.078980 0.728969 -1.365544 1.218529 0.806675 -1.031771 0.126977 -1.615860 -0.198901 -1.093244 -0.713285 0.279395 0.076329 -1.582391 0.133926 0.745159 -0.248520 0.075266 0.268474 1.035971 -0.604127 1.684392 1.339735 -0.238682 -1.937237 0.428139 -0.164425 -0.345200 -0.885906 -0.919982 0.995707 -1.045199 0.576039 0.470081 -0.386071 0.442266 0.800102 -0.906571 -0.051104 -0.327078 0.236770 0.424518 -0.952087
71 0.724446 -1.125095 2.608052 -1.626988 -1.638825 -0.927662 0.006214 -0.527993 -1.873915 -0.022517 0.331598 1.852139 -0.437433 0.422116 0.805799 0.531361 -0.675849 -0.664205 -0.858044 -1.288694 -0.065566 -1.038529 0.207265 -0.609429 -1.137112 -0.623240 -0.608381 0.925536 0.629838 0.198135 -2.210227 -0.081512 -0.070948 0.153956 0.863488 0.736777 -1.099195 1.052574 -0.330371 1.150509 -0.689251 -2.024980 0.520007 1.595671 1.015097 0.155956 -1.326017 -0.131810 2.503670 0.267210
72 -0.570542 1.465111 0.108387 -0.605585 1.417244 1.572737 -0.013584 0.095993 -0.507754 0.002900 -0.215494 1.827060 1.498752 -0.598031 0.047709 -2.315231 1.463896 -0.417849 0.459786 -0.853598 1.523659 0.431790 0.574036 -0.624639 -0.173878 0.852731 0.731955 0.525903 -1.181707 -2.041027 -0.557855 0.290741 1.603453 -0.987517 -0.232917 0.261384 0.072683 -0.474037 1.019861 -0.884294 1.269015 0.918946 0.747172 -2.322938 -0.916639 -0.589431 -0.975426 -0.751666 0.068365 0.180107
73 -0.662990 -0.944975 1.100372 2.041574 2.757265 1.663084 -0.739710 3.897371 1.365756 0.969122 3.452601 3.951795 2.417074 3.062276 1.567899 2.800679 -1.049165 -0.425363 3.065384 3.449446 0.851997 -0.211113 2.037633 2.678715 1.880946 2.637652 0.898659 2.565609 3.730380 2.832132 1.896919 4.369787 2.034816 0.232146 1.731193 -0.462267 2.686787 -1.458194 2.697844 4.794613 1.403767 1.308650 3.777671 2.213601 1.385761 -2.847325 4.302598 3.654569 1.341035 0.876685
74 1.287280 0.099447 4.387718 2.605615 4.629555 3.497858 0.322056 0.417937 0.306932 0.100260 1.234331 1.955769 0.491415 2.125682 3.860992 2.803466 0.066291 0.843655 2.468527 4.187498 0.301785 0.158585 2.955729 3.214263 1.678866 2.989755 0.584263 1.611695 4.188525 3.823855 5.127552 3.214710 4.523975 -0.036739 3.222893 -1.079908 4.644547 1.067586 3.566046 2.991624 -0.331834 0.075311 3.348846 3.700882 0.626369 0.267249 1.035809 2.447176 -0.843752 -0.662439
75 -0.384711 0.181862 -0.772663 0.325097 -1.251429 -0.635092 0.903705 -1.170759 0.779628 -1.220785 1.482670 1.419745 -0.688312 -0.650575 -1.283704 -1.103729 1.271757 0.557394 1.297001 -1.098509 0.595892 -0.218160 1.070043 -0.214952 -0.326852 -1.650368 0.172284 -0.092697 -0.435419 -0.925547 0.048641 1.149708 -1.892708 0.780743 0.064428 0.406351 -0.910165 -1.332936 1.112681 1.197660 0.676805 -1.102069 -0.749148 0.984080 0.233853 -2.529574 1.043112 1.019798 -1.928527 -1.046753
76 1.181325 -0.861086 0.497535 0.026128 1.088839 -1.440458 -1.424439 0.936441 0.566431 -0.753051 1.529582 -1.466198 0.999144 1.892251 0.363115 0.036261 0.391167 0.184655 -0.022740 0.333860 0.214460 1.071359 0.351173 1.045995 1.617060 -1.165786 0.800403 -0.255731 -0.467973 0.131189 -0.142263 -1.127886 -0.979668 -0.132520 -0.791039 0.841788 -1.791459 1.359297 -1.470114 1.416712 0.587427 0.762245 0.741160 0.853803 0.618226 1.530448 -0.628786 -0.553865 0.585853 -0.417730
77 -1.670757 -1.619857 -1.166306 0.052899 0.228816 0.089181 -1.820816 1.310216 -0.229002 2.179687 -1.216474 0.592792 -1.295328 -0.180685 0.900600 -0.910378 -0.727696 -0.954128 1.823084 -1.690997 0.361311 0.812227 -0.141037 -1.047456 0.483796 0.750636 0.298313 -1.083401 3.007898 0.658145 -0.779454 -0.249754 0.510441 -0.783559 1.627037 0.532800 -2.180998 1.216342 -0.417646 -0.107699 -0.884552 -0.718697 -1.241463 -0.154352 0.732284 -1.133811 0.131247 -0.220163 -1.082739 0.265192
78 -0.043646 1.812197 -0.611810 -0.740356 0.368852 1.232559 0.141953 -0.056649 1.171495 1.702610 -0.957683 0.807241 0.303494 -1.877089 0.626085 1.949401 0.847926 0.286712 0.891325 -0.755623 1.317075 -1.008053 1.270447 0.421017 0.437819 2.037572 -1.818350 1.893315 -1.087013 -1.004807 0.453289 -0.006432 0.377924 0.300230 1.860849 -0.767854 0.414995 1.856921 2.631391 -2.316664 0.160643 -0.748445 1.894722 -0.212558 1.186409 1.181732 -1.602191 -0.737402 1.662795 -0.350678
79 0.045852 1.053842 -0.242811 0.383595 -0.401438 0.731171 0.511099 0.546833 -0.433041 -2.283591 0.239995 -1.875580 0.649249 0.392932 0.829691 -1.094789 0.353877 -0.941909 0.271839 0.371075 0.120741 0.104790 0.060985 0.344158 -0.702114 -0.489328 0.083735 0.195798 0.095372 -0.665860 2.071377 1.011105 0.017222 1.066331 1.139759 1.413316 0.852753 0.540709 -0.771216 1.001751 -1.129869 -0.747388 -1.005232 0.417944 0.428190 -0.773397 -0.588175 -1.356586 -1.055640 -0.338043
80 -0.008380 -0.602806 0.237789 0.085156 -0.580440 -1.733451 0.212302 0.590691 0.217965 0.073517 0.351493 -2.294153 0.522860 -1.792880 0.594030 1.391394 0.871986 -0.885094 -0.451245 -0.648974 -0.680906 -0.175471 -1.150357 0.710605 -0.379247 -0.422532 1.547552 -1.303234 -0.047371 2.262443 -1.807150 -0.622990 0.418739 -0.905143 -0.133704 1.314234 -1.065156 0.449438 0.956520 1.033264 -0.620008 0.779852 0.133504 0.408572 2.013638 -0.915849 0.512390 -0.078439 -0.380199 0.516254
81 -1.751297 -2.712146 0.782717 1.570287 0.396264 -1.519851 -0.127658 2.274998 -0.301372 0.927828 0.403919 -0.108309 0.586845 -0.745642 -0.308991 -0.448877 -0.514971 1.250293 0.629928 -1.821424 -0.012893 -2.070577 1.142126 0.626917 -0.099482 0.152203 -0.253608 0.666756 -0.047657 0.223432 -0.825312 0.597847 1.981177 0.314857 -0.501687 0.166286 0.465067 -0.548393 -2.276506 -0.422592 0.652624 0.481213 -0.080656 0.047057 -0.188358 -0.611645 1.754964 0.441908 -0.371905 -0.555946
82 -1.134969 0.405393 3.560601 3.025823 2.691638 2.519316 -0.231488 3.702116 -0.431600 0.701268 3.207115 4.149671 0.587589 4.420906 4.826710 3.988717 1.134566 -1.468162 3.992989 1.947919 -0.474324 0.474026 4.760333 4.963466 -0.308545 3.295003 2.743852 2.329613 4.861505 4.728527 3.900715 3.329520 2.626466 -1.167333 1.366919 2.564027 4.962212 -0.072731 2.598323 3.445514 -0.211238 0.939437 2.795358 2.728363 0.397628 0.591241 1.645881 3.388747 -1.041925 2.682570
83 0.944061 -0.324229 1.972674 1.558223 4.218435 3.400646 -0.918364 2.054674 0.922584 -1.518631 3.643234 3.901206 -1.560645 0.960594 1.852460 3.328382 0.252335 0.412293 4.413222 3.442518 -1.511245 -0.205787 3.212367 2.437383 0.293332 4.222456 1.020644 3.207081 3.631647 1.461844 2.812397 3.609239 3.053395 -0.513634 3.435747 -1.518148 3.028351 0.403226 2.230129 2.858628 0.541776 0.414262 4.196959 3.810033 0.814013 -0.222420 1.300377 4.360418 0.439966 -1.886832
84 1.207455 -0.403056 2.643105 3.466668 2.242208 1.645092 -0.687474 2.635760 0.348360 0.703585 1.567962 2.753633 0.979103 3.536964 4.974700 1.759828 -0.382978 -0.273454 3.371321 2.701697 -2.232495 0.697095 1.857512 2.602552 0.795897 3.979924 3.949703 1.900374 2.136397 1.620157 3.134552 3.192157 2.989651 -2.380490 5.403543 0.354602 3.067556 0.664416 1.367783 3.283679 0.283046 0.138827 4.193695 2.517584 -0.379072 0.458039 5.445984 4.067073 0.565758 0.248986
85 -1.338640 -0.264217 -0.079446 -0.390107 -0.973264 1.442285 -0.691311 -0.637464 0.511204 0.464087 -0.329096 0.018732 1.067000 -0.540524 -0.396422 0.303717 -0.104672 -1.154182 0.008520 -0.481618 -0.164629 2.038079 1.088191 -0.253055 2.101069 0.954448 -0.248009 0.185382 0.503161 -0.283382 1.792497 0.975881 0.031911 1.885982 -0.504785 -0.532987 0.795883 -0.413869 0.024267 0.446979 -0.488105 -0.523817 1.198495 0.302545 -0.148952 -1.891926 -3.254249 0.136058 -0.223146 0.548217
86 -0.914749 -1.207227 1.864385 0.214513 -0.860016 -0.974076 -1.422693 0.863761 -1.168912 0.473140 -0.778527 -0.070295 1.593135 0.026249 -0.282887 0.043879 0.824638 0.350685 -0.516749 -0.344687 0.567316 0.065833 1.049389 0.051483 -0.345375 -0.437669 0.632135 -0.390533 0.698728 -1.285283 -0.174980 0.065168 1.691130 -0.995861 -1.711710 0.966033 0.719907 -0.377902 -0.984355 0.029464 0.435393 -1.078910 -0.958506 0.478738 0.406964 -0.883513 -0.084727 0.249728 0.278602 -0.381742
87 0.711347 -0.039025 -0.208901 0.931882 -1.160609 -1.446730 -0.596196 1.121592 0.248543 -0.168791 2.562296 -0.461629 -0.392256 1.393087 -0.719452 0.480441 -2.819462 -0.957279 0.440417 1.204688 2.200317 -0.843021 1.078730 -1.127948 -0.180328 0.524401 0.177447 0.449583 -1.237305 0.085077 1.551565 0.799831 1.615948 -0.093081 -1.255022 0.044190 -0.487736 0.266138 -0.980442 0.160051 -1.953827 -0.379613 1.833861 0.787553 0.371077 0.298872 -1.390182 -0.481567 0.453343 -0.660899
88 -0.945126 2.097032 0.034371 -0.180397 2.571956 0.148724 -1.317456 0.199908 -1.118785 -0.351651 0.213255 -0.724689 -0.075516 -1.090752 -0.218991 2.092922 0.360820 0.579998 -1.542536 0.030338 0.026054 -1.349310 1.331611 -0.495800 -1.443211 0.031295 -0.489861 1.114536 0.091550 0.874488 1.130405 -1.848199 -0.380524 0.803083 -0.414806 1.299583 -0.750116 2.539809 0.029914 0.065323 -1.265824 -0.132557 0.293289 -0.076227 0.051513 1.328906 1.043598 -1.692467 0.072497 -2.558742
89 -0.951527 2.227262 1.058769 0.119384 0.223037 0.607618 0.729655 -1.883021 -2.208991 0.819855 -1.104789 0.538600 -0.407624 -0.797290 -0.632102 -0.198646 -1.144208 -1.368946 0.062695 0.762779 -0.209110 -0.509210 -1.875736 -0.439245 1.167249 -0.439343 0.527652 1.777581 0.977779 -0.525504 1.423043 -0.435205 0.249577 0.022147 -0.447577 -0.587686 -0.616934 -1.592863 0.090219 0.367747 -0.756629 -0.174071 -1.554752 -0.706675 0.724308 -0.597053 -1.529111 -0.086455 -0.183421 1.393283
90 0.839196 -0.440096 -0.631282 0.148470 -1.377747 1.555653 0.156075 0.258770 -0.710650 1.970080 0.962545 -0.746785 -0.835211 0.054772 -0.121152 -0.390097 -0.432579 -0.452118 -0.415252 -0.946830 -1.553099 0.732776 -0.579174 0.543783 0.197570 0.307459 -0.020773 -0.230009 1.130181 -0.744109 1.015396 0.665473 -0.030938 -1.914035 1.607061 0.391866 0.798505 -0.519969 -1.551491 -0.327072 0.384203 0.638387 -0.400905 0.892495 -1.253350 -1.641711 -0.069181 0.527682 0.577196 -1.085193
91 2.053252 -0.076555 0.404054 2.940297 0.610919 0.940002 -0.214559 1.700538 -2.099725 -0.246480 -2.357712 1.042147 -1.826738 1.040283 0.356662 0.961530 0.323115 -0.003323 1.415034 0.579359 0.351635 -0.639087 -0.258140 -0.356496 0.227373 -0.130290 1.110552 0.723628 1.287269 0.221337 0.291992 -0.529851 -1.179992 -1.095109 1.956025 -0.873219 -0.628288 1.553780 1.412958 -0.466353 -1.402857 -0.608352 -2.444791 0.865881 -1.024138 0.499257 -0.215354 1.078079 -1.616403 -0.530751
92 2.412457 0.022584 -0.739160 -1.275034 0.178077 -1.001937 0.384544 0.388676 1.480660 0.535142 -0.301480 1.919187 -0.532180 0.835339 2.528146 -0.885818 -0.040165 1.208440 -1.413400 0.294649 0.320849 1.069072 0.218957 -0.257475 1.465631 -1.493471 -0.822431 -0.121338 0.870965 0.414283 1.388175 1.197794 0.957367 0.811329 1.039561 0.102271 -0.246773 -0.982983 0.562112 -0.057410 2.079415 -0.873506 -0.306463 0.300577 -0.709564 1.486584 -0.114827 0.810803 -0.158380 0.508303
93 0.999175 -1.058706 0.867267 3.529263 3.405659 2.609939 -0.099424 2.228547 -0.919937 0.514030 2.311350 2.230640 0.760280 1.731050 3.191185 3.682868 0.122622 -0.681648 1.635379 2.460414 0.043060 -0.791521 2.264672 2.965229 -1.449821 3.045039 3.400432 1.673566 3.071273 3.707766 4.182017 1.629013 4.206767 0.905113 5.751719 -1.429649 3.378845 -0.158092 3.315002 4.050155 1.215864 -0.038917 1.626685 3.601913 0.345895 0.175420 3.974824 2.815644 -0.000443 0.128585
94 1.721421 0.081408 1.682471 3.199712 3.290178 1.669673 0.872649 1.478648 -0.579444 -0.990215 1.699523 1.964569 -1.442340 4.037636 2.744452 2.106898 -0.482722 -0.203737 3.631900 2.895906 0.689581 -1.250400 5.261822 3.778895 0.383805 3.002598 2.638625 1.628362 2.318459 2.505060 3.338025 3.767027 4.938102 2.227239 3.418488 0.211132 2.901060 1.074668 0.937226 2.810673 0.924122 0.334517 2.836351 4.059459 0.697656 -0.408766 1.569605 2.834220 -1.157057 -0.551316
95 -0.905635 1.053446 -0.633050 -0.754308 -0.813719 -1.157034 -0.740929 -0.423832 -0.230368 1.317940 2.093505 1.481246 -2.039880 1.153381 -0.498151 0.979131 1.778923 0.747813 -1.312348 -0.104525 1.275918 0.751529 1.412937 -2.033833 -0.136576 -1.509645 1.034753 -0.063148 -1.082251 0.755564 0.063662 -0.550182 -0.227770 -0.356663 -0.139510 -0.157305 -1.137661 -0.270905 1.049050 -0.823114 0.704122 0.311943 0.186208 -0.237130 0.124658 -0.216612 -1.538290 -2.002924 -1.870070 0.393594
96 1.452889 -0.224087 0.278617 0.376196 -1.609753 -0.108265 -0.365058 1.023198 0.586040 0.340525 0.899117 0.863395 0.269829 -0.343369 1.148070 0.369918 0.164687 -1.219996 -0.700175 -0.363075 1.439013 0.333372 -0.565251 -0.509219 -1.050731 0.838872 -0.314673 1.291561 0.346075 0.201448 -0.321983 0.116002 0.027907 0.017738 -0.300163 0.034091 -0.866272 -0.989121 0.092795 -1.628191 0.197532 -0.683755 1.467726 -1.272022 -0.054372 -0.114344 0.135388 -1.375790 -0.379082 -0.298802
97 -0.740116 -0.829400 -1.705794 -0.818365 -0.248775 -0.994453 1.011342 0.869383 -0.055690 1.133098 -0.015824 -1.982955 -0.338884 1.226774 0.584608 0.133087 0.944607 0.234860 1.358365 0.777351 -2.030926 -0.707996 0.564688 -1.660353 -0.059981 0.380637 0.016113 1.721182 -1.163608 -0.890870 1.488483 0.140254 0.445908 -2.182012 0.633770 0.893591 -0.895728 0.689859 -0.154916 0.325101 -0.007668 0.460370 0.759887 -0.764972 -0.642249 -0.671420 0.398510 -0.051886 -0.043272 0.684811
98 0.364315 1.691264 -1.267862 0.413725 0.615204 -0.007442 -0.935729 0.515849 -0.105923 -1.844307 -0.600564 -1.190506 1.569154 -0.593695 -1.308292 -0.147547 0.510556 1.698776 1.117241 0.476180 -0.433183 -0.153565 -0.369423 0.223664 -0.116688 -1.166693 -0.370829 -2.236804 -1.656080 0.364226 1.141725 0.405729 -0.158156 -1.024838 -1.618773 -0.605262 1.722699 -0.038669 1.053460 0.226073 1.120018 -0.794726 1.254255 1.656766 -1.483614 -1.244336 -0.679070 -1.798928 0.994436 0.705572
99 -0.204336 -1.069540 -1.175078 -0.340535 0.587918 -2.144725 -0.577316 -2.044594 -0.194121 -0.117915 0.678494 -0.301175 -0.845856 -0.848746 -0.261035 0.204525 0.220946 1.272674 1.782009 0.204533 0.603805 1.013672 0.085658 -0.109019 0.908452 -0.575833 0.774950 0.084191 -0.386438 0.939601 -0.357157 -2.143341 -0.520698 0.588642 0.352969 0.013656 0.189539 -0.164283 0.563966 1.069884 1.214597 0.953325 0.149661 -0.596451 -1.448913 0.177016 -1.300453 -0.999237 -0.394662 -0.070317
END
#################################################################
SECTION3 (Edges Information)
EndPoint0 EndPoint1 Weight
0 1 1.000000
0 9 1.000000
0 10 1.000000
0 90 1.000000
1 0 1.000000
1 2 1.000000
1 11 1.000000
1 91 1.000000
2 1 1.000000
2 3 1.000000
2 12 1.000000
2 92 1.000000
3 2 1.000000
3 4 1.000000
3 13 1.000000
3 93 1.000000
4 3 1.000000
4 5 1.000000
4 14 1.000000
4 94 1.000000
5 4 1.000000
5 6 1.000000
5 15 1.000000
5 95 1.000000
6 5 1.000000
6 7 1.000000
6 16 1.000000
6 96 1.000000
7 6 1.000000
7 8 1.000000
7 17 1.000000
7 97 1.000000
8 7 1.000000
8 9 1.000000
8 18 1.000000
8 98 1.000000
9 0 1.000000
9 8 1.000000
9 19 1.000000
9 99 1.000000
10 0 1.000000
10 11 1.000000
10 19 1.000000
10 20 1.000000
11 1 1.000000
11 10 1.000000
11 12 1.000000
11 21 1.000000
12 2 1.000000
12 11 1.000000
12 13 1.000000
12 22 1.000000
13 3 1.000000
13 12 1.000000
13 14 1.000000
13 23 1.000000
14 4 1.000000
14 13 1.000000
14 15 1.000000
14 24 1.000000
15 5 1.000000
15 14 1.000000
15 16 1.000000
15 25 1.000000
16 6 1.000000
16 15 1.000000
16 17 1.000000
16 26 1.000000
17 7 1.000000
17 16 1.000000
17 18 1.000000
17 27 1.000000
18 8 1.000000
18 17 1.000000
18 19 1.000000
18 28 1.000000
19 9 1.000000
19 10 1.000000
19 18 1.000000
19 29 1.000000
20 10 1.000000
20 21 1.000000
20 29 1.000000
20 30 1.000000
21 11 1.000000
21 20 1.000000
21 22 1.000000
21 31 1.000000
22 12 1.000000
22 21 1.000000
22 23 1.000000
22 32 1.000000
23 13 1.000000
23 22 1.000000
23 24 1.000000
23 33 1.000000
24 14 1.000000
24 23 1.000000
24 25 1.000000
24 34 1.000000
25 15 1.000000
25 24 1.000000
25 26 1.000000
25 35 1.000000
26 16 1.000000
26 25 1.000000
26 27 1.000000
26 36 1.000000
27 17 1.000000
27 26 1.000000
27 28 1.000000
27 37 1.000000
28 18 1.000000
28 27 1.000000
28 29 1.000000
28 38 1.000000
29 19 1.000000
29 20 1.000000
29 28 1.000000
29 39 1.000000
30 20 1.000000
30 31 1.000000
30 39 1.000000
30 40 1.000000
31 21 1.000000
31 30 1.000000
31 32 1.000000
31 41 1.000000
32 22 1.000000
32 31 1.000000
32 33 1.000000
32 42 1.000000
33 23 1.000000
33 32 1.000000
33 34 1.000000
33 43 1.000000
34 24 1.000000
34 33 1.000000
34 35 1.000000
34 44 1.000000
35 25 1.000000
35 34 1.000000
35 36 1.000000
35 45 1.000000
36 26 1.000000
36 35 1.000000
36 37 1.000000
36 46 1.000000
37 27 1.000000
37 36 1.000000
37 38 1.000000
37 47 1.000000
38 28 1.000000
38 37 1.000000
38 39 1.000000
38 48 1.000000
39 29 1.000000
39 30 1.000000
39 38 1.000000
39 49 1.000000
40 30 1.000000
40 41 1.000000
40 49 1.000000
40 50 1.000000
41 31 1.000000
41 40 1.000000
41 42 1.000000
41 51 1.000000
42 32 1.000000
42 41 1.000000
42 43 1.000000
42 52 1.000000
43 33 1.000000
43 42 1.000000
43 44 1.000000
43 53 1.000000
44 34 1.000000
44 43 1.000000
44 45 1.000000
44 54 1.000000
45 35 1.000000
45 44 1.000000
45 46 1.000000
45 55 1.000000
46 36 1.000000
46 45 1.000000
46 47 1.000000
46 56 1.000000
47 37 1.000000
47 46 1.000000
47 48 1.000000
47 57 1.000000
48 38 1.000000
48 47 1.000000
48 49 1.000000
48 58 1.000000
49 39 1.000000
49 40 1.000000
49 48 1.000000
49 59 1.000000
50 40 1.000000
50 51 1.000000
50 59 1.000000
50 60 1.000000
51 41 1.000000
51 50 1.000000
51 52 1.000000
51 61 1.000000
52 42 1.000000
52 51 1.000000
52 53 1.000000
52 62 1.000000
53 43 1.000000
53 52 1.000000
53 54 1.000000
53 63 1.000000
54 44 1.000000
54 53 1.000000
54 55 1.000000
54 64 1.000000
55 45 1.000000
55 54 1.000000
55 56 1.000000
55 65 1.000000
56 46 1.000000
56 55 1.000000
56 57 1.000000
56 66 1.000000
57 47 1.000000
57 56 1.000000
57 58 1.000000
57 67 1.000000
58 48 1.000000
58 57 1.000000
58 59 1.000000
58 68 1.000000
59 49 1.000000
59 50 1.000000
59 58 1.000000
59 69 1.000000
60 50 1.000000
60 61 1.000000
60 69 1.000000
60 70 1.000000
61 51 1.000000
61 60 1.000000
61 62 1.000000
61 71 1.000000
62 52 1.000000
62 61 1.000000
62 63 1.000000
62 72 1.000000
63 53 1.000000
63 62 1.000000
63 64 1.000000
63 73 1.000000
64 54 1.000000
64 63 1.000000
64 65 1.000000
64 74 1.000000
65 55 1.000000
65 64 1.000000
65 66 1.000000
65 75 1.000000
66 56 1.000000
66 65 1.000000
66 67 1.000000
66 76 1.000000
67 57 1.000000
67 66 1.000000
67 68 1.000000
67 77 1.000000
68 58 1.000000
68 67 1.000000
68 69 1.000000
68 78 1.000000
69 59 1.000000
69 60 1.000000
69 68 1.000000
69 79 1.000000
70 60 1.000000
70 71 1.000000
70 79 1.000000
70 80 1.000000
71 61 1.000000
71 70 1.000000
71 72 1.000000
71 81 1.000000
72 62 1.000000
72 71 1.000000
72 73 1.000000
72 82 1.000000
73 63 1.000000
73 72 1.000000
73 74 1.000000
73 83 1.000000
74 64 1.000000
74 73 1.000000
74 75 1.000000
74 84 1.000000
75 65 1.000000
75 74 1.000000
75 76 1.000000
75 85 1.000000
76 66 1.000000
76 75 1.000000
76 77 1.000000
76 86 1.000000
77 67 1.000000
77 76 1.000000
77 78 1.000000
77 87 1.000000
78 68 1.000000
78 77 1.000000
78 79 1.000000
78 88 1.000000
79 69 1.000000
79 70 1.000000
79 78 1.000000
79 89 1.000000
80 70 1.000000
80 81 1.000000
80 89 1.000000
80 90 1.000000
81 71 1.000000
81 80 1.000000
81 82 1.000000
81 91 1.000000
82 72 1.000000
82 81 1.000000
82 83 1.000000
82 92 1.000000
83 73 1.000000
83 82 1.000000
83 84 1.000000
83 93 1.000000
84 74 1.000000
84 83 1.000000
84 85 1.000000
84 94 1.000000
85 75 1.000000
85 84 1.000000
85 86 1.000000
85 95 1.000000
86 76 1.000000
86 85 1.000000
86 87 1.000000
86 96 1.000000
87 77 1.000000
87 86 1.000000
87 88 1.000000
87 97 1.000000
88 78 1.000000
88 87 1.000000
88 89 1.000000
88 98 1.000000
89 79 1.000000
89 80 1.000000
89 88 1.000000
89 99 1.000000
90 0 1.000000
90 80 1.000000
90 91 1.000000
90 99 1.000000
91 1 1.000000
91 81 1.000000
91 90 1.000000
91 92 1.000000
92 2 1.000000
92 82 1.000000
92 91 1.000000
92 93 1.000000
93 3 1.000000
93 83 1.000000
93 92 1.000000
93 94 1.000000
94 4 1.000000
94 84 1.000000
94 93 1.000000
94 95 1.000000
95 5 1.000000
95 85 1.000000
95 94 1.000000
95 96 1.000000
96 6 1.000000
96 86 1.000000
96 95 1.000000
96 97 1.000000
97 7 1.000000
97 87 1.000000
97 96 1.000000
97 98 1.000000
98 8 1.000000
98 88 1.000000
98 97 1.000000
98 99 1.000000
99 9 1.000000
99 89 1.000000
99 90 1.000000
99 98 1.000000
END
#################################################################
SECTION4 (TrueSubGraph Information)
EndPoint0 EndPoint1 Weight
53 54 1.0
54 64 1.0
64 74 1.0
74 84 1.0
84 83 1.0
83 73 1.0
83 82 1.0
83 93 1.0
93 94 1.0
END
#################################################################
SECTION5 (Labels Information)
0 0 1 1 1 1 0 1 0 0 1 1 0 1 1 1 0 0 1 1 0 0 1 1 0 1 1 1 1 1 1 1 1 0 1 0 1 0 1 1 0 0 1 1 0 0 1 1 0 0 
END
#################################################################
SECTION6 (bt Information)
-5 -5 5 5 5 5 -5 5 -5 -5 5 5 -5 5 5 5 -5 -5 5 5 -5 -5 5 5 -5 5 5 5 5 5 5 5 5 -5 5 -5 5 -5 5 5 -5 -5 5 5 -5 -5 5 5 -5 -5 
END
#################################################################
