#################################################################
#APDM Input Graph, this input graph includes 3 sections:
#section1 : general information
#section2 : nodes
#section3 : edges
#section4 : trueSubGraph (Optional)
#
#if nodes haven't information set weight to null
#################################################################
SECTION1 (General Information)
numNodes = 100
numEdges = 200
usedAlgorithm = NULL
dataSource = SimulationData2
END
#################################################################
SECTION2 (Nodes Information)
NodeID Base Counts
0 -1.791355 0.324958 0.617085 1.206113 0.887224 0.166407 0.704455 -0.129825 0.516075 -0.899722 1.771116 0.759128 -0.637825 1.375657 -0.885413 0.266427 1.013414 0.644618 -0.171959 -0.147840 -0.388889 0.088749 -1.083307 0.351117 -1.696508 -0.200094 0.329334 -0.741655 0.104300 -0.017270 2.548250 0.573104 0.319606 0.030007 0.974783 -0.442863 2.244810 0.715606 -0.965363 0.284394 -0.167289 0.343705 0.110071 0.048335 0.179511 -0.821923 0.550088 0.478172 -0.583868 -1.119739
1 0.420546 -0.395254 2.332835 -0.591446 0.406327 0.573994 0.204869 -0.044288 -0.060940 0.716553 0.769490 -0.453975 -0.057958 -0.666132 1.050148 -1.061005 -2.170123 1.452640 2.401432 0.226333 -1.070450 0.337923 -0.952156 -0.230747 -1.309439 -0.581317 0.280940 0.336532 0.505940 -0.111798 1.113960 1.377770 0.561304 -0.551368 0.198602 0.278769 -0.881738 -0.418298 0.529065 -0.396813 1.873758 -0.798100 -0.527717 -0.069461 0.587464 0.208542 -1.287443 -0.195355 1.979934 1.003614
2 -0.566778 -0.615394 -0.580665 0.110413 -0.185581 0.897271 0.217075 0.105155 -1.579705 0.136546 -1.439683 0.277590 0.221452 -0.056688 -0.625407 0.420815 1.099233 0.860070 1.056871 0.654828 0.708676 0.981817 0.048275 -0.603323 0.820557 -0.399484 -1.394690 -0.782477 1.455644 0.579557 -0.912457 -0.069186 0.213430 -0.652635 -1.239356 0.026043 0.145648 -0.434397 0.983605 1.546274 -2.299925 0.313563 0.234017 0.192883 -2.135883 -0.885954 -0.387957 -0.343030 -1.225892 0.170872
3 -0.587258 -1.034189 1.248452 0.216376 -1.497356 1.316792 -1.754891 0.917270 2.241289 -0.194579 0.664642 -0.391331 0.702361 2.336105 1.327480 0.457547 -1.168360 0.849108 0.149214 -0.897323 -1.044492 1.539769 0.258338 1.165339 -0.946740 -0.739579 -0.713802 -0.672830 -0.324974 1.739229 0.471429 -0.485181 0.464333 1.717160 -0.432722 1.066820 0.095103 0.707515 -1.836443 0.828674 -1.144084 0.642225 0.273314 1.179374 -0.159221 -2.339744 1.151402 0.258899 -0.877508 0.105268
4 0.739478 1.852951 0.772281 -0.536881 0.032342 0.556178 1.590381 -1.165000 -1.152473 -1.389790 1.155560 -1.271611 -2.204870 -0.159155 0.147294 0.759816 1.511604 0.837865 -0.414554 0.317220 -0.070074 0.535669 0.814810 -1.380574 -0.191125 -0.606336 -0.546156 0.028762 0.977299 -0.246542 -0.276297 1.637351 0.981522 -3.826615 0.245698 1.168328 -0.530261 2.105452 1.013923 -0.404746 -0.776343 -0.914934 -1.198331 0.350524 -0.382218 2.151425 -0.466061 -1.196486 -1.207490 -0.888344
5 -0.486477 0.530761 0.356864 0.153275 0.807153 -0.768488 -0.038246 -0.264614 0.817006 -1.513130 -0.778517 1.753376 0.634825 -0.823482 1.154523 -0.128127 -0.200486 0.775017 0.276093 0.310791 -0.678231 0.525390 0.200627 -2.355364 -0.647303 0.789440 0.414245 -2.250579 -0.002049 -0.288280 0.281148 0.218387 -0.309794 -2.659235 -1.669005 0.023848 1.376065 -0.591960 -0.157199 -0.506009 0.503866 0.356666 -0.997612 -1.092713 -0.910146 -1.583449 -0.156304 0.053000 0.486482 -0.715760
6 0.565575 -0.926199 0.606813 0.009836 0.665440 0.174797 0.199176 1.482180 0.419738 1.806831 -0.337862 -1.042208 -1.899872 1.464344 -0.420624 -1.056938 -1.407037 0.048268 1.632103 -0.611104 -0.597017 0.693082 0.262927 0.667591 0.414270 0.166677 -0.390291 0.422335 1.128933 -1.243599 -1.283602 0.223455 0.238181 0.442065 0.883157 -0.640768 -1.367146 1.175916 0.602886 -1.143069 1.744485 1.764858 0.734331 -0.230306 1.128462 1.348262 -0.631844 0.305856 -1.135971 -2.039150
7 -0.239605 0.135602 1.822869 0.065762 1.489454 0.504727 1.478798 -1.347482 -0.825561 -0.067017 0.382415 -1.119149 1.737718 0.953371 0.146102 0.730048 0.695726 -1.005026 0.650932 -0.913718 -0.309175 -1.369612 -0.579036 -1.325620 1.235071 -2.023361 -1.052280 0.040180 1.095986 0.621837 -0.375335 -1.553704 -1.688317 -0.664629 -0.242082 -1.398731 -1.090449 2.985681 -0.684939 -0.161712 -0.922603 -1.468388 -0.912727 0.914476 -0.169307 1.594911 -0.020236 0.232640 -2.528218 0.053636
8 0.571045 -1.577882 -0.235604 -0.195110 1.098537 0.086725 -1.253915 -1.066513 1.430244 1.373937 -0.663970 -0.372965 1.151787 -0.139909 0.304182 0.952262 -0.674828 0.610456 0.146535 0.649857 -0.191548 0.091625 1.349820 0.133265 -0.341731 2.936691 -0.035828 -2.417688 -1.356004 0.226918 -0.709306 -0.026441 -0.847972 0.177146 1.601104 -0.858005 -1.539326 0.124654 0.595677 -0.955072 0.210503 1.329912 1.129004 0.861609 0.187449 0.557000 0.000742 0.177539 -0.229375 2.123931
9 0.602725 0.346076 0.731897 -0.287009 0.006578 -1.017259 0.207789 -1.141395 -0.623662 0.228286 0.300031 0.232265 1.119012 -0.157561 0.895015 0.262418 -0.797769 1.549386 -0.420964 0.072583 -0.379423 1.950468 -0.629174 0.449167 0.048703 0.201690 -0.688143 0.059681 0.421932 0.201836 0.712388 0.169502 1.066083 1.115960 0.648263 1.053019 -0.642568 -1.069977 0.572584 0.286325 0.322514 0.324946 0.563283 -0.819765 1.075791 -0.673680 0.090767 1.772816 -0.676567 -1.138850
10 -0.974103 0.364362 -0.507820 -0.998129 -0.069320 -1.492834 1.973637 0.852616 0.509089 -1.265345 -0.346235 2.053226 -0.889331 -1.347798 0.567684 -0.082880 -0.286470 0.321017 2.333457 -0.301765 0.698221 0.376018 2.071300 2.533794 -2.158025 -1.581489 1.813172 -2.224797 0.213867 -1.795281 1.001187 0.288924 1.278384 1.694656 -1.164883 -1.154730 2.295363 0.117824 0.045696 -0.095486 1.687863 1.111036 1.308900 0.511629 0.798118 0.580421 0.818658 0.157977 -1.586139 -0.802809
11 0.089550 0.939870 0.217059 -1.573961 3.306694 -0.535195 -1.679048 -0.984774 -0.950551 0.275519 0.805047 -0.766343 0.137953 -0.595035 0.696037 -1.114157 -0.302950 -0.190483 -0.062760 0.555585 0.567605 -0.665870 1.453954 -0.754654 -0.128708 -1.720029 0.545909 -0.535215 -0.162623 -1.464277 0.242984 1.718419 -0.510784 0.765299 -2.338072 -0.602877 1.319725 -1.158945 -0.313522 0.087879 0.106611 0.534561 0.183087 0.759389 -0.240637 0.417780 -0.290892 -1.229731 1.018247 1.826284
12 0.038877 -1.326596 -1.871226 0.163312 1.313820 -0.178094 -0.535175 -0.251753 2.718190 -0.774324 -1.030849 2.084350 2.436304 0.856354 -0.037159 -0.411901 -1.765212 -0.189704 0.233186 2.242150 0.541612 0.409169 0.483913 -0.060176 -0.932281 0.170078 -1.092139 -0.400074 -2.018252 0.999245 -0.567549 0.098728 1.003439 -0.178454 -1.083790 0.147138 1.017675 -0.114567 0.191382 -1.711366 1.286951 -0.528411 -1.212906 1.036147 1.081583 1.392411 0.142559 -0.368809 0.083861 -0.117774
13 -0.573735 -1.954251 1.516399 -0.271419 -0.334241 -1.392723 -0.344050 -0.153133 2.457719 -0.577150 0.522851 -2.084805 -0.196831 -1.623124 -0.072524 0.484825 1.658653 0.200005 0.979066 0.329426 -1.910905 0.486073 1.493631 -0.391325 -0.367762 0.297996 -0.537664 -0.393302 0.979202 1.405811 1.196601 -0.020051 0.934490 0.967037 0.211974 -0.837434 1.102321 -1.141805 0.905585 0.942602 0.063643 -0.195102 -0.269042 -0.161550 -1.250419 -0.582330 -0.308536 -0.538394 -0.540908 -0.835453
14 -1.016927 -1.076476 -0.890904 -0.925378 -0.692399 1.051122 -0.845783 -0.692931 1.305007 1.449518 3.010715 0.248928 2.353025 -1.587825 -0.863640 -1.372595 -0.495662 0.567112 0.399860 0.481978 0.507788 0.542281 -1.154623 -0.438029 0.399087 0.294761 -0.545161 0.839293 -0.337085 1.000174 0.713909 -0.385859 0.505121 0.606026 0.546391 0.517236 -0.849810 0.403706 0.638573 0.682085 -0.065731 1.520960 1.597978 -0.708104 -0.294612 0.273211 1.158998 2.279626 0.932688 -0.750672
15 0.886025 -0.895766 -1.017626 -1.470411 0.582630 1.181397 -0.226417 -0.712021 0.621759 1.058459 0.022212 -0.617390 0.516444 -0.697345 -0.194608 1.162544 -0.679606 0.272142 -1.146410 -0.145552 -1.482139 -1.292054 1.997641 0.660079 1.867066 -1.411780 -2.020854 -0.647326 0.172623 -1.845963 0.199369 0.313639 -0.623292 0.376830 1.922950 -1.559541 0.981769 0.220458 0.399934 -1.130818 -1.489091 0.072550 0.064849 0.371487 0.753261 0.050680 -0.094543 0.438172 -0.224697 0.414027
16 -1.509137 -1.956546 1.865436 1.596425 -0.715426 -0.162641 -1.723234 1.581202 -0.789114 -0.494397 0.469625 -1.523272 -0.352869 -0.431163 -0.192403 0.243141 0.325042 0.390785 1.097784 0.895108 -0.060526 0.164415 -2.150823 1.072835 -1.760510 -0.049044 0.344412 -0.739468 2.112773 1.377291 0.026637 0.533478 0.239930 1.489094 -0.787319 0.494208 0.606423 -0.911722 0.278288 1.934487 0.961040 0.721058 -0.001081 -0.059060 0.203748 -0.566299 0.323715 -0.373563 -0.733844 -0.549425
17 0.539091 -0.919878 -0.868665 -0.725607 0.190965 -0.727971 -0.218200 0.091106 1.750218 -0.495297 -0.054909 0.893196 -1.205784 -0.125810 0.969928 1.154160 0.495664 -0.479066 -1.910543 -0.886225 0.012665 0.161921 0.134843 0.068113 0.949111 1.144116 -0.898237 0.431571 0.666995 0.987476 0.978798 1.490163 -1.231946 1.547239 0.071219 0.156068 0.675530 0.482151 0.971279 -0.716589 -0.694082 0.060534 -3.294747 0.290388 -0.039231 1.076319 -0.393289 -0.810243 2.444993 -0.570976
18 -0.138743 -0.409023 -1.115355 0.546927 0.168016 0.479284 0.534429 0.558877 1.107923 -0.672194 0.172773 0.363208 0.857607 0.737311 -1.328815 0.068697 -1.056312 1.924586 -0.381794 -1.676489 -1.510382 -0.713013 0.999887 -1.898560 -0.182276 -1.271901 0.678009 -0.676458 -1.031576 0.388514 -0.849045 -0.648108 0.835999 1.331275 -1.584133 1.520127 1.032670 0.458581 -0.639410 -0.178489 -2.292460 -0.008808 1.076856 1.698593 -0.177175 -0.287917 0.168854 -1.033170 0.387025 -0.208352
19 0.493221 -1.315309 1.701367 0.943726 -1.236425 -1.486147 -0.250862 0.318132 0.278200 1.329840 0.783789 -0.007032 -0.290697 0.181236 0.148012 -0.599913 0.193706 -0.308706 -0.629756 -0.695060 0.155806 0.185271 -2.559697 -0.478454 -0.165878 -0.444654 -0.831428 -0.133379 1.556482 1.162159 1.289253 -0.295830 -0.171514 0.344458 0.488184 -0.349217 -0.381650 1.095154 0.233410 2.383686 -0.702213 0.030079 0.062860 -0.561691 -0.609804 0.483952 0.784705 -0.922522 0.548418 -0.205983
20 -0.488638 0.612886 0.278958 -0.359134 -0.179854 0.093829 1.086784 1.791302 -0.059864 -0.294465 -0.498537 0.386933 -0.040613 0.704882 -0.933773 1.222657 -0.145462 -0.573471 0.374701 -0.974659 -1.486384 -1.277775 0.211477 1.512697 -2.040411 0.579905 -0.467505 0.166286 -0.084393 0.318629 0.832316 0.877296 0.934951 0.626656 0.204628 -2.005126 -1.379801 -0.362323 -0.675725 0.745356 -1.246074 1.072372 0.269517 -0.962122 1.243240 -0.500438 1.386710 -0.590599 -1.961564 -0.136526
21 -0.462455 0.716807 0.218414 -0.501987 -0.590421 -0.330714 -2.046127 -1.273230 1.306656 -1.601173 0.700325 -1.402368 0.203610 0.827026 0.789103 -1.361258 0.271846 -0.187573 0.102703 0.322274 -0.004821 -0.242845 -0.616799 0.097990 0.868833 2.144002 0.738525 -0.594075 0.220138 -0.011565 0.710694 -0.330839 -1.057384 -0.828486 -1.802833 -1.704015 -0.043107 -1.542893 -0.136460 -0.995310 -1.112805 -0.360293 0.375993 -0.409383 -1.511426 -2.102294 -2.108778 1.395429 -0.407121 0.470065
22 2.323119 0.010024 -0.337308 -0.180165 1.429528 -1.510375 -0.490532 1.174778 0.106161 0.079402 0.181974 1.331141 -0.076652 0.738251 0.084847 -0.025457 -3.074748 -0.385820 -0.627138 0.591402 -0.225465 1.698780 -1.856986 0.872501 -0.960282 1.695060 -0.002612 0.363971 -2.012495 -0.423194 0.324963 -0.732363 -0.356089 -1.117046 0.511408 -1.557063 -0.016070 -0.151193 -1.494026 -0.163533 0.330626 0.854024 0.841737 1.375458 0.107715 0.253258 -0.159733 0.938761 0.038042 -1.220585
23 -1.268647 -0.089416 1.505433 0.101269 0.540560 -1.461985 -0.014722 1.104958 -1.291823 0.294726 0.484725 0.414966 -1.115816 -0.156955 -0.364210 0.555067 0.125335 1.058396 0.385963 0.007681 0.740815 0.269136 0.239197 1.411365 -1.552660 1.043393 -0.773340 -0.383244 0.065238 2.150582 0.718222 -0.358913 0.475577 -1.015859 0.658870 -0.620546 -0.919948 1.013020 0.057587 2.335800 -1.542115 -0.153712 -1.081776 0.711113 0.592618 -1.034821 -0.466999 1.732244 0.510040 1.741728
24 1.226079 -1.688310 -2.826950 -1.409093 0.327858 0.001517 -0.879506 0.968826 -1.265124 -0.388216 -0.053559 0.016393 0.280111 -0.063711 -0.042546 -0.502889 -1.141880 0.565944 0.603190 0.276670 0.293018 -0.297466 0.707033 1.300957 0.033737 0.236593 -0.719564 -0.632544 0.276249 0.941999 0.387085 1.668493 0.522459 -0.128674 -0.195556 0.545351 0.499556 -1.469143 0.776718 0.746751 1.281821 2.023695 1.578284 -0.411296 0.335433 0.263922 -1.742137 0.179449 0.905208 -1.609685
25 -0.266476 -0.517246 0.156650 2.798497 -1.395011 -1.638132 -1.142421 -0.664248 -0.127880 -0.538549 -2.760756 -0.267139 0.186390 -0.509280 1.137347 -0.536639 -1.165627 1.502878 1.525991 0.111823 1.173871 1.090579 0.036548 -0.008350 0.475590 1.130669 0.115514 -2.091853 -0.038185 -0.265954 -1.937930 -1.594112 -0.687928 0.025928 -1.281220 0.321832 -1.006553 2.029307 1.408352 -1.091352 -0.620177 -0.291261 -1.648935 0.600573 -1.344581 -0.331054 0.245518 0.708530 -0.798589 1.451459
26 0.546674 -0.493158 -0.214839 -0.905883 1.432508 0.223183 0.211725 -1.684896 -1.690143 0.957409 0.852790 -0.260731 -0.346285 0.229083 0.383057 -0.151337 0.281496 -0.218838 0.041440 -0.156695 -0.584176 -2.529577 -2.308201 -1.876859 -0.117487 0.970631 -0.736826 -0.402362 -0.571219 0.147455 -0.596286 0.373923 -1.883459 -0.243467 0.820724 -0.441152 0.387423 -0.623165 -1.060115 1.154775 0.180877 0.943859 -0.153516 0.196362 0.309465 0.438087 0.557720 0.240539 0.100631 0.752890
27 0.896899 0.386318 0.970656 -0.604193 0.741855 1.343069 1.250615 1.605876 1.145099 -0.634712 0.107115 1.355533 0.581791 1.840306 -1.390467 -0.315795 0.283457 -1.400619 2.370831 -0.457468 0.298670 2.169251 -0.172302 0.487880 -1.159099 -1.311786 0.646265 1.305369 0.520845 1.329431 -0.614431 1.914020 -0.357122 0.176785 -0.886346 -0.355964 1.055192 -2.300383 0.133155 -0.750467 1.068567 -2.359350 -0.172941 0.268998 0.873732 0.524811 1.605995 1.527318 0.088581 0.743911
28 0.455966 -0.106559 -0.701531 1.723503 0.390169 -0.268635 -0.328565 -0.240677 2.126117 -0.220443 -0.104259 -0.519437 -1.553953 0.676756 -0.663925 0.142181 0.887929 -1.195642 -0.419876 -0.711459 0.356262 1.117159 -0.389356 1.744224 1.576665 -0.931761 -1.958493 0.590635 0.236625 -1.064737 -1.252809 -0.723062 -0.107278 -1.077435 0.401573 0.807749 0.145980 -1.113466 0.871405 0.940156 0.930231 -0.872395 -0.073449 -0.893440 0.399913 -0.414967 -0.928240 -0.400201 0.864188 0.114207
29 0.168153 0.152589 0.281673 0.284592 -0.321870 -1.531287 0.969224 1.155320 -0.418333 1.228949 -0.143686 -1.115993 -0.105966 1.490740 -0.004675 1.780409 -1.524652 -0.270432 1.146966 -2.233221 -0.335278 0.541926 -0.932595 -1.109966 1.018507 -0.898853 -1.004329 0.993560 -0.042866 0.111656 -0.492095 0.546513 0.788591 1.651314 1.309542 0.595033 0.520273 0.462581 1.947925 0.477976 -0.084949 -0.700373 -0.803681 1.197936 1.029507 2.047325 -0.559464 -1.599495 0.774252 1.033441
30 1.066796 -0.161515 -0.970637 -0.144721 -1.394459 -0.679417 -0.716777 -0.830227 0.222323 0.416287 1.004563 0.669176 0.677528 -0.061449 1.159695 1.387332 0.562690 1.008935 0.453362 1.452110 -0.090933 1.448875 0.990083 -0.966897 -0.627885 1.027013 -0.786717 0.983986 -0.534985 -0.465718 -0.501104 2.168686 -0.838189 -0.070025 -0.253746 -0.344181 0.095177 -0.135127 -0.026579 -1.689819 1.592161 0.893571 0.869938 1.835814 0.823688 -0.591570 -0.198853 0.777958 1.113959 -0.176026
31 0.614045 0.275576 0.562384 1.245491 -1.690189 -0.317914 0.958694 -0.373629 1.471811 -0.739224 0.514332 0.704380 -0.994148 0.941712 -0.544677 -0.807577 -0.227573 -0.800951 -1.069780 -1.023717 -2.091961 0.860386 1.092135 2.031516 -0.748608 1.495780 -0.072981 -1.265830 -0.598431 -0.464903 -0.325823 1.184648 -0.619103 0.056944 0.707721 -0.401578 0.339572 -0.265440 1.942015 -0.395322 0.797713 0.580004 0.655816 1.010172 0.481977 0.335068 -0.811542 -0.873503 0.305793 -0.017897
32 0.374110 -0.399387 -0.824550 -1.374175 -0.573324 -1.288098 1.068263 1.377346 -1.230099 0.016785 1.368225 -1.599806 -0.988109 0.611249 -1.268950 0.372694 -1.020213 1.553536 0.072831 -0.916853 -0.725974 0.089636 -0.713282 0.098716 -0.582738 -0.356829 0.769976 1.487274 -1.555765 1.288103 1.074564 -0.680612 0.616016 0.394046 0.626169 -1.387160 -1.448008 0.860998 -0.480238 0.083322 -0.776467 -1.770428 1.469457 0.264206 0.017702 0.554671 -2.294507 -1.761627 -0.776247 -2.181182
33 -1.089347 0.073899 0.798848 0.610425 1.786971 -1.047310 -1.089156 0.190904 -1.152385 0.892610 -1.676223 0.953321 0.950875 -0.983202 1.133374 -1.499862 -1.031942 1.521318 1.873823 0.685334 -0.895936 0.323865 -1.742602 0.287224 0.226784 -1.147138 -1.578850 -0.335617 0.277515 0.044929 0.952091 -0.604948 0.247041 0.361489 1.303971 1.301023 1.888370 0.712045 -0.416951 -1.825058 -0.046124 1.162655 0.720185 -1.035924 0.360673 0.930329 0.972346 0.900803 0.233320 1.014503
34 1.378486 -0.102532 -0.511926 0.331134 0.728918 2.322937 -0.893155 0.286968 1.228907 1.260423 3.237350 0.036846 -0.020096 0.942215 0.282076 0.658627 0.079533 0.193028 -0.130301 -0.629595 -0.085449 -0.395281 1.461251 1.455431 -1.615072 -0.003013 0.960407 2.658517 -0.268791 1.614058 0.465755 1.453984 0.500688 -0.041368 -0.231755 4.096678 0.217343 0.205649 -0.572198 0.014593 1.293282 -1.095100 0.384594 -0.483116 -0.616942 0.787528 3.337956 1.957036 1.738906 1.790665
35 2.772617 -0.707629 -0.367363 0.172608 0.865124 0.045370 0.203037 1.546576 -1.145250 -0.791421 1.731803 0.012540 -1.641884 2.548649 -0.312638 -0.259317 -1.503982 -1.154531 0.292954 -0.095754 0.785283 1.443349 2.351820 0.277788 0.655755 0.265766 -1.291784 1.679006 0.395027 0.032814 -1.671488 1.691801 -0.616128 0.520663 1.257961 1.801750 0.855911 -1.336147 0.400561 -0.138934 2.676073 0.268867 1.503556 0.286278 0.042780 -0.169021 1.146445 1.648513 0.649103 2.027661
36 1.988205 0.852489 -0.779786 1.303120 -2.027778 0.530085 -1.564296 2.287858 -1.643661 0.690502 1.522120 -0.552442 0.440829 1.369819 0.343609 0.262107 0.392866 -0.757686 -1.564664 -1.449027 0.170955 0.165859 2.394284 0.553811 1.427336 0.552846 1.157287 0.649835 -0.609709 -0.709103 -1.084593 -1.265391 0.026003 0.471712 1.607568 2.943786 0.998902 -0.412447 0.229724 2.475175 2.945375 0.286104 0.403345 -1.068153 -0.912066 -0.135252 2.178220 1.791343 -0.186361 2.545454
37 -0.286290 -0.357935 1.196004 0.274589 -0.107825 0.012981 -0.330171 0.209591 0.547601 -0.173247 2.662553 -0.235390 0.872262 -0.034150 -0.276884 1.230233 -1.389475 1.847199 -2.282300 -0.422501 -0.071929 0.495375 -0.604435 0.130853 -1.252436 -2.925369 2.788152 0.233080 -0.224757 0.727899 -0.577288 0.707367 0.816304 1.153558 0.014869 1.685090 1.465173 -0.487773 -0.621893 -0.454683 -0.082710 -0.483683 -1.991187 -0.166119 -0.610234 -0.085840 -0.825531 -0.229144 0.649637 0.636400
38 0.054736 0.410412 -0.632902 1.159386 1.220434 -0.011272 -1.774180 0.264022 -0.034621 -1.065446 -0.689572 -0.625450 1.012954 -0.459959 1.089608 -0.903891 -0.008061 1.237964 -0.898064 1.033166 0.353651 -1.578980 -1.247777 -0.222668 3.069892 -1.567776 0.196142 0.831479 -0.864423 -0.884521 1.580675 0.463586 -0.957134 1.928531 0.105090 0.404508 2.281100 1.201155 0.282170 -0.093515 -0.217007 0.310088 0.108696 -0.153805 0.101503 -0.576339 0.241523 -0.134852 -0.078645 0.037967
39 0.102260 -0.635389 -0.367189 -0.521238 -0.567329 0.607985 -1.092938 0.273911 0.429447 -0.619703 -0.399553 0.755269 -0.453893 0.475502 0.474516 -0.547971 -0.784090 0.526067 1.111923 1.086739 0.470232 -0.203143 -1.106329 -0.809632 0.685468 -1.255385 1.265726 0.163398 -0.714079 -0.418091 1.446514 -0.040929 -0.338860 0.403386 1.752298 2.146859 -0.230260 0.987215 0.251806 0.249973 1.620547 0.068173 0.880385 -0.460899 0.847541 0.926805 0.630000 0.345626 -0.524455 0.267261
40 -1.472968 0.665284 -1.312158 -1.334378 -0.962204 -0.929308 -0.957572 -0.417904 -0.505732 -0.674760 3.004553 0.749044 -0.319914 1.723270 0.547027 -0.923581 -0.450270 1.218639 -0.051959 0.905000 0.815056 -1.097105 0.115418 1.124870 0.054601 1.267978 -1.211876 0.767498 -0.278800 0.052122 1.019680 0.060454 -0.086729 0.822463 -0.939501 0.180519 0.906169 -0.052137 0.857885 -0.106364 -1.094109 0.754640 -0.349223 -0.839711 0.724675 0.482565 0.289750 0.853194 0.848758 0.020616
41 0.392861 0.799935 0.072390 0.448455 0.945013 1.279715 0.431560 1.100608 0.571726 2.048734 0.557601 0.560467 0.369808 0.753122 -1.643370 0.733319 1.036494 0.729060 -0.347736 1.697162 -0.424867 -0.625843 -1.893702 1.044605 0.637548 0.807566 0.900425 1.591817 -0.625314 -0.207889 0.399734 -1.394387 2.009439 -1.118154 -0.860266 -0.626826 0.340937 0.683316 -1.835209 -1.417408 -0.262380 -0.824298 -1.340283 -0.021319 0.530822 -2.531868 0.454432 -0.086094 -0.259905 -1.000053
42 0.073464 0.853225 0.473024 -0.695638 -0.350568 0.246820 -0.695916 0.545791 1.466159 -1.528370 -0.670216 -0.120332 -0.514350 1.102231 0.071392 -0.923934 0.854165 1.760700 -1.204776 2.036032 -0.427514 -1.967147 -1.092291 -0.133983 0.367697 0.197953 0.554927 -0.967204 -1.005105 -0.097385 -0.379351 -1.487728 -0.883240 0.492288 -1.020840 -0.408915 -0.021433 -0.226252 -1.071674 -0.393028 0.592848 0.340827 -0.265428 -0.606794 -0.780360 -0.434669 -0.010555 0.139729 0.274586 0.123092
43 0.749736 0.502722 -0.040761 -0.525590 -0.776926 1.959246 -1.056251 -2.360879 -0.399255 -1.361418 2.329053 0.369147 0.879503 2.426319 0.076605 1.520104 0.580123 0.064309 -2.589441 -2.307262 -0.096981 1.623797 -0.903094 0.812636 1.723508 0.939777 0.139214 2.647882 -1.947922 -0.096075 -1.208634 1.020600 -0.189585 0.603357 1.014624 -0.433539 1.107675 1.985944 -0.695736 -0.332383 2.711595 -1.332910 0.152960 1.310377 0.677049 -1.683278 1.501325 1.827915 -0.939446 2.077491
44 1.801501 0.151307 -0.739992 0.722977 1.265853 -1.909592 -1.553859 0.914711 0.530731 0.340019 1.695748 0.427736 1.519761 0.911764 -1.192618 0.164463 1.809705 1.072036 0.995365 0.940318 -2.788451 1.251633 1.299568 0.716948 0.189243 0.721650 -0.059159 1.758716 1.892307 0.180149 1.016076 -0.835570 -0.465907 -1.329542 1.738981 3.364406 0.242128 -1.198718 0.598170 0.522889 2.311716 1.481420 -1.050827 0.875212 0.100958 -0.411271 2.997269 1.203595 -1.136524 -0.602867
45 -2.073474 -0.752718 -0.038600 1.299772 1.086736 1.777936 -1.636583 0.132310 -0.478721 0.723702 0.033864 -0.797609 -0.284994 0.536103 -1.336376 0.128585 0.800123 1.298844 0.709201 1.193817 -0.468646 0.829168 0.804835 0.257944 -2.144864 -1.075880 -0.854864 0.752305 0.787683 -0.524663 0.558749 -1.703144 -2.054201 -1.144589 0.131777 -0.859904 -0.494842 -1.280275 -0.016662 0.940835 0.543917 -0.439245 -1.947257 1.127007 -0.079074 0.672877 1.152078 -1.024909 1.167630 -1.422035
46 1.944377 -0.688207 0.159848 -0.166602 0.536316 -1.015991 -0.848019 -0.759976 0.567288 -1.134424 3.061153 0.779712 0.380441 2.448187 0.418452 -1.003527 -0.747127 -0.051569 -1.491721 -0.096139 2.023926 0.176699 1.607561 -1.276938 -1.362784 0.057636 -0.453075 2.143892 -0.196693 2.160169 -0.866952 1.339956 0.816354 1.636664 0.854847 3.136551 0.264670 -1.041513 0.525240 -0.240461 1.695324 0.919203 0.962394 -1.104589 0.350638 0.494868 0.889098 3.611547 -0.334363 1.697399
47 3.034825 -0.533239 0.107395 -0.265123 -0.247332 1.207717 -0.184744 -0.150862 -0.788206 -1.405423 2.066027 -1.047404 -2.468438 2.923615 -1.246635 0.359744 -0.065923 -0.812031 -1.069959 -1.626861 -0.494874 -0.587997 1.856299 -0.945827 0.403370 0.611016 1.218913 2.601492 0.327734 0.509502 -0.837173 -0.606071 -1.200692 -0.696196 -0.188941 1.018159 -1.142683 0.773227 0.780211 -0.001518 3.008620 -1.376387 -0.234748 2.061367 -0.190831 0.139087 1.610232 1.938779 0.494118 1.158907
48 -1.534620 0.301413 0.866916 1.118736 -0.561024 -0.804461 -0.329310 -0.194970 -0.139725 0.798824 0.129353 -0.047480 -0.636375 -0.410907 -1.152717 0.266030 1.228230 2.142987 0.345885 1.671907 0.375996 0.513001 1.251162 1.497971 -0.256061 -0.243264 -0.802778 1.648833 0.607311 -1.061640 -0.028979 -0.734266 -0.823002 0.586881 0.700054 -1.135132 0.369328 1.057597 -0.376839 -0.067093 1.298308 1.239672 0.531577 -0.159252 -0.758228 0.300828 -0.694714 1.003221 -0.199020 -0.151952
49 0.140944 -1.922478 0.651904 1.193800 0.855841 0.447962 1.276929 -0.506273 0.552344 0.567953 -0.925560 -0.735667 -1.325794 0.418816 -0.756013 1.089069 0.620130 -1.000521 -1.347416 1.193345 -0.837294 -0.602339 0.569381 1.177244 1.165029 -0.613840 0.488388 0.186631 1.040077 -0.156083 0.692855 1.113533 0.544929 1.063369 2.181614 0.416151 -0.716393 1.736063 -1.247901 -0.720791 -0.122370 -1.789489 0.061145 0.126059 -1.304627 0.399886 -0.855963 1.481674 0.367266 -0.168903
50 0.647589 0.634014 -1.857660 1.710697 -0.090499 0.261487 -0.568837 -0.228161 0.372688 -1.076914 0.036785 -1.981101 0.322373 -1.894956 0.127377 -0.773493 0.691343 -1.195659 -0.279612 1.187229 -0.860409 -1.746692 0.119371 -1.273124 -0.783750 -0.051649 -1.194943 -0.847084 0.682044 0.554912 0.799310 -0.358602 0.901469 1.491941 0.715783 1.342710 -0.111244 -0.165133 0.896962 0.739956 -0.466328 -2.117789 -0.563454 -0.712851 -0.468981 -1.299457 -1.571506 -2.042922 0.881560 1.227841
51 -0.722474 -1.130184 0.187540 -0.089848 0.798660 -0.256168 -1.144336 -0.469982 0.116040 -0.065476 1.360341 -2.490906 0.698059 -0.289815 -1.129817 2.295791 -0.076278 -0.326443 -0.134204 -0.641589 0.420365 1.436994 2.984048 0.252297 -1.460368 1.044487 0.216250 -0.064965 0.038620 -0.045266 -0.815548 -0.796718 0.003569 -0.756043 0.245664 -0.608972 1.075175 0.232474 -1.375423 1.219601 0.383844 -1.046161 -0.064371 1.166755 -0.643838 0.614757 2.109549 0.330448 0.518908 -0.362645
52 -0.741920 -1.718309 1.041553 -1.654419 0.418809 -0.753667 0.514956 0.113842 -0.922281 -1.067110 -1.001378 -1.511978 0.355715 0.415985 -0.055989 0.914101 -1.922701 -2.785863 -1.753528 0.507794 0.698236 -1.996517 -0.699997 0.589236 -1.875799 -0.843368 -1.090328 -1.115344 -1.126796 -0.736008 0.273030 0.490073 0.422902 -1.065688 -1.315387 0.540443 0.360801 -1.554064 0.500970 -0.566537 -0.341880 -0.527279 -0.688019 -1.317634 1.065503 -1.413885 -0.930477 0.495457 -0.982098 -0.400904
53 -0.246732 0.873872 -0.108986 -2.826379 0.072995 -0.995784 0.003507 0.642573 -0.825469 0.046895 -1.152629 1.452710 0.584885 1.254984 -1.030693 1.172867 -0.265684 1.784411 -1.022980 1.780394 -1.119618 -0.996199 -0.191546 -0.739977 0.897537 1.585538 0.245610 -0.765467 0.960477 1.933358 0.225629 -1.547306 0.294044 0.317067 -1.231106 1.467960 0.778838 -0.161879 1.225926 -0.038047 -0.253437 0.218665 -1.016642 -0.537563 -0.535582 0.782787 0.546782 0.582192 -0.745239 -1.196719
54 2.827798 1.289761 0.702757 -1.938299 0.159589 -0.998086 0.152542 -0.087436 -0.058873 0.032213 2.553351 -2.161628 -0.264495 2.447149 0.589098 -0.470411 0.324520 0.490692 -0.659004 0.518621 0.892380 0.805580 4.832829 -0.740923 -0.130194 0.226509 0.390644 3.540651 -1.036705 -0.611750 -1.367677 -1.336566 -0.320698 -0.648431 0.202057 1.785454 0.708698 -1.536427 -0.604473 2.262690 3.460897 0.041196 -0.355331 -2.194014 1.365473 0.005163 0.921045 1.782200 0.506570 3.885440
55 3.668331 -0.270022 1.350475 1.365269 -0.974579 -1.633473 -0.114001 0.620349 2.050178 0.595600 1.986361 -0.149838 1.596977 1.273388 0.474031 -0.416551 -0.693086 -1.415930 -0.126012 -0.730959 -1.024555 0.278726 2.574601 -0.118493 -0.938161 0.803874 -1.347620 2.773392 1.102807 0.328994 -1.946612 1.417734 -0.016013 -1.245363 -0.327788 3.003345 -0.424151 1.906752 -0.013934 -1.269560 1.692521 1.452587 -0.679545 -1.717195 -2.326897 0.889396 0.076128 2.721045 0.659907 1.015305
56 2.642602 0.131463 -0.944615 1.235699 -0.625554 0.364372 -0.025623 -0.249814 -0.660339 0.434813 2.679827 -0.232088 -1.116758 3.487410 -1.165977 -1.150489 -0.627940 -0.581028 -0.839704 -1.091811 0.752440 0.360137 1.840731 0.489312 0.819536 1.222381 1.283541 4.587939 0.390381 -0.536102 -0.436807 0.967821 1.908676 0.258476 0.627349 1.735774 -2.051805 2.030243 -1.221570 -1.128406 3.405496 -0.817684 0.697254 1.646166 -1.597059 1.629703 1.230812 1.687576 0.445130 2.136174
57 -0.581773 -0.859295 -0.823359 2.768171 0.689376 0.144136 -0.267277 -0.271817 0.440058 -1.492406 0.447614 0.897973 -0.781501 -0.646260 -0.365431 0.081408 0.794354 0.996334 0.914314 -0.442468 -1.251831 -2.069021 0.025574 -1.062037 -1.128123 0.106353 -0.166879 -0.101781 -0.651059 -1.884543 -0.967619 -0.359710 -0.273228 0.011325 -1.045475 0.692560 -1.024250 0.419258 -1.268251 -1.262660 1.832589 -0.158189 1.086728 -1.839713 -1.599916 1.458853 -1.666108 1.348063 -0.551971 0.054883
58 0.500826 0.894355 0.938467 2.446831 0.394479 -0.451511 -0.071630 -0.319911 -0.700572 1.272838 1.328373 -1.565399 1.799234 0.324329 -0.356801 0.095463 2.400946 -1.479928 0.086223 -2.096545 -1.071350 0.642128 0.596146 0.366876 0.595186 -0.197546 0.697579 -2.935156 -0.321781 0.055624 -1.413113 0.498704 0.228300 -1.982607 -0.087831 -0.878383 1.091696 -0.367143 0.725191 -1.434302 -0.666860 1.353555 -0.046287 -0.167618 1.197277 -0.095752 1.151621 -0.525236 -0.431874 0.172737
59 0.983182 1.225254 0.370758 0.922756 -0.261316 0.025226 -0.026099 0.157274 -0.977865 1.342162 1.244204 -0.064988 0.169914 -0.443778 -0.866821 -2.043947 -0.681701 -0.080165 -1.341445 -0.533730 -1.069705 -1.615370 -0.023041 0.434440 1.207119 -1.810859 1.059651 -0.043824 1.602414 1.159175 1.043794 0.815902 0.785677 0.995050 -0.865931 1.046313 0.436091 0.698616 0.355112 1.053749 -1.338705 -1.031858 -0.567063 0.070048 0.633328 2.249590 1.839570 0.186460 -1.040799 -1.378150
60 0.108368 1.178947 1.429224 -0.942601 0.351471 -0.310210 1.728208 0.257860 2.103948 -0.224565 -1.020881 0.721530 1.061401 -0.282771 -0.727432 -1.196731 0.011017 0.371297 -0.852018 0.275314 0.463388 -1.198936 -0.683117 -0.035752 0.723773 -1.004165 -0.176229 -1.616258 -1.908351 -0.284458 0.630707 -0.537893 -0.000319 0.212929 1.089271 -0.408484 0.200229 0.913866 0.236471 -0.244649 -0.448329 0.958449 -0.298857 -0.872822 0.194034 0.072539 -0.190987 1.797291 -0.311844 0.090543
61 -0.266781 -0.654807 -0.456157 -0.001900 0.311833 0.493058 -0.115429 0.202090 1.223331 0.451481 1.036528 1.119744 0.413666 1.062932 1.250336 1.593928 0.196013 0.338012 -1.510155 2.333117 -0.048835 1.974768 -1.813768 0.537567 -1.308200 -1.160605 -0.759814 -1.025656 0.217642 -0.653443 -0.116860 0.555963 1.845912 0.296247 0.853804 -0.439855 0.172177 -1.100704 -0.256993 0.471183 1.611852 0.284122 0.104746 -0.689458 -0.113067 0.446549 1.186076 -0.209558 0.184362 -0.342723
62 0.760061 -1.162095 0.684754 0.217401 -0.422186 0.079753 0.571582 -1.519622 0.263519 1.768236 -0.249337 -0.501653 0.088907 -1.473568 1.601573 -1.436750 0.429261 -1.234879 1.665362 0.358040 -0.780658 0.241417 1.272968 0.599648 -0.475525 0.163762 -1.740712 1.115452 -0.439083 -1.720383 0.122943 0.312378 0.028605 0.477073 0.044427 -0.676979 -0.483979 -0.276184 0.815229 -0.598424 -0.288252 -1.356981 -1.635461 1.666595 -0.724682 -0.663412 -1.165042 -1.260004 -0.213173 1.801090
63 0.929849 0.193072 0.225508 -1.463273 -1.240350 0.284318 0.344608 -0.631399 0.385424 -0.172573 0.482131 -0.173898 -1.474101 -0.272420 0.327287 -0.158355 0.905803 -0.130317 -0.383710 -0.485939 -1.250735 2.310782 -0.131594 -0.808321 -1.037301 1.146408 -2.220727 1.112064 0.791800 -0.595766 -0.282026 0.416488 -1.112008 0.441650 0.085753 1.678678 0.147640 0.501077 0.994312 -1.148093 1.120347 1.077739 0.192497 0.327630 0.703020 1.061593 1.276582 1.180862 -0.912018 0.223137
64 -0.185701 0.229478 -0.794833 1.261705 0.777648 0.590678 0.881858 1.656624 0.671620 -0.886282 -0.316237 -0.547140 0.802736 -0.578239 -0.752498 1.173310 -0.278113 0.715289 0.554632 -0.680680 0.561116 1.599536 0.385363 -1.205139 0.182519 1.443144 0.065313 0.314650 -1.144970 -0.460948 1.374626 -0.724130 -0.159298 0.265413 -1.008860 1.334903 -2.160113 0.918491 0.454891 -0.908679 0.148095 -0.901425 -0.157621 1.282337 -1.404329 -0.363596 0.956918 1.935067 -0.113002 1.230891
65 -1.577387 -0.693016 -0.508469 1.459595 0.857391 -0.174586 2.624663 0.746229 -0.053682 0.226733 -0.655827 0.660230 0.806473 0.011750 0.686158 -2.109869 1.287169 0.596382 -1.156559 1.794905 0.623235 0.158375 0.348067 -0.899870 0.428988 0.663596 -0.640488 -1.824466 0.274118 0.558863 -1.024487 -0.521798 -0.968661 0.331890 -0.237208 -1.215152 0.586887 1.136821 -0.449895 -0.045173 0.040982 1.368302 0.450452 0.263477 -1.348947 -0.657825 -0.559052 -1.034637 -0.575497 -0.039225
66 -0.731924 -0.435702 1.040597 0.339039 -0.159213 0.998532 -1.415130 -1.183540 0.724695 0.071255 0.981103 -2.275145 1.158065 0.503480 1.878463 -0.258514 0.506418 0.489694 0.875793 1.081774 -0.888204 -0.146032 0.814678 0.519261 -1.789812 0.960850 0.508655 0.135205 1.050430 -1.575419 -2.077310 0.855540 -0.485023 0.186510 -1.429903 -1.458324 0.250378 -0.885511 1.677691 -0.505327 -0.038342 -0.070964 0.885869 0.092458 0.694683 0.153891 -0.056823 -1.238996 -0.227625 -0.883480
67 0.889485 1.701567 0.457964 -0.511056 0.144818 0.401217 0.669446 -2.936433 -1.863778 -0.275065 1.244208 0.071976 -0.108742 -0.324008 -0.599323 0.845574 -0.064628 1.266983 0.151598 0.899402 1.579191 -1.203961 -0.945597 -1.780255 0.972287 -0.285966 -0.056083 1.042880 -1.896609 -2.147582 -1.999302 -0.930421 -0.474052 0.306469 -0.612540 -0.184072 0.918916 0.447277 0.511663 0.743191 -0.521501 -0.419580 -0.324066 -0.942211 1.015346 0.058822 -1.195717 1.420831 -0.180959 0.463413
68 -0.149852 2.301985 2.016042 -2.246933 -0.345867 -1.543778 1.015849 1.680885 0.965079 -1.586129 -0.299727 0.476044 -1.779076 -0.567815 -0.038272 -0.982262 -0.618321 0.406010 -0.450618 -0.095564 0.117272 -0.415197 0.814383 0.960240 0.730797 -0.578781 0.337855 0.727749 1.866384 0.847026 -0.227443 -0.096050 0.529351 -1.277545 0.181802 1.438983 -1.147217 -0.243079 0.512456 0.955948 0.201411 -0.106247 0.470246 -0.857489 1.588830 -1.429268 0.309435 0.724793 -0.217476 0.877439
69 0.151826 -0.027411 0.904740 -0.266653 -1.208025 -0.783623 0.924387 -1.539675 -1.834444 -1.956410 0.246306 0.440756 -0.828711 -0.004469 -0.000999 -2.377254 -0.785367 0.218223 0.499749 -0.831585 -1.705403 1.516477 -2.132170 -0.918932 0.065001 -1.182044 -0.264347 -0.786875 -0.543460 0.424788 -0.177649 0.513205 -1.882234 -0.147652 0.839242 -2.536250 0.521479 -0.883915 -1.623071 -0.998741 -1.278949 0.716709 0.040159 0.320467 -0.996236 1.173711 -0.446079 -0.943034 -0.498970 1.565250
70 1.791455 0.803739 -0.965996 -0.674740 0.512205 0.415147 1.009053 0.291382 0.826915 -0.347818 -0.785590 -1.305575 1.477595 0.804754 1.191928 0.367594 1.197821 2.214244 -0.558227 -0.190136 -1.625116 0.459487 1.261886 0.028209 -0.497094 0.549554 1.133492 -0.810148 -1.045180 0.512873 0.655119 0.188034 -0.991764 -0.066607 0.999647 -0.815133 -0.673169 0.941281 -0.591750 -1.528710 0.771087 -1.286623 -0.222109 -1.121313 -2.267002 0.135889 1.940263 -0.108676 -0.878456 -0.088851
71 -1.272418 1.460762 -1.754714 0.783067 0.661812 0.240072 -0.848978 1.545940 -0.667887 -0.489941 -0.738997 1.369861 0.466370 -1.627889 -1.006347 -0.607431 -0.113537 0.732246 -1.673272 -1.071851 -0.027602 0.526303 1.694305 -0.142382 1.182315 0.336099 0.969960 -0.346234 0.613147 0.186728 1.052165 1.953976 -1.407435 -0.290476 -0.226683 -0.341145 -1.399018 -0.029291 0.194126 -1.481193 1.359938 0.432748 0.256515 -0.722969 -0.935264 -0.305673 -1.262627 -1.161835 0.415965 -0.123168
72 -0.221241 0.322654 0.650422 -0.416464 -0.291002 0.037202 -1.037849 -0.792441 1.104360 0.202367 -0.740649 1.790841 -0.205071 0.045852 -1.791108 0.224557 -0.431267 -0.939441 0.946510 -0.721935 -0.231393 0.191741 1.892238 -0.635886 -0.732559 -1.014485 -0.933898 0.847823 -1.685119 0.850646 1.204546 0.923204 -0.120451 0.573785 1.862749 -0.304552 -0.033439 -0.423835 -0.889382 -0.531730 0.065071 -0.100196 1.785288 -0.746744 0.947276 1.275106 0.107121 0.828803 1.384681 -1.630621
73 -0.600329 0.110600 0.405706 0.677776 -0.110927 2.428438 -0.910169 0.686634 -0.645738 0.572801 -1.372255 -0.470552 -0.274266 -0.915615 -1.411744 -0.215619 -1.255061 -1.300482 0.263486 0.342196 1.024280 -0.750147 2.160340 -1.470299 2.934830 0.510193 -1.500823 -0.338244 1.140913 -0.542342 -0.525037 -0.050846 0.496900 -1.242220 -1.959360 -0.053006 -0.319934 -0.614590 1.163833 0.238058 0.163399 -0.390534 0.804502 -0.330232 -1.260094 -0.864199 0.165333 1.855330 -0.260704 1.140019
74 -1.285474 0.246555 0.711022 0.099453 -0.076276 -0.482611 0.123049 0.978101 -0.166167 -1.089422 0.634353 0.686380 -0.338926 -0.464703 1.504811 -0.090601 -0.418760 -1.344979 -1.041993 -1.097041 -0.071148 0.049190 -0.046555 0.098814 1.293058 2.675290 -1.465482 -0.522390 -0.608574 -0.665577 -1.880268 -1.394657 -1.565402 0.684097 -0.150001 -1.938983 0.126649 0.035048 -3.066471 0.707561 0.507009 2.469403 -0.669064 0.314683 0.306610 -0.095083 -0.145889 -0.582242 0.643585 1.839948
75 0.144978 1.743116 0.644594 -2.778263 -1.684893 -2.067823 -0.819403 0.532920 -0.336323 0.843259 -1.044906 -0.576603 0.012097 -1.289684 -0.334933 0.732198 1.531830 -0.638875 -2.252149 -0.194598 -0.494607 2.239638 1.124000 -0.808062 1.069467 -0.215697 1.405189 0.136893 2.266956 -0.183300 -1.285128 1.499146 0.084537 0.380039 -1.551984 -1.790355 1.580224 -1.108553 -0.808947 -0.503534 -0.536516 -1.872707 0.414314 -1.507541 -0.428930 2.501341 0.863874 1.583588 0.476906 -1.769390
76 1.113026 0.181697 0.760019 1.269193 -1.635101 -0.172974 0.184187 0.622776 -0.294996 0.371586 0.006533 0.087049 0.423337 -1.386939 -0.213351 -0.420832 -0.881092 -2.092215 0.404741 1.125042 0.092357 -0.502410 0.762193 1.504536 -1.029961 0.371927 -0.402898 -1.044255 0.090159 -0.279686 -3.223325 0.607668 -1.032302 0.405025 -1.832591 -1.667772 -0.230642 0.376074 -1.567882 -0.697936 -0.297004 -0.003135 0.250431 0.421706 -0.144245 -0.332068 0.446797 0.155729 -0.537905 -0.151875
77 -1.824641 -1.577795 0.102165 -1.200543 -1.288231 -2.628516 1.465507 -1.007002 -0.895424 -0.103834 -2.023010 1.027474 -1.061843 1.263143 0.550905 0.150319 2.370722 0.114211 -0.196377 1.412559 -0.315963 -0.175738 -0.606411 0.055145 0.865438 -0.775825 1.151248 -0.818673 -0.441262 -0.051492 0.500493 0.206187 -0.534591 -0.439875 -0.849305 -1.341295 0.625526 -0.239471 0.033098 -0.780399 0.026084 0.840251 -1.325434 -0.652229 0.831140 1.466635 1.064816 -0.127239 -1.832171 0.095830
78 0.800022 -0.717808 -0.828547 -0.352874 -0.043558 1.302310 0.085595 -1.518312 1.959885 -2.393185 -1.440709 -0.059723 -0.633412 -0.347613 1.191900 -0.196163 -1.314228 0.175805 -0.129862 -1.576557 0.139636 0.726604 -0.008348 0.374344 -0.238220 0.406876 -0.204052 -0.964217 0.778454 0.310468 2.196725 0.809393 0.142902 0.510207 0.341178 -0.197954 -1.053578 1.290008 -0.833878 1.378058 -0.764162 -0.349006 0.065243 0.950564 -0.202242 -0.901961 -0.439432 0.391082 -0.578939 -0.217463
79 0.577164 2.435677 -0.927558 0.019950 0.977444 0.714440 0.211944 0.270708 0.036483 0.440687 0.923435 1.367392 1.001630 0.433290 -0.082103 0.534203 -0.505676 0.084755 0.161059 0.112758 -0.078459 -0.847396 0.458688 -0.211748 -0.138729 0.894042 2.295166 0.622083 -0.399879 1.114177 -0.063736 1.341694 -1.408338 -1.380135 1.480601 -1.189424 -1.425239 1.260395 -0.441533 -0.278523 0.949723 -0.450120 -0.044789 -0.195722 -0.476867 -0.835429 0.783485 0.412782 -0.138342 0.557492
80 -0.517170 -1.376471 -0.109413 1.222068 0.985476 0.652592 -0.032421 0.411285 -0.445196 -0.500846 -1.560563 -1.116987 -2.387468 -1.104538 0.565918 0.893769 -0.576879 0.467288 -0.670289 2.003163 -2.234673 -1.144677 -0.380417 -1.013734 0.636924 -0.472957 -0.165338 1.195782 -0.406811 0.689261 -0.878082 0.157973 -1.004385 -0.415688 1.381519 -0.209985 -0.106280 1.146997 -1.445673 -2.193360 0.745632 -0.713602 1.432792 -1.834869 0.486206 -2.460821 -0.765440 0.932712 -1.845329 1.611666
81 -0.150433 0.358137 0.075355 -0.380974 0.952757 0.859840 0.983431 0.838538 0.163889 1.352858 -0.762783 1.283902 -2.250327 -1.753217 0.754620 -0.758721 -1.342419 -0.280092 0.149154 0.340127 1.752503 -0.155359 -1.910686 0.364641 -0.465629 2.325197 0.263979 -0.198192 1.152127 -0.911864 0.688404 0.985616 -0.143738 -1.321838 0.530015 1.502587 -0.026219 -0.501971 0.754686 -0.098234 1.593899 0.497112 -1.416975 -0.398072 0.910036 -0.587164 -0.232676 1.013662 0.394933 1.704071
82 -0.407995 0.123631 0.032725 -0.247618 0.916542 0.661446 0.113702 0.507698 1.088592 0.393365 0.371146 -1.165517 0.237775 1.190532 -1.057375 0.298007 1.071650 -1.651917 -0.560823 -0.003698 1.179281 -0.074644 1.452415 1.081956 -0.374847 0.010002 0.121816 0.957239 -2.525573 0.859227 -1.179324 -0.576020 1.557388 1.017504 -0.810238 0.554838 0.422449 0.314343 0.928126 1.034575 1.778915 -0.291832 -0.620313 0.043737 -0.307626 -2.693836 -0.970038 -0.637643 -0.441265 -0.976675
83 -0.287506 0.083437 0.518858 -1.519410 -1.243466 -1.348634 0.627111 1.075259 0.202762 0.222597 -0.849178 -0.141236 -1.206918 -0.614580 0.152626 -0.888681 2.623489 0.429831 1.343627 -0.507186 -1.639592 0.100289 -0.279686 0.416003 -1.231651 -1.051655 0.399349 0.170656 0.334886 -0.083184 1.799466 1.782882 -1.448762 0.610233 -0.519072 0.069741 -1.229420 -0.712364 -0.527092 0.523156 0.861148 -0.645488 0.807727 0.827060 -0.039572 0.276300 -0.094866 0.655124 -0.048628 0.880990
84 1.527964 0.117187 0.879022 2.217419 2.053881 -0.469420 -0.237022 0.688488 -0.902244 -0.241330 0.522093 -0.252760 0.541207 -0.509798 -2.813749 0.958474 -1.003062 -0.387553 -0.841008 0.943900 -0.737607 -1.136959 -1.371353 0.425809 -0.622096 0.423541 -0.462078 0.692860 -0.831123 0.788509 -0.310104 0.456454 0.642320 1.758813 -1.429079 -0.497005 0.284432 -0.793758 0.368570 0.035788 -1.436338 -0.654296 0.839405 -1.784702 -0.525673 -0.672638 -0.489461 0.598359 0.189176 -1.258944
85 -0.818436 -0.261722 2.071890 -0.505746 -0.688012 1.692498 0.969203 -0.396120 1.409428 0.882663 -0.519927 -1.177112 0.459749 0.849461 1.239007 0.348928 1.607944 0.964501 -0.077255 0.880552 0.158582 0.024640 -1.685274 -0.592355 0.259002 0.613263 -0.535430 -0.436463 -0.306956 0.093517 0.857760 1.089351 -0.045577 0.500526 0.335163 -1.188524 0.744123 0.954897 -0.061609 -0.343625 1.054818 -1.684061 -0.329708 -1.574676 1.169926 2.926756 -0.311072 -1.338598 0.476645 1.042504
86 0.118305 -1.290603 -0.452037 -0.879608 0.768632 0.543209 1.534048 -2.579436 1.131370 0.643186 1.948779 1.128145 -0.649329 -1.080079 0.056460 1.907741 1.576096 -0.724034 -0.700830 1.272162 -0.103268 0.688187 -1.558386 0.791049 0.074590 -1.438743 0.614412 -0.588181 0.465258 0.718482 -0.215390 -0.615984 -0.541018 0.109460 0.950795 0.293487 0.461885 1.655403 1.480655 -0.015576 0.461414 -0.095047 0.867396 -0.402823 -0.804902 1.253913 -0.335716 -0.550837 -0.249871 -1.476726
87 0.032036 1.715638 -0.201001 1.338756 -0.597708 0.469401 -1.275885 -0.499420 0.985097 1.058182 1.122343 0.024445 0.122649 -0.978105 1.264883 2.097976 0.736530 0.041529 -1.593198 -1.310655 -1.259244 0.866871 -0.227848 -0.751151 1.921027 -0.960516 1.782358 2.009966 1.047448 -0.676419 0.858148 0.636474 0.232618 0.774720 -0.162686 0.455714 0.029703 0.011227 -0.627057 0.032214 -0.869499 0.339413 0.697836 -1.043477 -0.331122 -0.596202 0.508246 0.982164 -1.529972 0.032450
88 -0.004259 -0.560621 1.824338 -0.045373 -0.682331 1.151932 -0.268539 -0.301764 -0.022327 0.241229 -0.341353 -3.001216 -0.875469 -1.157603 -0.857104 -1.318429 -1.282035 1.539752 -1.595053 0.936501 -2.372456 -0.062258 -0.005673 0.816317 -2.163050 -1.010315 0.728685 -0.651915 -0.643408 1.713851 1.156274 0.102874 -0.681341 0.478721 -0.723403 -1.369058 0.496241 -0.355678 0.199928 -1.080629 0.057177 0.413233 1.007234 -0.028921 -1.706830 1.365576 0.215438 0.283705 0.006262 -0.550633
89 -0.702376 -0.201691 1.619483 0.521872 1.184918 -0.668452 -1.637106 1.303786 0.955832 -0.028050 2.103358 0.351274 0.277610 0.667429 0.996569 -1.685949 -0.714700 1.182274 1.113388 -2.051032 -1.709981 0.031630 -1.027083 -1.373107 -0.760227 1.001053 0.563648 -0.846899 -0.184189 1.342667 1.177349 -0.094843 -0.533247 -0.142537 -0.168850 -1.155980 -0.681607 0.012498 -0.942703 0.467046 -0.805607 1.845036 0.343098 -0.486420 -0.022620 -1.647288 0.181141 1.145353 -0.624931 -0.249152
90 -0.234099 -0.173293 0.457325 0.848300 0.970658 0.161808 2.588562 -0.137006 -0.259905 1.550215 1.149954 -1.265395 0.000982 0.470200 -1.255571 0.810097 -0.958080 0.917578 -0.355886 -0.093571 1.679187 1.148030 0.805825 -1.507661 0.743869 1.183678 0.310881 1.212416 0.378450 0.502973 -0.019163 -1.042383 -1.743633 -0.185109 -0.884031 0.389034 0.761676 0.430868 0.962587 -0.817950 0.151220 -1.052110 -2.378942 -1.236946 0.303568 -0.129791 0.844304 0.044000 -0.292001 -0.449979
91 -1.496580 -0.228792 -1.390795 0.806087 -1.419633 -1.232476 -0.485915 -0.477613 -0.547970 -1.144628 0.459652 -0.935684 1.338085 0.251944 0.732072 1.342180 0.245270 -0.651358 0.526108 0.838045 0.191545 0.232901 -1.064004 1.535943 -0.637400 -0.973590 0.992155 -0.212080 1.166792 -0.846457 0.835984 0.376381 -1.788841 -0.771203 0.478594 -0.407039 -0.259904 -0.140411 0.552176 -0.564052 0.424662 0.021293 -0.173778 -0.441060 -0.728662 0.490645 -1.316609 -0.380440 -0.963282 1.238204
92 -0.306078 0.483289 -0.692094 1.151615 0.126206 -0.552457 0.239107 0.274994 -0.843874 0.878143 1.004317 -0.772413 -0.454058 0.756637 -1.691397 0.186363 -0.355444 -1.831185 -0.110899 0.990429 -1.612845 0.465012 0.531046 -1.499517 -1.455913 -1.283743 0.545821 0.965397 -1.779656 0.889216 1.441360 0.960525 0.013133 -1.238739 -0.861224 -0.393682 -0.564327 -0.661814 1.031862 -1.456859 -0.228145 -1.134874 0.138261 1.830904 -1.013507 -0.621438 0.194847 0.150573 -0.659747 -0.221359
93 -0.054374 1.633865 -0.953781 0.973211 -0.973688 -1.958150 -0.941272 -1.741663 -0.049700 -0.310193 1.648711 0.847473 1.410500 -0.315348 -0.521264 -2.032097 -1.479783 -0.785818 0.891318 -1.158431 -0.302576 1.490689 -1.094808 -0.092908 0.139463 -0.582232 0.467099 0.922470 -1.478716 -0.314238 -0.165334 -0.673333 2.013455 0.734117 0.403779 1.483800 1.012061 -0.211840 0.664194 -0.001827 0.595202 1.288743 0.315288 -1.508502 1.336505 2.305137 -0.681865 0.273811 -0.015589 0.170104
94 -0.365607 -0.663925 -0.353638 -0.571680 0.763748 -0.594624 0.435798 1.350027 0.046230 0.851100 -0.119498 0.071529 -0.008796 -1.264121 1.051616 1.636318 1.974701 -1.815995 -0.994691 -1.680398 1.400619 -0.675492 0.004346 -1.261283 -1.674698 -0.106130 -0.869675 0.170506 -2.281869 -2.382513 -0.561068 0.773260 1.754970 1.228058 -1.426214 -1.246679 1.480403 1.763117 -0.728372 0.719258 -1.497120 1.821022 -0.922485 1.417002 0.331724 0.241263 0.348705 -0.939913 -0.113156 -0.662677
95 0.442435 -0.586594 0.105584 -0.381841 0.343113 0.328628 0.320987 0.341249 -0.052102 -1.241827 2.250301 -1.852298 1.030252 1.414065 -1.220793 1.520226 -0.902671 -0.481464 -0.642632 0.344882 -0.077943 0.136494 0.707451 0.319064 -0.478580 0.664181 1.065919 -0.499400 -1.559545 2.001218 0.452991 0.235095 1.196296 0.714959 -0.374220 1.471318 1.219522 1.687023 0.702887 -1.941654 0.772160 1.138667 -0.901130 -0.914240 0.808685 -0.427706 0.168001 -0.117505 1.186462 -0.767528
96 -0.198747 0.526250 -0.737444 -1.376218 -1.416636 -1.303918 -0.554984 -0.228825 1.025073 -0.305979 0.040107 -0.244246 -1.043068 -0.587241 1.315547 -0.115485 -0.701797 0.537526 -1.943775 0.448024 -0.153223 0.989354 1.076327 -1.693869 0.262094 -0.587976 0.904320 1.170138 0.363340 -0.688582 1.934370 0.802185 0.995661 -0.733863 0.810055 1.143956 0.410463 -1.031951 -0.412356 -0.246677 0.170129 -1.015742 -0.476002 0.170805 -0.519232 -0.409678 -0.260789 0.450620 0.481723 0.425257
97 2.117611 -0.803486 -2.260090 -0.797450 -0.666534 -1.099507 0.454625 1.617088 -0.872743 0.098622 1.111777 0.921382 0.856241 1.407714 -0.507967 -0.464734 -0.672031 0.521435 0.742148 0.395278 -2.080206 -1.063185 0.254483 -0.857348 -0.478108 1.378709 -1.131763 1.700103 0.149119 0.412186 -0.465742 0.199576 0.596742 1.614205 -0.265894 0.175781 -0.276005 0.360903 1.156619 -0.584098 -1.322436 -0.261441 -1.136917 2.832819 -1.045707 -0.709113 0.949930 0.308158 -1.052438 -1.580297
98 -0.738678 0.471443 0.155639 0.188349 0.169135 0.259852 0.903567 0.987520 1.427474 -1.249501 -0.487197 0.116214 0.709686 -1.047739 -1.498545 0.997716 -0.445805 -1.921010 0.906011 0.349350 -2.060931 0.337506 0.138271 -0.124132 0.538894 0.122532 -1.184524 0.956854 -0.265380 -0.747561 -0.314071 -2.067893 -0.095852 -0.007335 0.295867 0.416315 -0.464926 1.038550 0.668140 0.715875 0.479608 2.839861 -1.143588 -0.229888 0.308298 1.505259 0.400260 0.091348 0.474455 0.438572
99 0.503229 -0.646178 -0.629630 0.049166 -0.282293 0.806227 0.547196 0.933244 -0.745217 -0.532505 0.510621 -1.275798 -0.236156 0.744806 0.705266 -0.359451 -0.906963 1.672167 -0.738291 0.625968 1.323293 0.585397 -1.097261 -0.531104 -0.550823 0.454812 -0.938151 1.454435 1.412528 -1.030935 -0.097435 -2.355478 -0.555969 1.267457 -0.772808 -2.241882 0.295439 1.045828 -0.562574 0.432842 1.717422 1.422723 0.626050 0.634474 0.557485 0.597807 -0.501818 -0.491748 -1.441498 -0.871975
END
#################################################################
SECTION3 (Edges Information)
EndPoint0 EndPoint1 Weight
0 1 1.000000
0 9 1.000000
0 10 1.000000
0 90 1.000000
1 0 1.000000
1 2 1.000000
1 11 1.000000
1 91 1.000000
2 1 1.000000
2 3 1.000000
2 12 1.000000
2 92 1.000000
3 2 1.000000
3 4 1.000000
3 13 1.000000
3 93 1.000000
4 3 1.000000
4 5 1.000000
4 14 1.000000
4 94 1.000000
5 4 1.000000
5 6 1.000000
5 15 1.000000
5 95 1.000000
6 5 1.000000
6 7 1.000000
6 16 1.000000
6 96 1.000000
7 6 1.000000
7 8 1.000000
7 17 1.000000
7 97 1.000000
8 7 1.000000
8 9 1.000000
8 18 1.000000
8 98 1.000000
9 0 1.000000
9 8 1.000000
9 19 1.000000
9 99 1.000000
10 0 1.000000
10 11 1.000000
10 19 1.000000
10 20 1.000000
11 1 1.000000
11 10 1.000000
11 12 1.000000
11 21 1.000000
12 2 1.000000
12 11 1.000000
12 13 1.000000
12 22 1.000000
13 3 1.000000
13 12 1.000000
13 14 1.000000
13 23 1.000000
14 4 1.000000
14 13 1.000000
14 15 1.000000
14 24 1.000000
15 5 1.000000
15 14 1.000000
15 16 1.000000
15 25 1.000000
16 6 1.000000
16 15 1.000000
16 17 1.000000
16 26 1.000000
17 7 1.000000
17 16 1.000000
17 18 1.000000
17 27 1.000000
18 8 1.000000
18 17 1.000000
18 19 1.000000
18 28 1.000000
19 9 1.000000
19 10 1.000000
19 18 1.000000
19 29 1.000000
20 10 1.000000
20 21 1.000000
20 29 1.000000
20 30 1.000000
21 11 1.000000
21 20 1.000000
21 22 1.000000
21 31 1.000000
22 12 1.000000
22 21 1.000000
22 23 1.000000
22 32 1.000000
23 13 1.000000
23 22 1.000000
23 24 1.000000
23 33 1.000000
24 14 1.000000
24 23 1.000000
24 25 1.000000
24 34 1.000000
25 15 1.000000
25 24 1.000000
25 26 1.000000
25 35 1.000000
26 16 1.000000
26 25 1.000000
26 27 1.000000
26 36 1.000000
27 17 1.000000
27 26 1.000000
27 28 1.000000
27 37 1.000000
28 18 1.000000
28 27 1.000000
28 29 1.000000
28 38 1.000000
29 19 1.000000
29 20 1.000000
29 28 1.000000
29 39 1.000000
30 20 1.000000
30 31 1.000000
30 39 1.000000
30 40 1.000000
31 21 1.000000
31 30 1.000000
31 32 1.000000
31 41 1.000000
32 22 1.000000
32 31 1.000000
32 33 1.000000
32 42 1.000000
33 23 1.000000
33 32 1.000000
33 34 1.000000
33 43 1.000000
34 24 1.000000
34 33 1.000000
34 35 1.000000
34 44 1.000000
35 25 1.000000
35 34 1.000000
35 36 1.000000
35 45 1.000000
36 26 1.000000
36 35 1.000000
36 37 1.000000
36 46 1.000000
37 27 1.000000
37 36 1.000000
37 38 1.000000
37 47 1.000000
38 28 1.000000
38 37 1.000000
38 39 1.000000
38 48 1.000000
39 29 1.000000
39 30 1.000000
39 38 1.000000
39 49 1.000000
40 30 1.000000
40 41 1.000000
40 49 1.000000
40 50 1.000000
41 31 1.000000
41 40 1.000000
41 42 1.000000
41 51 1.000000
42 32 1.000000
42 41 1.000000
42 43 1.000000
42 52 1.000000
43 33 1.000000
43 42 1.000000
43 44 1.000000
43 53 1.000000
44 34 1.000000
44 43 1.000000
44 45 1.000000
44 54 1.000000
45 35 1.000000
45 44 1.000000
45 46 1.000000
45 55 1.000000
46 36 1.000000
46 45 1.000000
46 47 1.000000
46 56 1.000000
47 37 1.000000
47 46 1.000000
47 48 1.000000
47 57 1.000000
48 38 1.000000
48 47 1.000000
48 49 1.000000
48 58 1.000000
49 39 1.000000
49 40 1.000000
49 48 1.000000
49 59 1.000000
50 40 1.000000
50 51 1.000000
50 59 1.000000
50 60 1.000000
51 41 1.000000
51 50 1.000000
51 52 1.000000
51 61 1.000000
52 42 1.000000
52 51 1.000000
52 53 1.000000
52 62 1.000000
53 43 1.000000
53 52 1.000000
53 54 1.000000
53 63 1.000000
54 44 1.000000
54 53 1.000000
54 55 1.000000
54 64 1.000000
55 45 1.000000
55 54 1.000000
55 56 1.000000
55 65 1.000000
56 46 1.000000
56 55 1.000000
56 57 1.000000
56 66 1.000000
57 47 1.000000
57 56 1.000000
57 58 1.000000
57 67 1.000000
58 48 1.000000
58 57 1.000000
58 59 1.000000
58 68 1.000000
59 49 1.000000
59 50 1.000000
59 58 1.000000
59 69 1.000000
60 50 1.000000
60 61 1.000000
60 69 1.000000
60 70 1.000000
61 51 1.000000
61 60 1.000000
61 62 1.000000
61 71 1.000000
62 52 1.000000
62 61 1.000000
62 63 1.000000
62 72 1.000000
63 53 1.000000
63 62 1.000000
63 64 1.000000
63 73 1.000000
64 54 1.000000
64 63 1.000000
64 65 1.000000
64 74 1.000000
65 55 1.000000
65 64 1.000000
65 66 1.000000
65 75 1.000000
66 56 1.000000
66 65 1.000000
66 67 1.000000
66 76 1.000000
67 57 1.000000
67 66 1.000000
67 68 1.000000
67 77 1.000000
68 58 1.000000
68 67 1.000000
68 69 1.000000
68 78 1.000000
69 59 1.000000
69 60 1.000000
69 68 1.000000
69 79 1.000000
70 60 1.000000
70 71 1.000000
70 79 1.000000
70 80 1.000000
71 61 1.000000
71 70 1.000000
71 72 1.000000
71 81 1.000000
72 62 1.000000
72 71 1.000000
72 73 1.000000
72 82 1.000000
73 63 1.000000
73 72 1.000000
73 74 1.000000
73 83 1.000000
74 64 1.000000
74 73 1.000000
74 75 1.000000
74 84 1.000000
75 65 1.000000
75 74 1.000000
75 76 1.000000
75 85 1.000000
76 66 1.000000
76 75 1.000000
76 77 1.000000
76 86 1.000000
77 67 1.000000
77 76 1.000000
77 78 1.000000
77 87 1.000000
78 68 1.000000
78 77 1.000000
78 79 1.000000
78 88 1.000000
79 69 1.000000
79 70 1.000000
79 78 1.000000
79 89 1.000000
80 70 1.000000
80 81 1.000000
80 89 1.000000
80 90 1.000000
81 71 1.000000
81 80 1.000000
81 82 1.000000
81 91 1.000000
82 72 1.000000
82 81 1.000000
82 83 1.000000
82 92 1.000000
83 73 1.000000
83 82 1.000000
83 84 1.000000
83 93 1.000000
84 74 1.000000
84 83 1.000000
84 85 1.000000
84 94 1.000000
85 75 1.000000
85 84 1.000000
85 86 1.000000
85 95 1.000000
86 76 1.000000
86 85 1.000000
86 87 1.000000
86 96 1.000000
87 77 1.000000
87 86 1.000000
87 88 1.000000
87 97 1.000000
88 78 1.000000
88 87 1.000000
88 89 1.000000
88 98 1.000000
89 79 1.000000
89 80 1.000000
89 88 1.000000
89 99 1.000000
90 0 1.000000
90 80 1.000000
90 91 1.000000
90 99 1.000000
91 1 1.000000
91 81 1.000000
91 90 1.000000
91 92 1.000000
92 2 1.000000
92 82 1.000000
92 91 1.000000
92 93 1.000000
93 3 1.000000
93 83 1.000000
93 92 1.000000
93 94 1.000000
94 4 1.000000
94 84 1.000000
94 93 1.000000
94 95 1.000000
95 5 1.000000
95 85 1.000000
95 94 1.000000
95 96 1.000000
96 6 1.000000
96 86 1.000000
96 95 1.000000
96 97 1.000000
97 7 1.000000
97 87 1.000000
97 96 1.000000
97 98 1.000000
98 8 1.000000
98 88 1.000000
98 97 1.000000
98 99 1.000000
99 9 1.000000
99 89 1.000000
99 90 1.000000
99 98 1.000000
END
#################################################################
SECTION4 (TrueSubGraph Information)
EndPoint0 EndPoint1 Weight
34 35 1.0
35 36 1.0
36 46 1.0
46 47 1.0
46 56 1.0
56 55 1.0
55 54 1.0
54 44 1.0
44 43 1.0
END
#################################################################
SECTION5 (Labels Information)
1 0 0 0 0 0 0 0 0 0 1 0 0 1 0 0 0 0 0 0 0 0 1 0 0 0 0 1 0 0 0 0 0 0 0 1 0 0 0 0 1 0 0 0 0 0 1 1 0 1 
END
#################################################################
SECTION6 (bt Information)
5 -5 -5 -5 -5 -5 -5 -5 -5 -5 5 -5 -5 5 -5 -5 -5 -5 -5 -5 -5 -5 5 -5 -5 -5 -5 5 -5 -5 -5 -5 -5 -5 -5 5 -5 -5 -5 -5 5 -5 -5 -5 -5 -5 5 5 -5 5 
END
#################################################################
