#################################################################
#APDM Input Graph, this input graph includes 3 sections:
#section1 : general information
#section2 : nodes
#section3 : edges
#section4 : trueSubGraph (Optional)
#
#if nodes haven't information set weight to null
#################################################################
SECTION1 (General Information)
numNodes = 100
numEdges = 200
usedAlgorithm = NULL
dataSource = SimulationData2
END
#################################################################
SECTION2 (Nodes Information)
NodeID Base Counts
0 1.909705 0.743072 -0.157440 -0.947699 -0.210044 -0.783815 0.999404 1.246943 -0.990886 -0.351595 -1.092687 0.796167 -0.360606 -0.689402 0.172841 -0.714515 0.704241 0.213378 1.375170 -1.495693 0.205229 -0.725193 -1.256485 -0.418738 0.000386 -0.889064 -0.877671 1.118414 -0.438148 1.082019 -1.464302 -0.236860 -1.398756 -1.789868 0.893276 -1.232459 0.926963 -0.781821 2.271543 -0.931955 -3.483490 0.067128 -0.422200 -0.010511 1.898703 1.817009 -0.019247 -1.282148 -0.303665 -0.201415
1 1.722635 2.387652 1.219780 -0.302140 -1.401973 1.298259 1.156122 0.906284 0.092536 1.275880 1.194062 0.770649 -0.696664 1.576702 0.427591 0.623928 -1.175236 0.791270 0.665375 0.500482 0.031081 0.100147 -1.230520 0.199695 0.170418 -0.239829 -0.567872 -0.058003 1.228384 -1.498379 -0.297663 -0.251929 -2.069929 -0.073447 -0.437583 -0.013621 0.064808 -0.349273 0.569387 -0.506194 0.566950 -1.243306 -1.029100 0.191029 0.526448 -0.477043 0.915489 -0.618181 -2.217594 -0.523765
2 0.759055 0.442854 -0.370072 -0.618508 0.681376 -0.858370 -0.495559 0.518804 1.824541 -1.288734 0.316750 -0.669319 0.777848 -0.475056 0.048201 1.752601 -0.338611 0.535783 0.322752 1.005499 -0.969980 -0.971946 -0.794222 -0.880739 0.148425 1.360284 -0.258206 0.373984 0.243395 -0.355931 0.654359 0.380547 -0.121012 1.334790 -0.997974 0.647731 -0.937731 0.232044 -0.677711 -0.001318 0.395548 -0.007087 0.219269 -0.068613 0.743912 0.345039 -2.669443 -0.767723 1.509612 -0.042182
3 -0.181264 0.547178 0.503129 -0.989537 0.882278 -0.693761 1.377655 0.838870 -0.908364 -0.870399 0.130917 0.115491 -0.056437 0.352732 -0.007504 -0.763032 -0.410136 -0.261561 0.217748 -1.447837 0.079615 0.424788 1.169403 -0.724161 -0.618979 -0.001123 -0.880335 -0.242627 0.249896 2.443758 -0.480846 0.062578 -1.959467 2.028549 -0.015694 -1.507960 -0.559595 -1.409532 -0.919293 -0.449715 -0.936988 0.707074 -0.885900 0.261279 1.425372 -0.865957 -0.393725 -0.485402 0.316189 0.371850
4 -0.232353 -0.260077 0.484845 1.182575 -0.243192 0.411155 -0.325146 -1.840415 -1.077657 -1.589808 -0.720566 -1.796238 -1.404323 -1.115906 -0.332127 0.957632 -1.203732 1.513162 -1.672261 -2.693231 0.368926 -0.913794 1.812718 -0.593916 0.393272 -1.133846 0.157447 -0.667920 2.546922 -1.069726 -0.491809 -1.045287 0.280138 -0.116797 -0.189734 0.407722 0.728231 0.361066 -0.438307 -0.300260 0.046737 -1.585514 -0.556576 0.582900 0.424905 0.345044 -1.842761 -0.692282 0.689020 -0.719327
5 -0.718731 0.597862 -1.370630 -0.794999 1.144199 1.931211 0.326132 -0.543976 -0.645692 -0.335319 -0.556256 -1.021784 0.724563 -0.236101 -0.989602 -1.694227 0.707833 -0.427030 0.466320 -0.729690 0.777646 -0.543060 -0.100377 0.275981 2.015545 -0.486015 1.410309 0.164619 1.588256 -1.278733 0.720839 0.967429 -0.527681 -0.728831 0.864076 -1.904545 -0.019668 1.547977 1.015389 -1.100059 -0.519883 -0.273529 1.445503 0.799169 -1.124606 0.378731 -0.766849 0.682065 -0.138971 2.160896
6 -0.147373 1.897539 -0.305061 0.419540 0.890662 -0.467637 -0.668250 0.152871 -0.424467 1.214843 -0.060049 -0.420221 0.671731 1.382488 -0.421151 0.592716 -1.016673 -1.001545 -0.266017 0.679567 -1.761800 -0.388125 -0.660060 1.081657 0.443441 -0.643254 -1.811858 -0.079879 0.707314 -0.262599 -1.363033 -0.358527 0.289343 -1.174108 0.308965 -0.529540 -1.420578 0.231350 -0.025984 0.102433 -0.165213 -1.234432 0.633174 1.112267 0.067352 1.882426 2.353248 -1.422002 -0.391388 0.254363
7 0.260716 0.445041 2.059261 -0.252254 2.859155 0.775428 1.219320 -0.338348 -0.213604 -0.020396 -0.859676 1.790062 0.446874 -0.154079 0.016087 -0.312106 0.739385 -0.583329 -0.496495 -0.979614 1.485596 -1.027035 1.425459 1.100193 -1.083209 2.057635 -0.431556 -0.487344 -0.443440 0.636329 1.583163 -0.681746 -0.240704 2.857506 0.281300 0.459099 0.306743 0.529955 1.597649 -0.666813 -1.276306 -0.039824 -2.869170 -1.599570 -1.091609 0.482675 -0.062532 0.560365 1.174890 -0.216497
8 0.340320 0.222920 0.605584 -1.463289 -0.195872 0.270016 1.138231 -0.867231 1.914941 -0.338273 -0.738954 0.478512 -1.279066 -0.193193 0.492058 1.232012 0.495858 -0.626722 1.091996 -0.233158 0.656016 -0.016986 0.752269 2.315692 0.167805 0.507626 0.257692 -1.252023 2.166935 0.702477 0.987469 1.173376 -2.105068 0.965479 0.800280 0.046307 -1.127243 0.413459 -1.672100 0.093349 0.732435 -0.682025 -0.899064 -0.230622 -0.323344 1.149081 1.163998 -0.456262 1.106400 0.627945
9 -0.357555 0.191136 -0.158861 0.798832 -0.199400 -0.222126 0.492689 0.295520 -0.440768 -0.541127 0.228518 -0.045980 0.473070 -1.486977 -1.131564 -0.377092 1.230008 2.233645 -0.040611 -0.507666 1.186567 -0.023439 0.477060 0.302137 1.191725 0.202875 0.635996 -0.841758 -0.301460 -0.117244 0.306816 0.853639 0.208306 0.190553 -1.118798 -0.653779 0.051625 0.019747 -0.381713 0.542961 1.285762 0.612246 0.658370 -0.180370 -0.572991 0.216811 0.787096 0.250986 -1.181581 3.389228
10 -0.028789 1.351123 -1.286664 0.075504 0.150062 -1.323217 -0.576952 -2.352603 -0.115802 -0.126616 -1.033728 0.395724 -0.592148 0.397340 2.008624 0.125421 -0.601158 -1.155856 -1.565531 -0.119356 -0.661434 1.627930 0.379010 1.651432 0.675143 -0.282666 0.160402 -0.030665 0.569990 0.522023 -1.162166 -0.349248 -0.863149 -0.561904 -0.720736 -1.018290 -0.600722 -1.940079 0.666503 -0.137620 -0.920630 -1.122085 -0.206752 -1.386524 -0.688593 1.270007 0.864099 -0.372579 1.309694 -0.516797
11 0.115015 0.485204 0.621917 -0.438623 0.621124 0.596308 -0.336673 -1.291222 0.979716 0.102084 0.210312 0.508081 0.766926 -0.614851 -2.034479 0.937321 0.463285 -0.364737 0.281191 -0.557696 0.662946 -1.442587 -1.486353 0.105599 -1.034040 -0.401422 -0.279965 -0.324649 -0.959240 -0.762512 0.281841 -0.055030 0.370862 0.478558 -0.174576 -1.694514 -1.029532 -0.722131 -0.535566 -0.601927 0.694230 -0.568823 -2.025557 -0.132581 2.285516 1.486140 -0.387092 0.657752 0.409315 -2.120002
12 -0.159664 2.030377 0.542484 -0.219355 -1.303691 0.041260 -0.731849 0.315901 0.791618 1.067053 0.970964 1.405766 -0.241458 0.356832 -0.560179 -2.736152 1.917514 -0.080772 2.336074 -2.425778 -0.026016 -0.642001 -1.086063 1.163334 -0.185214 1.035821 0.360001 -0.491564 0.677340 -1.191931 -0.587933 -0.511627 0.953120 1.063801 0.095788 -0.440886 -0.256336 -0.068707 0.885267 -0.024759 -0.010069 0.404980 -0.840198 1.316284 0.303634 -0.388177 -0.708461 -0.496112 -1.030914 -0.288354
13 0.857907 -1.286034 -0.010964 -0.271696 -0.039907 -0.485694 -0.420313 0.241838 1.115790 -0.023578 -0.496117 0.865891 0.631230 -0.589902 0.156498 -0.562753 -0.193325 0.128869 1.421752 -1.407427 0.599739 -1.446522 -0.787864 0.714300 0.378205 -0.364568 -0.887035 -0.171961 0.303294 0.538781 0.497400 1.279155 2.112592 0.129456 -1.307655 0.719653 -0.945956 -1.287421 -1.143029 -0.342376 1.125969 -0.183165 0.374675 0.131248 -0.193860 -0.378587 1.470686 1.205782 -0.312829 -1.077893
14 0.778427 -0.299602 0.500346 -0.178414 -0.326482 0.195577 0.956231 -1.334627 -1.786809 0.536755 1.996763 0.928064 1.404630 -0.289138 -0.346434 0.529646 -0.032174 0.368417 1.663340 0.098107 -1.939191 -0.771219 -0.723237 -1.085805 0.662776 -0.591718 0.931166 -0.564747 -0.909836 -0.388720 1.225717 0.276628 0.266292 -0.839566 0.941730 -1.094699 -0.045229 -1.415342 -0.590806 2.328969 1.193145 0.161215 -0.441199 -0.239307 -1.218915 -0.178755 -0.492308 -0.133710 -0.116706 -0.854009
15 -0.472539 0.070086 1.087097 2.053678 -0.910583 -1.376269 1.355520 -0.886605 -0.380480 0.083589 -0.677042 -1.017354 0.233525 1.735738 -0.434140 1.175716 0.572783 0.045306 -0.872588 0.084095 0.968326 -1.235939 0.362056 0.263407 0.036751 -1.214914 0.728723 0.829858 -1.009214 0.851306 0.037771 0.197374 0.374601 1.489489 0.043456 -0.894118 -0.139906 -0.151732 0.789570 -0.135730 -0.568422 -0.696770 -0.373478 0.476105 0.113472 -0.315622 2.434084 1.352692 1.122823 2.121829
16 1.002476 0.611492 -0.294776 -1.418416 -1.638871 2.005371 -0.742404 0.272909 -0.480527 -2.275431 1.512092 0.552684 0.704391 0.381326 0.121887 -0.386893 -1.256664 -0.309080 1.011486 0.767599 2.761345 -0.475120 2.468938 0.939400 -1.118429 -0.580326 -0.970660 -0.096512 1.041758 0.915769 -0.523196 -1.799537 0.049469 -1.000741 0.780890 -0.948727 0.222425 -0.432241 -0.520450 -0.787912 0.872524 -1.381332 -0.076884 0.955330 -0.563835 0.926561 -0.472384 1.210460 -0.334948 1.156153
17 0.171190 -2.227647 -1.985639 -1.395271 1.114265 -0.940570 0.418927 0.402237 -0.701960 -0.991781 -0.520873 -0.154688 -0.534569 -0.597411 -0.309542 1.025686 -0.704739 0.036539 -0.003274 1.210184 -1.277060 -0.337177 -0.186813 -0.381023 1.458184 1.753056 -0.352241 -0.599685 -2.472165 -0.753695 2.527146 -0.785682 -1.589207 2.766079 0.200009 0.458658 0.890913 0.278965 -0.818127 -0.595874 -0.032186 0.777608 0.203159 -0.710241 1.847618 -0.373191 -0.021838 0.540127 1.274789 -0.830258
18 -0.084085 -1.842493 -0.043122 -0.147035 -1.016000 -0.981157 0.157708 1.888916 0.065844 1.053498 -0.135039 -0.140518 -1.040156 0.320651 -0.660867 -0.265440 -0.530466 -1.054523 2.291752 1.191999 -0.693780 1.111126 -0.639715 0.238530 0.975507 2.409590 0.623570 2.354203 -1.116045 -0.535616 -1.213095 -0.021390 1.005027 0.555125 0.297359 -0.320309 1.893293 -1.018549 -1.957489 -1.165593 -0.577680 -0.874984 0.149716 -0.625499 -0.401806 -0.105547 -0.092790 -0.512191 -0.166180 -0.598720
19 0.974581 0.693285 0.980698 -0.150203 -0.051771 -1.981172 -0.603452 -0.360048 -0.635434 0.005578 -1.695871 -0.268012 -0.253586 1.024563 -1.844427 -0.547559 1.125298 1.166664 0.376506 -0.481860 -0.652618 0.186514 0.222375 -0.198300 -0.739205 -0.040174 -0.887611 -0.652343 0.752385 1.057615 -0.716044 -0.760790 -0.627015 1.048284 -1.170205 0.440031 2.519558 0.653280 -0.830538 -0.070745 -0.630424 -1.432905 1.383357 -0.979540 0.891100 2.067919 -0.804298 -0.321985 0.314203 -1.118486
20 -0.339065 -0.265477 0.720939 -0.874264 1.056726 0.499134 1.766780 2.357905 0.445922 1.211754 -0.087338 -1.004215 -1.970521 -1.660732 -1.896090 0.236252 0.859708 0.301045 0.317119 1.248389 -0.133933 1.243391 -0.968798 0.001283 0.534287 0.322962 -2.374621 -0.335823 1.489963 -0.179982 -0.310455 -1.120079 0.872906 0.569821 0.021662 0.194597 2.279475 -2.111867 1.071862 -1.090391 0.046155 0.029160 -0.698847 0.808035 -0.250559 -0.120666 1.836099 1.461026 -1.036664 1.426021
21 0.012548 -1.533331 0.199795 0.349619 -0.297113 0.107257 2.089913 0.390837 0.591009 -0.257134 -0.180590 2.187733 0.938216 -0.714898 0.638296 -1.025789 1.653110 1.316256 -0.384868 0.541426 -1.172264 -0.324450 0.663024 0.489991 1.270955 -1.965298 -0.522027 0.211951 -2.069407 -0.420702 -0.081986 -0.438964 0.235683 0.483478 -0.476194 1.134384 -1.482462 0.181800 0.419408 0.296006 -1.672335 0.032312 -0.100549 0.568397 0.631527 0.570446 -0.947408 -0.071734 -0.927049 -0.036741
22 0.747855 1.080524 0.074077 1.324652 0.811481 -0.398575 -1.462500 -1.118013 0.356324 -0.805224 -0.376123 -0.861181 -0.325204 0.590139 -0.245912 -0.079477 -0.369873 -0.004745 -1.976672 2.146359 0.297928 0.629732 -1.663160 0.308883 1.044219 -0.518691 -0.445881 -0.242080 -0.930872 2.564038 -0.842998 -0.422503 0.830920 1.210040 -1.040106 -0.633245 -0.898282 0.552323 0.340926 -1.634213 1.562563 -1.396171 -0.082637 -1.917567 0.335742 -0.696146 -0.728643 1.177985 2.402110 -0.886677
23 -1.746348 -0.203847 -0.228450 0.503300 -0.747143 0.463286 0.969737 -1.614757 0.741664 -0.408080 -0.199668 0.675599 -1.829542 0.439817 -1.799038 0.711559 0.981830 -0.127524 0.848692 -0.219972 0.251392 0.096309 -2.338807 0.628785 0.790181 0.463710 -0.172716 -0.564946 0.129131 -0.996985 -1.790405 0.521685 0.981974 -0.238564 -0.252455 0.323834 1.154020 -0.485235 -1.167375 -1.941634 -0.681874 -0.595806 -0.519633 0.562711 0.966455 1.341259 -0.820362 0.443807 -0.278643 0.949753
24 -0.716269 -0.166711 -0.892308 -1.161391 -0.382292 1.304966 0.287768 -0.967093 0.739540 -1.299166 0.612163 -1.476699 -0.267051 0.148131 0.593365 1.187911 -0.841266 -0.255067 1.067617 -0.742608 1.757441 -0.482368 -0.036850 -0.794161 0.574961 0.934084 -1.244597 1.021231 -0.062418 -1.315745 -0.578692 -0.457631 -1.115807 -0.219444 -0.597061 0.995231 -0.237755 -0.692384 -0.579211 -1.582750 -0.938718 0.751151 0.970793 2.505298 -0.096030 0.908928 -0.946334 0.994711 -0.414222 -0.865436
25 1.048587 1.212042 0.469340 -2.043856 -0.295175 0.402383 2.391710 -0.568489 -1.402961 0.433910 -0.988444 1.315434 -0.594346 1.053408 -0.609391 -2.354497 -0.051270 -0.574856 0.111023 0.031006 -0.759325 -0.198950 -1.337219 -0.400081 -0.996575 0.565902 1.623447 -1.355099 -0.135199 0.304239 -0.050147 -0.625723 0.076979 -0.947761 0.425851 0.715805 -0.428885 0.196640 -0.931692 -1.057302 0.235983 1.351559 0.897361 -0.937991 -0.728360 0.584973 -1.135173 -1.203131 2.388221 0.299320
26 -0.535480 1.282558 -0.084967 -0.408033 1.520232 -0.074061 -1.473137 -0.175440 0.610473 0.051094 0.157379 0.349637 -0.542717 1.420423 -0.525446 -1.834403 -0.260800 0.092234 -0.600369 -1.799316 1.143579 0.719490 -0.142253 -0.876753 -0.790523 -0.546934 0.331308 0.167546 -0.571995 -0.402880 1.908879 -0.118343 -0.540722 0.073840 0.090440 0.548559 -0.918902 1.362151 -0.596511 -0.541545 0.752828 1.462225 1.429431 -2.321204 0.386954 0.587241 -0.102267 0.159097 -0.439187 1.289052
27 0.769786 -0.281698 -1.447287 -1.309222 0.429617 -0.222399 -1.718994 -1.372933 0.425380 1.049566 -1.084058 -0.848666 -1.720728 -0.680414 -2.063942 -0.376489 -0.418253 0.709499 0.380667 0.432038 -0.776421 0.489601 0.704055 -1.148682 -1.074755 -0.200493 0.898186 0.575030 1.744715 -0.004318 0.379065 -0.885744 0.261595 1.515092 -1.121103 0.569588 -2.337370 -0.428653 -0.351948 -1.261359 2.239895 0.680058 0.278908 1.636430 1.281105 1.089460 0.759412 -1.022664 -0.484998 0.572541
28 -1.214656 -0.290414 1.681517 2.206173 -0.028444 0.685820 -1.354478 1.095872 0.641354 -1.530759 -0.353446 -1.469236 -1.411600 0.854330 -0.325166 -0.198176 -0.099762 -0.529828 0.046234 1.031416 0.607952 1.499053 0.806841 -1.299599 -0.609639 0.404580 -2.051087 0.061735 -1.055307 0.238712 -0.622917 -0.421638 1.070289 -0.340256 1.453979 1.288230 -0.653055 0.685195 0.112775 2.249406 -0.791258 -0.147995 0.354517 0.302542 0.714914 -1.405657 -0.645590 0.414922 0.950374 1.088817
29 -0.448301 0.101221 1.368616 -0.254010 0.010925 0.309380 1.723609 -1.141992 0.184007 0.813646 0.266211 0.836355 0.625895 0.645330 -0.348191 0.800130 0.038203 1.010204 0.633073 0.326304 0.304900 -0.058745 -0.129904 2.350160 -0.931481 -1.120599 1.604690 0.537030 -1.503522 0.847866 0.963618 -1.270482 -0.895521 -0.277638 1.730951 -0.418461 -0.185338 1.551341 0.349395 1.521655 1.147252 0.774706 -0.330824 0.989404 0.448652 0.141534 -0.565593 -1.384327 0.745992 -0.074114
30 -0.406475 -0.744039 -0.523722 0.662213 -0.090623 -1.205968 -1.463283 0.896181 1.309283 -0.475701 0.291492 1.075007 -0.879311 1.187008 -0.513484 -1.664993 -1.396826 0.221231 0.083429 0.856476 -0.659611 0.137673 -1.203554 -0.387832 -0.803497 0.185814 0.400132 -1.058701 -1.143725 0.993115 0.349101 0.316200 -1.850019 -0.242725 0.226092 0.841285 0.248126 0.871363 -1.828989 -1.648832 2.174647 0.372807 1.280672 -2.250377 0.417730 -0.318623 2.163375 -0.975959 -2.991078 -0.419018
31 0.040196 -1.544123 -0.003553 -0.803224 -2.683073 0.372635 -1.759382 1.965816 -1.651734 1.214632 -1.942760 1.206893 1.237806 -1.470349 -2.033802 0.242654 2.453945 -0.689731 -0.617776 0.199207 1.743847 -0.010283 0.867445 -0.557753 -1.208137 -0.762728 -0.397409 1.667421 -1.748127 -0.024237 -0.672595 -1.322504 -0.008289 -0.316365 -1.047127 -0.056363 -1.195562 -0.565475 -1.263314 0.640332 -1.978300 0.740021 0.471523 1.533111 1.202138 1.136903 0.711360 -0.253695 -2.371467 0.296649
32 0.335571 -0.677161 -1.334354 -0.235847 0.419795 0.903767 -0.076614 0.229322 0.489223 -0.800043 0.153223 0.905653 -0.395586 0.721686 0.284659 0.267717 -0.784947 0.928514 -0.592150 -0.647200 0.471797 1.155594 -0.456110 -0.099074 -0.174670 2.414660 0.545839 -0.638940 -0.489899 -1.652747 -1.350640 0.585686 0.382229 -0.003376 -0.027559 -1.441218 0.700069 -1.469162 -0.774474 2.023153 -0.351402 -0.800879 -1.295519 -0.350669 0.966595 -0.267400 1.511683 0.083644 0.663120 -0.056528
33 -0.071074 0.464609 0.984087 -0.474844 -0.596891 -0.223108 -0.349357 0.406441 0.686000 0.391910 -0.045587 0.144899 0.302535 -0.257140 -0.586538 -1.373695 -0.421433 -1.559508 0.150892 0.028235 0.838519 0.339675 1.000228 0.536454 -1.735540 -1.174493 0.466802 0.575023 -0.199824 -0.207259 -1.442617 -1.700387 -1.540362 -1.816570 -0.461916 0.157663 0.755391 -0.028826 -0.609970 -0.047452 -0.411590 0.004219 1.001911 2.099580 -1.188295 0.600337 -1.123901 -0.389112 0.029386 1.429181
34 1.373452 -0.770087 -0.361600 0.170826 1.750487 -1.947155 -0.529124 -0.191517 0.022965 -1.079544 -0.179302 0.925796 -1.034804 2.017613 -1.989412 0.505011 -1.202444 -1.893488 -1.867186 1.947576 -0.919205 0.900104 -0.988271 -1.385642 -0.620837 1.353738 -0.120060 0.415837 -0.459035 0.803253 -0.399363 -1.160138 -0.738356 0.738128 -0.856143 -0.138144 -0.238123 -0.468776 -0.434749 0.852363 0.244322 0.852958 1.913297 -1.075063 0.072274 0.842325 -1.106179 0.641163 0.397128 0.686142
35 -0.852877 0.966780 -0.034010 -0.061654 1.183282 -0.072469 -0.285571 1.346113 -1.283716 1.603186 1.090957 0.537370 -0.361298 0.627801 -0.622864 -0.536155 -0.572545 -0.414116 -0.313490 -0.417502 0.291616 -0.110602 -0.973205 -0.866917 0.280208 -0.117098 -2.069095 -0.035574 -0.160883 -0.884564 -0.905793 -0.310801 -0.835646 -0.322648 1.090749 -1.087137 0.879494 -0.582954 -0.603850 1.345576 -0.053615 -0.072019 -0.599437 -0.265942 -1.513634 -1.500034 1.265479 1.216161 -0.346698 -1.361399
36 1.305493 0.678760 -0.010776 -0.370164 0.363384 -0.841854 0.642961 1.450797 -0.010293 -0.176355 0.674644 -1.460918 -1.368623 0.530229 -0.391571 1.474287 -1.207057 -0.338941 0.111234 -0.168642 -0.718618 1.868804 -0.581226 0.774630 -0.749636 0.580607 0.068845 1.324025 -2.148383 -0.180819 0.315087 0.795565 -2.243878 0.730915 -1.695048 -0.102824 0.614081 1.539574 1.614592 -0.312495 -0.174222 0.359088 0.470306 -2.547184 0.453791 0.500290 -1.698832 0.413479 0.642823 -0.156507
37 -1.561756 -0.565667 1.202679 2.138272 -0.157968 0.127193 -0.323073 -1.421760 -0.359453 -0.130018 -0.419698 1.893651 0.590013 -0.341792 0.305874 1.783485 0.571646 1.288754 0.642256 -0.497434 2.103631 0.679282 -1.850483 0.060675 0.435033 -0.665161 1.766825 0.865176 -0.621234 0.510789 -0.435647 -0.598295 1.895728 1.327382 1.018035 1.176463 -0.157006 -1.065619 1.436581 -0.532062 -0.826560 -0.178769 0.650448 0.719149 -2.146930 -0.565537 1.004535 0.474280 0.376613 0.951004
38 1.183566 0.797922 0.324915 -0.218752 -1.759971 1.258880 0.567107 -0.499607 -0.380142 0.874992 -0.019030 -0.480739 -0.401873 0.145004 -0.757432 -1.912702 -1.499301 0.514816 -0.146273 1.259171 0.745818 0.199948 -0.706827 1.823693 0.101687 -0.538424 1.003226 -0.595096 -2.795814 -0.206531 -0.239930 1.261946 -0.374417 0.477570 -2.799500 -0.827521 0.991040 -2.234133 1.730688 0.794182 0.431996 0.693820 1.315603 0.962160 1.118626 1.201960 1.442143 -0.366267 -0.297672 0.536984
39 0.414216 0.360044 0.806233 -0.297240 -0.593897 -1.872669 0.542225 1.766302 1.748903 -1.903213 -0.076329 -0.934600 0.985831 0.856083 1.536705 1.668721 -1.204541 0.732207 -0.682699 -1.307855 -0.593848 1.263097 -0.373745 0.254503 -0.308386 -0.305246 0.883476 -0.327077 0.226964 2.100142 -0.436155 -1.038151 -0.683502 1.535654 0.873489 0.192677 2.174886 0.780479 -1.331299 0.478277 1.818556 1.469694 0.217684 -0.622135 -0.835575 -0.001937 0.849469 1.789794 0.630036 -0.218635
40 -1.451733 -0.314281 0.741124 0.881059 1.349779 0.951139 -0.099991 0.581820 -0.921388 -1.830789 -0.064773 -0.849578 0.581211 -2.628695 0.909151 0.408004 -0.207113 -0.396730 -1.561694 0.923812 0.852729 -0.334052 -1.200797 -2.020487 0.555008 0.327276 -0.635698 -0.827056 0.648620 -1.276623 0.729578 -0.470695 -0.808519 -1.704977 -0.571471 0.209028 0.183936 -1.205593 0.053291 -0.473532 -0.072194 0.746179 0.330241 1.133162 0.638059 -0.535498 1.305954 -0.110446 0.357003 0.600308
41 0.131552 0.847240 -1.612871 0.544060 0.767032 0.147847 -0.442589 -0.571485 -1.684608 1.591672 0.348893 1.129317 -2.045331 0.422373 -0.432825 -0.971298 -0.352577 -0.177802 0.710329 -0.671726 -1.075283 0.201219 1.465198 0.273090 -0.986604 0.710070 -0.716101 -2.046848 -0.609798 -0.896512 -1.175703 0.425157 -1.690380 0.333843 0.051804 0.809278 -1.620109 -1.300169 0.522397 -0.916260 -2.142107 0.108941 -1.981864 1.506532 0.709727 0.316780 -1.979273 -0.430745 -0.668286 0.529108
42 -0.358062 0.854657 -1.083885 -0.613132 0.380245 -1.184119 -0.081274 1.770067 0.117876 0.475326 0.784689 -1.357115 -0.518955 -2.066931 -2.827223 -0.139141 -1.203526 0.359825 -1.693363 -0.561794 0.336716 0.229408 -0.069078 -0.018716 0.008161 -0.119635 -0.132421 0.874640 1.252046 -0.908146 -0.577460 0.357795 -0.290984 1.522841 -1.747530 2.121847 -0.232702 -1.280998 -0.567812 0.625285 0.147784 -0.242842 1.195729 0.110766 -0.534068 -0.691786 1.510031 -1.837863 -0.826981 -2.310882
43 -0.497669 -0.257917 -1.183620 -0.839326 0.698474 -0.484863 -0.660363 -0.748062 2.376095 0.092676 0.405638 0.231463 0.365619 1.463948 -1.320790 0.064183 -0.962336 0.307582 -0.026386 -0.393597 -2.265781 -1.421468 0.509662 1.258086 0.827049 0.577231 -2.051396 1.563675 -0.345300 -2.025726 -0.213795 2.121218 0.627046 2.053867 -1.005377 1.333007 -0.717780 1.619245 0.167365 -0.424139 -0.265193 0.064854 0.522130 -1.041676 -1.188914 0.533000 -0.804947 -0.406899 1.767467 0.405059
44 -0.057926 -2.008243 -0.005512 -1.622569 1.763181 -0.703869 1.112935 -0.894924 -0.691606 1.314215 0.020075 1.016795 -0.997979 -0.352862 -0.286810 -0.016018 1.543297 1.548911 1.081812 -1.295402 -1.208938 -0.909401 0.844601 0.551158 0.295217 0.648245 -1.515716 -0.780079 0.010001 0.648102 -0.534954 0.518941 0.691232 0.684760 -1.805504 0.780754 0.671373 0.781247 0.986281 -0.813776 0.847050 0.463231 -0.998572 0.146921 -2.493547 -0.486652 1.096657 0.842086 1.322463 -1.219152
45 1.620026 -1.105477 -0.802836 0.436049 -0.142632 0.040531 -0.575265 0.161669 -0.363946 -0.708985 -0.352679 -0.184540 1.684738 -1.523824 0.834453 -0.061935 2.327801 -1.218567 1.398174 -0.791389 -0.559364 1.208954 0.623335 -0.050442 -0.397932 -1.645426 0.199431 0.811047 1.734668 0.918596 -0.376641 -1.165599 1.380781 1.973271 0.165706 0.239066 -1.236886 0.545782 -0.426928 -0.397127 -0.224851 -0.280512 0.377049 -0.231507 -1.923139 0.158840 1.051546 -0.483447 0.469439 -0.722851
46 1.316905 -0.195392 1.778954 0.191324 -1.209335 1.131721 -0.349901 -0.094510 1.020744 -0.461645 0.577952 -0.768174 -0.328349 -1.807563 -0.057515 -0.144811 -0.009451 -0.471048 -1.108873 -0.262527 -0.894118 -0.460164 0.159151 1.136111 -1.988042 1.520992 0.263263 -1.236213 1.266183 0.662641 1.471664 0.390933 -0.489135 -0.045020 -0.075939 0.517059 -1.619546 -1.343735 1.360862 0.298671 -0.336155 0.611616 1.003695 -1.653223 -1.119023 1.340581 0.603321 -0.234120 1.803531 -0.756952
47 0.333439 0.822620 0.553460 -2.477794 1.432700 0.258085 0.387429 -2.266993 0.932364 -0.888981 1.600364 0.534896 -0.302165 1.444597 -0.088262 0.760785 0.971880 1.616951 -0.305173 -0.800262 0.247380 -1.041672 0.838553 1.242539 1.154150 1.123073 -0.152632 0.399283 -0.875797 0.418170 -1.547124 0.183037 0.813837 1.285073 0.018267 0.098912 0.370734 0.895172 0.364006 -0.220170 1.005028 -0.929585 1.089677 -0.411623 1.396646 -0.879628 0.296894 -0.152354 0.105912 -0.095022
48 -1.800082 -1.507545 -1.187388 0.280895 1.432988 -0.850771 0.660739 -0.459106 1.029923 -0.513920 -1.507553 -0.659179 0.506982 0.515469 1.288331 -1.160960 1.613536 0.413748 -0.671081 1.098190 1.043184 -0.640133 1.167151 0.853594 -0.120639 0.652394 0.570405 -0.516630 -1.125224 -1.119619 -1.365930 -0.432868 -0.297569 -0.418718 1.521554 -0.815348 -0.333611 0.333005 1.927381 -1.698188 -0.801051 0.914031 0.347035 0.643834 -1.365501 0.161109 0.230966 -1.298893 0.379156 -1.178333
49 -1.009803 0.861788 -1.946194 -1.002720 0.533650 1.171878 0.027083 1.237699 -2.163993 0.334166 -0.478101 -1.164600 0.268416 0.155963 0.851454 -1.793966 0.367928 -0.443811 -0.412903 0.090013 0.314110 0.124835 -0.525626 -1.020659 -0.736253 -1.592561 -0.940421 -0.388460 1.395335 0.986253 -1.044192 -0.353629 -0.577710 0.225145 0.400005 -0.093903 -0.188565 -2.266405 -0.679816 -2.115047 -0.517499 -0.656299 -0.457764 -1.252142 -0.353236 -1.286879 -1.309297 -0.772130 0.576717 2.083240
50 -0.495716 0.533787 -1.077481 0.301981 0.456523 -0.513615 -1.212407 -0.223916 -1.158559 0.767758 1.283740 0.895792 0.215148 0.000774 2.178507 -0.178982 -1.057465 -1.699667 -1.120454 -0.380249 0.787473 0.188337 -0.528922 1.010076 -0.043894 -0.459372 0.150012 -0.384234 -0.682133 -1.769228 -0.388450 0.675439 0.642199 1.121769 0.310747 0.745180 -1.308950 -0.533355 0.222413 0.617811 0.588145 1.140732 -0.453926 0.068645 1.557322 1.535343 0.713493 -0.307101 -0.483548 -0.880468
51 0.495518 1.417193 -0.606502 -1.244303 0.533908 -1.083796 -0.944496 0.970960 1.298645 -2.159119 0.907980 -1.430750 -2.198630 -1.490797 0.713367 1.036853 -1.595000 -1.377053 0.966695 -0.054657 -1.310405 -0.323176 -0.266563 1.388943 0.630469 -1.061546 0.889226 -0.603711 0.886685 -2.456454 0.635376 -1.739280 0.418271 1.418177 0.605816 0.525301 1.388506 0.037143 -0.260113 -0.862360 0.147069 0.055864 -0.719485 0.075652 -2.055427 -0.387670 0.592801 -0.425578 0.758041 0.278136
52 0.237935 -0.736182 0.331681 0.308288 1.551387 -0.271281 -1.493542 0.494753 -0.216650 -0.468311 -1.452132 -0.432064 -0.288290 -1.035575 -0.278765 -0.564070 -0.778921 -0.922777 0.218586 3.352594 -1.981070 0.165144 -0.577468 0.886251 -1.002334 0.900159 0.254356 1.913685 -0.027301 1.337000 0.565035 -1.457502 -0.339187 -0.289494 -0.003675 -1.220824 0.332304 -1.912361 -1.043655 0.557308 1.226761 -1.259905 -0.057019 1.201599 -1.845328 -1.725845 -1.323773 -1.246403 -2.316333 0.041634
53 -0.825145 -0.585289 -1.658672 0.470842 -1.277529 -0.399743 -0.663049 0.378205 1.273906 -0.451947 0.203667 -0.471622 0.223369 -0.146669 -0.630944 1.236432 0.560757 1.469512 -2.546767 0.354944 -1.178247 -0.940830 1.080730 -0.773987 1.521727 1.684167 -1.334905 0.559772 -0.956861 0.370727 -0.303851 -1.975071 -0.721985 -1.374629 2.513287 0.396454 0.483569 -0.037423 -0.917833 1.025872 0.221973 -1.172423 0.047707 0.269102 -2.017768 1.671394 -1.006570 -1.712566 0.168709 -2.366884
54 0.837504 -2.060940 0.715254 0.257181 -0.639326 -2.031517 1.373686 0.239944 1.772609 -0.597457 0.354803 -1.198620 -1.466724 1.584368 -0.184744 1.150859 -1.944429 -0.296545 1.420572 -0.078593 0.881230 0.985800 1.142474 0.548265 -0.433026 -0.765604 -0.021755 -1.042322 0.556540 -0.420679 0.019234 1.117274 -0.235471 0.138695 -2.313643 0.127828 0.841914 -0.835465 -1.047546 0.522097 0.074044 0.805243 0.906056 -0.045929 0.286881 0.516065 0.424824 -1.885418 -0.690495 -0.731025
55 -1.480202 -2.543401 -0.692245 0.958386 -0.313573 0.248814 -0.084962 -0.194105 0.061346 -0.505853 0.910678 -0.546176 1.202922 -0.072086 -0.326565 1.307608 -0.580568 -0.822260 0.957289 -1.096823 0.966439 -0.848571 -0.203688 0.029412 0.658716 0.384457 -0.798160 -0.207748 0.130355 1.346241 0.895570 0.310456 0.350483 0.479226 1.721540 -0.240605 0.600630 0.839029 2.344356 1.003430 -0.138981 0.924388 1.478368 -0.616122 -1.564471 0.727969 -0.622803 0.957624 -0.718908 -0.715937
56 1.477683 0.597185 1.370597 -0.482696 0.278126 0.188144 0.877885 0.324693 0.198600 -0.839265 1.219758 -0.284937 -1.454083 0.748955 1.711072 -1.253923 1.748007 0.282765 1.647374 0.935397 -1.125385 -1.999291 -0.500823 -1.308067 -0.322654 -0.311841 1.263227 -0.041867 -0.355524 0.788460 -0.232448 0.382327 -0.259242 -0.946109 -0.106857 -0.075271 -2.571398 0.153195 -2.294972 -0.658260 0.300637 0.157816 -0.028589 0.295351 -0.167819 0.479681 -1.095646 0.936327 -1.678186 -0.494267
57 1.158836 -0.500214 -0.845335 -0.272223 -1.878097 -1.587086 -0.235326 1.412977 -0.804481 -1.026201 -0.101396 -0.308340 -0.628912 0.679613 -1.232550 1.799243 -0.178306 1.087374 -1.160649 -0.120194 0.443647 -1.875459 -0.314475 0.962773 -1.429724 -1.352685 0.751345 0.035926 -0.962555 1.984115 -0.972019 -2.034194 -0.660773 -1.924008 -0.336621 0.057569 0.215842 0.225977 0.525878 1.337254 -0.692622 0.488234 0.797819 -0.440566 0.296991 0.453109 0.144518 -1.042613 -0.663519 -0.441729
58 0.549565 -0.660862 0.866413 -0.600421 -1.161234 0.738295 0.655616 -0.670991 -1.310853 -0.145732 -0.111339 1.913763 0.060810 0.361811 -0.874413 0.610690 -0.410354 0.075966 0.862681 -0.048496 1.142878 -0.159725 -1.479292 1.868195 -0.140328 -1.314008 -0.871948 1.123230 -0.161334 -0.728522 0.857329 0.974504 -0.720984 -0.059970 1.312462 -1.694746 0.094116 0.679595 0.666914 1.436585 1.834208 -0.998476 1.478111 -1.274235 -0.514965 -0.787418 1.305625 -0.374042 3.187551 0.130529
59 0.546078 -0.013763 -0.290092 1.170681 2.491610 0.491423 -0.827284 1.869843 -0.159047 -0.051069 0.874270 1.722092 0.950459 0.281943 0.241239 -1.573629 -0.585058 0.152966 -0.318897 0.724042 0.743700 0.968937 -0.124762 0.091587 -1.662412 -1.583700 0.353901 0.926701 1.182221 -0.457650 -0.900594 -0.428153 -1.133467 -0.236685 -0.103328 -0.332861 0.347000 -1.609269 1.429620 -1.149690 0.437778 2.017932 -0.566211 -2.544995 1.073407 -0.874113 -0.055906 0.439669 -1.239219 1.291330
60 -0.276168 -0.471379 -0.201587 -0.357539 -0.459992 -0.965349 0.986993 1.853435 1.045433 -0.042035 -0.454056 0.559610 0.437435 0.547032 1.088389 1.078471 -0.716223 1.353373 -0.337524 0.316197 -2.444570 -0.307486 0.465199 -1.499124 0.884880 -1.556224 -1.745337 -0.191429 0.790070 0.998462 0.938507 0.802674 1.414644 0.339519 0.993576 0.345557 -1.030918 0.260913 -0.463217 -0.132791 -1.461528 -0.485334 -0.122860 0.778768 -0.062017 -0.808425 -0.125747 2.256845 -1.004998 -0.850214
61 -0.759654 -0.300858 -0.272271 1.118353 1.071594 -0.322981 0.963700 -0.039085 -1.064164 -0.385286 0.226484 -0.054773 -2.853147 0.082679 0.843851 -0.367138 -0.845756 -1.892930 0.097878 -0.156667 -0.234516 1.815637 -0.142968 1.952556 -0.651965 -1.738720 -0.329741 -0.434394 -0.513528 0.401007 0.690991 -0.914632 0.129370 0.980216 2.504759 -0.506039 1.467339 -0.113312 -0.270471 -0.633595 1.191481 0.268773 0.532603 2.127728 0.351067 -1.385231 0.358034 -0.368298 0.870354 0.421341
62 0.862542 1.514933 -0.422709 1.628125 0.526479 -1.560790 1.130181 0.917377 0.211784 -0.178205 0.598758 -0.341199 -0.079708 0.955717 1.083191 0.016490 1.058002 -0.427931 -0.413315 -0.411941 0.506260 -0.385542 0.733396 -0.673588 -0.051734 0.329479 -0.005566 -1.198238 1.419768 0.614044 -0.400044 -1.023307 -0.323009 0.993779 -0.415644 0.351115 0.224879 -0.612480 -0.404831 0.204359 -0.041052 -0.295962 -1.337957 -0.161215 1.776459 0.835867 -0.018599 1.855097 -0.547240 0.446976
63 1.013483 -0.718227 -0.310035 1.468193 -1.333147 0.879964 1.197490 3.022915 0.789160 1.571174 -0.554344 -0.534022 0.055442 -1.642737 -0.234219 0.569923 1.273326 0.673934 1.419466 0.140456 1.032782 0.332820 0.616782 -1.007720 -0.213922 0.419077 0.436302 -0.404441 -0.455655 -0.641258 0.486756 -0.393606 -0.102117 -0.107286 -0.085234 -0.066142 -1.004599 0.062936 -0.663873 1.071276 0.412084 0.738732 -0.240812 1.911960 0.125118 1.019773 -1.270869 -0.639605 -0.054286 -1.962779
64 1.836005 -0.420919 1.409185 0.087621 0.251578 0.060758 0.625723 -1.362282 -0.914542 0.171444 -2.207957 -2.165466 0.606437 -1.187386 -1.972162 0.702415 -0.376408 -1.245505 -0.453852 0.256003 0.180907 -0.880223 -0.834444 -0.299188 -0.671071 -0.753394 -0.752029 -0.125172 -0.240377 0.125736 1.488691 -0.080892 -0.131336 -1.678572 -1.943357 -2.401699 1.397654 -0.261785 0.126571 0.516510 0.785187 1.584472 1.161314 0.867498 -2.858027 -0.199277 -0.083795 0.700157 -1.321141 0.653888
65 0.415864 1.704855 0.544080 0.266148 -0.390324 -0.540707 0.443430 -0.279984 0.867896 -1.477474 -0.076748 -0.045212 1.052721 0.020545 1.561488 -0.001459 0.701725 -0.697019 0.131855 0.037573 -0.640878 -0.704742 -1.144162 1.646006 -0.507115 -0.605142 -0.245110 -2.112624 -2.816258 -1.558029 0.758126 0.965771 0.518628 -0.775911 0.751694 -0.341592 1.337633 -1.188542 -0.320151 -1.639643 -0.677519 -0.190070 -0.103587 0.585261 -0.463100 1.131370 0.335602 0.333530 -1.592313 1.680908
66 -1.162473 -0.008239 -0.194610 -0.304646 1.880755 0.179481 0.030297 0.294974 1.827206 -0.691719 -0.588414 2.426395 0.754493 -0.204809 0.163941 0.692836 -0.762151 -0.538588 0.467029 0.970549 2.190056 -0.104460 -0.528302 -0.883324 -0.576668 -0.406993 1.216013 -0.802963 -1.243622 -0.806111 -0.565776 1.068188 0.849842 -0.310731 -0.940181 1.115382 -1.959854 1.908112 -0.667495 -2.367057 -0.420463 0.680214 0.012559 -0.425810 0.722069 0.348916 -0.045576 -0.527941 1.164436 0.209015
67 -0.273931 1.022636 0.243373 -0.703438 -0.597588 -0.162701 -0.206362 -0.652338 -0.014413 -0.310530 -1.605379 -0.776314 1.158486 -1.157107 0.220080 0.938206 1.371593 0.368335 -0.474580 1.198681 -1.075222 0.349053 0.621395 0.239577 0.990875 -1.526611 -2.006165 0.270660 0.252433 0.288810 -0.320199 0.322933 -0.877658 -0.485582 -2.022229 0.756233 0.195325 -0.738449 -0.088447 1.549648 -0.723218 -1.630513 -0.053424 0.028519 -0.827693 0.319742 0.902573 -0.216364 -1.467849 0.047221
68 -1.416136 -0.048940 -0.023801 0.029282 0.285979 0.454551 -0.170438 0.473584 -1.140651 -0.693774 -0.995158 -0.730834 -1.565156 -0.762015 -2.067774 -2.073088 -1.649469 -1.029118 -0.672748 -1.378741 1.119085 -1.348372 0.027472 0.655930 0.714948 -0.185952 -1.333352 -0.680702 1.030881 -0.759953 0.552671 -1.316523 1.147776 -0.634472 0.871094 -0.063796 0.332558 0.115668 1.070125 2.104166 1.249651 -1.336222 -1.887714 0.306179 -3.400261 -1.373534 -0.333661 0.509352 -0.360697 -0.207950
69 1.047090 0.596511 -0.243668 -0.058192 0.306298 0.312045 0.325613 -0.074493 0.437386 0.274226 2.073526 1.071829 2.086691 2.142463 -0.226369 -0.612430 1.222115 -0.082723 -0.261574 1.003455 -2.489009 0.079844 -0.632568 0.352962 0.098003 -0.932765 0.709831 -0.319334 0.944847 0.257967 -1.835902 -3.110504 -1.302232 1.375705 1.675907 -0.457262 0.251182 -0.322871 -0.566912 0.662682 -0.965835 1.490842 2.925690 -0.791413 -0.541383 2.560624 0.328932 -0.070336 0.455597 -0.157065
70 0.166964 -0.062195 -1.106642 -0.711595 -2.171604 0.270451 -1.139529 -0.491053 0.085208 -1.304359 -1.308429 0.664853 -0.746004 -0.154970 0.763334 -0.642921 1.548611 -0.479841 1.726870 -0.024375 0.036426 1.161714 -0.411850 0.294010 -0.851676 -0.526956 0.993048 0.355653 -0.504968 0.277288 -0.305046 -0.298111 0.789456 -1.460599 -2.705994 0.057468 -0.474955 1.021059 -0.334941 -1.374954 -1.771249 -0.371023 0.680704 -0.611645 -0.294208 0.196140 -1.300273 -0.225391 0.560407 1.486115
71 1.307662 2.611565 2.283513 1.825941 1.420435 1.739128 -1.290179 2.973487 1.978639 1.291203 -0.444904 1.024383 2.189715 2.870299 -0.029056 2.886739 2.019219 -0.911172 2.411493 -0.051670 3.083533 1.018611 1.327739 2.836977 3.322544 1.581993 -0.430324 -0.323872 0.855879 2.636365 0.904913 2.669524 1.837759 2.189511 1.321256 2.895351 2.560375 3.411048 -1.621586 1.817004 0.276608 1.371764 3.465062 1.900263 -1.140799 1.014620 1.165910 1.376354 3.489629 3.401542
72 4.080586 3.237307 1.734630 2.364883 2.958879 4.995977 1.488809 2.174366 2.246932 2.526507 -0.868158 1.764753 2.203293 1.429225 3.249985 1.805373 2.180091 1.875982 2.216639 2.039848 3.172002 0.116187 3.062396 1.848398 3.762113 2.344116 0.871095 1.934319 0.543178 2.498249 -0.802113 2.167490 1.045543 1.369313 1.850517 2.862162 2.141587 4.547957 -0.033255 3.195657 -0.073711 2.073041 2.116545 1.352262 0.112613 1.969822 0.267325 2.844772 2.403733 3.163941
73 1.333038 1.297498 3.121344 1.231544 2.432325 3.522429 1.047846 1.685128 3.652473 1.417685 1.435292 2.977619 0.496944 0.252072 3.593995 1.832814 2.923580 2.197383 2.531922 0.952114 0.808303 1.103068 1.673866 1.438703 1.282051 0.966351 0.926588 -0.694797 -0.081417 1.008238 1.562508 1.002276 3.118365 3.234750 0.546604 2.554677 1.966857 1.338558 0.278445 0.830650 -0.433039 1.551707 2.066955 2.071624 -1.122692 1.242120 1.129123 1.868757 2.366118 3.138628
74 0.552589 0.218244 0.666191 -0.072111 1.002177 2.516977 -0.512813 -0.561202 -0.557380 -0.268533 -0.367421 1.656835 -1.251604 -1.610158 0.406514 -0.300539 0.266475 1.206970 -0.238798 1.141883 -0.174402 -0.951404 0.126059 1.957582 -0.025683 -1.258165 3.254789 0.844431 0.466969 -0.984051 0.070303 0.281686 0.884346 2.190465 -1.496474 -0.114177 -2.618915 1.174542 -0.412592 2.177492 0.392491 -0.009202 0.441948 -0.258130 2.236506 0.490473 -1.146879 0.698288 -0.488490 -0.067385
75 -0.127946 -0.450892 -0.636206 0.754430 1.035051 -0.737666 1.156377 0.984497 -0.001041 0.806526 0.387249 0.259366 0.127961 1.492165 0.701383 -2.315016 -0.659355 -0.260352 -1.323177 0.826246 -0.581104 1.405733 0.581991 -1.215293 -1.574946 -0.408329 -0.243025 -0.562900 1.555531 -0.501858 -0.750989 -0.239878 1.385064 -1.042470 -0.870895 -0.421020 -0.343349 0.856711 0.923429 -0.903026 0.965087 1.474637 -0.401819 -1.734902 0.766128 1.467733 1.325060 0.158766 -0.643626 -0.587122
76 -1.671084 -0.723793 2.660214 -0.172139 -0.858450 0.103616 0.510740 -0.593119 0.173105 1.238455 0.267741 1.408131 -0.741604 0.727777 0.901198 0.905275 0.734905 -0.611540 -0.005049 -0.822005 -0.572328 -0.203239 -0.994057 -0.380615 -0.304757 -0.902347 0.898036 0.316471 0.586187 -1.145562 -0.332852 0.767828 0.218423 -0.264228 -1.288651 0.791548 -0.217801 -0.640943 -1.992059 -0.174057 -0.299476 -0.351327 -0.838921 1.177558 -0.402317 2.152959 -0.137734 0.707005 -0.016163 -0.222403
77 0.540117 -0.528258 -3.165308 0.814515 0.496120 -2.437478 -2.483491 1.171621 -0.706112 1.231591 1.446042 -0.057829 0.742763 -1.013546 -1.730990 1.602653 -0.733703 -1.045580 2.279466 -0.371843 -0.931874 -0.670899 0.497770 -0.994147 0.920658 0.577893 -0.344496 1.016553 0.631195 0.612499 -0.586817 0.709596 -0.433228 -1.206707 -0.635523 -1.174726 -1.643081 -1.465155 -1.500602 0.475838 0.028268 0.625601 1.198439 0.214046 -0.138927 1.826118 -0.188205 0.943005 0.041244 -1.341974
78 -1.207724 -0.015521 0.252864 -0.864158 -0.144842 -0.082035 1.036612 0.614490 -1.401941 -0.817766 -1.218552 0.602206 -0.694763 0.397068 -1.303347 1.652500 0.777904 -1.524167 -0.400895 -0.432411 1.357314 -0.762560 1.213364 0.757499 -2.228731 -2.338240 0.913756 -2.248181 -0.424706 0.753868 -0.004868 1.838822 -0.527843 1.055755 0.773189 -0.404124 1.025130 0.414891 0.358953 -0.325926 -1.328896 0.272499 0.003331 0.508304 0.196490 0.686799 -0.539695 0.150794 1.080647 -1.439939
79 0.562674 -0.380226 0.400672 -1.476458 0.589037 -0.189303 -1.101922 -0.318285 -1.519828 -0.345803 -0.049484 -0.486273 0.283343 1.641035 -1.759497 1.868400 1.381580 -0.675953 1.393713 0.835484 -1.246909 0.342280 -1.043296 0.077016 -0.639707 0.738480 0.478806 1.760209 -1.172087 -1.078611 1.120859 0.308167 0.787695 1.318057 0.978029 0.956733 -0.686818 0.763085 0.835465 -0.068233 1.163188 -0.894048 -0.841298 0.123670 1.021286 -1.039619 -1.371202 -0.595414 0.765662 1.529135
80 -0.200997 -2.209561 0.307346 0.365718 -0.489950 -2.087971 0.781801 -1.128788 0.027429 -1.086076 0.091505 0.931685 -0.493333 -0.664385 -1.045045 -0.617682 -0.785502 -0.045984 -1.016035 0.427922 0.277787 0.038840 -2.009721 0.346319 -0.847005 0.118064 -0.782863 1.171958 -0.598623 0.195921 -1.266952 0.643979 0.362702 -0.969550 -0.476746 0.445912 -0.824224 0.941053 -1.024196 -0.080115 -0.343247 -0.031386 0.015184 0.629457 0.182981 0.811233 1.001909 -0.759109 0.242661 0.876125
81 0.110301 0.683032 3.791132 2.292285 1.685434 0.935380 0.515541 2.278535 1.224126 1.382448 -1.771626 2.469482 1.579098 2.700828 1.706121 1.445577 3.868541 2.192040 1.664330 1.964115 2.321491 -0.565367 2.989719 3.004328 1.605684 3.901851 2.523568 -1.583965 -0.072236 0.674117 -0.585198 2.694569 0.674605 1.505410 0.592199 2.001099 1.690728 2.019485 0.949637 1.376960 -0.286928 2.203721 0.932063 2.010622 0.862601 1.413196 0.044142 1.124301 3.982067 1.378926
82 0.784003 2.564150 4.250236 2.740191 3.281676 3.974122 0.692696 1.749158 0.093161 1.027331 0.790292 2.877534 2.940716 0.321675 3.472131 2.562369 1.201259 3.067604 -0.088253 2.058826 2.064213 -0.750161 2.298793 1.426432 2.219672 2.228971 2.443746 0.830363 -0.362046 2.276977 -0.736951 3.212046 0.861009 3.101661 2.299117 1.907573 2.979192 4.429085 -0.580756 2.322922 0.765392 2.139781 2.149989 1.457679 0.134741 2.768424 2.460341 3.305821 2.771366 3.226675
83 -0.304005 -0.205729 1.106413 1.075482 -0.792700 0.986083 -0.810795 0.022460 1.037281 1.911621 -1.250256 0.130379 -0.270547 -0.349130 1.714239 -1.411466 -0.783034 -0.992976 -1.201490 2.186129 -0.511435 0.453918 -0.149908 -0.743519 -0.193245 0.198394 -0.262978 -0.781471 0.654278 1.319835 0.253182 0.437619 1.306328 -0.555673 1.050623 2.010005 -1.272020 -0.441207 -0.418919 1.416856 -0.146339 -1.867915 -1.360149 0.186178 -0.640337 -0.586864 0.779497 -1.335717 0.441880 0.649355
84 0.425799 -1.026270 0.026331 0.657170 -0.084263 -0.404721 -1.351030 -0.086427 -0.554770 -0.970055 -1.348998 -0.041136 -1.171318 -0.202183 0.555714 0.966633 0.502731 -2.137841 0.479741 -0.819658 -0.144070 -0.100015 -0.823007 -2.044290 -1.137771 1.169658 1.477446 -2.110931 1.324420 -0.656086 0.995543 -1.167019 1.210777 -0.632068 -0.300457 0.503107 -0.401703 1.498527 0.831212 -0.692975 0.547121 -0.457949 0.648302 1.096717 0.459563 0.639366 1.668125 0.505146 1.058913 -1.041430
85 1.100203 0.262434 0.336101 -0.380380 -0.602062 -1.329868 1.005827 2.069188 0.536804 -0.033422 1.774138 -1.348675 0.341713 0.413540 -0.625060 -0.005245 -0.377887 0.839287 -0.330757 -0.386577 -0.979738 -0.478267 0.425156 0.299523 0.378656 -1.470073 0.349449 -0.809387 0.055659 2.023163 -1.322700 1.245311 -1.848181 0.215755 -0.725831 -0.645373 -0.455253 0.876444 -0.683822 0.041662 -0.462296 -1.033981 -0.693454 1.148537 -0.300335 0.021746 0.292246 -0.939812 -0.366514 -1.431236
86 -1.013134 -0.364339 1.237992 -1.590408 -1.155786 -0.020541 2.042655 0.580846 0.230185 -0.084671 -0.335712 0.024107 -0.997103 -1.379499 0.772002 0.099006 0.907576 1.572385 1.144456 -1.259140 2.131081 -0.584902 -0.477206 0.729546 1.258490 -0.032478 -1.867419 0.486388 0.331095 0.329990 -0.064880 0.170186 0.219916 0.497667 1.044451 0.194247 1.052561 -0.338212 -0.240955 1.330159 0.137932 -0.368236 -1.562990 0.110328 1.542817 0.712934 -0.917082 -0.322532 -1.189947 -1.064330
87 -0.610674 -0.193595 -0.421945 -0.945705 1.421861 0.254250 -0.131499 -0.953481 -1.818836 0.662245 -2.150169 0.168640 -1.648635 -1.790476 -1.977545 -0.530932 0.389032 0.070574 2.818200 -0.766213 1.030460 0.216467 -0.191861 0.635861 -0.263218 0.340510 -0.609040 0.075359 0.314433 1.503201 -0.209116 -1.459866 -1.087369 -1.288131 -0.587644 -0.687577 -0.448621 -0.934156 -0.069886 -1.140292 -0.943238 0.065955 0.258009 -0.320842 1.488409 1.782030 -1.446120 0.279151 0.861930 -1.384462
88 -0.934781 0.547383 0.503621 -0.855283 -1.066611 0.520911 -1.822394 -0.337699 1.155637 -0.549367 -1.290946 1.076071 0.133725 1.302601 -0.746732 0.547090 -0.553482 -0.203829 1.103249 -0.099470 0.123663 0.495729 -0.419772 0.548618 0.590094 -1.251996 0.446718 -1.008211 -0.332313 -0.572642 0.229014 -0.463084 0.212616 -1.340656 -1.669533 0.150560 1.103418 -0.009239 -0.050501 -0.303663 -0.721533 0.951956 -0.906877 1.712402 0.358779 0.771729 1.518467 1.979001 -0.045174 -0.757462
89 -0.087130 -1.463493 -0.963411 0.261151 -2.426435 -1.306758 -0.100556 0.470927 -0.948099 0.341552 -0.011070 2.025943 -0.415433 0.399325 1.019014 -1.112829 -0.435115 2.467890 -0.898910 -0.433514 0.835824 1.518628 -1.979561 -0.275524 0.771486 0.712885 -0.515870 0.984171 0.796599 -0.385022 0.590420 0.700489 -1.084734 2.287825 -1.854585 -1.533174 0.921040 0.934554 1.690565 -0.251790 -0.192563 0.653431 -1.054560 -1.111084 0.267402 -1.579809 -0.493241 -1.253813 0.936916 1.299221
90 0.083982 -0.107776 0.630070 1.730944 1.026098 -1.312854 0.664714 1.258424 0.537670 0.469792 -1.108925 1.016139 0.364481 1.058548 -1.247244 -0.010001 -0.857690 2.096796 1.502828 -0.076712 1.243187 0.873561 -0.001181 0.719370 1.218744 -0.939397 0.969006 0.182026 0.276212 -1.283596 0.409250 -0.555199 0.117962 -0.392480 -0.082576 0.123849 -0.054405 0.859939 0.255328 -0.370758 -0.683520 1.052162 -0.499620 1.280719 1.073073 0.431126 -0.801232 -0.932492 0.700572 0.524547
91 -1.206892 2.245040 -1.769652 -1.513689 -0.472260 -0.494487 -0.154262 -0.297256 -1.114282 -0.846760 -0.944530 1.619087 -0.378455 -0.550961 0.938790 -1.221922 0.572605 0.317755 -0.335302 -0.664074 -0.995754 0.572984 -2.772669 -0.164360 0.949389 -0.333567 -0.680783 0.848574 -0.358312 0.690910 0.414955 1.500115 0.074072 -1.407786 1.582819 -0.129697 0.468928 0.786752 -1.013496 2.174023 -0.784499 -0.970774 -1.454825 -1.180854 1.479250 0.013468 1.838031 1.421865 0.600022 -0.068582
92 -1.107624 0.906096 -0.569040 -1.655505 -0.967494 -0.475732 -0.533158 1.027333 -0.285124 -1.375940 0.280398 -1.727149 1.284158 0.916276 -0.998199 -0.091776 0.442571 -0.152920 0.904111 -0.384588 -0.558612 0.268594 0.257252 0.372622 -0.843574 1.158984 -0.762963 -0.627481 -1.576965 -0.156616 -2.521442 -0.798865 0.485059 0.705813 -0.798814 -0.411260 0.489615 -0.784604 -1.629521 0.746065 0.275963 -0.532155 -0.452683 -0.947354 -0.200865 -0.755994 -0.634954 0.633397 1.275351 0.560681
93 -1.172921 -0.556167 0.083831 -1.594682 0.904459 1.197607 -0.300124 1.118493 -1.117311 1.339279 0.344319 -0.474616 1.252273 -1.232455 0.021958 -0.068408 -1.356729 1.284636 -0.800951 0.167459 1.770480 0.310980 -1.501621 -0.134189 1.012897 1.791954 2.089948 0.633181 0.027858 -0.627918 -0.554950 1.301632 -0.338573 1.478877 2.240073 -0.845100 0.778462 2.550406 0.452648 -0.294903 -0.765650 -0.316675 0.633818 -1.103930 0.930492 0.825704 0.515546 0.513353 -1.536025 0.220779
94 0.607019 1.034825 0.313067 1.569747 0.256425 -1.527540 -0.132411 -0.394509 0.275987 1.188317 -0.965378 1.089952 0.510423 0.353063 -0.745656 0.358816 0.794396 -0.972036 0.538890 -0.830019 0.903790 -0.265947 1.615699 0.394644 0.539418 0.865493 0.084298 -1.012979 -1.119767 -0.669304 1.289568 0.135730 -0.962663 -1.214819 -0.215554 0.130759 0.445147 0.159495 0.364408 1.334431 0.277988 -0.494263 -0.891996 -0.697744 -1.021799 0.304815 -0.289370 0.239269 1.857271 -2.027677
95 0.438022 -2.166754 2.004834 -1.130903 0.996616 0.207823 0.745971 1.224145 0.354942 1.461407 0.978126 0.224262 -0.409388 -1.232445 0.286818 0.289937 -1.743121 1.230219 1.688054 1.511460 1.172749 0.001199 0.994576 -1.510652 2.347969 0.118926 -0.935875 0.717774 -0.250320 -1.488433 -0.916536 -1.466320 -0.509559 0.342917 -0.252091 1.277503 -0.189065 0.252132 0.518226 -0.526366 -0.596692 0.244615 -0.152070 1.498399 -0.467189 -1.296713 -0.650047 -2.800128 -1.184150 -1.599744
96 1.551797 -1.107434 0.499584 -0.246056 -0.361464 -0.875013 -1.513344 -0.047249 -0.433930 1.168920 -1.789959 -0.526472 -0.383042 0.848015 0.579771 0.462038 1.480281 -0.059546 1.982451 0.018156 0.782417 0.030669 0.014763 0.232197 -0.612941 -1.212284 0.305113 -0.301883 -1.322174 0.388821 2.214445 -0.044077 1.566736 0.998778 0.183788 0.323185 -1.501219 -0.237807 0.674958 2.377103 -0.963747 -0.936011 -0.715783 0.249509 -0.740002 1.221185 -0.042802 -0.007724 0.039456 1.665241
97 -0.239644 -2.490764 -1.605811 -0.393622 0.586220 -0.650245 -0.809652 0.173520 -0.492513 0.753284 -0.025272 -1.298528 -1.723514 0.607308 -0.012160 -0.535813 1.429657 -1.610756 -1.804960 -1.829813 0.305484 -0.421798 1.912778 0.597377 0.739544 -0.881929 0.819910 -0.406787 -0.485095 1.295335 0.859445 -1.198475 -0.201671 -0.700505 -1.574465 -1.420518 0.952598 1.003198 -2.153151 -0.336398 1.624001 -1.802532 -0.467027 -0.784259 -0.739930 0.496959 -0.165607 1.264054 -0.224225 -0.538954
98 0.480418 3.221907 2.087460 0.570381 0.281033 -0.446567 0.534406 -0.653588 -0.590242 0.525121 0.963580 -0.444869 -0.553112 1.020162 0.457765 -2.050559 1.107356 -0.253639 -0.107714 1.421896 -0.166909 -1.006653 0.492450 -0.448998 0.458022 -0.290940 -0.733994 -0.940779 1.854411 0.024435 -0.167413 -0.075670 3.330729 -1.151018 1.563643 -0.715831 0.698336 -1.192748 -0.603260 0.271191 -0.852536 -0.379643 -0.111504 -1.243402 0.455373 -0.043672 0.840927 -1.449903 0.765028 0.920945
99 2.430454 0.685878 -0.670296 0.495776 1.101384 1.511211 -0.244714 0.072863 -0.009412 -0.842439 0.512799 0.085382 -0.466458 0.452337 -1.063980 -0.829961 0.558552 0.010835 1.290502 1.645268 1.938911 -0.557253 0.067100 1.918243 1.236048 1.194299 -1.046105 -0.162101 0.103327 2.144589 0.335513 -0.976969 0.410591 -0.165533 0.081547 -0.013694 -0.188902 0.136174 -1.154315 -1.396683 0.843194 0.691739 0.474285 1.214807 1.049786 -0.046362 -0.739955 1.830851 -2.371950 0.459638
END
#################################################################
SECTION3 (Edges Information)
EndPoint0 EndPoint1 Weight
0 1 1.000000
0 9 1.000000
0 10 1.000000
0 90 1.000000
1 0 1.000000
1 2 1.000000
1 11 1.000000
1 91 1.000000
2 1 1.000000
2 3 1.000000
2 12 1.000000
2 92 1.000000
3 2 1.000000
3 4 1.000000
3 13 1.000000
3 93 1.000000
4 3 1.000000
4 5 1.000000
4 14 1.000000
4 94 1.000000
5 4 1.000000
5 6 1.000000
5 15 1.000000
5 95 1.000000
6 5 1.000000
6 7 1.000000
6 16 1.000000
6 96 1.000000
7 6 1.000000
7 8 1.000000
7 17 1.000000
7 97 1.000000
8 7 1.000000
8 9 1.000000
8 18 1.000000
8 98 1.000000
9 0 1.000000
9 8 1.000000
9 19 1.000000
9 99 1.000000
10 0 1.000000
10 11 1.000000
10 19 1.000000
10 20 1.000000
11 1 1.000000
11 10 1.000000
11 12 1.000000
11 21 1.000000
12 2 1.000000
12 11 1.000000
12 13 1.000000
12 22 1.000000
13 3 1.000000
13 12 1.000000
13 14 1.000000
13 23 1.000000
14 4 1.000000
14 13 1.000000
14 15 1.000000
14 24 1.000000
15 5 1.000000
15 14 1.000000
15 16 1.000000
15 25 1.000000
16 6 1.000000
16 15 1.000000
16 17 1.000000
16 26 1.000000
17 7 1.000000
17 16 1.000000
17 18 1.000000
17 27 1.000000
18 8 1.000000
18 17 1.000000
18 19 1.000000
18 28 1.000000
19 9 1.000000
19 10 1.000000
19 18 1.000000
19 29 1.000000
20 10 1.000000
20 21 1.000000
20 29 1.000000
20 30 1.000000
21 11 1.000000
21 20 1.000000
21 22 1.000000
21 31 1.000000
22 12 1.000000
22 21 1.000000
22 23 1.000000
22 32 1.000000
23 13 1.000000
23 22 1.000000
23 24 1.000000
23 33 1.000000
24 14 1.000000
24 23 1.000000
24 25 1.000000
24 34 1.000000
25 15 1.000000
25 24 1.000000
25 26 1.000000
25 35 1.000000
26 16 1.000000
26 25 1.000000
26 27 1.000000
26 36 1.000000
27 17 1.000000
27 26 1.000000
27 28 1.000000
27 37 1.000000
28 18 1.000000
28 27 1.000000
28 29 1.000000
28 38 1.000000
29 19 1.000000
29 20 1.000000
29 28 1.000000
29 39 1.000000
30 20 1.000000
30 31 1.000000
30 39 1.000000
30 40 1.000000
31 21 1.000000
31 30 1.000000
31 32 1.000000
31 41 1.000000
32 22 1.000000
32 31 1.000000
32 33 1.000000
32 42 1.000000
33 23 1.000000
33 32 1.000000
33 34 1.000000
33 43 1.000000
34 24 1.000000
34 33 1.000000
34 35 1.000000
34 44 1.000000
35 25 1.000000
35 34 1.000000
35 36 1.000000
35 45 1.000000
36 26 1.000000
36 35 1.000000
36 37 1.000000
36 46 1.000000
37 27 1.000000
37 36 1.000000
37 38 1.000000
37 47 1.000000
38 28 1.000000
38 37 1.000000
38 39 1.000000
38 48 1.000000
39 29 1.000000
39 30 1.000000
39 38 1.000000
39 49 1.000000
40 30 1.000000
40 41 1.000000
40 49 1.000000
40 50 1.000000
41 31 1.000000
41 40 1.000000
41 42 1.000000
41 51 1.000000
42 32 1.000000
42 41 1.000000
42 43 1.000000
42 52 1.000000
43 33 1.000000
43 42 1.000000
43 44 1.000000
43 53 1.000000
44 34 1.000000
44 43 1.000000
44 45 1.000000
44 54 1.000000
45 35 1.000000
45 44 1.000000
45 46 1.000000
45 55 1.000000
46 36 1.000000
46 45 1.000000
46 47 1.000000
46 56 1.000000
47 37 1.000000
47 46 1.000000
47 48 1.000000
47 57 1.000000
48 38 1.000000
48 47 1.000000
48 49 1.000000
48 58 1.000000
49 39 1.000000
49 40 1.000000
49 48 1.000000
49 59 1.000000
50 40 1.000000
50 51 1.000000
50 59 1.000000
50 60 1.000000
51 41 1.000000
51 50 1.000000
51 52 1.000000
51 61 1.000000
52 42 1.000000
52 51 1.000000
52 53 1.000000
52 62 1.000000
53 43 1.000000
53 52 1.000000
53 54 1.000000
53 63 1.000000
54 44 1.000000
54 53 1.000000
54 55 1.000000
54 64 1.000000
55 45 1.000000
55 54 1.000000
55 56 1.000000
55 65 1.000000
56 46 1.000000
56 55 1.000000
56 57 1.000000
56 66 1.000000
57 47 1.000000
57 56 1.000000
57 58 1.000000
57 67 1.000000
58 48 1.000000
58 57 1.000000
58 59 1.000000
58 68 1.000000
59 49 1.000000
59 50 1.000000
59 58 1.000000
59 69 1.000000
60 50 1.000000
60 61 1.000000
60 69 1.000000
60 70 1.000000
61 51 1.000000
61 60 1.000000
61 62 1.000000
61 71 1.000000
62 52 1.000000
62 61 1.000000
62 63 1.000000
62 72 1.000000
63 53 1.000000
63 62 1.000000
63 64 1.000000
63 73 1.000000
64 54 1.000000
64 63 1.000000
64 65 1.000000
64 74 1.000000
65 55 1.000000
65 64 1.000000
65 66 1.000000
65 75 1.000000
66 56 1.000000
66 65 1.000000
66 67 1.000000
66 76 1.000000
67 57 1.000000
67 66 1.000000
67 68 1.000000
67 77 1.000000
68 58 1.000000
68 67 1.000000
68 69 1.000000
68 78 1.000000
69 59 1.000000
69 60 1.000000
69 68 1.000000
69 79 1.000000
70 60 1.000000
70 71 1.000000
70 79 1.000000
70 80 1.000000
71 61 1.000000
71 70 1.000000
71 72 1.000000
71 81 1.000000
72 62 1.000000
72 71 1.000000
72 73 1.000000
72 82 1.000000
73 63 1.000000
73 72 1.000000
73 74 1.000000
73 83 1.000000
74 64 1.000000
74 73 1.000000
74 75 1.000000
74 84 1.000000
75 65 1.000000
75 74 1.000000
75 76 1.000000
75 85 1.000000
76 66 1.000000
76 75 1.000000
76 77 1.000000
76 86 1.000000
77 67 1.000000
77 76 1.000000
77 78 1.000000
77 87 1.000000
78 68 1.000000
78 77 1.000000
78 79 1.000000
78 88 1.000000
79 69 1.000000
79 70 1.000000
79 78 1.000000
79 89 1.000000
80 70 1.000000
80 81 1.000000
80 89 1.000000
80 90 1.000000
81 71 1.000000
81 80 1.000000
81 82 1.000000
81 91 1.000000
82 72 1.000000
82 81 1.000000
82 83 1.000000
82 92 1.000000
83 73 1.000000
83 82 1.000000
83 84 1.000000
83 93 1.000000
84 74 1.000000
84 83 1.000000
84 85 1.000000
84 94 1.000000
85 75 1.000000
85 84 1.000000
85 86 1.000000
85 95 1.000000
86 76 1.000000
86 85 1.000000
86 87 1.000000
86 96 1.000000
87 77 1.000000
87 86 1.000000
87 88 1.000000
87 97 1.000000
88 78 1.000000
88 87 1.000000
88 89 1.000000
88 98 1.000000
89 79 1.000000
89 80 1.000000
89 88 1.000000
89 99 1.000000
90 0 1.000000
90 80 1.000000
90 91 1.000000
90 99 1.000000
91 1 1.000000
91 81 1.000000
91 90 1.000000
91 92 1.000000
92 2 1.000000
92 82 1.000000
92 91 1.000000
92 93 1.000000
93 3 1.000000
93 83 1.000000
93 92 1.000000
93 94 1.000000
94 4 1.000000
94 84 1.000000
94 93 1.000000
94 95 1.000000
95 5 1.000000
95 85 1.000000
95 94 1.000000
95 96 1.000000
96 6 1.000000
96 86 1.000000
96 95 1.000000
96 97 1.000000
97 7 1.000000
97 87 1.000000
97 96 1.000000
97 98 1.000000
98 8 1.000000
98 88 1.000000
98 97 1.000000
98 99 1.000000
99 9 1.000000
99 89 1.000000
99 90 1.000000
99 98 1.000000
END
#################################################################
SECTION4 (TrueSubGraph Information)
EndPoint0 EndPoint1 Weight
73 72 1.0
72 71 1.0
71 81 1.0
81 82 1.0
END
#################################################################
SECTION5 (Labels Information)
1 1 1 1 1 1 0 1 1 1 0 1 1 1 1 1 1 1 1 1 1 0 1 1 1 1 1 0 0 1 0 1 1 1 0 1 1 1 0 1 0 1 1 1 0 1 1 1 1 1 
END
#################################################################
SECTION6 (bt Information)
5 5 5 5 5 5 -5 5 5 5 -5 5 5 5 5 5 5 5 5 5 5 -5 5 5 5 5 5 -5 -5 5 -5 5 5 5 -5 5 5 5 -5 5 -5 5 5 5 -5 5 5 5 5 5 
END
#################################################################
