#################################################################
#APDM Input Graph, this input graph includes 3 sections:
#section1 : general information
#section2 : nodes
#section3 : edges
#section4 : trueSubGraph (Optional)
#
#if nodes haven't information set weight to null
#################################################################
SECTION1 (General Information)
numNodes = 100
numEdges = 200
usedAlgorithm = NULL
dataSource = SimulationData2
END
#################################################################
SECTION2 (Nodes Information)
NodeID Base Counts
0 0.135099 -0.865282 -0.709645 -0.100435 0.847836 -1.564307 1.740491 -1.913937 0.334720 -0.722017 -2.420943 0.506855 2.208133 1.258688 -0.296706 -0.524092 0.685877 1.728955 0.955130 -0.124415 -0.431010 2.370383 0.082709 -1.825432 -1.149401 0.129605 1.919402 -0.583172 -1.360655 -0.974240 2.320336 0.193288 0.744405 -1.296489 0.387777 0.325995 0.061514 -0.999404 -1.543934 -0.412572 -0.149711 0.184011 0.782090 0.958183 -1.798751 -0.306633 2.017697 1.299102 -1.299875 0.975604
1 -0.279636 -0.874304 -0.277743 -0.430577 1.594522 1.200279 0.554018 0.265866 1.012853 -1.979508 -0.367929 2.368966 0.504732 -0.540559 0.302455 0.842758 0.035112 0.690783 -0.699243 0.110659 0.901342 -0.997629 1.636333 -1.814895 -1.340183 -1.536061 -0.296996 -2.018852 -0.942937 2.183122 0.255688 -0.332163 0.357672 -0.463364 0.708456 0.248111 0.141577 0.764660 -0.879508 -0.329230 0.519496 0.012281 0.761642 -0.010552 -0.227647 0.808135 0.119971 0.078012 -2.076716 -1.267047
2 2.087720 -1.129632 1.747597 1.116713 -0.013006 -1.617121 -1.224809 -0.707206 0.315279 0.037739 0.694330 -0.676964 -0.399737 0.289605 1.305878 -1.008415 1.142787 0.565446 -1.889218 1.412142 -0.826959 0.052217 -0.959641 0.786030 -0.160618 -0.293754 -0.459706 0.167976 0.724724 0.957500 -1.270435 1.298968 0.101538 -1.303818 -0.477236 1.527382 -0.323846 0.150931 0.459164 -0.156421 -1.473511 0.177630 0.050808 -0.631750 0.279726 0.081566 1.048950 -0.917105 1.334862 -0.457217
3 0.152772 -0.541832 1.391179 -0.118697 -0.660902 -0.629153 0.815230 -0.598845 0.315726 2.155265 -0.361615 0.326933 -0.997962 0.992473 0.399537 -0.498365 0.225549 -0.799296 -0.090719 -0.697601 -0.872417 1.042542 0.938218 -0.804865 0.413127 -0.408128 1.284076 1.624772 -0.463379 -0.197247 1.330610 -0.478294 -0.688876 -0.148784 0.110753 0.217087 0.378258 0.584594 -1.239766 -0.846156 -1.395129 -0.741025 0.729200 0.017411 -0.524560 -0.774605 0.484831 0.288880 -0.579469 -0.216862
4 -1.557467 -0.146624 0.231215 -0.514443 -1.708346 -0.685171 2.086456 0.163628 0.574143 1.260357 -0.684574 0.308466 1.354825 -1.526677 0.235402 -2.121793 -1.921340 -0.873871 0.358814 -0.000607 2.960651 3.586767 0.538257 0.506119 -2.205983 0.382792 -0.209634 1.020994 -0.393152 -1.241812 0.884122 -1.859531 -2.064519 1.396589 1.200665 -0.505388 1.345505 -0.237244 -0.038778 0.991968 -0.899733 1.004689 -0.619980 -0.018604 -0.189062 1.920262 -0.110078 0.158087 0.808948 0.540578
5 -0.106828 -1.135313 -0.997277 0.364575 0.068766 -0.392995 0.128313 1.097522 -0.806762 -1.060782 -0.025923 -0.264431 -1.089713 0.273950 -1.059030 -0.115979 0.700309 0.455113 -0.243103 -1.082365 0.977826 0.745532 1.079712 -0.751208 -0.210490 1.245651 -0.290340 -0.538121 -0.354886 0.021181 -0.634991 0.694900 1.408700 -0.472611 0.483852 0.485671 1.494113 0.221675 -1.190194 -0.880102 0.869330 0.316221 -1.230159 0.722226 -2.260030 0.560237 1.125222 -1.101385 -0.295242 0.493525
6 1.464728 -0.741926 0.479292 1.322925 0.973251 -0.375629 0.350442 0.484992 1.623789 -0.000732 0.767233 -1.803809 -0.566308 0.244243 -1.113165 -0.366633 0.160872 -1.033502 -0.445727 2.404506 0.448835 -1.012484 -1.196610 -0.637545 0.129667 0.303745 -0.810821 -2.813281 0.551120 -1.173406 -0.165745 -1.790764 -0.140554 -0.039701 1.214808 -1.122782 0.637248 -1.692152 0.737651 -0.695930 0.290841 -0.371720 0.458020 0.291808 1.401145 0.386134 -1.778715 -1.691016 0.442914 -0.570503
7 0.435887 0.036136 1.091919 -0.112462 -0.378094 0.062453 0.266205 -0.977022 0.045062 -0.329810 -0.729368 -0.545365 -1.169160 0.334369 -0.201948 0.871080 -1.764509 0.054215 0.084805 1.258667 -0.371983 -0.657353 0.733786 -1.490321 0.426803 1.030193 0.322483 0.298954 -1.008900 -1.529854 -2.381860 -0.560479 0.460287 0.924982 -0.949001 -1.151054 0.331810 -0.953761 -1.226203 0.197258 -0.098286 1.735668 0.726736 -0.104259 1.252181 0.672322 1.099483 1.038447 1.237301 -0.802330
8 -0.063825 -1.488709 -0.175035 0.025467 0.094969 1.487669 1.083251 0.568418 1.179852 -1.451390 0.501304 1.403673 0.206315 -0.134029 -0.375775 -1.119698 0.983876 -0.561579 -0.633413 1.086489 -0.095571 -0.205005 0.227223 -1.668555 -0.105519 2.030983 1.080564 -0.458593 0.856045 0.278691 0.349130 0.162396 -0.299805 -0.026339 -0.321274 -0.376878 -0.366407 0.817702 2.083728 0.601754 -0.671249 1.001263 -0.575493 -0.085831 0.657137 1.338496 -1.538928 1.874148 0.133833 -1.934046
9 -0.779087 -0.170637 0.034757 0.627133 0.455738 -1.085104 -1.488635 -0.343011 -0.397357 1.021126 -0.811520 0.746167 0.675863 0.726816 0.240225 -0.853845 0.473033 -1.592721 -1.577055 -0.364689 0.104558 1.756554 0.065482 -1.937009 -1.161750 -0.437183 -0.825403 0.944969 0.055279 0.668101 -0.733209 0.171038 -2.739240 0.754727 -1.656413 1.486416 -1.451756 0.554048 0.509790 -0.845167 -1.236209 0.565354 0.318238 0.140823 -0.111804 -1.982129 -0.444834 -0.979291 -0.171191 0.743169
10 -0.645260 -0.489357 0.269885 1.912154 -0.791000 -2.191570 0.389785 -0.181812 1.136183 -0.427659 0.684163 0.506544 0.530118 -0.825194 0.738337 1.217123 -1.369512 -1.154598 0.236862 -1.147598 1.302455 0.152618 0.098300 -0.432695 0.686956 1.136610 -0.422497 -0.236251 -0.604374 -0.345312 0.739013 -0.630914 -0.245706 -0.297676 0.318827 0.811954 1.058380 -2.507862 3.823319 0.611229 -1.256024 0.059653 -1.224216 -0.198852 -1.289072 0.288278 0.647650 1.190119 -0.806025 -1.830682
11 -0.992691 -0.269211 -0.186337 2.560064 0.046612 -1.674234 0.967888 0.367726 -0.228864 1.960434 2.161422 -0.987579 -1.555111 0.664599 -0.625835 0.373152 -1.041403 -0.329816 0.409301 -0.619578 0.288750 0.914053 -1.214557 -0.047358 0.007497 -0.301507 -0.550060 -1.992205 0.809361 0.087770 -0.267436 1.196843 -0.680990 0.404360 -0.030147 1.563534 -2.061378 -0.157976 -0.440555 0.650510 0.900253 -0.533674 -0.210851 -0.406613 -0.851500 -0.261594 0.574061 -1.741776 0.677119 -0.091015
12 0.636255 -0.361585 -0.536369 -0.015180 0.219278 -0.210685 0.955505 -0.595965 -1.293080 3.281353 -0.393273 0.277070 -1.748122 -1.207870 0.799174 0.692497 -0.197175 -0.076451 0.517064 -2.717923 -1.178794 -0.776014 -0.402812 0.115674 -0.805357 0.984913 -0.330437 -0.421360 -0.835145 0.297014 -0.034317 -0.066863 1.773690 0.718746 -0.528236 0.046671 0.358995 -0.843111 -0.201871 -1.522637 0.254421 1.658625 0.506363 -1.137192 -1.350150 0.777449 -0.757572 -0.035006 0.310737 1.034192
13 0.604296 0.883127 -0.466046 0.165089 -0.787303 0.044246 -0.336874 0.980614 0.464255 -1.689143 0.325827 -0.807629 0.073405 1.081404 -1.918194 1.067801 1.467313 1.908284 0.183925 -0.952950 -0.001206 0.629493 1.957262 0.183491 0.464592 -0.060328 -0.807077 -0.222907 1.903589 0.549829 -0.689493 1.040994 -0.329590 -1.974336 0.437828 -0.192768 0.450699 0.730614 -2.083128 -0.353932 -0.120556 -0.530932 -0.886284 1.223921 0.060665 -2.170147 1.193681 -0.379494 0.658972 -0.140712
14 0.022424 0.765059 0.005924 1.255729 -2.201726 0.225368 -1.051011 -0.640193 -0.310749 -0.821916 0.299205 -0.328719 0.188179 -1.045137 0.408958 -0.046026 -1.323972 -0.058876 -0.109540 1.074599 0.996531 -0.466412 0.367483 -0.368209 -0.793794 -0.531925 -1.582504 -0.439112 0.465410 -1.400886 1.663650 -1.776920 0.231830 -0.319297 -1.065232 1.679674 0.483132 0.639774 0.901020 -1.514788 -0.220202 0.366864 -0.325074 -0.489875 -0.004434 -0.766240 -0.030480 -1.141410 2.572846 1.924626
15 0.544644 0.532965 -1.473437 -0.788976 1.270277 -1.589345 -0.835605 -0.174665 -0.120328 1.032312 2.026196 -1.883799 0.264480 0.012278 -1.101163 1.172832 -0.053148 0.457316 -1.001119 -0.267812 -0.158847 -0.301799 -0.047751 0.903012 -1.050976 -1.281168 0.096776 0.145232 -0.839696 -0.494697 1.533968 -0.545386 -0.216448 0.235828 -0.642826 0.055930 -0.998681 0.785330 -0.047914 2.020423 0.453938 0.185045 0.946517 -0.600308 -0.198260 -0.753424 -0.628264 -0.957328 -0.496342 1.066775
16 -0.222831 -0.616897 -0.350679 0.743934 0.893039 -0.096507 -1.014332 0.692810 1.214485 -0.112095 0.362731 -0.665240 0.143401 -0.225607 2.465689 -0.786649 -0.286983 0.180080 0.377711 1.426549 -0.692225 0.511140 0.930640 -0.325234 -0.164390 1.803183 -0.698380 -0.405692 -1.080684 0.417123 -1.446313 -0.677710 -0.928972 -1.278959 -1.198318 0.937936 -2.384998 -0.583157 -1.643824 -1.266388 0.499037 -1.053909 2.286682 1.108279 -0.668529 -1.220064 0.616848 1.293247 0.093800 0.111291
17 -1.072033 -0.486253 0.970199 1.371918 -1.097568 -1.550032 0.589956 0.462722 0.196893 -0.659592 0.718504 0.458532 -0.345515 -0.211663 -0.511861 -1.068585 -0.625286 0.195363 0.759443 0.807354 1.474665 -0.162826 0.569416 0.870370 -0.267512 -1.232371 0.533625 -0.879363 -0.988420 0.749976 0.002121 0.518454 0.635268 -0.991320 -0.560697 0.719344 -1.931530 -1.298704 0.286575 -0.784733 -0.079202 1.015874 -1.196982 -1.307166 -1.144241 -0.137457 0.230611 -0.176793 -0.862765 1.333947
18 0.494076 -0.474672 0.750794 0.322891 0.898641 -0.628515 -1.504634 -1.678953 -1.835986 0.823186 0.047825 0.604319 0.324022 -0.043770 0.877763 0.765049 -0.031853 0.665792 1.166594 0.497013 -1.401911 0.081779 -0.586659 -0.712866 0.244576 1.267891 0.630229 0.817501 0.237121 -0.383623 1.208672 -0.223269 -1.194239 -0.477821 0.229026 1.056023 -1.537602 -0.531305 0.188733 0.562094 0.906220 1.146399 -0.317959 -0.399317 0.537363 0.906710 0.498085 0.066372 -0.633875 -0.971568
19 -1.320957 1.356058 -1.705132 -0.969690 -0.796742 2.099830 0.039295 0.347259 -0.738694 -1.731461 -0.543888 -0.805031 -0.944176 1.029504 -0.826508 -1.437089 -1.828876 0.133313 -1.209626 -0.425256 0.986033 -0.123983 0.134220 1.040973 0.377360 0.069840 0.644920 0.285613 -1.668704 0.645575 1.685467 0.947036 -0.380770 -0.197316 -2.268372 0.882723 -1.264032 0.419484 0.797840 -1.411700 -0.571372 0.257601 0.173502 -2.456032 -1.346397 1.006237 -0.711949 -1.705209 -1.076687 0.869051
20 3.615581 0.193510 0.143273 -1.041602 -0.805696 0.219842 0.708890 -1.695480 1.254752 0.270891 -0.215154 1.386999 0.333786 -0.442189 0.669598 6.483521 -0.667763 -0.599256 -1.237696 -0.043354 -0.194904 -1.343513 0.940730 2.041523 0.259300 0.908395 -1.151440 -1.302417 0.623199 4.266570 0.574585 0.120638 -2.011284 -1.004389 -0.110049 0.430833 -0.829248 2.063993 0.641501 -0.541488 -1.395413 1.048603 0.815747 0.502172 -0.226722 -0.277489 0.288847 0.120656 -1.297160 0.166909
21 4.793191 -1.234086 -0.767090 0.013435 0.275875 0.829225 0.288134 -1.983299 0.362275 1.416516 -0.968908 -1.685666 1.150066 -0.400366 -0.313958 4.295591 0.883241 -0.409585 -0.215955 -0.638752 -0.786229 0.222834 0.883562 5.092418 0.266552 0.482895 0.994744 1.356217 -0.289876 3.155959 1.416546 0.133895 0.374144 0.110402 0.449330 0.533834 -0.221269 3.706575 0.436814 0.534422 -1.290088 1.307845 -0.700335 0.912081 0.260189 -0.390944 -1.028839 0.572820 0.413254 -1.389531
22 -0.417282 0.049584 1.354240 -1.789498 0.011085 0.893576 1.425587 -1.396573 -1.136350 1.870673 0.395505 0.379907 0.630007 0.378488 -0.604459 -0.028591 -0.721314 0.642142 -1.141333 0.441549 -0.604061 -2.032247 -0.772397 -0.268703 -0.117836 0.537344 0.598742 -0.431688 1.925135 -1.448221 0.478223 0.027327 -0.490531 1.645823 2.000128 0.628607 -1.155741 0.658470 -0.442177 -0.054525 -0.970308 -0.578518 0.857445 0.487593 -0.701689 -1.270655 0.140468 -0.496489 1.063291 -0.141832
23 -0.378122 -2.117369 -0.549879 -0.449682 -0.847421 0.302718 0.001782 0.749956 0.583982 -1.070850 -0.911381 -1.424104 1.304087 0.061130 -0.857543 -0.708036 -0.295894 -0.672366 -1.142970 1.150520 0.320539 -1.186000 -0.147373 -0.606162 0.586781 0.159252 -0.345498 2.851378 0.851708 -1.432880 1.303729 -1.669939 -0.404537 0.120224 -0.148516 -0.442347 -0.951632 0.234651 1.792615 -1.870859 -0.889570 -1.720793 -0.750206 2.705247 0.079425 -0.421240 -0.499385 -0.567685 -0.687708 -0.296903
24 -0.000910 -2.602309 0.820266 0.186460 0.140541 0.213544 -1.462332 -0.692294 -0.482759 0.032016 0.498239 0.397133 -1.028088 1.830032 1.353255 -0.414929 1.475915 0.353579 1.311393 -0.451613 0.125114 1.601298 -0.094477 0.152892 0.645366 -1.350793 -1.141027 -1.185878 -1.241598 -1.622657 -0.135780 0.708379 -2.242092 -0.918080 1.047010 -0.770134 -0.196424 1.902882 0.186974 0.771356 1.270060 -0.527850 1.630291 0.075244 -0.822742 -0.066692 0.853008 0.831212 -1.222403 0.260717
25 0.852794 2.067637 -0.638873 -0.516125 -0.762645 0.399262 -0.380607 -1.309269 0.211496 -0.689810 -0.290724 -0.369475 0.501747 1.731933 0.435613 -0.330976 1.572422 -1.655194 -1.040901 -0.899810 -1.163928 -0.826357 -1.535465 1.244070 -1.137166 -0.290710 0.275876 0.372372 -1.021732 -0.003599 -1.525480 -0.267755 -2.588730 -0.934658 -0.794931 1.366723 -2.193341 0.497456 1.558060 -0.119025 0.114316 0.766228 1.180908 0.582115 -1.430622 -0.490650 -0.508268 0.706631 0.346882 1.043175
26 0.418838 -0.116712 -0.483991 0.305425 0.488928 -2.473729 1.433795 -0.217583 -1.852306 1.382425 -0.992343 2.183658 0.327734 -0.014907 -0.991248 0.123031 -1.731137 -1.503628 -0.178308 -1.016697 -0.544823 0.273024 -2.009561 1.275869 0.482463 -0.287777 0.710060 0.282721 0.551641 -1.262014 0.690633 0.070660 1.683235 1.000751 0.600992 0.142165 -0.546811 -0.532982 1.272044 0.843458 -1.706185 1.143838 -1.221711 -1.140306 0.805397 -0.681812 2.094066 -0.898746 -1.131530 1.567112
27 0.494306 -0.737777 0.126850 -1.383234 0.963099 1.603143 -0.441994 -2.545089 1.295015 0.345210 -0.540371 0.034733 -0.307681 -1.040039 0.248356 -0.807028 0.400688 0.710328 0.685864 -0.328354 0.273368 -0.613239 -1.064087 0.998142 1.498196 -1.934290 0.040842 0.814112 -0.677336 -0.309765 -1.366250 2.443900 -1.703919 -0.118647 -0.132910 -0.426392 0.166415 -0.494865 1.587430 -0.207502 0.119179 1.771591 -2.277097 0.370310 -0.400613 -1.465244 1.524272 -2.056856 -0.035640 -0.046633
28 0.145572 0.092158 -0.729363 -0.660732 1.395691 -0.691619 0.683060 0.146218 0.511271 0.692676 0.207014 -0.154116 -1.377419 -0.545340 0.282746 0.934562 0.064437 0.721482 1.054048 1.629010 -0.948296 -0.577602 0.802293 -0.407610 0.648666 2.669908 -0.633999 1.025250 -0.693029 0.001239 -0.231103 -0.676688 1.620999 0.335595 -1.224587 1.154131 0.572453 -0.464483 -0.536037 0.786630 1.153064 -2.789051 0.773243 1.263703 -0.447138 -0.294800 0.270034 -0.272026 0.702422 1.497001
29 -0.154339 -0.073015 0.147316 0.755018 1.565966 0.049204 0.395003 -0.456359 2.282142 1.267191 0.653622 -0.634733 -0.934094 -0.515411 0.472997 -0.927566 1.228115 -0.657879 -1.806969 -0.297131 1.042517 -0.500191 0.014259 0.778111 0.236954 0.012591 1.156567 -0.516790 0.452031 -0.691955 0.461789 0.661885 -2.786239 -1.024850 -0.115292 2.788787 -1.095723 0.422893 -0.866227 -1.356508 -2.311792 -1.242070 -0.594782 -0.866181 -0.128012 -0.525375 -0.458337 0.550321 -0.245146 -0.735298
30 0.181660 1.185272 -1.151408 -1.109640 0.321066 -0.004976 0.412490 0.269774 -0.084206 1.047673 0.589438 0.764570 0.538804 0.957551 0.670325 -2.144487 0.372189 -1.470224 2.289884 1.239574 0.937252 0.431760 0.988087 -0.311362 0.372561 -0.177444 -0.563943 0.657013 1.986910 0.206372 -2.244428 1.176653 -0.182771 0.111946 0.067339 -0.335451 0.409313 -1.496271 0.208258 0.243019 0.292368 2.101365 0.262799 -0.339607 0.536282 -0.784349 -1.950150 0.972944 -0.162501 -0.134338
31 4.793152 -1.178851 1.097482 1.050172 -0.960878 0.884839 0.112878 1.046748 0.951332 0.180985 0.436909 1.583807 -0.419729 0.377090 0.203708 2.948353 0.192772 -1.182081 -1.977144 -0.695290 0.450069 -0.097062 0.475155 3.946586 0.460745 -1.537809 0.587132 1.075022 1.423528 3.057420 -0.814093 -0.255210 1.624264 -0.276803 0.070799 -0.889121 -0.651597 4.688226 -0.199098 -0.131922 -0.691328 -0.819475 -0.145825 -0.337051 -0.229500 0.555662 0.220936 -0.561541 -0.576584 0.614792
32 0.568747 0.577222 -0.520912 -0.117956 -0.184458 2.402268 0.628227 -1.368549 -1.442288 -0.227970 -0.850567 -0.116389 -1.224762 -0.589216 0.477399 0.600187 -1.407567 -0.114709 -1.067283 -0.852508 0.650115 -0.950366 -0.774184 -2.025303 -0.355949 1.741130 -1.170717 -1.088965 -0.301639 -1.410109 -0.965777 -0.841519 -0.757857 -0.007908 -0.058501 0.633417 0.063113 -2.072538 -0.299551 -1.777269 -0.833228 -1.135824 2.795847 -0.800909 -0.101877 -0.685344 -0.486445 -0.468851 -0.506140 2.713456
33 0.472173 0.834654 -0.947786 -0.322402 0.022496 0.338676 -0.677221 0.073869 -1.559692 0.750476 0.218440 0.400453 0.620144 0.578595 -1.436868 0.160022 -1.327297 0.855414 -0.514385 1.188653 -0.367792 -0.319002 0.127850 -1.023075 -0.246012 -0.363083 -1.039055 0.705215 1.492461 -1.276258 -0.182633 -0.127192 0.804742 -1.734674 0.767268 -0.174850 0.292684 0.526719 -1.766187 -0.763180 2.493893 0.560018 -0.072945 -0.815517 0.364743 -0.022201 1.833435 -1.047962 -1.135300 0.651960
34 0.604789 0.348828 -2.073437 0.522783 0.053729 -2.485745 -0.352104 -0.375785 -0.900334 -0.727408 -1.830417 0.853403 0.558163 0.648118 0.792629 0.061658 -1.032379 -1.186361 1.177111 0.989354 -0.408421 -1.316374 0.527247 0.652096 1.760481 0.914277 0.808730 -0.703545 0.585195 -0.378860 -1.180964 1.786289 -0.519352 -0.548693 0.414310 -0.958061 -0.978009 0.496846 0.616793 -0.464108 -0.162121 -1.971771 -0.676154 -0.363033 -0.616778 0.658464 -0.011141 0.358866 -0.433936 -0.527117
35 1.130598 -0.689762 0.742177 0.771525 -2.168930 1.654996 1.383051 -1.090239 -0.678410 1.979862 -0.315297 -0.629073 -0.349803 -0.364835 -0.271134 1.173332 -0.178695 0.663039 2.084013 0.810353 1.875336 -0.717775 0.126834 -0.487227 2.043801 1.914044 0.498587 0.403363 0.807343 -1.064418 2.521706 0.467841 0.425864 1.184646 -0.548700 1.119247 0.339036 -0.038498 -1.129953 1.151737 1.092170 -0.394833 1.120935 -1.107824 0.120813 0.517974 -1.477358 -0.416885 0.082033 -0.033877
36 -1.499429 0.278435 1.507972 0.528513 -0.033381 0.427388 1.934057 -0.997335 0.363195 0.193540 0.095314 -0.226038 1.776061 0.282792 1.310400 -0.539405 -0.234619 -2.023495 1.555480 0.089309 -0.959083 0.284314 2.642674 1.509364 0.733318 -0.865878 0.365467 1.748617 -0.620415 -0.249697 0.642563 -0.064357 0.919364 0.066034 -0.965797 0.100541 1.618078 1.141294 -1.436705 -0.205803 -0.625753 1.830816 2.452004 -0.534112 -0.039663 1.066604 0.706974 0.030705 -0.555934 0.053792
37 3.591948 -0.385522 0.220800 1.109006 -0.542947 -0.061327 -1.534674 -0.181623 0.658495 0.453848 -1.424669 1.630195 -0.273450 -1.878570 -1.079148 -1.484526 1.650191 -0.587172 -0.348917 -0.787451 0.116665 -0.362151 -1.200396 -0.449762 1.469819 0.118961 -0.097289 0.477557 1.151662 -0.614841 0.935377 0.029628 1.165658 -0.094461 0.512562 -1.725349 0.748940 2.132075 -0.028265 0.195009 1.470393 -1.570412 -1.754863 1.870376 0.062693 0.656239 0.494958 1.528577 0.391834 -0.020337
38 -0.279097 0.154581 -0.620596 -1.241926 0.441322 -0.338237 1.178437 0.127576 -2.547553 0.070541 2.127088 -1.534324 0.667826 1.210609 -0.287741 1.998507 -0.219912 -0.023444 -1.198554 1.002815 -1.017906 1.069871 -0.998104 -0.238359 0.767350 -1.655841 -1.289664 -0.154905 1.220623 -1.262015 1.251846 0.865030 0.951342 0.208531 -0.498436 -0.959216 -0.570362 0.210178 -1.133228 1.409768 0.668886 -0.780763 2.395200 -0.036563 0.609818 -1.200254 0.819051 -0.193161 1.089386 1.843046
39 1.386941 -0.612748 0.369211 -0.687956 0.384109 0.288872 1.806297 1.056877 0.275648 -0.455141 1.576174 1.333657 -0.653336 2.200598 -0.032215 0.013048 -0.473663 0.075706 0.638817 -0.027541 0.448835 -2.016760 0.302107 0.222573 -2.784125 -0.439561 -0.367120 0.584900 1.317751 -1.244316 2.014621 1.034083 0.549074 -0.047296 -0.597795 -0.949695 -0.396747 -1.267846 -0.103607 -1.879482 1.815836 2.121832 -0.560182 -0.025064 0.126449 0.785877 0.887337 0.314162 0.228459 0.186718
40 3.751316 0.440344 1.872906 -0.812011 -0.073921 -2.113198 0.510214 -1.720531 1.139065 1.388459 1.185075 -1.850324 -0.927344 -0.193511 1.342718 3.676002 1.720946 -0.415780 1.419842 -0.279079 0.229482 0.127373 0.525570 2.865351 0.229581 0.584605 1.324332 0.156524 -1.220685 2.288674 -0.649849 -0.336288 -0.228328 -1.078659 -0.561404 -0.905098 1.272610 2.460164 0.878388 -2.024331 -1.214493 -0.245379 -1.083688 1.356114 0.214215 0.325913 -0.448821 -0.270406 1.698185 0.149869
41 4.969117 -0.142607 0.558195 1.135141 0.186637 -0.598643 -1.826669 -0.160836 -1.238608 -0.787706 0.132266 -0.724694 1.071023 0.655212 -0.460072 4.448528 0.537246 -1.414466 0.657172 2.588161 -0.887120 0.959380 0.084304 3.559411 1.260827 -0.060742 0.417830 0.772303 -0.624989 4.204110 -0.694744 0.157107 -0.567618 0.924822 1.116583 1.413000 -0.674931 3.001884 -0.157311 1.690382 -1.770052 0.268110 -0.345239 0.551066 1.437036 0.507285 -0.595433 0.530518 0.315974 -0.900288
42 1.624232 1.204632 -1.382114 2.166284 0.480286 1.768411 -0.580353 0.079872 -0.720379 -0.924508 -0.865464 -0.747151 2.084079 -1.325492 0.611335 -0.527110 -0.558861 0.373555 -1.169978 1.423909 0.049617 -0.955966 -0.569721 0.353939 0.929849 -1.755863 1.209817 0.166717 -0.474034 0.083978 0.775337 0.789278 0.942431 0.364896 -2.388579 -1.619118 -0.289661 0.178994 -0.115527 1.717012 -1.013654 -1.647397 0.879286 -0.702321 -0.021293 0.134521 -0.784255 -1.882833 -0.727439 -0.180038
43 -0.685654 0.807461 0.846306 -1.318910 -0.189452 2.133545 -0.261516 0.975985 1.591466 -0.222514 -1.346774 1.050275 0.602738 0.180956 0.013875 -0.042037 0.921652 1.084243 -0.468813 0.452410 -0.096025 -0.247074 0.331401 0.846195 0.669501 -1.140696 1.574411 -0.723527 -2.669035 -1.876306 -0.944826 -0.440948 -0.276504 -0.652888 0.048049 -1.351075 -0.655978 -0.334008 -0.640764 0.151320 -0.412317 -0.932880 -0.697724 -0.235719 0.278273 -0.175181 -1.646918 0.549109 0.817220 1.185449
44 0.425731 0.286009 -0.917196 -1.275950 -0.219173 -0.696019 -0.502530 0.041900 3.079246 -0.210924 1.593209 0.518040 -0.005840 -1.362903 0.040673 -2.351951 0.023937 -0.690290 0.312164 0.645560 -0.568083 -0.480878 1.015005 -1.048877 0.357742 -0.455457 0.328753 0.065251 -1.531825 -0.793242 0.120222 -0.103031 1.539679 0.089642 -0.242706 0.111994 0.776534 -0.787790 0.508190 0.259990 -0.866868 0.327831 -1.454944 0.634471 -0.667647 -1.491145 -0.849352 -0.110423 -0.910422 -0.077533
45 -1.203967 -1.701608 -0.217565 0.916631 -0.714248 1.205783 2.272590 0.959388 -0.684430 1.049158 0.383652 -0.341699 0.472709 1.194767 -0.869608 0.744559 -0.771164 -0.044261 -0.507694 0.460965 0.953286 -0.020088 -0.402762 0.339508 0.172141 0.182557 -0.067926 0.945398 0.804823 -0.886375 1.735176 -0.658150 0.007431 -0.904209 0.981403 0.692015 0.963259 0.189252 0.003184 2.156510 -1.194176 0.594208 -0.379315 0.717162 0.465649 0.503183 1.112553 1.841100 -2.027778 -0.180749
46 2.284057 -2.276136 -0.723578 -0.661374 -0.686883 -1.194214 -1.082991 -0.264039 -0.016206 1.669230 0.284334 -0.192457 0.821786 0.668739 0.767397 -0.155152 -0.177427 1.356672 0.243886 -1.746524 0.450230 -0.177098 -0.686701 1.465342 0.816792 0.438686 -0.956766 -1.980120 0.240696 1.751954 -0.405794 -0.330595 1.028067 2.229243 -1.087057 -0.542050 1.362019 -0.696661 -0.426804 0.976335 1.689296 -0.149636 1.002203 0.536406 0.717074 0.996540 -0.561893 -0.436481 -0.158079 0.800481
47 0.004428 0.065449 -1.002789 0.310296 0.269942 -1.573252 0.576648 0.601759 0.645641 0.869599 -0.793336 1.076150 1.211338 0.336274 0.693681 1.436396 -1.103319 0.488424 0.337901 -0.127527 0.490209 -0.515709 1.304227 1.103538 0.699850 0.702274 -0.782643 -0.814061 -0.102055 1.025954 -1.568152 -0.169915 0.802570 0.316420 0.109780 -0.232789 1.337572 1.689337 -1.204426 1.764314 -0.553161 -0.621964 1.038540 1.366634 -0.200190 0.268313 -0.616071 -0.795963 -0.026665 -0.610305
48 1.369894 -0.703605 1.421161 0.341113 0.847041 -1.171387 0.824573 1.771987 0.679343 -0.203501 -0.855020 1.186414 -0.921324 0.107508 0.835734 0.586500 -1.558501 0.967575 -0.761291 0.808971 -1.277209 0.318277 0.243783 -0.756499 -0.898170 -1.878891 0.583786 0.214718 0.486485 0.145721 -2.438355 0.762611 1.015104 -1.073816 -0.949819 -0.021519 0.116634 -0.217318 0.320418 -1.969684 0.234977 -0.271482 0.185945 -0.165720 -0.793032 -1.360140 -0.570985 0.256186 -0.870461 -0.675082
49 -0.229628 -0.907910 0.085252 1.366818 -1.732496 -0.194862 -1.678546 1.404440 -0.545467 1.435481 0.466342 -1.009879 -0.855443 -0.774813 -0.729953 0.627286 -2.120422 -0.462755 -1.812375 -0.523080 0.661891 -0.283607 -0.966093 0.054272 1.585656 1.896712 1.753220 1.483149 -0.343344 0.744841 0.677109 0.027676 -0.177174 -0.302728 1.054025 -0.171039 -0.722235 1.143992 0.207184 -1.199720 -0.326691 -1.551608 -0.112433 -0.759684 -0.469189 -1.123747 1.746401 -1.764233 -0.731874 -1.820597
50 -0.299264 -0.848586 -0.606860 -0.393667 0.710132 0.242479 -1.064659 1.858936 -0.314578 -0.054796 -0.988368 0.522267 -0.029714 1.268583 0.383149 0.140996 0.097118 -0.319050 -0.138969 -0.560150 1.362275 0.312243 -1.188669 1.262749 0.524247 0.050452 -1.221019 -1.035160 -2.209904 0.491065 0.395126 0.077920 0.642810 0.773712 0.943786 1.356097 -0.758405 0.116842 -0.131125 0.735760 0.221320 -0.704483 1.384632 1.028610 -2.027900 -0.892196 -0.354713 -0.768955 -1.159485 -0.530851
51 0.767431 0.442887 0.546445 -0.574577 1.743184 0.160646 0.560488 0.614019 -0.094568 -0.109075 -1.024158 1.997012 -0.155677 -0.197411 0.208306 -0.459591 -0.597091 -0.370063 0.471086 -0.993387 -0.216886 0.201468 -0.312774 0.556420 2.040003 -0.488641 -0.049844 0.918191 -0.834352 1.064988 -0.628446 2.124166 2.273909 0.043547 -2.154222 1.653405 1.368298 0.564761 0.079467 -0.052856 -0.263285 1.094358 0.850040 -0.675204 1.015777 -1.588119 -0.234740 0.268092 -0.484700 1.179704
52 1.287091 0.394943 -0.064890 0.732490 1.128932 1.238662 -0.441417 0.647265 -1.111543 0.571744 0.674257 -1.530839 1.244154 0.852523 -0.467623 0.001492 0.903450 -0.541383 -1.192173 -0.507043 -1.082162 0.616653 -0.696413 -1.398987 0.350899 0.345101 1.140471 0.017830 1.661538 -0.086785 0.160683 0.700282 1.344589 0.240217 -0.068294 -0.679727 -0.343781 0.111042 1.233348 -1.096342 0.705289 0.391393 1.728376 0.786263 0.079229 -1.156378 -0.676003 -0.424267 2.245792 0.702849
53 0.878240 -0.589212 -1.526944 0.400362 -0.337945 -0.672920 -2.521062 -0.726896 1.921363 -0.408796 -0.873270 -0.799341 -0.466798 -0.799667 1.230723 0.827414 -0.332325 -0.970078 -1.864474 0.363994 -0.884299 0.072393 -1.147951 0.051377 1.354392 0.304633 0.119419 1.425008 0.326806 -0.440544 0.009008 2.100075 1.018782 -1.872443 -0.391837 0.932348 0.105266 0.822076 1.622899 0.242023 1.128962 -0.822059 0.664417 -0.657304 -0.476317 -0.679209 -0.166711 -0.332305 1.783066 1.530552
54 0.825328 0.584962 -1.670217 -0.746522 0.250991 0.979929 -0.922525 1.362795 -1.506175 -0.185688 -0.089090 1.720067 0.435503 0.138324 -0.464118 -1.575163 -0.772601 0.220677 0.077656 -0.653566 -0.790458 -0.704825 -1.463566 -0.398674 0.878393 0.104512 -1.118683 0.801618 -0.712618 -0.374587 0.349672 -0.889656 1.158967 -0.203069 -0.206111 0.586082 -1.386213 0.152825 -0.397116 0.020865 1.248096 0.816941 0.899845 -0.341231 0.437798 0.616938 -3.191059 0.964444 1.033046 -0.030287
55 1.028441 -0.436249 -2.462726 -0.757026 1.799456 -0.162904 0.309371 -2.067948 1.142201 0.164871 0.959323 -0.424289 -0.678999 -1.082191 0.289511 2.350867 0.143982 -0.753925 -0.910742 -1.146746 0.197427 1.910821 0.613246 1.437339 0.593869 -1.660032 -1.450821 -1.558984 0.495783 -0.281532 -0.342464 -1.823567 -2.776411 -0.424576 0.929538 -1.880810 0.017579 0.181255 -0.742179 -0.405892 0.928720 1.277081 -0.268306 0.312523 0.223790 -0.248705 1.204532 -0.978682 0.854105 -1.300371
56 -0.469342 2.128138 -0.099017 0.666444 0.555154 -0.598548 0.681997 -0.030688 1.604741 0.862085 1.623126 0.489628 0.511171 -0.306032 0.693097 -0.211588 -0.568897 0.128711 0.131081 -1.454549 -1.505566 1.536933 1.878113 -0.358215 -0.345987 -1.103473 -1.213722 2.293089 1.109090 1.734920 -1.075608 -1.061366 0.237634 0.076950 -1.553476 -1.029159 -0.487133 0.368739 0.035730 -1.687970 1.268870 0.306529 -0.658060 -0.486505 -1.724793 0.775983 -0.181886 -0.213366 -0.016447 -0.215204
57 0.231241 -0.441828 -0.215839 -0.793220 -1.458874 -2.628902 -0.326323 0.486622 -1.109403 0.656663 0.784411 0.160745 -0.128817 0.114387 0.813947 0.904742 0.973107 -0.263279 0.235209 1.036316 -0.637074 -0.033771 0.246331 0.459908 1.014623 -0.814417 -0.158335 -0.115906 -0.514442 0.580029 -0.500098 -0.364169 -2.257334 0.465386 0.496519 -0.861680 0.924665 0.297860 0.202379 -0.851417 -0.836062 1.540100 1.549156 -2.247898 1.220450 -1.168919 -0.390018 0.201680 -0.330377 -1.622942
58 -1.882500 -0.365375 -0.099372 1.647803 0.495269 1.526065 0.415410 -0.309525 0.090444 -0.342411 0.080229 -1.894193 2.556071 -2.695596 -0.656284 0.683645 0.151249 -0.936133 -1.328002 -0.156298 -0.667451 0.595321 -0.247058 0.019359 1.579101 1.549639 0.896114 0.377684 -0.887433 -0.644177 -1.947521 -1.862271 -0.462992 0.230020 -1.131273 -0.329090 0.500158 -0.586978 0.278383 -0.191417 -0.215642 -0.075165 0.385997 0.124858 -0.681848 -0.266160 1.183096 -0.269939 1.448046 1.117662
59 -0.247806 -0.383675 -1.008463 0.563975 0.338171 -0.049351 1.251692 -1.620493 0.233940 -1.695938 0.428169 1.092381 0.252171 1.351569 0.889645 -0.243385 0.644660 0.553445 -0.322485 -1.589909 -0.038090 -1.589497 -0.694107 -2.564419 -0.197400 1.873534 -0.992250 1.033648 -0.094215 0.584250 -2.372994 2.288159 0.722513 1.371836 -0.037252 1.527078 -0.774285 -1.597336 -0.667744 1.001118 0.408344 0.193629 0.677421 0.687437 1.442443 0.087416 -0.867521 -0.499345 1.271262 -0.699712
60 -0.660660 0.591508 1.805042 -1.748155 -0.721021 -0.350858 -0.272535 0.334843 -0.959494 0.193381 -0.636170 0.540092 0.479041 -0.776505 0.881040 1.108522 -0.749582 -0.141446 0.445476 1.154356 -0.447846 0.603724 1.560833 -0.540772 -0.533373 -0.234797 -0.345959 1.262793 1.098308 1.866313 2.040927 -0.179176 -0.299777 0.409696 0.282770 0.718282 2.479309 0.278843 -0.078262 -0.301154 0.580726 1.285860 -0.256275 0.814304 0.405541 -1.098909 0.253902 0.650446 -0.951988 -2.480431
61 -0.624838 0.039811 -1.543185 -0.523622 -1.656084 0.871733 -0.598704 -2.313080 -0.042192 -1.312613 -0.989934 1.004664 1.368807 1.345613 0.998705 0.065141 1.420817 0.384634 1.429776 1.779303 1.214106 -0.342613 -0.207744 0.318853 -0.656699 -0.363792 0.124094 -0.139556 -0.340665 1.636375 -0.140110 -0.246495 1.243433 -0.696103 0.524065 0.718148 1.662016 -0.951060 0.275297 0.758539 0.539299 -1.139351 -1.101929 0.394153 0.797338 -0.150331 1.182404 -0.222733 -1.248080 -0.554858
62 -0.453552 -0.849618 0.914965 0.557304 -1.690862 1.308687 0.363467 -0.213931 0.090034 1.785956 1.658246 1.696952 0.278630 0.327690 0.720583 -0.429107 -1.636951 1.026113 -0.340346 -1.651949 0.560901 0.504482 -0.147750 -1.304447 -0.385183 -1.316009 -0.575632 2.727446 -0.395855 0.859784 -0.573527 -0.322015 2.634499 3.620358 -0.695072 -0.208635 -0.902722 -1.604300 0.179282 -0.862498 -0.245793 0.128699 0.160559 0.961320 -0.902719 -0.226947 -0.642735 -0.758679 -0.499854 0.759355
63 -1.198428 0.187493 1.503258 -0.181576 -1.456298 -0.604038 0.107977 0.703963 0.141115 0.229986 1.238963 -0.799694 -1.737696 1.014104 0.543419 0.686408 -1.483964 1.170957 -0.565306 -0.131724 -0.141175 0.144578 0.539419 -0.473042 -0.222582 1.066666 1.042022 -1.413850 -0.137862 0.393274 0.803714 -1.135290 0.153494 -0.017694 -0.198519 -0.125723 -0.570921 0.232946 -0.389755 -1.440145 -0.977224 -1.379636 0.803455 -1.193924 0.038684 -0.576737 1.924716 1.195977 0.195976 -0.612636
64 1.129257 1.651663 -0.914648 2.798900 0.954787 0.723308 0.234753 -0.784618 0.040327 1.031802 -1.901913 -0.443519 -0.753113 0.378036 -0.305558 0.941525 -0.065841 1.395699 -0.539218 0.043870 0.881783 1.600990 1.120975 -1.182814 1.109932 0.266568 0.777787 -0.599104 0.904447 0.442365 -0.508635 -2.404746 0.134758 0.194543 1.133374 -0.069299 -0.019168 -1.862839 -0.310789 -0.210321 -0.760785 0.318203 0.259991 -0.655563 0.959897 0.398741 -0.966088 1.321042 1.614664 -0.952778
65 -1.114529 0.824514 1.120512 -0.718550 -0.842077 0.684554 0.343381 0.661861 0.683235 -0.054718 1.447686 -1.543415 1.617194 1.093634 0.070763 0.597080 -1.531555 -0.754249 0.066863 -0.347641 -0.545792 -0.404754 -0.765664 1.562698 -0.956970 0.804993 0.693324 0.335883 -1.096975 1.646905 0.835574 1.195682 -1.346651 -0.440331 -1.392324 2.187284 -0.351400 -0.629619 -0.769795 0.193742 -0.548700 -1.192198 -0.057461 -0.089752 -0.889277 1.105463 -1.074488 0.909425 -1.062642 1.423262
66 -0.466628 1.435845 -0.581082 -2.351066 -0.121245 -1.016363 -0.653685 0.528141 1.697247 0.803353 -1.016563 1.901522 0.856915 -1.406063 -0.145248 0.363039 1.790851 -0.167510 0.086126 0.271079 -1.552012 1.206394 0.079380 0.486984 -0.439221 0.191643 -1.621726 0.083063 0.528143 0.112522 -0.185611 0.869411 -0.206220 -0.139418 -0.579663 -0.274439 0.404744 -1.423150 -1.649914 1.181862 1.138662 0.241897 -0.976194 0.243565 0.136770 0.093531 -0.715548 0.388145 -1.224273 2.540986
67 0.511243 -1.555166 -1.577398 0.236251 -0.921836 0.227191 -0.369901 -2.075057 -1.516886 -0.841432 -0.683037 -0.123270 -1.738973 -1.260487 -0.441373 -1.622183 0.179220 0.346974 0.488511 -0.405620 -0.588618 -0.327371 -1.265963 0.414372 1.856411 1.071678 -0.421330 1.449467 -0.558169 -0.757652 -0.760943 -2.254153 0.040637 -0.454958 -0.029318 -0.793760 -1.344431 0.043674 -0.644534 -1.003405 -0.517504 -0.418208 0.529899 1.075534 -0.869372 -1.292471 -0.351571 1.837356 -1.098667 -0.216762
68 1.743590 -0.129584 1.533341 -0.533298 0.306688 -0.961404 0.467091 0.597873 -0.774953 0.660418 1.509812 1.034715 -0.933883 1.312295 1.776873 1.217095 -0.058040 0.661257 -0.367929 0.001306 1.236826 -0.419247 -2.291627 1.310722 0.033988 -0.418828 -0.171588 -0.764289 -0.188674 1.580883 -2.113919 -0.424748 -0.327807 -0.677339 1.683463 0.060607 0.646418 -0.939132 0.726711 0.748958 -0.803218 -0.362707 1.065472 0.428059 0.708515 1.880798 0.262023 0.168960 0.934505 -0.760201
69 -0.130043 -0.760186 -1.062316 -0.561279 -0.453664 -0.368504 1.629095 -1.205631 1.580510 -1.416314 -1.062262 0.558275 0.137480 -1.428915 1.766957 0.448618 1.074123 0.225548 -0.164095 2.039493 -0.399107 0.026790 0.978767 0.661570 -1.581487 0.033563 -0.985007 0.992878 -1.224858 -0.015935 -0.984026 -1.143797 0.525856 1.087714 0.424479 0.454654 -0.692642 -0.051505 0.338111 -0.268017 1.561547 0.012719 0.932910 0.321250 -1.029894 0.796420 0.046078 -0.374487 0.249603 -1.961948
70 -0.997609 -0.341461 0.569307 3.144453 -0.255136 1.377025 0.738704 1.510546 -0.267880 -1.655711 0.752663 0.292684 -0.482342 -0.911538 -0.243671 -0.385442 -3.104257 0.575994 -2.468668 0.805328 -0.391489 -2.429404 0.157605 1.752552 0.289203 -0.689469 -0.124762 -0.155993 -0.386055 0.716251 0.651807 -1.872483 1.698755 -1.638418 -0.268228 0.323240 0.703362 -0.520999 -1.998341 -0.873521 1.185703 0.175833 0.571602 -1.696269 0.294962 -0.115229 -0.148408 -1.458595 -0.985890 0.971444
71 -0.341673 -0.726893 0.884835 0.255953 -1.153108 -0.956879 1.352737 -2.480659 -0.042400 1.170586 -0.640343 0.003874 -0.292809 -1.527163 -0.371582 -0.435978 -1.539738 1.114195 -1.319384 -0.691095 0.264629 -0.204464 1.899255 -0.907997 -1.678428 0.564055 1.781786 0.009853 1.735528 -0.821652 0.857086 1.125860 0.507235 1.332653 0.208901 -0.202943 1.856308 -0.336341 -0.460432 0.158064 0.402129 1.233587 -0.264472 -1.139927 -0.758297 1.429865 0.949041 0.387361 -0.401001 0.550990
72 1.324791 0.335192 -3.032499 -0.075447 -1.467280 1.701160 0.109000 -1.090695 -1.828677 -0.078678 -0.456990 0.645575 0.767819 -0.373291 0.557245 0.214504 0.770794 0.220370 -0.173060 0.371778 -1.485061 -0.720715 0.507082 1.652926 0.376932 0.237377 0.266879 -0.211866 0.354870 -1.092139 -0.771869 1.087933 -0.661414 0.745127 1.816667 0.512790 -1.175270 1.427331 1.515889 -1.201479 -1.600253 -1.018536 -2.474321 1.663972 0.267665 -0.917842 0.071927 -2.683462 1.269652 0.657001
73 0.119965 2.691947 -1.560539 -0.045022 -0.378042 0.242501 2.270776 1.842447 -0.966288 -0.853753 0.930043 -0.913539 0.248190 -0.080700 -0.090400 0.886337 -0.663573 1.688030 1.187295 0.147065 0.897825 0.657894 -0.186691 -0.168982 -0.646802 -0.288338 0.033091 -0.104254 1.213418 1.801042 -1.912131 0.725148 0.582981 0.988432 -1.163589 0.255075 -2.013785 0.186698 1.103381 -0.182673 0.968681 0.771337 0.576465 1.616865 -0.011622 0.533394 -1.330746 1.002791 -0.208540 -0.782684
74 1.411802 0.841940 -0.587383 -0.560528 -1.694510 1.840502 1.427801 -0.703184 0.286212 -0.024192 0.141274 1.397282 -0.443228 -0.203706 1.223697 0.466707 -0.858699 0.294309 0.334997 0.185395 -0.584517 -0.622265 0.381145 1.288343 -1.262780 -4.158074 -1.150155 -0.506138 1.084505 0.264733 1.049733 0.918944 0.121668 0.121403 0.995697 -0.733246 -0.145281 -1.348186 1.238809 1.247380 -0.689001 -0.827363 0.162193 0.754991 0.938590 -1.863788 -0.923632 -1.924876 -1.449732 1.997912
75 -0.205698 -1.726266 -0.197132 -1.541827 0.053362 1.250935 1.626475 1.303347 1.322111 1.311591 -0.973958 0.827814 -1.435767 0.482487 -0.276054 0.566169 -0.050855 -0.002165 -0.005258 1.369060 -0.724712 -0.328325 -2.302955 0.041816 1.062419 0.126813 1.633066 -0.288246 1.298760 -1.423090 -0.883709 0.687365 0.196197 0.969983 2.044221 -0.590851 -1.521087 0.668655 1.524622 0.743024 0.305615 1.312993 -1.991451 1.677072 -0.741755 0.303915 -0.509702 -1.329038 0.245824 1.816307
76 -1.278528 0.428589 -0.608812 -0.770688 0.975954 -0.338060 2.803969 -1.414552 -1.362673 0.236246 1.045045 0.252390 0.209620 -0.731015 -0.041563 0.008446 0.721718 -1.029958 0.044476 2.282208 0.580870 -0.186884 -0.017135 1.278768 0.409919 -0.467556 0.026212 0.546769 0.069647 0.905558 -0.397245 0.873413 0.209730 0.192191 0.247621 -0.951191 1.235107 -0.209515 -1.012103 -0.199904 -0.881779 -0.788250 0.203310 -2.112527 0.170521 -1.087354 -0.896018 1.345391 -1.505741 1.457187
77 -0.031083 0.350427 0.121767 -0.675284 -0.509035 0.452574 -0.761124 -0.171201 1.435738 0.520405 1.648532 0.644414 0.296106 0.214043 0.219326 0.726684 0.627132 -0.430571 0.363884 -1.594532 -0.805911 0.209459 -0.241784 1.651345 1.022650 1.794848 -0.467238 0.009104 0.770397 -2.014677 -1.029073 0.620635 2.951420 1.743959 0.058354 -1.003365 -0.067140 1.322810 1.148473 2.740037 -0.943151 0.608304 1.334916 2.351503 -0.047201 -0.231857 1.083141 -1.689841 1.449700 -0.257031
78 -0.385526 -0.239524 0.118872 0.621397 0.208583 0.010173 -0.707066 0.636678 1.722580 -1.877769 0.680105 -0.390492 0.047821 -1.650946 1.438861 0.358259 3.391396 0.151419 1.767068 -0.656211 0.769238 0.609410 -0.546827 0.562941 -0.207167 -0.345055 -0.725418 -0.338544 2.051713 -1.811752 0.350824 0.701990 -1.300336 -0.946249 -0.294815 0.435732 -0.097892 -1.919386 -0.330372 1.470728 -0.623993 0.389915 0.439341 -0.986139 0.311986 0.187914 0.242461 -0.141468 -0.709166 1.633972
79 -0.375323 0.068099 0.016939 -0.885339 -1.173561 -0.519929 0.317196 -1.616228 0.325271 -0.467229 -1.356071 1.053983 -0.569602 -2.050517 -0.577654 0.500949 0.531221 -1.585777 -1.100545 -1.356309 -0.230898 1.065043 -0.926723 0.547482 -0.584339 -1.396940 -0.984567 0.676071 1.713673 0.195961 1.856845 0.869350 -0.183490 1.301208 -0.624121 0.322318 0.133352 -0.006777 0.844907 -0.129992 1.497942 -0.551675 -1.435542 -0.506954 -0.035660 0.469265 0.935250 -0.194342 -0.029576 -1.310234
80 0.192440 1.206933 -0.478616 -0.833727 0.737848 -0.417432 -0.207624 -1.268374 1.097886 1.931237 1.304664 0.630377 0.446120 -0.417255 -0.211291 -1.030246 2.692705 1.742313 1.006610 0.863974 1.253573 1.293723 1.333894 -0.185408 1.042096 -1.106761 -1.402909 0.567804 1.623365 1.464221 -0.073678 1.139323 -1.182388 0.789907 0.591802 0.854968 1.365583 1.713709 -0.935731 -0.651443 -0.120610 1.141013 0.039991 0.364261 -0.021207 0.145960 0.185129 -1.506984 -1.732049 -2.508564
81 1.422779 -0.707320 -0.319211 1.017997 -1.390934 -0.494604 0.225682 0.559411 -0.765057 -0.714527 -0.039572 -0.064656 -0.522990 -1.385168 1.404653 -0.482393 -1.321406 0.615541 0.297142 0.231338 -0.343311 1.942966 -0.160423 0.157980 2.347730 0.131447 0.419990 -1.197698 0.891396 1.143434 -0.237782 1.423359 -0.948183 -0.984113 -0.317182 0.581830 0.219152 0.779830 -1.409629 -0.365785 -0.116423 -1.291432 0.638193 -1.016717 -2.234691 -0.425166 0.612542 -2.103179 -0.232059 0.144349
82 -1.399734 -0.485766 -0.678913 -1.076309 0.098477 -0.588678 -1.149892 -0.601573 1.627477 -0.780988 -0.792334 0.090208 -0.532509 1.517190 0.348131 0.739450 0.613306 -1.033426 -0.888062 1.229137 1.325239 -0.016924 0.270599 1.469125 -1.363661 0.484855 1.374217 0.882870 0.700870 -1.241821 -0.472669 0.563436 -0.307722 -1.458368 0.024345 -0.718590 0.889375 -1.550900 -0.868380 -0.683174 0.976654 -1.079141 2.076102 -1.683107 0.760260 0.487928 -1.525733 -1.275614 -1.341875 -0.250768
83 0.815446 -0.680957 0.987482 1.156604 0.400414 -1.073174 -0.316346 0.837522 1.459967 -0.806728 1.271691 0.635180 -1.057449 -0.433249 1.369609 1.223268 0.631312 -0.274253 0.159631 0.647159 -0.898829 -1.115612 -1.478494 0.502255 -0.345754 -0.424976 -1.286679 -0.428560 0.627986 0.846244 -2.044130 0.797801 0.935033 -0.571583 0.046348 0.064996 0.233047 1.327255 -0.526515 0.265267 -0.354716 -2.788680 -0.649533 0.710356 -1.138437 0.089784 -0.768942 -0.674690 -2.544802 -0.778656
84 0.577657 -0.712542 1.408862 -0.520148 0.915797 1.118928 -1.412344 -1.608188 1.234383 0.837508 0.523863 0.541187 0.205789 1.403651 0.406070 0.142085 -2.086137 0.534430 0.690061 0.558658 -1.586146 1.250056 -0.200768 0.913001 1.155490 0.600918 0.410457 -0.701696 0.786758 0.534960 2.590935 -1.017519 -0.596633 -0.083626 -1.830535 -2.090368 0.321500 -1.319246 -1.256967 -0.719279 0.487561 -0.826654 0.041616 -0.166913 -0.458383 -0.109653 0.004791 1.002955 -1.160660 1.186166
85 0.409720 1.484659 -0.288903 0.932925 -0.382692 1.025002 -2.316177 0.096573 -0.056852 -0.519026 -0.254261 -0.141580 0.795569 0.297819 -0.449520 -1.047158 -0.780245 0.235577 -0.909545 -2.078548 -0.324634 -2.249212 0.195663 0.914120 -0.194822 0.495691 -0.697544 -0.639721 1.110957 -0.762776 0.159283 -0.533365 1.065935 -0.528958 -0.501352 0.364203 0.074395 0.191691 0.997140 -0.472869 -0.711918 1.277499 1.561367 -1.426818 2.071352 0.026350 -0.402849 -0.777137 -2.019498 0.099481
86 -1.698182 -2.693935 -0.807907 0.534420 -0.131663 1.007065 0.695944 -1.439849 0.784538 -0.439924 -0.846574 -0.521020 0.444344 -2.594311 -0.015317 -0.142987 0.048165 -0.250005 -0.412533 -1.178233 -0.756429 0.083088 1.170089 -0.165323 0.905702 -0.835813 -0.599717 -0.242396 -0.180591 -0.443208 1.175372 -1.056636 -0.579590 0.593228 0.462095 -0.418392 0.532629 0.932591 -0.833800 -0.203106 0.533242 -0.853003 0.706605 1.158774 0.048990 1.085631 0.000898 -0.419547 0.627031 -0.274307
87 -0.181130 -0.529683 0.445268 -0.672281 -0.005819 1.077490 0.591055 -0.060838 -1.282861 -0.276326 -1.968540 -1.107256 1.399816 -0.794330 -0.367223 1.124093 0.472869 0.102064 1.377752 0.170045 -1.462801 -0.181740 0.266605 0.164966 -1.000779 -0.632381 1.003445 -0.605272 0.230504 -0.923096 0.889741 -0.987196 -0.133121 0.255726 -0.165199 -0.951052 -0.548413 0.608363 -1.358772 -0.322955 -0.937837 -0.005359 -0.325628 0.598775 0.247052 0.572363 -0.701543 0.018703 0.123422 -1.053025
88 1.185904 1.553120 -0.022727 2.062599 -0.894731 -0.521655 -1.227991 0.273861 -0.334101 -0.382092 0.009450 -1.463241 -0.736838 -1.124562 -1.198157 1.246544 0.769218 0.427281 1.445103 0.290146 -0.999431 0.305402 0.865755 1.636215 2.067083 1.269035 -0.326549 1.130330 -1.359072 -0.316674 0.121506 -0.822449 1.467300 -1.471517 -0.118016 -1.246228 -0.805551 0.037555 -1.044254 0.153336 -0.626914 0.259198 -0.049094 -1.191332 -1.030851 -0.004221 0.225302 0.324529 -1.036403 -0.979214
89 1.351820 0.528423 -0.484296 1.349141 -0.894941 -0.464956 0.533182 0.992338 -0.370985 2.115749 0.336893 -0.377690 0.147647 -0.384471 -0.076956 0.892487 -0.613337 -0.437409 -0.913531 -0.500378 1.063026 0.627197 -0.041606 1.907751 -0.380256 1.055850 0.711572 0.084662 0.139473 -1.059629 0.301203 -0.532737 0.863855 -0.665108 -1.415010 1.285155 -1.005756 -0.146674 -1.237573 -0.409382 0.043269 -0.000625 0.626972 -0.347828 0.561642 -0.550426 -1.017936 -0.466401 -0.939976 -0.614360
90 -0.606250 -1.001027 -0.051418 -0.298503 0.001363 -0.699987 -0.936987 0.514780 -0.745899 0.739306 1.449199 0.104666 -0.307057 -1.269441 1.290396 -0.617067 0.013892 -0.475203 -0.785350 1.238979 -1.264442 0.018748 -0.520486 0.288698 1.774632 1.717428 -0.419162 0.679365 -0.849093 0.232579 -1.721065 0.784352 0.864466 -0.277943 0.171266 -0.744588 -0.641780 0.791387 -2.608837 1.001018 -0.429198 0.969874 1.116837 0.142752 -0.003963 -1.161244 -1.693032 2.031079 0.716921 0.983751
91 -0.597841 -1.141829 0.113259 0.723895 0.046299 1.035500 0.867489 -0.002170 -0.432030 0.334425 -0.753043 1.405111 -1.149656 0.018515 -1.756732 -1.039003 1.494864 -0.572721 0.318181 -1.113195 0.740967 0.324545 1.565772 0.722508 -0.908014 -0.013755 -1.058305 2.464464 0.601107 -0.532408 -0.931181 0.758809 -1.130707 -1.181541 0.983930 -0.485666 -0.752083 -0.471292 -0.155167 -0.678185 -0.697478 1.351807 1.221931 -1.335448 -0.523977 -1.450696 0.852464 0.498866 1.636796 0.441522
92 0.962558 -0.479713 0.618200 0.048053 -0.722820 0.723483 0.366825 -0.539438 -0.288366 0.970862 0.647270 -1.167082 -1.369326 -0.821548 1.177596 0.010388 -1.641260 -1.212865 -1.689553 0.189097 -1.002604 -1.313944 -0.003376 -1.085606 0.724565 0.763844 1.157546 0.927882 -0.878658 0.574642 -1.969679 0.067053 -0.488729 1.509374 1.272873 -0.504672 0.292680 -0.591194 -0.981357 -0.417110 -0.698284 0.232312 -0.298338 1.820057 -1.180074 0.659065 0.632429 -0.565574 -0.400749 1.000182
93 -1.263228 -0.091746 -0.561356 1.438121 -0.246136 1.254044 0.898897 1.236678 0.972873 0.336633 -0.485313 0.170258 -0.746538 0.225944 0.944579 -0.727689 0.686442 -1.687568 -0.807348 -0.710097 -0.025892 1.693538 -1.902773 -1.310776 0.660264 0.877844 -0.004886 -0.227539 -1.181291 1.974417 -0.005642 -0.114773 1.370731 -0.378854 -0.624183 0.377914 0.837591 0.122170 0.697280 1.215802 0.314321 0.668313 -0.531288 -1.133430 -1.198060 -0.531282 -1.519480 1.398608 -1.652743 -0.519553
94 -0.216540 1.176607 -0.864294 -0.593973 -0.879954 0.515740 -1.059306 -1.124663 1.215144 -0.528586 -1.108054 0.638671 1.088914 -0.067426 -0.612578 0.015136 1.197175 -0.259406 -0.158413 1.714628 0.672213 0.474349 -0.679446 -0.736157 -1.344328 -0.188107 -0.562128 1.164863 -0.297801 0.817620 1.377359 0.511885 -1.183454 0.090389 -1.413016 -1.025070 0.661911 1.696047 1.521241 0.970994 0.542346 0.013138 -1.173475 -0.785635 -1.429569 -0.207741 0.448641 -0.042091 0.070374 0.479426
95 -0.605653 1.575989 -0.314040 -0.219667 0.767932 -0.401406 0.318526 0.283626 -0.941480 1.483863 -0.418067 -0.475076 0.484309 0.689135 0.961694 -1.814957 0.058769 -0.576907 -1.053332 1.117008 -2.236174 1.019952 1.028231 -0.102135 -0.157688 -1.048165 0.165392 -1.275066 -1.610004 2.057233 0.301259 0.011713 0.267680 -0.392380 3.215071 -0.467603 1.066823 -0.587639 0.177571 0.106185 -0.249650 -0.067370 1.640811 -0.034932 0.005203 -0.428000 -0.860397 0.014636 1.211450 0.177680
96 -2.227308 0.077993 1.816911 -1.020630 0.462957 1.068378 -0.482490 0.102066 -0.426965 0.032323 -0.310391 1.113222 -0.758280 0.136276 -0.872730 -0.421025 0.651169 0.117780 -1.271024 2.266470 0.539784 1.538530 0.456741 0.162823 -0.997463 -0.827363 -0.405907 0.447209 1.283788 -0.114698 0.221763 -1.181108 1.100817 -0.330140 -0.234808 0.899524 -1.065495 -0.991021 0.233239 -2.242422 0.189141 2.063991 -0.473495 -0.909161 2.465530 0.694899 0.129166 -0.171659 -0.509786 -1.274431
97 -1.234011 0.005511 0.927550 -0.788750 -0.176591 -0.828840 0.026988 -0.514043 -0.267780 0.048731 0.182725 -0.419835 1.020960 -0.339638 1.822063 0.421859 -0.554106 0.490840 1.076244 0.011964 1.484584 1.567645 -0.786691 0.572611 1.154062 0.336019 0.941029 1.662910 -1.508753 -1.878088 0.093699 2.521831 -0.391198 -1.206147 -0.283329 0.172388 0.678778 0.012468 -1.558723 -0.955762 1.131355 -0.126415 0.940367 -1.205948 -2.085707 -0.002491 -0.042018 -0.117337 -0.480443 -1.846424
98 -2.469084 0.456123 0.655399 0.506751 1.241840 0.002958 -1.482729 -1.604951 -1.789905 2.097122 -0.920261 0.594998 0.150245 0.249959 -0.378205 -0.305697 -1.614517 -1.206357 1.303434 -0.023552 0.173885 0.938678 2.295659 1.308877 -0.895795 -0.138435 -0.087800 -0.660300 1.265475 -0.786548 0.028850 -1.375868 1.153611 1.001622 -1.348362 1.388132 0.636228 0.561061 -0.519800 -0.328816 0.478454 2.436543 -0.119067 0.416522 -0.020050 0.467218 -0.842228 1.513963 -0.125792 1.331132
99 1.040323 -2.549864 -0.207500 -0.748300 0.362917 0.052712 -0.751273 -0.897204 -0.659736 1.270172 0.939332 -0.379739 0.185357 0.800060 0.559690 0.106484 -0.057429 0.376869 1.031334 1.690773 0.473348 -0.023252 0.181743 0.965346 0.295459 -0.125999 -1.328772 0.239258 -0.041884 0.852357 -0.091435 -0.359532 -1.965392 -0.215500 0.203115 1.061717 0.471874 -0.726289 -0.705481 -2.827852 -1.716858 1.758263 0.172801 -0.284240 -0.274371 0.552848 -0.332950 0.551145 -0.523682 0.158825
END
#################################################################
SECTION3 (Edges Information)
EndPoint0 EndPoint1 Weight
0 1 1.000000
0 9 1.000000
0 10 1.000000
0 90 1.000000
1 0 1.000000
1 2 1.000000
1 11 1.000000
1 91 1.000000
2 1 1.000000
2 3 1.000000
2 12 1.000000
2 92 1.000000
3 2 1.000000
3 4 1.000000
3 13 1.000000
3 93 1.000000
4 3 1.000000
4 5 1.000000
4 14 1.000000
4 94 1.000000
5 4 1.000000
5 6 1.000000
5 15 1.000000
5 95 1.000000
6 5 1.000000
6 7 1.000000
6 16 1.000000
6 96 1.000000
7 6 1.000000
7 8 1.000000
7 17 1.000000
7 97 1.000000
8 7 1.000000
8 9 1.000000
8 18 1.000000
8 98 1.000000
9 0 1.000000
9 8 1.000000
9 19 1.000000
9 99 1.000000
10 0 1.000000
10 11 1.000000
10 19 1.000000
10 20 1.000000
11 1 1.000000
11 10 1.000000
11 12 1.000000
11 21 1.000000
12 2 1.000000
12 11 1.000000
12 13 1.000000
12 22 1.000000
13 3 1.000000
13 12 1.000000
13 14 1.000000
13 23 1.000000
14 4 1.000000
14 13 1.000000
14 15 1.000000
14 24 1.000000
15 5 1.000000
15 14 1.000000
15 16 1.000000
15 25 1.000000
16 6 1.000000
16 15 1.000000
16 17 1.000000
16 26 1.000000
17 7 1.000000
17 16 1.000000
17 18 1.000000
17 27 1.000000
18 8 1.000000
18 17 1.000000
18 19 1.000000
18 28 1.000000
19 9 1.000000
19 10 1.000000
19 18 1.000000
19 29 1.000000
20 10 1.000000
20 21 1.000000
20 29 1.000000
20 30 1.000000
21 11 1.000000
21 20 1.000000
21 22 1.000000
21 31 1.000000
22 12 1.000000
22 21 1.000000
22 23 1.000000
22 32 1.000000
23 13 1.000000
23 22 1.000000
23 24 1.000000
23 33 1.000000
24 14 1.000000
24 23 1.000000
24 25 1.000000
24 34 1.000000
25 15 1.000000
25 24 1.000000
25 26 1.000000
25 35 1.000000
26 16 1.000000
26 25 1.000000
26 27 1.000000
26 36 1.000000
27 17 1.000000
27 26 1.000000
27 28 1.000000
27 37 1.000000
28 18 1.000000
28 27 1.000000
28 29 1.000000
28 38 1.000000
29 19 1.000000
29 20 1.000000
29 28 1.000000
29 39 1.000000
30 20 1.000000
30 31 1.000000
30 39 1.000000
30 40 1.000000
31 21 1.000000
31 30 1.000000
31 32 1.000000
31 41 1.000000
32 22 1.000000
32 31 1.000000
32 33 1.000000
32 42 1.000000
33 23 1.000000
33 32 1.000000
33 34 1.000000
33 43 1.000000
34 24 1.000000
34 33 1.000000
34 35 1.000000
34 44 1.000000
35 25 1.000000
35 34 1.000000
35 36 1.000000
35 45 1.000000
36 26 1.000000
36 35 1.000000
36 37 1.000000
36 46 1.000000
37 27 1.000000
37 36 1.000000
37 38 1.000000
37 47 1.000000
38 28 1.000000
38 37 1.000000
38 39 1.000000
38 48 1.000000
39 29 1.000000
39 30 1.000000
39 38 1.000000
39 49 1.000000
40 30 1.000000
40 41 1.000000
40 49 1.000000
40 50 1.000000
41 31 1.000000
41 40 1.000000
41 42 1.000000
41 51 1.000000
42 32 1.000000
42 41 1.000000
42 43 1.000000
42 52 1.000000
43 33 1.000000
43 42 1.000000
43 44 1.000000
43 53 1.000000
44 34 1.000000
44 43 1.000000
44 45 1.000000
44 54 1.000000
45 35 1.000000
45 44 1.000000
45 46 1.000000
45 55 1.000000
46 36 1.000000
46 45 1.000000
46 47 1.000000
46 56 1.000000
47 37 1.000000
47 46 1.000000
47 48 1.000000
47 57 1.000000
48 38 1.000000
48 47 1.000000
48 49 1.000000
48 58 1.000000
49 39 1.000000
49 40 1.000000
49 48 1.000000
49 59 1.000000
50 40 1.000000
50 51 1.000000
50 59 1.000000
50 60 1.000000
51 41 1.000000
51 50 1.000000
51 52 1.000000
51 61 1.000000
52 42 1.000000
52 51 1.000000
52 53 1.000000
52 62 1.000000
53 43 1.000000
53 52 1.000000
53 54 1.000000
53 63 1.000000
54 44 1.000000
54 53 1.000000
54 55 1.000000
54 64 1.000000
55 45 1.000000
55 54 1.000000
55 56 1.000000
55 65 1.000000
56 46 1.000000
56 55 1.000000
56 57 1.000000
56 66 1.000000
57 47 1.000000
57 56 1.000000
57 58 1.000000
57 67 1.000000
58 48 1.000000
58 57 1.000000
58 59 1.000000
58 68 1.000000
59 49 1.000000
59 50 1.000000
59 58 1.000000
59 69 1.000000
60 50 1.000000
60 61 1.000000
60 69 1.000000
60 70 1.000000
61 51 1.000000
61 60 1.000000
61 62 1.000000
61 71 1.000000
62 52 1.000000
62 61 1.000000
62 63 1.000000
62 72 1.000000
63 53 1.000000
63 62 1.000000
63 64 1.000000
63 73 1.000000
64 54 1.000000
64 63 1.000000
64 65 1.000000
64 74 1.000000
65 55 1.000000
65 64 1.000000
65 66 1.000000
65 75 1.000000
66 56 1.000000
66 65 1.000000
66 67 1.000000
66 76 1.000000
67 57 1.000000
67 66 1.000000
67 68 1.000000
67 77 1.000000
68 58 1.000000
68 67 1.000000
68 69 1.000000
68 78 1.000000
69 59 1.000000
69 60 1.000000
69 68 1.000000
69 79 1.000000
70 60 1.000000
70 71 1.000000
70 79 1.000000
70 80 1.000000
71 61 1.000000
71 70 1.000000
71 72 1.000000
71 81 1.000000
72 62 1.000000
72 71 1.000000
72 73 1.000000
72 82 1.000000
73 63 1.000000
73 72 1.000000
73 74 1.000000
73 83 1.000000
74 64 1.000000
74 73 1.000000
74 75 1.000000
74 84 1.000000
75 65 1.000000
75 74 1.000000
75 76 1.000000
75 85 1.000000
76 66 1.000000
76 75 1.000000
76 77 1.000000
76 86 1.000000
77 67 1.000000
77 76 1.000000
77 78 1.000000
77 87 1.000000
78 68 1.000000
78 77 1.000000
78 79 1.000000
78 88 1.000000
79 69 1.000000
79 70 1.000000
79 78 1.000000
79 89 1.000000
80 70 1.000000
80 81 1.000000
80 89 1.000000
80 90 1.000000
81 71 1.000000
81 80 1.000000
81 82 1.000000
81 91 1.000000
82 72 1.000000
82 81 1.000000
82 83 1.000000
82 92 1.000000
83 73 1.000000
83 82 1.000000
83 84 1.000000
83 93 1.000000
84 74 1.000000
84 83 1.000000
84 85 1.000000
84 94 1.000000
85 75 1.000000
85 84 1.000000
85 86 1.000000
85 95 1.000000
86 76 1.000000
86 85 1.000000
86 87 1.000000
86 96 1.000000
87 77 1.000000
87 86 1.000000
87 88 1.000000
87 97 1.000000
88 78 1.000000
88 87 1.000000
88 89 1.000000
88 98 1.000000
89 79 1.000000
89 80 1.000000
89 88 1.000000
89 99 1.000000
90 0 1.000000
90 80 1.000000
90 91 1.000000
90 99 1.000000
91 1 1.000000
91 81 1.000000
91 90 1.000000
91 92 1.000000
92 2 1.000000
92 82 1.000000
92 91 1.000000
92 93 1.000000
93 3 1.000000
93 83 1.000000
93 92 1.000000
93 94 1.000000
94 4 1.000000
94 84 1.000000
94 93 1.000000
94 95 1.000000
95 5 1.000000
95 85 1.000000
95 94 1.000000
95 96 1.000000
96 6 1.000000
96 86 1.000000
96 95 1.000000
96 97 1.000000
97 7 1.000000
97 87 1.000000
97 96 1.000000
97 98 1.000000
98 8 1.000000
98 88 1.000000
98 97 1.000000
98 99 1.000000
99 9 1.000000
99 89 1.000000
99 90 1.000000
99 98 1.000000
END
#################################################################
SECTION4 (TrueSubGraph Information)
EndPoint0 EndPoint1 Weight
40 41 1.0
41 31 1.0
31 21 1.0
21 20 1.0
END
#################################################################
SECTION5 (Labels Information)
1 0 0 0 0 0 0 0 0 0 0 0 0 0 0 1 0 0 0 0 0 0 0 1 0 0 0 0 0 1 0 0 0 0 0 0 0 1 0 0 0 0 0 0 0 0 0 0 0 0 
END
#################################################################
SECTION6 (bt Information)
5 -5 -5 -5 -5 -5 -5 -5 -5 -5 -5 -5 -5 -5 -5 5 -5 -5 -5 -5 -5 -5 -5 5 -5 -5 -5 -5 -5 5 -5 -5 -5 -5 -5 -5 -5 5 -5 -5 -5 -5 -5 -5 -5 -5 -5 -5 -5 -5 
END
#################################################################
