#################################################################
#APDM Input Graph, this input graph includes 3 sections:
#section1 : general information
#section2 : nodes
#section3 : edges
#section4 : trueSubGraph (Optional)
#
#if nodes haven't information set weight to null
#################################################################
SECTION1 (General Information)
numNodes = 100
numEdges = 200
usedAlgorithm = NULL
dataSource = SimulationData2
END
#################################################################
SECTION2 (Nodes Information)
NodeID Base Counts
0 0.854122 0.106133 -1.461594 -0.254680 -0.564441 -2.182988 0.745194 -1.411491 0.908113 -0.782687 -0.396631 -1.180792 1.284253 -0.216526 1.730928 -0.398923 2.064771 0.123422 0.803909 -0.184798 -0.187041 0.440873 0.004140 0.105735 -1.409656 -0.920961 -0.806198 0.489730 -0.562797 1.414077 0.063398 1.025549 0.434702 0.289324 1.755035 0.944504 0.687448 1.219890 2.247407 -0.815799 0.927797 -0.168160 -0.482555 1.233274 1.258943 -0.482959 -0.479333 -1.208406 -1.403878 -0.314777
1 0.891127 -1.022472 -0.617733 1.626440 0.964285 -1.089367 0.402303 0.464120 -0.307634 -1.137697 -0.093259 0.014583 -0.135659 -0.335167 -1.128673 0.545873 1.535289 -0.647829 1.024203 0.436093 1.226154 1.505584 -0.015415 -2.392565 -0.420263 -0.956673 -0.873603 -0.075937 0.727685 0.226822 -2.579273 1.094494 0.561639 -1.485512 -0.443880 -0.420031 0.158284 0.496854 0.264699 0.835261 0.477311 0.783727 0.803439 -0.086359 -0.107432 1.104466 0.283727 -0.347086 1.070604 1.018102
2 1.088547 -0.233158 -1.296267 0.579402 -0.334055 -0.009052 -1.977295 0.209729 -0.217148 0.472833 -0.599985 -1.187003 -0.642201 -1.718009 0.868450 -1.486789 -0.767959 0.949620 -0.183121 -0.164942 0.103346 1.202721 -0.743821 2.089124 -1.036393 -0.960587 -0.356198 -0.389934 -1.107483 -1.195816 2.388084 -1.062486 -0.200596 -1.233179 0.317874 -0.225916 -0.004520 0.936164 1.099423 -0.617717 0.437550 0.161553 0.748978 1.273072 -1.975480 1.030844 -1.062925 0.959837 -1.500803 1.164367
3 -1.101652 -0.907840 -0.157825 0.612669 0.402070 -0.180782 1.592428 -1.281810 -1.301101 0.433078 0.830288 -2.595958 -0.400926 -0.366876 2.043590 -0.663521 0.440524 -0.651221 -0.744289 0.500056 -0.195522 0.447184 2.176557 -0.035039 -0.245920 -1.180498 -0.301744 1.708139 0.751680 0.108747 0.916011 0.269892 -0.020412 -0.084323 1.736938 -0.672910 0.291334 0.580809 -0.192418 0.769174 0.438299 0.013018 -2.088006 0.555089 -1.487903 -0.706360 0.540186 1.280708 -0.897836 0.556633
4 1.584685 0.881781 0.216417 1.666576 -0.844326 0.095328 0.337042 -0.444515 -0.315958 -0.038245 0.346642 -0.067307 0.098061 -1.045159 -0.074806 2.108174 -0.557102 -0.996948 0.744596 -0.888708 0.292934 -2.645997 0.087948 -0.105690 1.006877 0.549658 0.409660 0.622311 1.628836 -1.344669 0.373206 -0.743390 -0.381404 -0.919869 1.391255 0.098634 -0.521161 0.576602 -0.495667 -0.406793 -1.075304 1.526343 -0.583359 2.231839 -0.479391 -0.643848 0.387579 0.906728 -2.330027 -0.335443
5 -0.314155 0.097996 -0.008018 -0.488142 1.771685 -1.689107 -0.209102 -0.088522 -1.177049 0.714761 0.419302 1.233071 0.201681 -0.425666 -0.755816 0.140116 0.916047 0.057472 -0.112763 0.247228 0.112697 -0.349164 0.168573 0.149513 -0.717471 -0.644521 -0.654073 -0.561657 0.725669 -1.336153 0.533468 0.515451 -0.572513 -0.536087 0.163624 -0.368767 -1.070904 2.332293 -0.481739 -1.711569 -1.260096 -0.613129 1.082261 0.982096 -3.132049 1.647663 0.732191 2.574250 0.285141 1.338956
6 -0.675298 1.004987 -0.465142 0.565512 0.127848 0.762092 0.633467 1.710698 0.816820 0.002556 -0.106319 1.428938 -0.740195 0.497009 -1.799270 -0.386423 -0.362323 0.171793 -1.028839 -1.048969 0.031950 -1.631179 0.481569 0.942650 1.648812 -0.268134 -0.415151 -0.447597 -0.742009 1.783740 -1.493151 0.701727 -1.166077 -0.475967 0.588779 -0.740395 -0.634845 -1.003856 -0.365179 1.739952 -1.063589 1.928303 -0.410366 -0.736001 -0.145158 -0.608892 -0.335215 1.607147 1.599674 0.020826
7 -0.149029 -0.813695 -0.037463 0.771364 2.553217 -1.190202 0.020237 1.592829 -1.721007 0.302581 0.208373 -0.686155 -0.745777 -0.350553 -0.151898 -2.086527 0.401437 -1.216138 -0.000838 -2.292844 1.944819 -1.076995 -0.344152 -0.470964 -0.903460 -0.481046 -0.287677 -0.857180 -0.081401 1.556544 0.006020 -0.270306 0.857275 1.054513 1.255171 -0.989265 -0.078079 1.543533 -0.526840 -0.723500 0.438596 0.335177 0.243747 -0.479534 0.589132 -1.791384 -1.049094 -1.753943 -2.226341 0.792217
8 0.504471 -0.501248 0.443980 0.549228 -1.285792 -0.828836 -1.901107 0.067734 -0.855862 0.306202 -0.653702 -0.990331 1.327213 -0.798239 -0.256143 -0.301912 -0.749989 -1.348496 -0.573311 0.903341 -1.124870 -0.880002 0.007474 1.671657 -1.006700 1.602574 0.138086 -1.358861 -0.984340 -0.632867 -0.403999 0.397680 0.038180 -0.561619 1.640976 0.464831 0.780563 -0.872092 -2.164616 0.940631 1.594143 -0.896119 -1.611066 -0.033296 -0.329361 0.975663 -0.636122 -0.051166 0.964692 1.056499
9 0.341102 -0.696459 -0.416857 0.270831 -2.274800 0.634256 0.628917 -0.465248 1.133077 1.274621 -0.373994 0.168574 -1.626677 2.563124 1.565202 1.102793 -0.377159 -0.644730 0.173806 -1.279803 0.445183 -1.041982 0.543644 0.777508 -0.258723 -1.036820 -0.324068 1.028130 0.446828 1.566024 0.315719 -1.339547 1.526685 -0.641844 0.252791 -0.706960 2.113798 -0.760072 1.652804 -0.291313 -0.429436 -0.692837 0.644568 -0.288425 0.141104 -0.345164 0.645171 1.783374 -0.463375 -0.579045
10 -2.955298 -0.441151 -0.677306 -0.305870 -0.399681 1.662364 0.699087 0.473551 0.711216 -2.223291 -0.680874 -0.630737 -1.134134 0.795234 -0.733605 -0.172997 0.472740 -0.617833 0.587987 -1.685387 -0.286029 1.132123 0.513071 -0.506255 -0.161553 0.931755 0.610917 0.285019 0.970443 0.306069 -0.638726 -1.402870 -0.038842 -0.672851 -0.186810 1.096284 -0.920521 -0.947236 -0.467406 0.351632 1.226082 1.845973 0.000578 2.251469 -0.468050 1.547161 -0.462450 -1.074352 0.867810 0.933726
11 -1.003387 0.150819 -0.836688 1.487122 0.920374 0.814225 0.855187 1.470372 -0.739681 -1.264897 0.219391 -0.581607 0.509051 1.194277 0.263421 0.565422 0.514582 0.534435 0.654346 0.195917 0.240352 0.782759 -0.260747 -0.753767 0.629216 -1.180577 -1.872731 -0.339999 -0.368355 1.464710 1.158094 0.257473 1.743611 -1.447568 -0.326817 -1.592099 -0.360425 0.841485 -0.042018 -0.448927 -0.271538 -0.423326 0.254463 1.509382 -0.259702 1.080045 -0.558477 0.442322 0.143417 -0.142339
12 0.040101 -1.098332 1.625751 -0.545514 -1.782749 -1.056754 -0.649985 0.757890 -0.974741 -1.464290 0.274200 0.061442 0.560327 -0.182640 -1.781375 -0.918788 0.876090 0.901359 0.590862 -0.099335 -0.337382 1.036586 -0.003164 0.490378 1.216663 1.470163 0.057016 -0.171583 0.069922 0.238900 -1.553567 0.594849 1.465495 1.120096 -1.160219 -0.454780 0.482887 -1.808699 -0.673462 -0.124364 -0.733244 0.393775 0.647883 0.059759 0.149178 2.055175 0.208931 2.128367 -0.501969 -1.843871
13 -1.256080 0.389639 -1.205871 0.156391 -1.328434 -3.074534 0.269133 -0.348315 -0.578486 -0.287774 0.307672 -0.778102 -0.094717 -0.913868 -0.629869 -0.435341 0.126279 -0.710849 0.723064 -0.375864 1.389151 1.005916 0.795833 -0.224236 -0.582830 0.405222 -0.235536 1.142066 0.521867 -0.099552 0.859130 0.220187 -0.259401 -2.735059 1.248984 0.348539 1.029030 0.703760 -0.464358 -1.510847 0.710143 -0.909998 0.373038 1.492718 -1.055582 0.073914 0.174160 1.578408 0.112030 -1.877014
14 -0.701058 0.326573 1.118510 1.161886 -0.673874 -1.457938 1.420738 2.047879 0.360512 -2.070534 -0.459256 2.554828 1.233942 -2.225414 1.701021 -1.027050 -0.945451 -0.287248 -1.672488 -0.707970 1.743344 -1.513703 -1.357685 0.664331 0.106336 0.183144 1.200986 -1.046697 1.184741 0.664403 -1.088680 -0.528654 -0.446499 0.313745 -1.113667 -0.102836 0.031734 1.708833 -0.492527 -0.891970 0.002972 -0.317505 -1.524081 -2.118305 -2.353451 0.675259 0.061289 -1.175822 -0.360672 0.777551
15 -0.414932 -0.474384 2.038999 1.162796 0.286213 0.780498 1.175621 0.546645 -1.071507 1.533202 -0.795540 0.420821 -0.141089 0.175063 -0.195254 0.602684 -0.653759 -0.840427 0.235617 -1.303113 0.383469 0.462319 0.621998 -0.229243 -1.543531 -1.541899 -0.426604 -1.443649 -0.915912 1.823042 0.172513 -0.345150 -0.905638 -0.130939 3.037874 -0.505023 0.729906 -0.282322 -1.260670 -0.766429 -0.525253 0.005288 0.595237 0.214912 -0.002706 -0.132638 -0.039346 2.712775 0.499638 0.181284
16 -0.620764 -0.340425 -0.022914 -1.700967 -1.602994 -1.788160 -1.342561 0.609675 1.000649 -1.126588 1.095935 2.429580 0.349049 0.455403 -2.032442 -2.340753 0.481159 -0.483747 0.770276 -1.587086 0.453387 -2.014000 -0.553344 0.046871 0.825869 -0.798874 -0.044116 -0.117697 0.510148 0.675063 2.251683 0.386109 0.614756 0.251237 -1.062378 0.454830 0.841902 0.861256 -1.314539 -0.694857 0.503613 1.367747 0.593623 0.513525 -0.439503 -1.372073 -1.090674 -0.591045 0.645017 0.129673
17 0.096288 -0.323080 0.049149 1.505139 2.194360 0.105702 0.985870 -0.043801 -0.232789 2.653420 0.372959 -0.551516 1.485394 0.307775 0.079140 1.328595 1.100708 0.302135 1.431045 0.099397 1.731638 -0.215438 -0.058283 1.488106 -0.858132 1.415933 0.633880 -0.036114 -0.904099 1.096199 -0.227315 -1.231606 1.126536 0.505245 1.371417 0.443360 1.279048 -0.477305 -0.538383 1.635790 -2.834739 1.179508 0.070295 -1.060773 0.979804 -1.377595 0.243637 -0.597420 -0.981933 -1.124860
18 1.303788 0.544674 0.569349 -0.638081 1.078827 0.406609 -2.340414 0.423916 -0.544893 -1.299950 -0.873979 -0.769665 -0.024924 0.788621 -0.306230 -1.769458 0.773657 0.134322 -0.063981 1.249423 -0.389784 -0.802321 -0.798913 0.226273 0.116558 -0.373421 1.560006 -0.130769 0.024071 0.563794 0.419565 0.504966 2.100615 -0.110190 -1.788062 0.146256 0.321312 -0.439177 -2.701461 -1.601450 0.080303 0.011987 0.351114 -2.217722 -0.075268 1.323659 -0.287772 -0.097363 -1.106721 0.575868
19 1.145674 -0.137833 -0.239537 0.251567 0.843524 0.577775 -0.164923 0.347421 -0.495899 -1.447706 -1.100384 -0.781230 -0.770000 1.193499 -1.348249 -0.206422 -0.817402 1.907066 0.019249 0.066704 -0.767179 0.541391 -0.265011 -1.263498 -0.131882 1.086087 0.694900 1.067610 0.443654 -1.127629 -1.353758 -0.913173 1.948534 0.072414 0.208959 0.329413 -0.491817 -2.423056 0.033255 -1.466563 -0.241988 0.634578 -0.286656 -0.117864 0.078731 -0.588037 -1.254464 1.514918 0.499958 -1.008571
20 0.477638 0.459571 -0.493029 0.196033 0.605288 1.842650 0.247785 -1.011255 0.409603 -0.526809 0.501744 0.560337 1.210149 0.470615 0.268228 -0.285769 -0.234147 0.412481 -0.062328 -0.267563 -0.068227 1.309489 -0.257922 1.990010 -0.224372 -0.128239 0.586498 -0.259740 0.051371 -0.821260 -1.578513 0.503520 -1.109362 0.643168 -0.816760 -1.459542 -1.315290 -0.579099 -0.186272 0.508042 0.834721 -0.996362 0.114265 0.795133 -0.873362 1.157457 -0.025575 0.752482 -0.816105 -1.186683
21 0.081910 0.540858 0.533821 1.127884 -0.676510 1.023406 -1.611797 -0.649907 -0.917510 2.191476 -0.336699 0.263945 -1.357102 1.114882 -1.997133 0.012268 -1.441582 1.040369 -0.579331 1.515880 -0.911106 -0.885990 2.100225 0.220459 0.897971 -0.858039 -0.777487 1.418017 1.127751 0.189138 0.413117 0.833258 -0.432642 -0.606393 0.794270 0.292634 -0.539205 1.805326 -0.531014 0.831201 -0.970412 0.461154 0.406982 -0.710262 -1.759312 0.274212 1.103562 -0.725648 -2.147753 1.592801
22 0.492794 -0.115939 0.995040 -0.348077 -2.111274 -1.615024 1.158755 -0.627144 -1.233995 0.925471 0.341830 0.253986 0.093517 1.883903 0.699152 -0.708089 0.565843 1.514442 -1.030337 -0.559890 -1.663012 -2.215163 -0.732081 0.633025 0.878076 0.692995 0.168797 0.421345 -0.965192 0.803853 0.545717 -0.827629 0.025109 0.756844 -0.784615 0.687521 0.584483 0.887229 1.827013 0.038698 0.808370 -1.103799 1.518130 0.179312 -1.058019 1.679866 0.337455 0.202811 0.364307 -0.128098
23 0.779835 -0.685841 -0.033417 -1.270030 0.961124 -1.015552 1.094368 0.433125 0.795029 -1.012339 -0.530856 -0.974419 -0.849608 0.771677 -0.338986 1.699583 0.462555 0.656009 -2.199377 0.075247 0.111981 -0.707794 1.209544 1.038936 -1.907257 0.969600 0.379662 -1.699384 0.981676 0.817249 -1.390226 -0.459262 -0.792816 0.934309 -0.245531 -0.922225 -0.797890 -0.144528 2.215972 -0.238252 -2.061826 0.266271 -1.392562 -1.714879 0.644356 -2.372684 -0.729959 -0.519489 -1.557981 -0.746425
24 0.290001 -0.199026 -0.372252 -0.180095 0.709171 1.110472 -1.059752 -1.086975 0.817664 0.671351 0.995008 -0.398105 -0.804225 -0.447509 -1.528917 -1.360386 -0.411584 -0.947626 -0.087376 1.320256 -0.594597 -0.537424 0.208434 0.564514 -1.151188 0.277418 -0.026104 0.228746 1.012574 1.810840 -0.776561 -0.714061 1.379020 -0.136011 -1.234990 -0.027127 0.036501 0.360919 0.054499 0.755712 -0.645764 -0.856221 1.652297 0.413581 0.000904 0.399720 -1.248595 -2.155168 -0.090609 -0.055077
25 0.794308 1.532368 0.810786 0.277062 0.879119 -0.840880 0.797436 -0.583954 -0.039368 -1.502780 -0.184457 -0.724308 -1.608984 -1.518932 0.572986 -0.382856 0.188460 -0.297863 0.324810 1.163284 1.199103 -0.746882 0.836623 1.033574 1.011319 1.112396 0.623273 -0.260196 -0.689299 0.367186 -0.917019 1.738558 -1.475120 -0.818567 -0.236480 1.682439 1.172862 -1.153519 1.035495 0.444970 -0.471168 0.339740 -1.138774 -0.604666 -1.607745 0.578208 -1.002025 -0.286237 0.524557 -0.438739
26 0.402718 1.988976 -0.481641 -0.160352 -0.983385 1.262843 0.306837 0.916469 1.600099 0.472330 -0.661523 -2.033268 -0.651241 -0.116208 0.261991 -1.761688 0.684857 0.236066 1.362696 0.196336 -0.964502 0.343456 0.825978 -2.404064 -0.493882 -0.345971 -0.254292 0.842952 1.110961 -0.077607 -1.928943 -1.101421 -0.715816 1.542893 -0.947570 -1.378647 0.498053 0.140996 -0.574074 0.174813 0.288375 1.570619 0.379223 0.882380 -1.046235 0.267708 0.538719 -0.417495 2.531389 0.858891
27 -1.186232 -1.321030 0.301113 0.210786 -1.642918 0.435701 1.016099 2.241649 0.921625 -1.285365 -0.194268 0.538672 -1.508625 -0.615153 0.079223 -0.550965 -0.344408 1.894185 0.800275 0.565302 0.338301 0.542852 -1.313235 0.475962 -0.243778 -0.687305 -0.471041 -0.168794 -0.377677 -0.663359 0.055503 0.401762 1.543106 0.523813 -0.377753 -0.118137 0.640228 2.635076 0.020398 0.768897 -0.143336 -0.135265 2.337842 -0.515010 0.068021 -0.752159 0.117836 0.221649 0.058076 -0.068535
28 -1.913325 -0.379620 0.239912 0.063062 -0.803982 1.807730 1.906873 0.218004 0.199192 -0.345311 -0.036464 -0.619489 0.191459 0.247537 0.461222 -1.076190 -1.889029 1.513046 -1.495087 -1.544325 -0.060088 0.497984 -1.262953 1.251312 -1.554817 0.970733 -0.374766 -0.991765 -0.379534 0.400071 -1.044084 -2.884617 -1.568069 -0.182013 0.662237 1.571612 -0.725854 -1.566019 -0.141407 -1.548919 -0.294564 -0.621482 1.340356 1.187567 0.919343 -1.577996 1.528824 -0.837177 -0.532098 -0.373662
29 -0.988101 -1.271561 -0.309984 0.040650 1.244339 -0.376052 1.595431 0.619192 -0.639110 -0.496942 0.903341 -0.865366 1.956130 -0.682155 0.469766 -0.020446 -0.326465 -0.897903 -0.266356 0.224863 0.217867 -1.311369 1.683215 0.431471 0.637592 -1.595037 0.562690 -0.354040 -0.907746 1.587369 -1.957357 0.247620 -0.680187 0.834654 -1.031610 -0.778497 -1.065104 -0.743444 1.198079 0.533281 0.819285 -0.664337 1.490360 0.232984 -1.551848 0.271785 -0.369792 0.679846 -0.864203 0.397062
30 0.351171 0.487984 -0.620893 1.826378 -0.040225 -0.815636 2.152722 -0.599643 1.301387 0.732588 0.717470 -0.791094 0.328841 -1.193368 1.174734 -0.031620 0.654043 -0.579466 -0.031103 -1.084317 -0.603209 0.596209 1.144070 0.816985 -0.936524 0.786897 1.945826 -0.518998 1.314464 -0.041122 -2.260253 -0.013958 1.211437 -0.940865 -0.933117 0.470286 -0.482520 0.922719 0.442357 1.465959 -0.426072 -0.554781 -1.591608 -0.360325 0.843677 -2.189515 -2.127825 -1.320975 -2.768300 1.541794
31 -0.166930 1.609810 1.136404 0.442541 -0.297989 -0.758148 -0.412954 -0.508189 -0.187232 1.878033 -0.249619 -1.596132 -1.069633 -0.329566 2.344785 -1.112249 -0.102856 0.785865 0.329211 0.106525 -2.708969 0.812284 0.735664 -0.285596 1.360669 -0.670029 0.113804 1.853901 0.168618 0.206593 -1.735059 -0.406078 -2.837946 -0.646031 0.093765 0.750271 -2.143435 -0.209078 -0.102660 -0.678815 -1.501092 1.196535 -0.218581 0.593834 -0.643008 -1.633268 -1.234883 -0.862036 -1.719899 0.738276
32 1.793942 0.739765 -0.158031 0.905799 -1.225807 -0.013897 -0.964257 -0.902911 1.894451 -0.556131 -1.037164 -0.553879 1.668919 0.522075 -0.687174 0.742469 -0.501552 -0.458591 1.483286 -0.426593 -0.130680 0.266453 -1.545909 -1.218295 0.379283 -1.609666 0.373833 0.402744 -0.384079 1.623166 -1.986619 1.596170 -0.242795 -1.015389 -0.145340 -1.433552 1.087317 -0.679220 -0.097026 -0.323446 0.295591 0.255898 1.367534 -0.499680 -0.263970 -0.493144 1.489951 -0.938529 0.431325 -0.273400
33 0.407960 0.670301 0.597240 -0.308054 0.424384 -0.443092 1.119769 0.122466 -0.051044 0.271919 0.310122 2.662468 -0.419599 -0.399524 0.889186 0.138502 0.111137 -0.133880 -0.039215 0.379394 -0.232236 -0.050348 -1.647748 -1.296104 0.135239 2.211283 0.855206 2.402606 -0.142127 -1.750377 -0.214837 0.127418 -0.955599 -0.162012 -1.674399 -1.020278 -0.886182 0.969133 2.139539 1.083048 -0.993843 -0.556446 2.232968 1.890589 -0.121673 0.620464 -3.286864 0.070645 -1.332066 -0.863852
34 -0.693869 -3.416426 1.987852 1.504231 0.071992 -0.843581 -0.135465 -1.160582 -1.214810 1.333045 0.295601 0.006229 -0.046602 1.053589 -0.449997 -0.622673 -0.605040 1.362652 0.322892 1.347962 -0.478754 -1.362645 -1.337350 -1.030537 0.072593 1.437896 -0.064720 0.418002 -0.097186 0.947552 -2.798054 -0.855002 1.696387 0.202288 0.259001 -0.957087 -1.746021 -0.346527 1.032660 0.949838 2.491366 -2.530403 0.158314 0.425541 -0.394751 0.638291 -0.696892 -0.336077 0.988772 0.300970
35 -0.559719 1.431000 -1.211030 0.115909 0.193426 -0.382729 1.030958 0.587192 0.106564 -0.800704 0.179248 -0.668840 -0.861061 -0.212681 -0.813064 1.803270 -1.284344 -0.165178 0.559628 0.205946 -0.801006 -0.007130 -0.499346 1.818379 -0.259327 -0.193699 -0.996926 -0.570673 -0.042332 2.628808 -1.199587 0.446500 -0.221398 0.011850 0.495250 0.323073 0.947948 1.652753 -0.018510 0.546137 0.955762 0.137389 0.314317 -0.137408 1.302272 1.131133 2.810808 0.797976 -0.188217 -0.478523
36 -1.252590 -1.713805 0.227563 -1.428876 -0.945362 -1.203736 -1.474557 0.936379 -1.295805 -2.231921 -1.960566 1.566258 0.684648 0.018875 0.657039 0.771045 -0.399059 -1.063110 0.834765 -0.477055 -0.890329 -1.939405 0.429677 -0.509321 1.099491 -0.150487 -0.334009 -1.397184 0.211751 -0.387762 -0.678581 -0.691818 -0.522999 -1.078387 -0.680345 -0.160013 1.709662 -0.127466 0.603630 0.391169 -1.128488 0.746076 -2.029847 -0.385611 0.684848 -0.207270 0.117392 -0.006527 -1.481662 -0.583313
37 1.155205 -0.519589 -0.479482 -0.318604 0.292126 -1.062789 0.018625 1.317390 -1.088221 2.605350 1.255024 -0.795648 -0.449068 0.484805 0.275219 -0.669814 -0.598170 0.018052 -0.506071 -0.481647 0.356758 -2.041854 -1.379142 0.206423 0.089136 -0.425061 1.681549 1.033422 0.856704 0.794203 0.977249 1.005944 -0.609150 0.392435 -0.886026 1.396439 -0.279032 0.179545 -1.598358 1.244435 0.167132 -0.817007 0.966326 0.853148 1.687674 0.162769 1.256151 -1.893354 0.003621 1.075606
38 -0.861177 1.949518 -0.317035 -1.060326 0.464389 0.596588 0.206528 -1.311576 0.777070 0.084607 -0.974341 1.523908 0.221799 -1.568160 -1.267257 0.895478 1.875295 1.738362 -0.296816 1.911059 -0.300453 0.641689 -2.360905 -0.079548 0.426655 -0.089710 -0.314010 -0.951414 1.740649 -0.072845 0.516329 -0.064669 -1.254468 -1.211556 0.033281 -0.001370 -0.512387 -0.042585 0.035580 0.815538 0.505860 1.050102 0.836080 1.972957 0.214828 1.236292 -1.298290 -1.246095 2.126727 -0.050740
39 0.314658 1.525457 2.101896 -0.816580 -0.125608 -0.263184 0.975637 -0.708989 -1.421327 -0.001331 1.485914 1.123125 -0.988082 -0.302180 2.875976 0.957451 -0.079748 -0.676986 -0.891882 -0.344915 0.232692 -0.643182 -1.542078 0.699197 -0.726044 0.239211 0.123963 0.125904 0.167258 -0.185706 1.615033 0.538465 0.241483 0.217564 -0.311926 1.831586 0.171570 1.181730 0.593896 -0.579069 0.882099 1.513823 -1.067743 0.055607 0.049726 -0.074008 -1.192320 0.847159 0.605571 -2.407031
40 -1.171623 -0.306949 -1.528183 -0.347207 0.277959 0.058610 -0.583310 -0.254793 1.746205 0.364749 -0.024290 -0.698109 1.268094 -0.278395 0.008864 -0.276469 0.385571 -0.121602 -0.491926 0.828358 0.346970 -0.164790 -0.320799 1.276210 0.721002 0.259811 -0.024557 -0.723910 -0.379220 -0.249570 -0.328200 -0.743472 -1.143415 0.630914 1.437199 -1.266080 -0.393887 -0.525729 -0.445257 0.085084 -0.160583 -0.340386 -0.577645 0.785179 0.750031 3.293122 -0.960586 0.687941 -0.941609 1.940337
41 -0.962011 0.940779 -0.533516 -0.029541 0.000735 -0.157888 -0.485543 -1.819130 -0.302420 -0.490119 1.460520 -0.192917 -1.813936 -0.827327 -0.406201 -1.512931 -2.131797 0.191876 0.295415 0.848750 -2.238671 -0.333860 1.097601 -1.066182 0.605728 0.682724 0.102019 -0.683656 -0.347522 -1.252161 0.446721 0.771123 2.080320 0.663739 1.746714 0.718146 0.260576 1.303215 0.197971 2.529680 -0.135032 -0.740197 -0.424938 0.384345 -0.041644 -0.210234 1.886252 0.517990 1.620321 2.985449
42 1.323408 0.971061 -1.086121 1.385007 0.307413 0.200381 0.112659 1.122430 -1.349759 -1.055086 0.871093 -0.205274 -0.155649 0.147495 -1.938751 0.659018 -0.915869 0.530689 0.830595 -0.137640 -0.964854 0.151481 -0.023834 -0.469435 1.189529 0.930857 -1.220475 1.720247 -0.413169 -1.169829 1.706255 -0.521172 1.127647 -0.722906 0.427595 0.236411 -0.000707 1.969652 0.288790 -0.217817 0.145631 -0.894539 0.335689 0.947632 -1.110593 0.031763 0.115168 0.143876 -1.555045 -1.089233
43 0.793492 -0.787297 -1.237636 0.244472 -0.546796 -0.079115 -0.871463 0.792176 0.141282 1.283282 0.532325 0.362464 -0.823735 1.247827 1.182390 0.347317 0.116317 0.679047 -0.025837 1.110506 -0.519051 -1.737321 -0.628093 -0.021458 0.179668 -1.325739 -0.329741 0.828202 0.343888 -0.143987 -0.484327 0.610307 -1.676086 0.415596 -0.225117 0.377312 -0.029469 0.762492 0.395940 -0.063588 -1.414196 0.074377 1.649215 -0.082062 0.991728 -1.719651 1.542828 -0.129303 0.673616 0.423358
44 -1.184863 1.128747 -1.499334 -0.173306 1.154042 1.253668 -0.111770 -0.600000 -0.492612 -0.126742 1.603049 -0.621430 -0.832227 1.237577 0.090565 0.082756 0.112420 -0.338768 1.261772 0.208117 0.459866 -1.084492 0.874207 0.054647 -0.168282 -0.824742 -0.377616 -1.180793 -0.318902 -0.268477 -0.540107 -0.401665 0.179933 1.793382 -1.178720 0.318015 -1.055710 -0.449382 1.352468 -1.521259 -0.229213 0.552766 -1.822564 -0.934002 1.668278 2.280483 0.471399 0.447443 -2.438778 -0.607798
45 4.379195 5.856367 0.043639 3.619275 -0.218940 5.496337 0.883888 5.644514 0.197087 4.026203 4.966754 5.157635 3.225413 3.956104 4.336037 4.477657 0.816170 0.560851 5.730453 0.691728 0.555624 4.553693 1.394041 7.270385 -1.209860 4.250540 5.685358 0.817895 6.239960 5.267610 4.158952 6.502754 3.714594 1.280638 0.277704 4.973820 2.154835 0.885179 4.738639 2.273063 0.151584 -0.094833 4.902422 3.667055 6.498092 -0.844626 4.316764 0.668103 4.981896 3.946659
46 5.090613 3.848755 -0.032341 4.584198 -0.689711 6.211680 0.471327 4.160280 -0.839068 3.879599 5.658183 4.832376 4.999253 5.486075 4.128814 6.578023 1.207114 1.355055 6.222798 -1.140697 -1.493202 4.542843 -0.640046 4.253612 -1.058718 5.134926 4.271753 -1.302891 7.134543 5.711213 6.357356 5.090447 7.297128 1.609779 0.576289 6.469415 2.344355 0.181593 4.967327 -0.232308 1.199459 -1.597336 4.836061 6.976199 6.115109 0.010632 5.035400 -1.122911 5.229453 5.887447
47 -0.597290 -0.598387 0.684506 -1.164705 0.274386 -2.876018 0.135506 -0.612931 0.413518 0.033137 0.265871 -1.030978 -1.937017 1.303178 -2.375463 -0.098947 1.449844 -0.462730 1.687341 -0.904926 1.105470 0.359824 0.414398 0.458961 0.540934 1.806726 1.025109 0.179747 0.440150 -1.174645 -0.115485 2.295733 0.177227 -0.963147 0.035902 1.328408 0.644644 0.894844 0.073164 0.506382 -0.011173 -0.129398 -1.551577 -0.412389 0.766759 0.091745 -0.366726 -0.081412 0.152624 1.341370
48 -1.298194 0.638259 0.105107 2.653500 1.487252 -0.343018 -0.882605 1.646816 0.021531 -0.156355 0.244190 -0.942422 0.676948 -0.554439 0.252840 -1.347755 -0.432025 0.028774 -0.790898 1.388335 -0.309075 -0.110096 2.452645 1.167806 -0.552273 -0.034331 1.538438 1.282454 -0.028756 -0.152216 1.908544 -0.140924 -0.350195 0.135607 0.599694 0.572740 -0.206983 1.159529 0.063813 1.581017 -2.607122 0.528202 -0.305587 -0.251665 0.218438 -1.099823 -2.344438 -0.068461 1.021871 -0.915033
49 0.756009 0.089470 -0.599590 0.519963 0.462097 2.156500 1.369512 -0.802057 1.170299 0.217451 0.270288 -0.456866 -1.735488 -0.410874 -0.521676 1.217051 1.372298 1.987188 1.398643 0.572006 -0.815771 -0.689486 1.949267 -0.656036 0.054451 0.246816 -0.820010 -0.811086 -1.263341 -0.795453 -0.783655 -0.717516 0.396943 -0.932335 0.927173 0.132503 0.508370 -0.956598 -0.054647 -1.648141 -1.562947 0.101717 0.344880 -0.509437 1.545203 -1.028779 1.078873 -0.271358 1.030351 1.663165
50 -1.105179 1.236428 -0.231548 -0.178231 0.885938 1.159568 0.843175 -0.299766 0.892528 -0.269946 0.385658 0.156906 -0.815471 1.740047 0.133536 1.174837 -0.263245 -1.262298 -0.192866 0.268598 -2.384900 1.341129 0.149911 2.177439 0.661760 -1.467343 1.481070 0.537688 1.409639 0.103682 -0.173433 -0.588179 -1.914694 1.962147 -0.215855 -1.112102 0.361437 0.614652 -0.888317 -0.210820 -0.974210 1.371037 -0.423711 -0.421294 -0.601262 -1.162166 -0.949498 -1.415857 -0.260328 1.531656
51 -0.260210 -0.605238 0.688879 -0.464122 -0.325905 0.647037 0.956346 0.870019 -0.915516 0.296061 0.277920 1.131733 0.019292 0.932456 -0.309801 -0.614581 -2.066971 1.164512 -0.180991 -0.110198 -0.410433 -0.067983 0.597224 -1.319415 -0.056385 2.099523 -1.422911 -2.040634 0.738775 0.300450 0.033580 0.050696 -0.922742 -2.468633 -0.707723 0.666980 0.044137 -0.666133 0.219473 1.375015 -0.636968 0.536537 -0.779805 -1.534682 0.706522 -0.997868 -0.199869 0.649503 -0.209668 1.192667
52 -1.847075 -1.952699 1.451111 0.199779 -0.263177 0.654953 -0.983490 -0.744527 -2.000253 0.059636 0.052118 -1.629287 -0.492066 -2.276159 -0.322302 -0.413081 -0.102181 -0.013949 -0.319245 0.620760 -0.848266 -1.128607 1.366764 -0.181389 1.525392 -0.336717 0.904570 0.930869 -0.010730 -0.114975 -0.083592 0.684096 -0.060678 0.009416 0.830443 -1.328360 -1.234356 0.768535 0.906073 -0.197601 0.400007 1.191270 -0.394148 0.657456 -0.288366 0.253925 -0.305244 -0.293656 -0.500732 -1.463807
53 0.133107 -0.128281 0.457256 0.037683 -0.243728 -0.733676 0.186312 -1.224299 -0.394525 0.241559 0.706215 -0.371675 -0.157253 0.366862 0.513948 0.545899 -0.123617 -0.007101 -0.599770 -1.582793 -1.091547 2.744119 0.336600 -0.954427 0.452841 1.305968 1.529454 -0.268339 0.338012 1.274547 -0.181479 1.357487 0.321230 -0.382617 -0.877461 0.785887 0.472202 -0.006472 -0.602609 0.892207 1.869805 -0.303312 -1.128357 -0.228265 0.422999 -0.338488 -0.984330 -1.044802 1.750677 -1.351666
54 6.051421 2.992032 -1.282816 4.505637 -1.154084 5.807823 -0.020021 5.743106 1.064493 4.514102 4.786659 4.794097 5.632351 4.263298 4.139307 5.757805 -0.302210 -0.104399 6.019689 -0.729897 -0.427790 6.029664 -0.206624 5.007628 -0.093816 3.503352 5.215168 -0.554890 4.790506 5.480234 4.198221 5.839132 3.395218 0.028394 -0.036277 5.250843 0.614537 -0.014141 7.286673 0.155988 0.834296 0.190231 5.842359 4.335220 3.291660 -0.918548 2.627784 1.448963 4.145846 4.303132
55 4.421112 5.005929 -1.076663 4.709861 0.283891 3.165963 0.400664 3.138411 0.428032 4.027359 2.300490 4.673438 4.952191 5.195798 5.504230 5.533727 1.270938 0.609076 4.878423 0.240471 0.905271 5.113206 1.994146 6.092997 -0.899054 4.606437 4.833021 -0.763382 4.079448 5.970201 5.868296 4.781995 3.569955 0.801457 -0.237134 5.775537 -1.455738 -0.479381 4.994979 1.682703 0.428693 -1.256433 6.706281 4.894414 5.312972 -0.341181 5.314717 -0.471445 5.454230 3.491503
56 6.120051 4.031202 1.159610 4.322384 1.681301 5.413677 1.121282 4.858507 2.064698 6.028556 5.805441 5.074534 4.512567 3.491375 5.109979 2.227862 1.205196 -0.216379 4.022843 -1.104400 -1.657926 5.442086 -0.067430 5.603360 -0.567722 4.687526 6.558994 0.342832 6.499717 5.893417 3.743106 4.967431 4.032393 0.643041 0.053031 5.008488 1.231550 0.129043 4.912856 1.483502 0.672263 1.389998 5.214805 5.262929 6.085018 -0.259178 4.965186 -0.457787 4.806640 5.529149
57 0.485938 0.328520 -0.541410 -0.697798 -1.173466 -0.979899 -1.392680 1.898893 0.624309 -0.544711 0.173358 -0.204851 0.854453 -0.514801 -0.478235 -1.867389 -0.608594 0.350855 -0.447828 -1.906204 3.256497 -0.204994 0.105790 0.641504 1.618460 -0.062567 0.594071 0.064497 -0.056269 2.322681 -0.278895 -0.720313 -1.874006 0.893020 0.721705 1.182911 -0.194467 -0.553629 0.317145 0.072070 0.509709 1.372636 1.306330 -1.183227 0.671098 0.249935 -0.066387 -1.523463 0.955364 -1.014943
58 -0.487949 -0.539531 0.883055 0.028720 2.076528 0.743226 1.512280 -0.235286 -0.356116 -0.559421 -0.713225 -0.656281 -0.866893 0.010895 1.810522 0.929407 0.579056 1.019370 0.047632 0.526647 -1.712790 1.363810 -0.733905 -1.216853 -1.134412 0.623966 0.346101 1.087486 1.765526 -0.155890 -0.380937 -0.034184 -0.310819 0.233501 1.369755 1.068819 -1.122352 1.833042 -0.344505 0.321721 0.597865 -1.393348 -1.093548 0.236623 -1.432811 0.823886 1.517525 0.954244 0.811717 -0.001399
59 -0.937850 -0.851845 -0.858828 1.870214 -0.512087 -1.893423 -0.965294 1.312257 0.146902 1.715696 0.554933 -1.295486 -2.276064 -0.985859 0.777963 2.139638 -1.102409 2.144800 -0.866054 -0.214872 -0.004729 1.051366 0.196362 -0.091604 -0.406488 -1.010499 0.075539 2.273648 -0.533501 1.589628 1.430210 -0.883567 -1.270127 -2.213747 -0.477414 -0.476587 0.911648 0.488682 -1.600812 1.026479 1.586789 1.770227 0.170142 -1.298161 -0.664168 1.321902 -0.601446 0.441148 1.150461 0.102812
60 -0.691697 -1.382786 -0.490296 -0.130581 0.849057 1.145704 0.748551 0.802705 0.546721 0.350791 -0.351884 0.364057 1.042738 -0.424686 0.114517 -0.496967 0.488545 -1.235642 1.681813 0.014910 0.539058 0.600098 -0.626701 0.089124 0.215953 1.529101 0.672863 -0.599528 -0.155511 2.102220 2.434089 0.029655 -1.159058 -1.290202 -0.775516 0.155006 -0.224695 -0.164876 2.088700 2.888182 0.559168 0.040235 -0.388121 -1.105266 -0.816750 0.277914 -0.191862 -0.555639 1.699219 -1.423525
61 -0.465959 -1.688309 0.102490 -0.004856 -0.623863 0.638759 -0.713205 -2.452854 0.326994 -1.238659 0.915104 1.567605 -0.622740 0.899975 0.222300 1.073960 3.205918 -1.139566 -0.628189 -0.387613 0.236149 0.846597 0.604499 -1.434776 -1.886226 -0.076378 1.342060 1.324286 -1.807800 1.721063 -1.505894 1.046384 -1.563914 -0.434864 0.458680 -1.530608 -2.201523 -1.502053 2.477620 -0.527645 -1.107343 -0.289642 -1.910863 0.310245 -0.426932 0.392185 0.574830 -0.274031 -0.467547 0.764770
62 -0.567227 0.906489 -0.360999 0.084965 0.002301 0.252142 -0.405334 0.298963 -0.444656 1.619186 0.902120 1.193233 0.223912 -0.723486 -0.408273 -1.611622 -1.084519 -0.311797 0.569391 0.899892 0.319655 0.496749 0.068054 -1.123044 0.564216 -0.221870 -0.418229 1.448841 1.488768 0.485658 -1.310998 0.013781 -0.568689 -0.428772 1.288999 2.380981 -1.046697 0.517283 -0.365162 -0.038506 -0.990057 -0.193996 1.458001 0.951389 0.831061 -0.275160 -0.782383 0.713705 0.138068 -1.108575
63 -1.452132 -0.718653 0.759515 -1.173883 0.704812 -0.089389 0.325508 0.232983 -1.126205 0.741776 1.279666 -1.011644 -1.339916 0.147951 1.041502 -0.368105 0.171389 -0.666503 -2.291803 0.163110 0.736896 -0.783511 0.736122 0.101594 0.031081 -1.074842 -0.165355 0.639035 -0.011490 -1.261781 -1.559394 0.706661 0.634008 -0.638496 -0.361591 0.341080 -1.639466 -1.039469 -0.450760 -0.852054 -0.977876 0.111158 0.494529 -0.564883 -0.099857 -0.388009 -1.802483 0.296283 0.764702 -0.206940
64 -0.885336 -1.863243 2.440032 -0.146581 -0.576329 0.221202 0.717320 1.573570 0.698658 -0.344597 1.621390 1.379567 -1.690078 -0.474006 -0.157756 1.675446 0.626405 1.413733 -0.095219 -0.618780 -0.381157 0.046127 0.315437 -0.412560 0.861457 0.745926 1.217800 0.472337 -0.985385 0.717666 -0.963475 -0.733579 0.712131 1.099130 0.003103 1.438923 -2.464470 -1.493832 -0.892796 -0.137432 -0.443134 0.234936 0.132404 0.947722 1.763342 1.259097 -0.405316 -0.234759 -0.532768 -0.054974
65 2.057989 -0.125728 0.322247 1.411027 -0.163725 -0.953584 -1.334909 -0.840483 -0.111732 0.833700 -0.854373 2.219483 1.688499 -0.115531 0.862687 -1.187888 -0.624652 0.320263 0.503211 -2.560960 0.897526 -0.972205 -1.002002 0.590663 0.114701 -1.017119 -1.903148 0.696062 2.008935 0.121189 1.058447 0.457947 0.985365 0.603946 0.629038 0.595521 0.220951 0.710368 1.297853 -0.412618 -1.121452 0.548642 -0.200156 0.238743 1.012468 1.721799 -1.688295 -0.266556 -0.536544 -1.135947
66 -0.112472 -0.374926 -0.070789 0.835018 -0.311982 -0.315204 0.127495 0.387008 1.557252 -2.165949 1.675798 -0.059762 0.239612 -0.753812 0.821342 0.406307 -1.129024 0.030461 -0.324098 -0.341780 1.242116 -1.932027 2.130813 1.411051 0.585615 -1.159312 -1.120107 1.558138 -0.727800 -0.675024 0.880027 -0.048184 -0.108177 -0.911467 -2.016580 -0.960257 -0.733321 0.815201 -1.376469 -0.088440 1.038555 0.982415 0.358396 -1.099558 0.018263 0.077328 0.755791 -2.079133 0.459599 -1.221192
67 -1.218167 -0.024882 1.623233 0.667667 -1.492514 0.239847 0.463728 -1.065377 0.932994 0.220433 -0.760781 1.316482 -1.017988 1.554848 -1.377229 0.209893 -1.003734 0.500680 -0.471756 1.573872 2.373086 0.455873 -1.289793 1.050985 3.149742 -2.594868 0.486506 -1.525013 -0.313157 -0.497981 0.390983 -1.139665 0.295092 1.001018 -2.392381 0.846770 -2.002693 -1.390027 0.685184 -0.003538 0.637339 -1.295580 1.553523 -0.532125 -1.446041 1.051265 0.381439 -1.502280 1.196671 -1.050690
68 -2.211649 1.048277 1.151738 -1.397655 1.465644 -0.239532 0.491988 1.430489 -0.196593 -0.647968 -1.180170 -0.269130 1.150120 1.853867 -0.202115 -2.801792 1.429613 -0.132447 -0.756017 -1.049069 -0.097900 0.314426 1.615765 0.237219 0.556016 -1.563852 0.683835 -0.220169 -0.067189 -1.334799 -0.120178 -1.151779 2.636435 2.253763 -0.845566 0.493251 -1.962433 -1.053233 0.872895 0.636161 -1.718761 -0.946125 1.092905 1.255681 -0.054142 -0.687521 2.076244 -0.224179 0.739432 1.815625
69 -0.973720 0.211509 0.706249 0.042279 0.933756 -1.973247 -0.593038 0.456860 0.935437 -0.153840 1.313252 -0.175774 1.480234 -0.413720 0.103566 -0.647451 -0.048507 -1.792377 -1.118383 -0.710554 1.596580 -1.175207 1.315755 -1.193078 -0.438127 0.862337 0.972003 -1.523532 0.245298 0.348924 0.245669 -0.371686 -0.932189 0.071607 -0.187635 0.347529 0.411520 0.254441 -0.880739 0.077421 -0.278237 -0.152742 0.128989 -0.983815 0.036461 0.375025 -0.379855 0.125175 0.146911 0.434549
70 0.518438 1.163454 -0.755646 -0.692466 -0.748125 0.671508 -0.880555 -0.713659 0.508748 1.693122 0.185016 -1.087900 1.068373 0.512920 0.997461 -0.591665 -0.271191 0.239177 0.536880 0.275997 -0.943160 0.548221 1.762623 0.391665 0.851025 -0.998195 1.071840 1.100793 -0.001773 -0.688715 -0.264629 -0.075782 2.375240 -1.476167 -0.229235 -0.137393 0.501489 0.112632 0.234877 -0.343654 -1.022379 -0.202687 -0.040199 -0.139640 -0.499540 -0.450583 -0.006610 0.426677 0.561692 2.124928
71 -0.950630 0.144660 -1.018761 -0.422570 0.773382 -0.457660 1.562576 -0.237060 -0.515170 0.331715 0.087198 0.130691 -0.780178 -0.421121 0.228818 0.711853 0.663941 1.123766 1.055581 1.527898 1.454536 -0.432157 -0.925087 0.664940 -0.949164 1.694946 -0.145065 0.231398 0.712822 2.162777 0.018380 0.795505 0.304030 0.487792 -0.740901 -1.722221 2.658395 1.168164 0.362906 -0.239376 -1.824560 1.576066 0.191121 0.516835 -0.431827 -0.584304 2.272008 1.540596 0.050405 0.254751
72 -0.493776 -0.910660 -0.054035 -0.428171 -0.243141 0.565276 1.282372 2.480810 1.298803 0.092959 0.010789 0.403864 0.917335 -0.635438 -1.138267 0.892692 1.213838 0.069747 -0.167090 -0.059576 -1.384398 0.724258 0.614931 0.991559 0.455087 0.334130 0.245034 -0.572427 -0.244797 0.309578 -2.829122 0.236435 -0.594297 -0.115167 2.688073 -0.464986 -0.161222 -0.852396 -0.280176 -2.711847 -0.582559 -0.687841 0.865601 1.362366 1.720970 0.034376 0.124890 0.696486 1.183298 0.542853
73 0.157745 0.491376 -0.133911 -1.119379 -0.355331 0.179670 0.879434 1.232962 -1.066800 -0.381079 -0.098746 0.619308 1.543577 0.192715 0.568147 0.490804 1.419777 -0.279321 -0.963239 0.188338 0.023813 1.528464 -1.966296 0.797902 -0.271790 -0.087477 -0.485846 -0.272273 2.243015 0.621479 0.739462 -0.413053 -0.721262 1.370206 -0.269116 1.302648 1.155728 -0.441459 -0.234282 1.506355 -0.635909 1.216877 0.425902 0.649594 -1.854957 -0.492044 -1.233235 0.380525 -0.308648 0.723028
74 -0.741019 -0.613258 -0.815343 -2.102337 -0.366306 -0.533499 0.118737 1.561121 0.968835 -0.342618 0.694875 0.034339 1.355801 0.479191 0.789869 -0.372017 -0.492698 0.736234 0.864955 -0.112269 -0.379116 0.093903 0.224452 0.852193 0.008581 0.396134 0.438664 0.083466 0.520398 -0.557711 1.236846 0.130973 0.200671 -0.916596 0.815021 0.680762 0.178566 -1.064894 1.911301 0.898022 2.122522 0.007763 1.388241 0.138692 -0.925285 -0.226095 -0.638642 0.712366 -0.600501 -0.588887
75 0.506476 0.999948 0.216789 -0.308275 -0.386544 0.916943 -1.768599 0.502871 -0.349894 -0.583737 -0.821508 0.069862 0.718243 1.432402 1.055685 0.699427 -0.359323 0.820570 1.002673 1.032034 2.394002 1.061130 0.073040 -0.666301 0.747213 0.042143 0.965117 -0.110130 0.152137 -0.123513 0.051378 0.685995 -0.139022 0.910544 -1.430436 -0.393008 0.085081 0.012750 1.159383 0.629339 0.277704 -1.321807 -1.352498 0.039525 -1.191220 -0.492485 -0.542693 0.106764 -1.940410 1.012309
76 0.470584 -0.240899 -0.777172 -1.972563 -0.066113 -0.969458 0.201541 0.088043 -0.464274 -1.007218 -0.516562 -1.780248 0.032416 -1.685415 0.880487 -0.776857 -1.178145 0.538229 -0.569378 1.554201 -0.529983 -0.499306 1.033063 2.237417 -0.010099 -1.107169 -0.400552 -1.553698 0.482543 -0.084687 -1.641102 -0.647165 0.114569 -0.759945 0.558149 -0.652832 0.010015 -1.117426 0.192837 0.163465 -0.701238 1.394025 0.236192 0.460762 0.396239 0.242138 0.948429 0.084045 -1.050033 0.125526
77 -0.641409 -0.090663 0.537449 -0.323315 -0.948643 -0.529235 -0.735320 1.245817 -1.025423 0.560173 0.171899 -0.747214 0.582744 -0.988611 0.547291 2.758777 -1.111273 1.159953 0.220565 1.564218 0.061523 -0.156151 -0.187717 -0.933741 -0.118676 -0.820684 1.018792 1.048752 1.290784 -2.511752 -1.893928 -0.493244 0.260705 0.504403 -0.718227 0.092679 0.299564 -0.958636 -1.946559 0.079212 -1.959277 -0.337578 -1.317755 0.666801 -0.329172 0.671962 -1.817542 -0.223995 -1.322530 -1.501338
78 -0.388077 2.373386 -0.777383 -0.835467 2.228885 1.082007 1.188342 -0.744246 -0.956155 0.845486 1.761552 -0.568883 0.080350 0.072359 -0.742877 1.404253 0.586801 -0.757029 -0.064835 -0.114639 0.633444 -2.091627 -0.806520 0.873095 -0.764577 -0.854729 -0.902033 -2.104446 -0.483686 0.061441 -0.778489 -0.060013 -0.344224 -1.277748 0.491958 -0.015424 1.542166 -0.023634 0.787678 1.024616 0.934768 -1.201857 0.466016 0.623806 -0.456033 0.060867 -0.142916 1.549268 -0.291952 -0.697464
79 -0.018867 -1.698933 0.399125 -0.326321 -0.515205 0.009082 1.005657 0.119347 -0.190676 -0.606985 2.926781 -1.411189 -0.168748 0.993233 -0.641463 0.863732 -0.474151 0.263755 0.472162 0.313411 0.738895 -2.078127 0.900218 1.424033 -0.003291 0.882253 0.368773 -0.145821 0.236613 -0.330527 1.893098 -0.088062 -1.482814 0.859752 1.470289 1.337906 -0.161300 -0.733799 1.093866 -0.657000 -0.959781 -0.239934 0.254136 1.201052 -0.151061 -1.329554 0.623668 0.451222 -0.379683 -0.491820
80 -1.892944 -1.219969 -2.585909 -0.413540 0.432012 -1.124280 1.611873 -0.380568 1.026247 0.709848 -1.259710 0.371288 0.362565 1.271738 -2.327465 0.647073 -0.410047 -0.516905 0.341943 0.254504 2.155881 -0.187830 -2.305796 -1.193750 0.020757 -0.683285 -0.687688 -0.217514 1.912320 -0.968523 1.343530 0.622499 -0.566191 -1.087824 1.251945 0.432178 -0.460993 1.774307 -0.134170 0.153718 1.248874 -0.567535 -0.309851 -0.898672 1.176840 0.058265 -0.018211 -0.577877 0.576265 0.241794
81 1.298976 1.347520 -1.061924 0.691585 -0.055933 1.839465 0.655610 -1.058419 -0.187353 0.529136 0.116277 0.265788 0.014350 -0.774571 0.994011 -0.637583 -1.250258 0.115066 0.478667 -2.136243 0.428928 -0.199221 1.531683 0.376165 -0.488323 -0.401980 0.346627 0.329852 0.514355 -0.830717 -0.014185 0.236476 0.724784 -0.189984 -0.532892 1.120099 -0.900754 -2.119004 -0.052121 1.042916 -1.740960 -0.056189 -3.040166 -0.194326 -0.992173 -0.721147 -1.172580 -1.502821 -0.429885 -0.299907
82 -1.250141 -0.355585 0.421938 -0.157239 1.338810 -0.782771 0.425933 -2.291958 0.918765 -1.126975 1.127104 -0.608625 -1.804483 0.984066 0.699613 1.993890 1.640608 1.349908 -0.295639 1.220576 -0.500825 1.137599 0.449603 -0.926600 -0.818740 0.923395 -0.353228 -1.906074 -0.107724 -0.605989 0.207448 -1.275282 -0.980704 -0.886803 0.550703 -0.453080 0.033197 0.939044 -1.630311 0.155392 -0.572677 0.538176 0.556391 0.619177 -0.188339 -0.321970 0.685728 -0.448141 -1.890284 -0.122652
83 1.375327 -0.220962 0.018356 -1.743345 -0.154197 -0.458927 -0.420343 0.420262 0.200021 -1.045510 2.106703 1.938716 1.634554 -0.167970 -0.319073 -1.179116 -0.003151 -0.825765 -1.674444 1.495440 -0.356319 0.410076 -1.065627 -0.460135 2.142026 0.642239 -1.015619 0.116521 0.055644 1.628011 -1.873571 0.469375 0.619388 0.557241 0.768246 0.052635 1.467001 1.024097 -0.828014 3.490630 -0.676269 0.013294 -0.533091 0.092585 0.031194 0.404041 0.501990 0.809003 -1.776377 0.823811
84 -0.203050 0.612972 -1.148353 -1.191149 0.615155 1.587460 -1.215074 0.859081 1.699971 0.559431 -1.060376 0.882131 1.726449 -1.342785 -0.507204 0.431397 -1.082489 1.212245 1.696930 -1.297219 -0.646035 -1.332807 -0.939725 1.542469 -0.385396 -0.063254 -0.414813 0.072318 -2.753230 1.021753 0.281464 0.866987 1.217833 1.830293 0.538014 0.342208 -1.793460 -0.036268 -2.261444 -0.353711 0.065402 1.004391 0.379018 -0.300092 0.585732 0.702881 0.311053 -3.455134 0.173796 1.292787
85 0.663119 1.318003 -0.137696 -0.160332 -0.152743 1.630757 -0.871250 0.268730 0.899448 -0.016485 2.083535 -1.155254 -1.715773 1.943677 -0.155455 -0.839144 -0.908115 -1.868129 -1.524446 0.137891 -0.105549 0.649889 -1.045597 -0.711019 -0.297598 1.563417 0.381282 -0.202780 0.895694 0.894785 -1.294252 -1.392842 1.424402 -1.364105 0.749957 0.474693 -0.440135 1.241997 -0.393120 -0.082326 -1.232418 1.506750 -1.444713 -1.519400 -0.967494 -0.050674 1.358053 0.595061 -1.247802 0.167479
86 1.211691 -0.316564 -0.068588 -0.553457 -0.944410 -0.776963 -0.161980 0.443352 -2.019501 0.483453 -0.183227 0.056579 -0.132817 1.902391 -1.710038 -0.896965 1.197030 0.176061 -0.517250 -0.886914 0.405111 -0.130105 -1.537251 0.506168 -1.602340 -0.996627 0.330759 1.080727 -0.229503 -0.572062 0.683248 1.480813 -0.440399 0.001750 -0.701325 -1.372088 -0.870293 -0.957537 0.152190 0.539834 -0.364428 -0.001914 1.844003 1.287283 0.166773 0.091930 0.875630 -0.978789 -0.330797 0.591304
87 0.738759 1.506377 -0.142053 -1.588672 0.064466 -0.604696 0.089273 -0.521574 -1.311878 1.436755 -1.247063 0.048717 -0.688932 0.672254 1.440402 -0.982981 -1.103568 1.280790 -0.955553 -0.769117 0.665095 -0.242530 0.584551 -0.323602 0.651070 0.403929 -0.068146 -0.082528 -0.331327 0.592467 1.406237 -0.538528 1.079032 -0.691594 0.414216 -0.103802 1.490177 -0.240505 0.624198 0.286286 -0.002177 -0.963759 2.495055 0.669386 -0.955835 1.920624 -1.444519 0.851404 -1.573204 0.320735
88 1.947322 -1.216847 1.988695 -0.429075 -1.384785 -0.522026 0.824453 1.519922 0.248477 0.018551 0.428758 -0.437202 -0.281994 0.747544 -0.924410 0.682548 0.824951 0.112222 -0.837764 1.291552 1.323039 -0.790718 0.727597 -0.040574 0.245900 0.492815 -1.374333 0.455029 0.272314 -0.608413 -0.288558 0.306524 -1.536535 0.525947 -1.039943 0.627375 1.831240 -2.777759 1.348070 -0.218688 -0.462738 0.156344 0.546256 0.566170 0.558552 0.214528 0.773827 0.702393 -0.232288 -0.744962
89 1.200068 -0.017942 -0.335960 0.493339 1.565957 -0.203563 0.318959 -0.742716 0.744958 -0.833494 0.883331 2.187632 -0.063255 -1.446513 -0.575226 1.187418 0.625414 -0.474791 -0.588472 0.213378 -1.068147 0.071027 0.568508 -0.303813 -1.883834 1.108296 -1.252075 1.047357 -2.186807 -0.713598 -0.484118 0.844541 2.234963 -1.340232 -1.784199 0.642470 -1.436927 0.392506 -0.754888 -1.164582 0.365406 0.142765 0.346242 0.045349 0.286693 -1.812062 0.408513 0.230425 -0.356267 -0.483914
90 0.607414 0.136815 2.411665 -1.397211 -0.053386 -0.640972 -1.865346 -0.640085 0.258282 -0.589543 1.772689 0.933610 1.413203 -0.117274 -0.547008 0.044998 1.411860 0.267306 -0.534521 -0.942934 0.199530 0.607993 -0.974079 0.070026 -0.612926 -1.892530 -0.950054 0.596672 -0.938066 -0.972722 -0.409933 1.392354 0.714708 0.665624 0.085855 -0.358917 0.533262 0.161337 -1.363433 0.271280 0.560315 -1.634819 -0.287602 -0.345748 0.385932 1.218915 -0.969273 -0.539895 0.181233 -0.645992
91 1.126433 0.492945 0.223280 0.567869 -0.725234 0.468638 0.823313 -0.101071 0.055525 0.975046 -0.838363 0.112241 1.526095 -0.141551 -0.402520 1.267107 -1.422365 -0.414546 -0.912280 -0.448899 0.037044 -2.461987 0.600904 0.249451 0.018975 0.425898 -1.492235 -1.261594 0.790236 1.236769 -1.738747 0.357434 0.483821 0.202651 0.296876 0.692304 0.770736 -2.829678 -0.537941 2.087935 0.567022 -0.447578 -1.592146 2.503153 1.383734 0.583376 0.372282 0.687062 0.687430 -0.251246
92 1.643454 0.034534 -0.025262 -1.597328 1.762116 0.169005 0.829918 0.071621 -0.555256 -0.311922 -1.304150 0.409363 1.375054 -0.790344 -2.096206 1.891238 -2.497134 -0.131396 -0.488606 -0.815306 -0.699580 1.049234 -2.187901 1.078716 1.199755 -0.187147 0.865600 0.711574 -1.135385 1.374265 0.129470 -1.368652 0.378302 -0.173850 0.448489 1.933535 -0.779738 0.360289 0.085881 -1.307584 0.265939 1.240950 0.099676 -1.029526 -0.238453 -0.119716 -0.878497 -1.371532 -0.329795 -0.559881
93 -1.641957 -0.497670 2.369704 -0.569461 1.063687 0.834163 -0.025831 0.171131 -0.877175 -0.132714 -1.316072 -1.216655 -0.729031 1.121277 -0.309013 0.424762 -0.171073 -0.591882 -0.568573 -0.149463 0.180933 0.156927 1.207994 -1.411426 -1.033225 1.135287 1.339200 -0.862516 1.528082 0.634491 0.372515 -1.169415 0.277523 -1.053459 0.835690 0.253742 -0.206769 -0.229158 0.566993 1.179624 0.007045 -0.209145 -0.098726 0.878089 1.138724 -0.546178 0.394563 -0.503365 -0.743908 0.269760
94 0.240795 -1.291014 -0.488179 -0.663300 0.838359 0.412355 -0.276531 0.584226 0.424206 -0.114870 0.109224 0.710018 -1.611070 -0.008345 1.256422 1.540987 0.301856 -1.814725 0.511464 -1.463384 -1.838165 0.116393 0.561460 -0.786624 -0.250181 0.247260 -1.026240 0.984264 1.976653 -0.140873 0.538395 0.913948 -0.766780 0.055420 0.913710 -0.909508 0.870594 0.124666 -0.282795 0.374389 0.366726 0.611796 -1.916698 -1.771697 -0.279138 -2.069340 -0.512704 -0.214098 -0.358225 -0.836917
95 1.467217 -0.108688 0.890100 -0.987276 -0.874248 1.144887 -0.522794 -0.944920 -0.421123 1.008144 -0.559204 -0.770173 0.585852 0.288677 2.005158 0.396680 0.109487 0.332408 -0.824969 0.094794 1.718160 -0.254921 -0.841902 -0.176701 -0.669221 0.407225 -1.345264 0.255320 -0.870666 0.108033 0.001661 -0.078137 -0.492320 0.539622 0.038571 2.066106 1.569608 -0.335900 0.027725 -0.703763 0.006645 -0.654384 0.912561 -0.195931 1.677331 1.358186 -0.290805 -0.286104 -0.475957 1.700403
96 -0.756403 -1.253001 -0.144760 0.478489 -1.833004 0.168259 -0.132010 -1.149230 -1.626247 -1.579387 -1.656370 0.652742 0.094520 0.417118 -0.529795 -0.771044 -1.747095 -0.121708 -2.429804 -0.188725 0.392253 1.128473 -0.370158 -0.079136 2.047927 1.902301 0.852069 -0.371651 -0.152332 1.437831 -0.275186 -0.343607 -1.028872 1.589728 -1.970111 -0.406339 -1.647562 0.074217 1.010606 0.586502 1.894962 -1.872194 0.374324 0.742718 -1.383138 -0.314415 1.044781 -0.442670 -1.024285 -1.557567
97 -0.940591 0.527777 0.008582 -0.672697 -0.065135 -0.513449 0.352381 -0.356355 -0.081612 -0.367161 0.911007 0.606248 1.156612 0.542210 -1.200779 0.362554 0.872504 0.446769 -0.646758 0.748860 -1.198829 0.013546 -0.991475 0.252160 -0.155118 0.993092 0.176693 0.816501 -0.416430 0.631898 -0.060262 1.075352 1.754550 -0.271022 0.239854 0.146958 0.252415 0.709421 0.758954 -0.214647 0.749382 -0.197224 -0.353606 -0.342639 0.054403 -1.704720 -0.152287 0.126373 -0.140484 2.479514
98 -1.436166 -0.391893 0.812198 -0.486646 -1.213925 -1.402015 -0.032307 -0.281576 0.264054 -0.941971 -0.034090 -0.875938 -0.642483 0.095176 -0.429092 2.231972 -0.542884 -1.078297 0.242478 0.859770 0.296297 1.463844 1.051663 -1.167330 -2.522962 1.350717 2.228676 1.005406 -0.258144 -0.138740 -0.112163 -0.097884 0.679116 0.196365 -0.620369 -0.140441 -2.213832 -0.755468 0.422707 0.644860 -1.086832 -0.823129 -0.699740 1.197468 -1.305452 0.828999 0.145285 1.924901 -0.539571 -0.522840
99 -2.079659 0.590180 1.645217 0.258820 -0.744663 -0.052757 0.723052 -1.169641 -0.559392 1.177302 0.557207 -0.144864 0.743573 -0.843286 1.776328 -1.047506 0.066013 -0.853747 -1.064222 0.305403 1.374652 -0.237622 -0.823805 -1.805885 0.570213 -1.472777 0.547555 0.214343 0.103380 -0.446116 -0.839674 -0.173022 0.125803 1.263498 0.412592 0.304671 0.456651 -0.625733 0.429728 0.398796 0.014273 -1.409443 1.952101 -0.496776 -0.648100 0.278889 -0.991424 0.768143 0.085372 -0.130365
END
#################################################################
SECTION3 (Edges Information)
EndPoint0 EndPoint1 Weight
0 1 1.000000
0 9 1.000000
0 10 1.000000
0 90 1.000000
1 0 1.000000
1 2 1.000000
1 11 1.000000
1 91 1.000000
2 1 1.000000
2 3 1.000000
2 12 1.000000
2 92 1.000000
3 2 1.000000
3 4 1.000000
3 13 1.000000
3 93 1.000000
4 3 1.000000
4 5 1.000000
4 14 1.000000
4 94 1.000000
5 4 1.000000
5 6 1.000000
5 15 1.000000
5 95 1.000000
6 5 1.000000
6 7 1.000000
6 16 1.000000
6 96 1.000000
7 6 1.000000
7 8 1.000000
7 17 1.000000
7 97 1.000000
8 7 1.000000
8 9 1.000000
8 18 1.000000
8 98 1.000000
9 0 1.000000
9 8 1.000000
9 19 1.000000
9 99 1.000000
10 0 1.000000
10 11 1.000000
10 19 1.000000
10 20 1.000000
11 1 1.000000
11 10 1.000000
11 12 1.000000
11 21 1.000000
12 2 1.000000
12 11 1.000000
12 13 1.000000
12 22 1.000000
13 3 1.000000
13 12 1.000000
13 14 1.000000
13 23 1.000000
14 4 1.000000
14 13 1.000000
14 15 1.000000
14 24 1.000000
15 5 1.000000
15 14 1.000000
15 16 1.000000
15 25 1.000000
16 6 1.000000
16 15 1.000000
16 17 1.000000
16 26 1.000000
17 7 1.000000
17 16 1.000000
17 18 1.000000
17 27 1.000000
18 8 1.000000
18 17 1.000000
18 19 1.000000
18 28 1.000000
19 9 1.000000
19 10 1.000000
19 18 1.000000
19 29 1.000000
20 10 1.000000
20 21 1.000000
20 29 1.000000
20 30 1.000000
21 11 1.000000
21 20 1.000000
21 22 1.000000
21 31 1.000000
22 12 1.000000
22 21 1.000000
22 23 1.000000
22 32 1.000000
23 13 1.000000
23 22 1.000000
23 24 1.000000
23 33 1.000000
24 14 1.000000
24 23 1.000000
24 25 1.000000
24 34 1.000000
25 15 1.000000
25 24 1.000000
25 26 1.000000
25 35 1.000000
26 16 1.000000
26 25 1.000000
26 27 1.000000
26 36 1.000000
27 17 1.000000
27 26 1.000000
27 28 1.000000
27 37 1.000000
28 18 1.000000
28 27 1.000000
28 29 1.000000
28 38 1.000000
29 19 1.000000
29 20 1.000000
29 28 1.000000
29 39 1.000000
30 20 1.000000
30 31 1.000000
30 39 1.000000
30 40 1.000000
31 21 1.000000
31 30 1.000000
31 32 1.000000
31 41 1.000000
32 22 1.000000
32 31 1.000000
32 33 1.000000
32 42 1.000000
33 23 1.000000
33 32 1.000000
33 34 1.000000
33 43 1.000000
34 24 1.000000
34 33 1.000000
34 35 1.000000
34 44 1.000000
35 25 1.000000
35 34 1.000000
35 36 1.000000
35 45 1.000000
36 26 1.000000
36 35 1.000000
36 37 1.000000
36 46 1.000000
37 27 1.000000
37 36 1.000000
37 38 1.000000
37 47 1.000000
38 28 1.000000
38 37 1.000000
38 39 1.000000
38 48 1.000000
39 29 1.000000
39 30 1.000000
39 38 1.000000
39 49 1.000000
40 30 1.000000
40 41 1.000000
40 49 1.000000
40 50 1.000000
41 31 1.000000
41 40 1.000000
41 42 1.000000
41 51 1.000000
42 32 1.000000
42 41 1.000000
42 43 1.000000
42 52 1.000000
43 33 1.000000
43 42 1.000000
43 44 1.000000
43 53 1.000000
44 34 1.000000
44 43 1.000000
44 45 1.000000
44 54 1.000000
45 35 1.000000
45 44 1.000000
45 46 1.000000
45 55 1.000000
46 36 1.000000
46 45 1.000000
46 47 1.000000
46 56 1.000000
47 37 1.000000
47 46 1.000000
47 48 1.000000
47 57 1.000000
48 38 1.000000
48 47 1.000000
48 49 1.000000
48 58 1.000000
49 39 1.000000
49 40 1.000000
49 48 1.000000
49 59 1.000000
50 40 1.000000
50 51 1.000000
50 59 1.000000
50 60 1.000000
51 41 1.000000
51 50 1.000000
51 52 1.000000
51 61 1.000000
52 42 1.000000
52 51 1.000000
52 53 1.000000
52 62 1.000000
53 43 1.000000
53 52 1.000000
53 54 1.000000
53 63 1.000000
54 44 1.000000
54 53 1.000000
54 55 1.000000
54 64 1.000000
55 45 1.000000
55 54 1.000000
55 56 1.000000
55 65 1.000000
56 46 1.000000
56 55 1.000000
56 57 1.000000
56 66 1.000000
57 47 1.000000
57 56 1.000000
57 58 1.000000
57 67 1.000000
58 48 1.000000
58 57 1.000000
58 59 1.000000
58 68 1.000000
59 49 1.000000
59 50 1.000000
59 58 1.000000
59 69 1.000000
60 50 1.000000
60 61 1.000000
60 69 1.000000
60 70 1.000000
61 51 1.000000
61 60 1.000000
61 62 1.000000
61 71 1.000000
62 52 1.000000
62 61 1.000000
62 63 1.000000
62 72 1.000000
63 53 1.000000
63 62 1.000000
63 64 1.000000
63 73 1.000000
64 54 1.000000
64 63 1.000000
64 65 1.000000
64 74 1.000000
65 55 1.000000
65 64 1.000000
65 66 1.000000
65 75 1.000000
66 56 1.000000
66 65 1.000000
66 67 1.000000
66 76 1.000000
67 57 1.000000
67 66 1.000000
67 68 1.000000
67 77 1.000000
68 58 1.000000
68 67 1.000000
68 69 1.000000
68 78 1.000000
69 59 1.000000
69 60 1.000000
69 68 1.000000
69 79 1.000000
70 60 1.000000
70 71 1.000000
70 79 1.000000
70 80 1.000000
71 61 1.000000
71 70 1.000000
71 72 1.000000
71 81 1.000000
72 62 1.000000
72 71 1.000000
72 73 1.000000
72 82 1.000000
73 63 1.000000
73 72 1.000000
73 74 1.000000
73 83 1.000000
74 64 1.000000
74 73 1.000000
74 75 1.000000
74 84 1.000000
75 65 1.000000
75 74 1.000000
75 76 1.000000
75 85 1.000000
76 66 1.000000
76 75 1.000000
76 77 1.000000
76 86 1.000000
77 67 1.000000
77 76 1.000000
77 78 1.000000
77 87 1.000000
78 68 1.000000
78 77 1.000000
78 79 1.000000
78 88 1.000000
79 69 1.000000
79 70 1.000000
79 78 1.000000
79 89 1.000000
80 70 1.000000
80 81 1.000000
80 89 1.000000
80 90 1.000000
81 71 1.000000
81 80 1.000000
81 82 1.000000
81 91 1.000000
82 72 1.000000
82 81 1.000000
82 83 1.000000
82 92 1.000000
83 73 1.000000
83 82 1.000000
83 84 1.000000
83 93 1.000000
84 74 1.000000
84 83 1.000000
84 85 1.000000
84 94 1.000000
85 75 1.000000
85 84 1.000000
85 86 1.000000
85 95 1.000000
86 76 1.000000
86 85 1.000000
86 87 1.000000
86 96 1.000000
87 77 1.000000
87 86 1.000000
87 88 1.000000
87 97 1.000000
88 78 1.000000
88 87 1.000000
88 89 1.000000
88 98 1.000000
89 79 1.000000
89 80 1.000000
89 88 1.000000
89 99 1.000000
90 0 1.000000
90 80 1.000000
90 91 1.000000
90 99 1.000000
91 1 1.000000
91 81 1.000000
91 90 1.000000
91 92 1.000000
92 2 1.000000
92 82 1.000000
92 91 1.000000
92 93 1.000000
93 3 1.000000
93 83 1.000000
93 92 1.000000
93 94 1.000000
94 4 1.000000
94 84 1.000000
94 93 1.000000
94 95 1.000000
95 5 1.000000
95 85 1.000000
95 94 1.000000
95 96 1.000000
96 6 1.000000
96 86 1.000000
96 95 1.000000
96 97 1.000000
97 7 1.000000
97 87 1.000000
97 96 1.000000
97 98 1.000000
98 8 1.000000
98 88 1.000000
98 97 1.000000
98 99 1.000000
99 9 1.000000
99 89 1.000000
99 90 1.000000
99 98 1.000000
END
#################################################################
SECTION4 (TrueSubGraph Information)
EndPoint0 EndPoint1 Weight
45 46 1.0
46 56 1.0
56 55 1.0
55 54 1.0
END
#################################################################
SECTION5 (Labels Information)
1 1 0 1 0 1 0 1 0 1 1 1 1 1 1 1 0 0 1 0 0 1 0 1 0 1 1 0 1 1 1 1 1 0 0 1 0 0 1 0 0 0 1 1 1 0 1 0 1 1 
END
#################################################################
SECTION6 (bt Information)
5 5 -5 5 -5 5 -5 5 -5 5 5 5 5 5 5 5 -5 -5 5 -5 -5 5 -5 5 -5 5 5 -5 5 5 5 5 5 -5 -5 5 -5 -5 5 -5 -5 -5 5 5 5 -5 5 -5 5 5 
END
#################################################################
