#################################################################
#APDM Input Graph, this input graph includes 3 sections:
#section1 : general information
#section2 : nodes
#section3 : edges
#section4 : trueSubGraph (Optional)
#
#if nodes haven't information set weight to null
#################################################################
SECTION1 (General Information)
numNodes = 100
numEdges = 200
usedAlgorithm = NULL
dataSource = SimulationData2
END
#################################################################
SECTION2 (Nodes Information)
NodeID Base Counts
0 0.171912 -0.644830 -0.342459 0.269760 0.026974 -0.880200 -1.804571 0.710586 -0.175676 -0.990939 -1.170312 -1.527907 2.419112 0.072780 -3.027304 -1.249373 -1.308684 -0.817842 0.538653 0.132319 -1.359674 0.079127 0.969934 0.462434 -1.235414 1.026805 0.076968 -0.526120 -0.423880 0.219927 -0.177092 -1.263065 -0.704989 -1.336006 0.116905 0.726961 -1.568680 -0.871656 -1.108469 0.219012 -1.790302 0.349274 0.235640 -1.879773 -0.095734 -0.856693 -0.507158 -0.651189 -0.136043 -0.162148
1 0.394298 1.249446 0.769279 0.385387 0.591803 0.457206 -1.975061 -0.499793 0.344618 -0.873775 -1.230517 0.517811 0.245663 1.446164 -3.530415 1.455976 -0.156128 -0.553909 0.853260 -0.145313 2.045784 -0.075530 1.162577 -0.461224 -0.752369 -0.747868 -0.138374 -1.192631 -0.386431 -0.138063 -0.338131 0.315846 0.390001 -0.877542 -1.010509 -0.879330 0.660856 0.725407 -1.055481 0.541632 1.344156 0.852895 -1.372665 -0.838105 -0.414602 -0.273965 -1.462620 -0.522751 0.942095 0.671005
2 0.395946 -1.137808 -0.363244 1.594195 2.181535 0.235600 0.672531 -1.130435 0.042266 -1.456939 0.593744 0.690967 1.396627 1.000985 0.825783 -0.577210 1.674606 0.580102 -1.285007 -0.630385 -0.459296 1.865880 0.416470 0.024226 0.849174 0.116286 0.003538 0.723266 -0.583945 1.093568 -1.993959 0.213214 -0.353715 3.088583 -0.878260 0.489735 1.596332 0.695449 -0.077866 0.898587 1.075020 -1.005130 0.667052 0.454975 -0.771673 -0.680905 -0.146058 -0.895167 -0.977874 0.570860
3 0.253195 0.691664 -0.172260 0.615124 1.094273 0.804418 -0.259934 -1.109452 2.518047 1.289780 -1.179846 0.480815 1.031198 -0.597559 -0.699552 0.295949 -1.095370 2.128334 -0.761093 -0.421821 -2.190616 -1.260276 -0.962856 -1.603340 -0.849207 -0.066135 -0.883934 -1.082555 -0.481577 0.137468 1.185157 -0.199571 -0.021422 -0.238805 -0.223916 1.923633 0.751031 1.827260 -0.625539 -0.198617 -0.880641 0.152243 1.230009 -0.486802 -1.607380 -0.704779 -1.098729 -1.816780 0.437137 -1.072370
4 6.430970 6.806061 5.940790 4.854627 5.007695 2.551266 4.548616 3.563102 6.004813 4.105415 4.821338 5.026609 3.205698 6.456266 4.838089 3.894682 5.324087 4.373008 4.976930 4.353348 4.800304 5.605097 5.188656 2.777945 5.360219 4.960031 4.459139 6.363250 4.220176 6.155991 4.177483 2.606989 5.390817 5.716650 5.030353 3.983560 6.295807 7.067394 4.529746 5.608612 1.274045 4.952825 4.257119 5.840023 6.141161 4.537651 4.641263 4.613848 6.093273 4.202687
5 4.500565 4.787340 5.342338 4.924520 5.600094 4.689884 5.211104 4.891135 4.963008 3.227662 3.649771 5.009924 4.820011 3.652511 5.928112 4.817043 5.687672 4.996468 4.470853 5.621292 2.840598 5.400259 4.372816 5.077648 2.791137 5.470159 5.530375 6.136618 4.679388 3.324080 4.873310 -0.605568 5.540043 4.567711 5.755540 4.691045 5.436048 4.625212 5.320337 5.277578 1.666936 3.476776 5.615040 3.077913 4.177875 4.104235 6.097386 6.042432 6.591416 6.598641
6 5.884252 6.133642 5.265185 4.676910 4.215844 6.059750 5.960474 5.112519 5.168462 5.873191 5.604607 4.885857 4.023227 6.308852 4.637364 3.839498 5.065991 5.584172 3.889031 5.443647 6.545892 3.793486 5.901702 4.178288 5.374023 4.486849 5.531649 5.708943 5.789120 4.360919 6.243956 -1.325700 4.556752 4.969062 4.228048 7.687606 4.230832 5.353679 5.386443 5.454599 0.577094 3.125396 4.232508 5.478297 5.546698 3.724934 5.410124 4.574807 5.140034 5.401518
7 4.585047 4.230529 4.547777 4.479975 6.726408 5.532007 6.254580 5.421854 5.704718 5.508157 3.314857 5.155036 5.429209 5.378548 4.310451 5.037651 3.783075 3.902554 4.851953 5.084064 5.444560 4.627171 5.389317 3.537535 4.452134 6.618878 5.792130 6.819113 5.253949 4.455595 4.546093 -3.236730 3.825946 4.378051 4.182731 4.152905 3.459058 4.749657 4.020416 4.920765 -0.262930 4.764361 3.503001 4.978731 3.862240 6.942249 5.272719 3.702544 4.369239 4.438644
8 -0.679558 -0.722500 -0.600162 0.108841 0.013126 0.515073 1.627793 -0.474721 -0.540043 0.608060 0.181614 -0.022283 0.625436 -0.693749 -1.620764 1.298771 -1.401766 -0.714955 0.879606 1.039233 0.761485 -1.087107 0.010939 0.789769 0.457033 -0.189605 -0.144084 0.169744 1.148493 -1.131687 -0.573061 0.988069 1.188507 -1.683986 0.080459 0.042750 0.252395 -0.329430 1.167339 -0.462970 -1.215894 -0.069940 0.430444 -0.365164 1.856241 1.504639 -1.177660 0.367664 2.519376 -0.203763
9 -1.005364 -0.684623 -0.055083 -1.823121 0.176347 0.704865 0.304161 1.346960 -0.499463 1.440780 0.195741 0.012177 -0.400577 0.483800 -0.636981 -0.145104 0.757907 1.387245 -0.348495 0.690354 0.178700 -1.014925 0.167484 0.080180 -1.484277 -0.240821 0.493168 2.179466 0.622055 -0.370346 1.815697 1.977649 -1.166813 1.622648 0.421136 -0.852806 -0.942821 -0.643099 0.413493 0.777034 -1.660452 -1.086506 -0.760380 -0.598348 -1.084461 -1.189395 -0.203358 0.362361 -0.992180 0.694705
10 -0.490511 0.884824 0.164703 -0.437041 -1.101524 0.994842 1.190136 0.220227 -1.217437 -0.448830 -2.478782 -1.098234 -2.645856 -1.137221 0.856239 -0.384919 -1.599194 -0.960449 0.600693 1.942872 -0.634796 -0.728337 1.218807 -0.452037 0.581866 -1.465660 -0.439828 -0.591926 0.406528 1.328945 -0.227648 -1.771796 0.914180 -0.247646 -0.130291 0.836053 1.383045 -0.242282 0.017220 0.520512 -0.792230 -0.050088 0.624015 -0.290884 -1.016136 -1.638606 0.148763 -0.583650 -1.389026 1.072405
11 1.131030 -0.540512 -0.501105 -0.930092 0.066900 -0.180980 0.061955 -1.853578 1.044301 1.111012 0.098063 0.103430 -1.353398 -0.902284 -0.064176 -0.066317 1.285674 1.924698 1.550460 -0.123167 1.816524 -0.766000 3.030689 -1.834919 -0.352616 -0.082490 0.942202 -2.034525 0.054821 -0.121669 -0.312697 -0.349579 0.234867 -0.817863 0.139052 0.074927 -0.026665 0.815246 0.222371 1.478152 -0.030224 0.855825 -0.035191 1.921467 -1.384937 -0.881798 0.053898 0.450771 -0.171540 0.195898
12 1.950416 -2.005518 0.013708 -0.092017 0.420399 -0.254302 -0.620843 -0.999584 0.928482 -0.672672 0.734469 -0.698651 0.120616 -0.235168 1.015282 -1.220085 1.298814 -0.921816 -1.275889 0.029931 0.076447 -0.121734 -1.359968 0.243778 1.242212 -0.837508 -0.041200 1.651740 0.605258 0.382774 -0.450043 -0.653624 0.025488 1.118752 -1.091303 1.120237 0.563033 1.542195 1.059850 0.645928 -0.083265 -0.277852 -0.387303 0.251648 -0.325447 -0.265872 -0.695437 -0.057945 -0.778918 0.094865
13 0.100229 0.927587 -0.785531 0.279019 -0.519470 1.584290 2.159883 0.103966 1.188414 -0.858438 0.734398 -0.522373 0.117446 -0.344659 -0.724913 -0.887059 1.573131 -0.914828 0.531719 -1.457877 -0.427786 -1.199056 2.005331 1.064451 -0.416835 -0.102459 -1.082154 -1.440739 2.505950 -1.342268 -1.384622 0.675583 -0.670523 1.226674 -0.281869 0.829639 -0.968279 -0.504048 0.126521 0.672168 1.111125 -0.610580 0.395979 1.112715 0.423802 -0.071806 -0.938306 2.218167 -2.103034 -0.538632
14 3.609411 5.133843 4.447306 4.709869 4.588457 4.434299 5.963749 4.503494 4.830186 4.031978 5.389199 5.441040 5.246482 4.122191 3.376961 5.742957 2.931441 5.782818 6.007712 5.290431 5.169794 4.706878 5.244851 3.173273 5.834223 4.475263 3.145327 5.968705 3.508021 3.603850 7.188712 1.594228 6.308139 5.136723 4.883808 4.743785 5.835392 3.652727 4.336000 3.730067 -0.162823 3.893030 7.422752 3.095894 5.220700 6.004072 4.512606 4.291749 3.821812 3.494165
15 4.777101 4.648473 5.959391 5.678611 6.210496 5.142041 6.548472 5.572581 5.595409 3.396404 4.982566 4.450663 5.122802 5.513020 3.924658 4.116229 6.473302 5.660500 5.250174 5.135944 5.342291 4.920415 4.005184 5.924684 5.521109 5.351215 4.455889 6.037662 6.264210 4.793951 4.658178 -1.194548 4.631177 5.269890 5.129073 4.712115 5.191424 5.428720 3.021398 5.314804 -0.538035 3.052778 4.756860 6.174852 3.846818 4.120013 4.767634 3.409800 3.165057 5.188557
16 4.258256 4.365630 5.089381 6.301347 4.017930 4.436031 5.934253 5.613478 4.929756 6.126656 4.663423 5.482478 4.223173 6.016886 4.631583 5.016998 5.832842 4.702673 5.428281 5.202530 6.028617 4.116251 4.865812 4.848905 4.414494 6.148328 5.328466 4.952086 5.961567 6.769789 5.170626 -1.031200 5.717655 5.547050 4.505115 3.969032 6.082051 6.755341 4.736804 5.660583 0.691615 6.115177 4.343069 4.960139 4.516134 5.513944 5.307128 5.433557 4.869806 5.854313
17 -0.022301 -1.319396 -1.187173 0.947143 0.940976 0.696278 -1.155322 1.349764 -0.498741 0.507642 -1.122063 -1.039783 -1.823354 1.257544 0.855558 -0.312795 -0.605398 -1.220479 1.798304 -2.203545 0.472732 0.666340 -1.596316 -0.608010 0.450109 2.016408 0.147596 2.578395 1.830600 -1.617210 -1.192520 -0.583066 -0.303787 0.318135 1.186088 0.512127 0.810189 0.412324 -0.189108 0.471821 -0.319453 -0.369388 -0.839778 0.502890 0.119782 -0.524609 2.026039 0.902570 -0.349587 -1.662954
18 -0.019702 -0.660287 -1.799533 0.973232 1.354510 -2.479182 0.371569 2.595279 0.664545 0.382195 -0.378906 0.488510 1.048131 -0.531873 2.263007 -1.870249 -0.295019 0.997836 1.424387 -1.868817 0.911211 0.537887 -0.242851 0.929133 0.618410 1.760414 -0.637137 0.292293 1.323085 -0.597598 -0.150683 0.021391 1.692419 -0.282965 -0.000680 0.028831 0.526383 -0.289465 -1.861535 0.227430 0.589351 -1.323484 -1.273332 0.373014 -1.156278 0.939380 1.017001 -0.310466 -0.280773 -1.149994
19 -0.053281 -1.114300 -0.568370 1.109536 0.277814 -1.170424 0.648621 -0.259490 2.129866 -0.530921 -0.314595 1.404509 -0.172280 0.081563 -1.792947 -0.198949 -0.435269 -0.365393 0.007041 -1.719688 0.068855 0.497603 0.295011 1.911275 2.983037 0.085132 -0.321390 -1.321055 0.467954 0.684802 -0.164446 0.446920 -1.376991 1.793701 -1.757963 -0.288225 -1.587011 -0.688736 0.092357 0.036785 -1.080003 -0.811468 -0.090597 -0.943390 -0.346118 1.300964 -1.576611 1.322642 -0.018824 0.118851
20 -0.249350 1.649087 1.081603 -0.683100 2.562619 0.997840 0.976522 -0.719394 0.241765 -0.038016 0.429831 2.086159 -0.776753 -0.122578 0.551456 -0.564026 1.029328 0.871733 1.581898 0.470905 -1.275637 -0.312405 -0.094721 0.236691 0.204026 0.459343 1.236728 -0.268520 0.046805 -1.990142 0.284776 -0.930216 -0.582560 0.813465 1.268924 -1.679158 1.273831 0.146883 -0.792237 0.692767 0.358222 2.661901 -0.049053 -0.581564 -0.434254 0.161640 0.050711 -0.401506 -1.926038 -2.650378
21 -1.227407 1.182522 0.938937 0.631240 3.025970 -0.484022 0.501770 -0.286237 0.901909 1.578654 -0.846557 1.383472 -0.232948 -0.836872 0.194022 -0.329403 1.081087 -0.257740 0.864710 -0.754802 -1.668676 0.563455 0.759956 -1.045925 0.746873 0.474260 0.510103 0.414736 0.000475 -0.812764 1.207687 -0.310077 -1.841240 0.322654 -0.087216 -0.811122 0.237121 0.913918 0.384026 1.013035 0.540010 0.994550 1.905760 -0.195795 -0.625201 -0.549942 -1.625826 -1.235814 1.805372 -0.460928
22 0.101796 1.718934 -1.283588 -0.769191 0.234638 -0.484466 -0.894473 1.490462 1.914096 -0.570327 0.484865 -0.423489 0.660195 0.443029 -0.048839 -0.023851 0.501174 -1.198516 1.897721 -0.496862 0.129308 -0.215246 0.110470 -0.621865 -0.350961 -0.793220 -0.097735 -1.135035 0.020585 0.439333 0.946915 0.128833 0.452862 1.478422 0.951565 -0.427586 0.703658 -0.583578 0.694488 0.271952 1.525382 2.181173 1.260409 -1.145140 2.360739 0.621184 1.041015 -0.026300 1.792009 -2.096633
23 1.178229 -0.227388 -0.162179 2.147737 0.088573 1.033554 -1.150680 -0.865997 -0.713418 -0.378382 0.571070 -0.662383 -0.503143 0.030823 -0.616808 -0.668692 2.454499 -0.736781 -0.429214 -0.761727 -0.433166 0.342660 -1.023896 0.267053 -0.804045 -0.656710 0.649001 0.774278 1.553426 -0.214903 -2.166514 0.628064 1.099670 -0.017641 -1.489892 -1.175719 -0.076325 1.410664 2.568231 1.080477 0.476841 -1.220648 0.682803 -0.172141 -0.976202 -1.215799 -1.829742 1.466588 -1.631236 0.914000
24 0.674599 0.683428 1.491763 -0.913257 0.704551 -0.843553 -0.706071 -0.791764 0.301296 -0.446236 0.886682 -0.302006 2.295556 -0.287989 1.360531 -0.372424 -0.093198 -0.770610 2.021159 0.435697 0.331424 1.814189 -1.581212 0.242518 -1.219025 0.717709 -0.331046 -0.089770 0.530338 0.277680 -0.024420 -0.562222 -0.037202 1.232668 -0.209653 -1.159817 0.193855 -1.011585 -1.211879 0.468305 -0.096976 -0.509273 0.299343 0.076784 0.055956 -1.037957 0.081590 0.299031 -1.660038 -0.714479
25 -0.001940 0.700832 0.364457 0.310520 0.559435 -1.161457 0.670373 -0.928433 0.326667 0.521568 0.223965 -0.526153 0.045647 0.212580 -0.194532 -0.014299 -0.149669 0.670565 0.898939 0.331950 -0.293697 0.334732 -0.300010 1.201873 0.887558 1.998277 0.158077 -0.684864 2.172917 -0.434981 0.159554 1.525201 -0.377020 1.264662 1.149598 -1.217315 -0.032439 0.848834 0.634756 -0.260246 0.966535 -1.093094 0.509141 -0.031766 -0.311923 1.142573 0.090724 -0.522206 -1.339114 -0.860870
26 -0.271340 0.955250 0.784032 -1.414042 -0.454686 1.135876 -1.391164 1.201780 2.454541 0.214655 0.316653 -0.917928 0.418660 1.033814 -0.728564 0.263909 -1.288446 0.915404 0.955772 -0.533804 1.578598 0.257373 0.071480 -0.547981 -1.845725 0.268681 -0.939658 -0.810258 -1.344779 0.865282 -1.087540 -0.096624 -0.264447 -0.674273 -1.127047 -1.473833 -1.681747 0.974408 -0.860957 -0.500253 1.649857 0.804317 -0.376390 0.029899 -1.357266 -1.282850 -0.222676 0.458237 -0.339769 0.469369
27 0.248192 -0.096393 -0.258834 0.017220 -0.902570 1.622678 0.436182 -0.875445 -0.665215 0.347397 -0.219814 -0.379047 -0.663655 0.553538 0.838723 -0.762053 -1.876761 -1.373108 -1.169169 -0.241539 0.297089 -0.469746 -1.472315 0.760519 0.391741 -0.587357 -0.199746 0.087175 -2.194652 1.386589 -0.667355 -0.229631 -1.474457 -0.572678 0.302730 0.911143 -1.232471 0.541596 0.397684 0.126491 1.005513 0.162909 0.204498 0.475804 -0.045908 -1.108011 -0.627280 0.243383 1.356548 -0.358130
28 -1.134295 -0.848488 0.059084 0.290315 0.807468 0.054501 1.578271 -0.695493 -0.362656 1.496818 0.554352 -0.749565 -1.225794 0.000625 -0.478908 -0.258892 0.752994 -1.692876 -0.764496 -0.353688 -0.695356 -0.125044 -1.468729 -0.710805 -0.060475 -0.330418 0.450390 -0.704247 0.380227 -0.491730 0.408695 0.606751 -0.582388 -0.218382 0.647859 1.033049 -0.888805 -0.484303 -0.119122 -1.015048 -0.858974 -1.453452 0.273176 1.017176 2.140184 -1.476706 -1.993672 0.836221 -1.758486 0.353616
29 -0.445434 -0.525454 -0.160700 0.020766 1.171662 1.863464 -0.278630 -0.737695 -1.229462 1.139419 -1.625478 0.907658 0.916528 0.023226 1.296171 1.315302 -1.189514 -0.977340 -0.666034 -1.220352 1.646533 -0.514762 -2.139363 0.650894 1.169893 -1.155599 0.716510 -0.153038 -0.079995 0.541869 0.181147 -1.011798 0.490878 -0.096427 1.111608 -1.410479 -0.495135 0.355846 1.146238 0.553999 -0.184354 -0.031872 -0.081833 0.321548 -0.139684 0.216978 0.272648 -1.021968 1.511722 -0.660501
30 -0.534324 1.265898 0.379098 0.137717 0.865735 1.653800 -0.683582 1.652811 -0.377174 1.212535 -1.571858 0.129241 0.298518 1.839987 1.085066 -0.790741 0.927515 0.242217 -0.971779 0.078577 -1.875489 0.023735 -0.517616 -0.059083 1.413348 -0.591242 1.416637 0.665481 2.011083 0.206876 -1.255797 -0.118228 0.835337 -1.161413 0.057229 -0.395115 -0.482641 -0.878020 -1.119108 0.528607 1.394438 0.094277 -0.123335 -0.116283 0.267221 -0.783700 -0.500824 -1.257398 -1.239697 0.030829
31 0.240394 -1.794665 0.064100 -0.159069 -0.590022 0.203451 -0.647681 -0.479753 -0.051065 0.843821 1.615644 -0.424127 1.101688 -1.012528 0.065241 -1.863101 -0.095597 -0.256925 0.384088 -0.273643 -1.630096 1.219257 0.134008 1.304754 0.112091 -1.855295 0.607904 -0.183626 2.552593 -0.316019 -1.520414 0.434805 -0.334387 -1.462655 0.958649 0.640408 0.326454 -0.508752 0.479953 0.835499 -0.078332 0.948315 2.390754 -1.277812 -0.610839 0.413989 -0.327200 0.491374 0.339598 -0.961267
32 1.714986 0.108752 1.081715 0.971350 1.096080 -0.611823 -0.363574 -1.080861 -2.112487 -0.141105 -0.231690 -0.158842 -0.093645 -1.062817 0.315446 -1.333504 0.258033 -0.733129 0.492616 1.352093 0.101963 0.461487 0.842005 -1.579296 0.091701 -1.468063 -1.537596 0.196389 0.201021 1.491988 0.601256 0.775804 -0.128044 -0.899012 -2.893441 2.030022 -1.857823 -0.153218 -0.891047 -0.998191 -0.652679 0.273771 -0.326352 -1.400311 -0.244285 -1.158995 -0.288793 -1.603629 -0.568301 -0.378992
33 0.306430 0.232689 0.844803 -0.675186 -1.170737 -1.835041 0.737611 -0.489376 -1.159425 0.027966 -1.627314 0.392633 -1.115729 0.897544 -0.075753 -1.068350 1.735352 0.366278 -1.450022 0.475040 1.562611 1.039324 -0.274385 -1.847137 -1.052783 -1.266722 -0.863504 1.237925 1.151882 -0.788512 1.135245 -0.636462 -0.282816 -1.453549 1.546539 0.855095 -0.126961 1.263341 -1.356926 0.066303 1.018332 0.336754 0.475063 -0.067171 -0.230744 -1.948650 -0.294562 0.598327 -0.398581 0.445810
34 2.417542 -0.553560 -1.726790 0.643380 1.080261 -1.539568 0.110574 0.005809 -1.194253 0.723436 0.666684 -0.604586 0.911804 1.262495 0.860066 -1.163269 -1.187925 2.305801 -0.186119 -0.108979 2.281227 1.329456 1.278320 -1.448635 0.867480 0.160015 -0.982714 0.254175 0.948030 -0.614717 -0.772831 0.306219 -0.167451 -0.101804 -0.663954 0.238820 0.664816 0.958221 -0.088523 0.551075 -1.258129 0.088597 0.849105 0.952649 -0.973828 -1.097503 0.100646 1.342516 -0.403624 -0.005302
35 1.016468 0.781419 0.156735 -1.953244 -0.936942 1.006800 1.288448 0.119381 0.115177 0.573514 0.953161 1.773493 1.191919 0.458867 -0.437024 0.735982 0.616126 0.537934 -0.092310 1.743849 -0.057997 0.187024 0.135431 -0.596485 1.370203 -0.429711 -0.470452 -0.560800 -0.539802 0.309644 -1.470722 0.791283 -0.281163 0.208582 -0.241112 0.241117 -0.102607 1.419413 -0.181889 0.500154 -0.248652 0.685505 -0.428447 0.603177 0.120498 -0.865123 2.125758 -0.879196 -0.526589 -0.727234
36 0.192072 -1.236974 1.034557 0.829050 -0.355886 1.211586 -1.927666 2.057489 1.752009 1.199982 -2.338330 -0.868659 1.426374 -1.673738 0.410451 0.151751 0.674050 -2.531843 -0.949595 0.091302 -0.073773 -0.211237 -0.696569 0.879333 0.542973 1.809964 0.026887 -0.429866 -0.004964 1.059640 -0.607465 -0.675721 -0.911410 0.679045 1.167026 -0.642464 0.960022 0.897660 1.714567 0.172925 0.328442 1.143993 0.408012 -0.716165 0.667812 -2.286006 -1.612738 -0.989657 -0.267284 0.429471
37 -1.750859 1.335023 0.047870 1.296719 -0.714419 1.143922 0.362826 0.409663 -1.914092 0.844597 -0.007761 -1.974552 0.863509 -0.578512 -0.216537 1.698370 -0.573389 -1.641362 0.495996 -0.126186 -1.371193 -0.035818 -0.342351 0.027231 -0.209027 0.887377 0.138975 -1.669718 -1.016291 -1.125036 0.062173 0.948132 1.280865 -0.761885 -0.130268 -1.374011 0.022202 -0.825996 -0.960963 -1.539529 0.447560 1.004968 0.904024 1.983288 -0.915296 -1.489364 0.422446 -1.200232 0.741031 0.692444
38 -0.239777 1.830014 0.111812 -0.904175 1.395216 0.434806 0.679475 -1.825025 -0.116028 -1.057215 -0.880246 0.083183 1.809005 1.598614 1.356040 1.506235 -0.979355 -2.271164 0.498831 -0.054440 -1.112892 0.674733 1.252879 1.161064 1.658292 -1.160111 0.833002 -0.356078 -0.913080 -0.572196 -0.245108 -1.067155 -0.806031 0.205198 -0.614119 -0.414546 0.077830 -0.884900 0.108301 1.410069 0.633016 0.054067 1.231093 -0.308805 0.388054 -0.900053 -1.308754 0.778083 -1.482872 -0.360980
39 -0.126175 -0.098623 -1.201284 1.207911 -1.148226 1.468582 0.072842 0.087914 -0.402886 -1.244578 1.801954 -1.699951 -0.633115 0.371460 0.008022 -2.629223 -0.535733 0.551235 -0.577205 -0.243747 -1.133006 0.016442 -1.319782 -0.060522 0.124956 0.344288 0.588058 -1.314448 1.018824 -0.713060 -1.005413 0.049998 1.414994 0.141860 0.521712 0.812799 0.877191 0.376203 -1.087161 -0.277378 1.578952 0.601204 0.990314 -2.376501 -1.087709 1.807865 0.144512 2.041646 0.107513 -0.695961
40 -1.667606 1.698387 0.682809 0.351835 -0.407622 0.726661 -1.332960 -0.443691 0.150768 1.449616 -1.837105 0.780248 -0.697502 1.184921 0.341960 -0.883579 -0.247753 -1.375213 0.062227 0.748990 -1.343930 -1.062727 -0.482333 -1.146607 0.561051 -0.775353 -1.256572 0.951477 -1.814348 1.719872 1.567689 0.739721 1.466090 0.341311 0.748192 -0.409857 -1.202306 0.196402 -1.397618 -1.145157 -0.399195 -0.529682 -0.533552 0.430157 -2.254397 -0.278680 -1.351305 -1.200587 -2.078822 0.348922
41 -1.530414 0.873289 -0.858473 -1.951795 1.250563 1.822178 -0.822388 0.132356 0.006668 -1.147650 0.923367 -0.237859 -1.555627 0.537848 0.485400 0.238610 -0.458550 -0.070390 -0.670032 1.481951 -0.920315 -0.126484 0.857700 0.431366 -0.187256 1.168458 0.224147 -0.438472 -0.317291 0.153380 0.015139 -0.982122 0.243356 0.256931 -1.188204 0.446444 -0.629279 -0.600949 -0.436810 0.349481 -0.268760 0.096505 0.465735 -1.966558 0.558981 -1.053496 -0.359369 0.031958 1.606971 -0.034186
42 0.761411 -0.479050 -1.147875 0.323060 -0.810229 -0.590482 -1.688037 -1.077568 -0.637015 0.051163 -0.291945 -0.876445 -1.063974 -0.814638 -0.595909 -0.186975 0.060785 0.261723 -0.036289 -0.450842 0.961618 0.597014 -0.201981 1.688556 -1.424448 -0.122474 1.459438 0.219557 0.796261 0.332933 -0.106488 0.877446 0.495266 2.291488 0.518457 -0.224193 -0.352577 1.563732 0.560530 0.477018 0.458720 0.775609 0.857409 0.296396 -0.704082 -0.653693 1.683689 0.280204 0.733842 0.641033
43 1.006894 1.202524 -0.444532 0.297641 -0.372295 -0.394683 1.522161 0.295982 0.863020 -1.220060 -0.069122 1.110232 -0.786055 2.043832 -0.100589 -0.604551 0.096640 0.711476 -0.162975 0.816294 2.196294 0.783627 -0.519789 -0.445586 0.158218 -0.673944 -0.000901 1.756242 -2.426939 -0.884583 0.221907 -0.120409 -0.528210 -1.262402 -1.542320 -0.201594 -0.756815 -1.360468 -2.094559 -0.712872 0.848505 2.106376 -0.157647 0.011594 0.268664 -0.288749 -0.668602 -0.589630 0.303645 0.883916
44 0.808992 0.588778 -1.391026 -1.791580 -1.050671 1.872938 0.430089 -0.066808 2.107427 -0.067047 1.175389 -1.915395 -0.945105 -0.282353 0.322096 -0.743794 0.561319 0.674928 -0.359107 -0.459600 -0.582147 -1.479920 -0.116771 -2.473170 0.341186 0.321772 -1.101545 0.080058 0.078265 -0.482044 -1.336226 -0.723866 -2.214598 -1.196681 0.639717 0.910071 0.687818 -1.302201 1.468780 0.679801 1.376391 0.439800 0.480574 -1.559311 0.113039 -0.720129 -0.643815 -0.401903 0.319072 0.969713
45 2.095497 1.273230 -0.248915 -1.391787 -0.722472 -1.266303 -3.044608 -0.218662 -1.250137 2.058704 0.576924 -0.157490 -0.814108 1.540584 -0.085725 -0.008261 1.579656 0.072467 1.713978 0.363034 -2.303861 0.465354 0.821683 -1.510311 -1.641083 -0.901776 -0.640990 -0.490820 -0.844618 -0.445896 0.204844 -0.413399 -1.333796 -0.677866 -0.023397 -1.334577 -0.984059 -0.866253 -1.920603 1.168759 -1.745791 0.494326 1.402162 -0.070781 -0.862893 0.231180 -2.204678 0.759201 -1.824396 -0.227838
46 -0.965002 0.663698 -0.046960 -0.312850 1.181707 0.169915 0.788150 0.894030 -0.124730 1.531007 -0.507387 0.629290 0.956502 -0.757098 0.869249 0.066977 -1.207831 -2.147886 1.155496 0.191670 1.409076 -1.063385 -0.830008 1.028948 0.154212 -0.094688 -0.945055 1.650319 0.851818 -0.930527 0.145535 -0.129261 0.428225 -0.542402 -0.390518 0.088010 -1.011056 0.796105 -0.564485 -2.006551 0.468599 2.389877 0.822537 -1.458846 -0.281067 -0.866875 1.619869 -1.883867 1.441114 0.328020
47 0.088100 -1.320158 -1.183055 1.472274 -0.144729 -0.427776 1.302753 -0.895984 -1.695997 0.883942 0.871478 -1.494962 -0.464600 0.079848 -0.882367 1.720482 -0.772189 -0.780908 1.419048 0.119372 0.222521 -0.176327 0.214556 -0.948284 -0.039942 1.701630 -0.872277 -1.609775 -1.826227 1.271793 -1.431249 -1.490597 -0.739051 -0.531956 -0.948235 -0.364461 0.614178 1.263969 0.751542 -1.087487 0.974925 -1.145839 -0.352631 -1.064676 1.051205 -0.777304 1.104160 0.334481 -0.713102 -1.654585
48 -1.339047 -1.512264 -2.296993 -0.133162 -1.912678 0.139743 -1.487319 -1.130435 -0.145112 0.167497 -0.726671 0.041857 -0.688656 -0.188639 0.133503 0.072069 0.406616 0.829774 0.866573 -0.837210 -0.111513 1.265236 -1.984017 0.267544 1.570188 -2.143453 -0.209898 0.213600 -0.928725 0.883407 0.104440 -0.577961 -0.445481 -1.665166 0.996545 0.256525 -1.352208 0.038819 -1.489441 -1.416029 -0.419467 -1.618567 2.740411 -0.733304 -1.113908 -0.178738 -1.083100 -0.514366 1.366871 0.316607
49 0.397449 -0.750358 3.114397 -1.045188 -1.271583 0.672970 1.769433 0.891169 0.619839 -1.557985 0.802215 -1.382124 -0.696376 0.047065 1.558435 -0.420857 0.058940 0.294402 2.218952 -3.005787 -0.704786 2.304825 0.210721 0.073272 -1.235438 -0.381600 -0.398156 0.369777 0.247578 0.417845 0.243693 -1.261870 -2.650803 1.779763 -1.050520 -0.144851 -1.196029 -1.314835 -0.788579 0.440686 0.897602 1.018918 0.538747 0.185524 -1.118459 0.523427 0.063601 0.215787 -0.725162 0.330613
50 -0.643700 1.192588 0.015475 -0.469422 0.030173 -0.202175 -0.671683 0.824781 -0.980798 1.300675 -0.055566 0.956304 -0.006402 -1.380893 -0.368391 0.139862 0.184156 0.463374 -0.368034 -0.287471 0.597082 -0.860978 0.439790 -1.368955 0.759751 -1.065289 0.840982 -0.411754 -0.964588 -0.375936 0.071269 0.059097 0.239816 0.974908 0.499347 1.482764 2.106603 0.620832 1.116780 0.415864 1.208208 -2.638805 -2.112607 -1.588145 -0.193442 0.828310 3.074098 -0.856490 -0.094247 0.451873
51 3.569182 0.763782 0.965101 0.689925 -0.115411 -0.403636 1.081890 0.083603 1.403154 -0.233787 0.016016 -0.586297 -0.433146 0.539856 -0.194755 0.385223 0.869341 -0.452351 -1.086506 -0.041278 2.183020 0.021731 1.402660 -2.131985 -0.161348 0.965477 1.493660 -0.228094 -1.238499 -1.755694 -1.544799 0.984196 0.058328 -2.181093 -0.565462 0.498272 0.349408 -0.977987 -0.591037 0.303071 -0.637423 0.630448 0.204969 1.163030 0.232291 1.143078 -0.048387 -0.756290 -0.947140 -1.011571
52 0.016176 0.388561 1.890805 -0.953333 0.529175 -0.102133 -0.241981 -0.988927 0.917182 -0.272286 0.300634 1.340672 0.399959 -0.506761 -0.623378 -1.717593 -0.560780 1.460656 1.537871 1.641380 -0.544510 0.399893 0.849690 0.405795 0.645720 0.148622 0.036918 0.633086 -1.017079 -1.433005 1.597250 -0.422681 -0.284905 0.761469 0.483066 -1.169692 -2.118767 0.318416 -1.147490 0.377931 -0.490788 0.802078 0.088502 1.851531 -0.354698 0.624775 0.277662 -2.302171 -1.061872 0.236328
53 0.348977 -0.316139 -0.192675 0.337303 1.086072 1.134719 0.135998 -0.651793 1.541680 0.332644 -0.403169 0.333496 -0.070827 -0.243524 2.209821 0.865962 0.690387 -1.323485 0.807678 -0.385036 -0.377255 -2.279403 1.227705 -0.669071 -0.927958 -0.912405 0.321542 0.318683 0.337328 0.160914 0.049260 0.793658 0.380046 -1.248702 1.126831 1.372628 -0.001625 0.036007 1.114753 -0.249240 2.078290 -1.652989 0.638549 -2.031860 0.709191 -0.527087 -1.422722 0.779214 0.886075 0.742508
54 0.287166 -1.087001 0.074994 -0.568495 1.353876 0.546646 -0.289302 0.740557 0.607089 1.329136 1.341920 -1.144982 -0.587562 0.031533 -0.937774 0.315169 -1.709899 0.269957 -0.952604 0.331547 -0.652572 0.623578 -0.183871 0.874827 -0.938160 -0.602580 -1.322820 0.645066 0.288152 0.755845 -0.183621 0.494035 0.297066 -0.998587 0.295759 -1.025381 1.197982 -0.482663 -0.825463 0.836680 0.930672 3.711610 -0.184380 -0.272043 -1.905867 -0.431165 -0.350590 -0.296951 -1.401891 -0.569823
55 -0.596237 1.103427 -1.358450 0.603654 0.164093 0.769563 1.946890 0.035052 -2.146138 -2.506362 -1.090499 -0.672811 -0.834402 1.503926 0.685184 0.380976 -1.433113 0.528407 -0.051420 0.314761 -0.736695 -0.169848 -1.140921 0.479199 0.991663 0.620249 -1.512373 -0.481834 -0.365735 -0.979366 -1.424491 1.505062 -0.955146 -0.225715 -0.223947 0.014176 -0.954940 0.151437 -0.704976 0.367919 -2.113072 -1.910687 0.231374 0.430861 0.077661 -0.461718 -0.232794 -0.063976 1.437570 0.908875
56 -0.981444 -0.199301 0.423032 0.453841 -0.255958 -1.394087 0.571833 -0.482489 1.393186 -1.031224 -0.356858 -0.520781 0.037806 -1.704029 -2.755087 -1.476341 -0.260182 0.306755 0.327840 -1.928118 -0.332352 -0.635742 1.524785 -1.529861 1.534125 -1.646683 0.356444 0.097490 0.983732 0.117314 0.285092 -1.949843 -0.287357 0.963401 0.642741 1.627854 0.837839 -0.427926 -0.441600 1.343523 -0.399479 -0.076478 -0.173367 -0.169633 0.523956 -0.424517 0.319715 0.016076 1.635611 0.011948
57 0.376602 -0.253580 1.257703 0.227362 -1.532853 -0.138391 0.770783 -0.018673 0.373664 1.716863 0.940853 0.895879 1.211329 0.223348 -0.989271 0.911797 0.669263 0.593725 0.387591 -0.975925 0.235172 0.836601 -0.611484 -0.388852 -1.759737 -1.795230 2.651573 0.362006 -1.039527 0.248759 1.809213 0.406154 -1.341089 -0.677262 -1.820752 0.454233 -1.112597 -1.042854 -0.055126 0.572621 0.382715 0.261621 -1.119035 1.551058 0.451738 -0.538066 -2.307924 -1.196508 1.823264 -0.658413
58 0.253704 -0.688714 -0.129356 0.062577 1.317956 1.051656 -0.585464 -1.025645 -0.249222 1.027959 0.715369 -0.496831 0.267575 0.182659 -0.484644 -1.386564 0.612120 -1.238147 0.569000 0.417269 -0.458438 1.313743 0.413453 0.108104 0.271387 1.086810 -0.261944 1.125218 -0.125035 1.697656 -0.749310 0.557410 0.404864 0.557528 0.396303 0.649550 -0.071574 -1.444671 1.824784 1.036721 -0.280170 0.118027 -0.884172 2.713427 0.396686 -2.917068 0.332870 -0.272003 0.112178 0.273618
59 0.864848 0.886175 0.240103 1.153025 -1.859783 -1.025803 -0.323453 0.878958 1.179361 -0.108104 -0.686843 -0.010904 -1.426102 -1.252874 0.134305 -0.650849 -1.872962 -0.283915 -1.851316 0.645234 -1.864391 1.919485 -0.709386 -0.327792 0.737993 0.251052 -0.471832 0.809841 -0.480443 0.315175 -0.321050 1.400740 -0.475789 -0.705583 1.862157 -0.831380 0.539258 -0.992837 -0.742057 2.390244 0.966987 0.540465 -0.138323 0.901677 1.691386 -0.936382 0.394558 0.953205 -1.970137 -0.667321
60 -0.225008 -0.268790 0.828183 -0.627701 1.969775 0.407823 0.588697 1.158027 0.619672 0.905156 -0.242733 1.205826 -1.031910 0.842750 0.159557 0.565566 -1.145626 0.703620 2.033825 1.537132 -0.037393 -0.425065 0.136065 -1.260441 0.959850 0.458215 -3.152279 0.456482 -1.199359 0.326516 0.207930 -1.936209 0.182748 -1.469651 -1.146376 -0.042191 0.329030 1.306761 -0.329006 -0.754713 -0.883388 -0.758076 -0.332826 0.513895 0.630471 -0.740813 0.532559 0.409789 -1.391843 -1.000811
61 -0.036223 1.416373 -1.995348 0.152741 0.721546 -1.195563 -0.351343 0.673462 0.010882 -1.465075 0.971091 1.347225 1.193914 -0.325127 0.780087 -0.024071 -1.813787 -1.258859 -1.331963 0.184949 -1.492701 1.861275 0.791752 0.332690 -0.641159 -0.995710 0.095271 -0.249359 0.711224 -0.730138 0.673234 2.063543 1.041605 1.403315 -0.401962 0.658099 1.224623 0.289552 0.601052 -0.891370 0.831022 -1.245990 -0.123914 -1.162372 -0.360555 0.629487 -2.395801 -1.507596 -0.768646 -0.881469
62 0.961079 -1.837865 0.566112 0.916858 -0.175208 1.684366 -1.160043 1.600088 1.505449 -0.178204 -0.249334 -0.589388 1.313660 0.196532 -0.781557 0.503459 1.314293 -0.533572 0.791675 -1.338638 0.206057 -0.706587 -1.910842 0.346519 1.209952 0.348471 -1.300260 0.937369 1.596095 -1.668317 0.932727 0.240549 0.318652 0.487342 0.958343 -0.718701 0.346002 1.548811 1.394229 1.339059 0.617091 -0.087021 0.120870 -2.205902 -0.398221 0.010719 -1.634224 0.183481 1.984327 0.419358
63 -0.571444 -0.023634 -0.343615 0.282002 1.218686 0.329918 -0.120936 0.251390 -0.051694 -0.483120 -0.350765 -0.676917 0.407530 -0.345106 1.186658 -0.736308 0.311282 0.003786 -1.056502 -0.573294 1.197689 0.917292 0.441439 0.352126 -0.924283 -0.350914 0.403558 -1.598764 -1.013378 -0.482792 0.166166 -0.836369 1.193231 0.784472 -0.833389 -0.609509 0.236381 1.318453 0.024131 1.230705 1.603648 0.292659 -0.143012 -1.346782 -0.660962 -0.315507 -0.907950 -0.827631 -1.264021 0.881257
64 2.033110 -0.276089 0.404604 -1.543295 0.073272 -0.720796 1.221131 -1.386405 0.881671 1.757894 1.730126 -0.204207 -2.508216 -0.792389 1.047104 1.386742 -0.705959 -0.147196 -0.994177 1.779685 0.470649 2.674275 0.168915 -1.788141 -0.378375 -0.197546 1.146449 -1.240168 -0.029067 1.548010 0.788402 -0.649166 0.531957 -0.344941 -0.268933 -1.227326 0.100063 1.289176 -1.370624 0.207233 1.601553 1.229354 1.288768 -0.270410 1.100137 -2.008941 -1.033867 -0.023458 -0.862680 -0.047234
65 -1.466528 1.660842 0.108410 -0.304375 0.006108 -0.472505 -0.020395 1.209325 -1.610953 0.594874 -0.591121 -0.351458 1.166953 -0.176768 -0.970471 -1.528134 -0.824934 -0.951259 -0.576512 1.283255 0.192793 0.596988 -0.346993 0.752104 -0.075298 -0.848640 -1.128537 0.140941 -0.373071 1.680165 2.037951 -2.355688 0.876667 -0.031351 0.116838 -0.314196 -1.507496 -0.979491 0.709250 -1.940604 -0.262710 0.251338 0.172931 -0.931348 0.355817 -0.641286 -1.481681 1.631989 0.956144 -0.616229
66 1.127335 0.835918 0.296612 1.847201 1.460779 0.931143 0.331377 -0.585464 1.025150 -0.345501 -0.031744 1.314242 0.144114 0.093874 1.591942 2.964806 -0.751875 1.709703 -1.268130 -1.917433 -1.508966 0.130782 -0.513503 -0.597767 0.276445 0.054557 -0.044691 -2.576086 -0.711962 0.577365 0.588340 -0.336331 -0.286966 1.553014 -1.498742 -2.428029 -0.811647 -0.443810 -1.429075 -0.221936 0.479189 1.054206 -0.569445 0.344213 0.675563 -0.160504 -2.217830 -0.091553 2.176209 -1.069663
67 -0.803249 -0.453964 -1.515688 0.149466 -1.771160 -1.355500 -0.195357 -0.865260 -1.210668 -2.366365 0.997029 -0.139188 0.824160 -1.342129 -0.822810 -1.201602 -0.304272 0.337376 -1.544425 0.269969 -0.876490 -0.569157 -0.535923 -1.873453 -0.649046 0.238342 0.559176 1.729520 0.619400 -0.340345 -1.601038 -0.996101 1.002510 -0.105888 -0.278656 1.287715 0.120748 0.412336 0.900632 -0.103260 1.351359 -0.507113 0.503468 -0.650622 -0.970072 0.612103 -0.876339 -1.269961 -1.039287 -0.857961
68 0.986415 -0.483646 -2.217291 -0.938788 0.531574 -0.390199 0.184363 0.146983 1.809213 -0.639181 -2.124063 -1.288027 -0.505462 -1.411805 1.619053 -0.471741 -0.035030 0.783140 1.526911 -0.095299 0.830326 0.524967 1.657373 0.442451 -0.763787 0.244480 0.254514 -0.105089 1.375186 -1.434386 -0.945190 0.748615 -0.633917 1.428536 1.531213 -1.144256 -0.531836 -0.933178 -1.388476 -0.267398 0.307101 0.262084 0.033629 -0.631326 1.247558 -0.169686 -1.510712 1.041151 -1.493821 0.805341
69 -0.985494 -1.416926 -0.089895 2.197641 -0.563623 0.823474 -0.636982 -0.116367 -0.742084 -0.637949 0.232055 1.281682 0.344490 -1.606635 0.334602 -0.004562 0.307205 -0.393831 -0.225491 -0.301612 -1.202799 -0.970859 0.417635 -1.036324 1.720052 -1.056536 0.294309 0.852861 0.323839 -1.054522 -0.036846 -2.685137 -0.038906 -0.272320 -0.382336 -0.171808 0.286875 0.928987 0.610234 0.359746 -0.130783 0.193374 0.340270 -1.034103 -0.538573 1.692232 -0.022286 -0.455643 1.425348 -1.297935
70 0.115989 -0.290912 1.556622 1.699312 -0.803828 -1.851928 -0.525819 -0.514479 -0.111438 -1.394217 -1.100122 -0.805862 -1.113256 -0.457085 -0.906732 0.836379 1.611871 -0.835158 0.805651 0.772028 -1.490558 0.505470 0.933867 0.010375 0.292037 -0.234969 0.539834 1.052369 1.471656 1.185299 0.956637 -0.739962 -0.004627 -0.238133 -0.753948 1.492657 0.702245 0.689305 0.050499 0.643912 -0.225837 -1.051667 -0.940757 -1.170781 -1.096703 0.040324 0.218144 0.069972 -0.464661 0.047621
71 -1.403928 -0.161432 -0.156438 -1.480434 1.604515 0.646963 0.766045 -0.061033 0.689068 0.478735 -0.522153 0.785883 1.044858 0.674504 -0.557964 -0.529365 -1.090267 0.918832 0.848844 0.126869 -0.304266 0.573201 0.712321 1.084079 0.951208 -0.555549 0.279018 0.126384 0.180377 0.228329 1.094016 -0.274912 -0.798815 0.262124 -0.947801 -1.758725 -0.744867 -0.600543 0.638765 -1.640540 0.081037 0.883140 0.435203 0.209650 0.933045 -2.525883 -0.050939 1.270745 -0.913844 0.844109
72 -0.444824 -1.345299 -0.192737 0.161424 -0.161156 0.617964 -0.367026 -1.595560 0.708177 1.215280 1.390331 -2.582425 -2.447955 -0.619637 0.586945 -0.291657 0.540413 -0.550149 0.232662 0.917237 1.007419 -1.507303 0.638167 -0.866233 0.846506 0.507570 0.407234 -2.556107 0.976500 -0.225055 -0.259046 1.612585 0.797822 -1.481266 0.253407 0.638960 -1.144160 1.636873 -0.104221 2.869878 0.383436 0.023908 1.223783 -1.318661 1.179470 0.848448 -1.009765 0.537821 -0.941166 -0.430042
73 0.492798 0.108479 0.760882 1.065628 -1.266724 1.563142 -0.200076 1.887167 -1.094206 0.242775 -1.669107 -0.392281 -0.366825 0.363130 -0.367147 -1.422439 -1.589964 -0.150126 -0.097684 -0.825473 -1.313632 -0.899765 3.585798 0.291592 1.367813 0.519380 0.161194 -1.630278 -0.050349 -0.083274 -0.407842 0.733281 -0.076688 -0.676208 -0.448426 2.091308 -1.070217 -0.979290 0.345646 -0.528264 0.494932 -0.369727 1.201683 0.345017 -0.686261 -0.467236 1.480204 -1.279140 -1.111274 0.393903
74 0.025725 0.167586 0.345937 -2.023720 -0.899170 -0.242297 0.131487 0.752052 0.552216 0.858983 0.314720 0.595309 0.635177 -1.009401 0.258711 -1.568631 -1.775689 0.063875 0.310881 -1.207226 -1.530559 -1.010268 -0.262046 -0.066577 0.004336 0.993597 -0.038850 1.120617 0.442581 0.925126 0.896468 0.704734 -0.859531 -0.710823 0.729155 0.514729 0.531617 0.668470 1.317500 1.306960 0.646966 -0.713368 -0.544871 -1.576238 1.528060 -1.158097 0.150298 0.812093 0.067998 2.753365
75 -1.476072 1.660749 -0.946899 1.274606 1.130124 0.632400 -1.144375 -0.830164 -0.696749 0.412597 0.006668 -0.752239 -0.789953 1.594891 -0.250058 -1.030257 0.572603 -0.260027 -0.567460 0.242794 0.243977 -1.488782 0.594223 0.658075 -0.570001 0.150519 0.966660 0.015085 0.252708 -0.111077 0.467670 0.600968 0.965958 -0.190739 0.349531 0.582581 0.874225 -1.244279 0.759227 -0.308239 -0.203326 0.191853 0.535040 1.285055 -1.476183 0.135653 -0.058831 -1.002352 -0.022761 0.336154
76 -0.451241 1.063940 0.203626 -0.629594 0.526433 0.589131 -1.299122 -0.094871 -0.086276 -1.466501 2.017829 -0.339127 -1.033463 -0.658379 1.524939 -0.190819 0.272101 1.421443 1.227589 -1.853698 -0.806140 1.030877 1.400176 -1.433703 0.184403 -0.345418 0.594381 -0.225357 -0.656951 0.023158 0.293638 -1.549232 -0.884806 -1.187812 -0.247393 -0.324232 -0.727414 0.240387 -0.124596 2.157384 -0.356149 -0.116858 -1.179773 0.979572 -0.423997 0.577330 0.417676 0.977489 1.694474 -0.047262
77 -0.789636 -0.019844 0.521101 -0.711183 -1.590066 0.932682 1.085329 0.102781 -1.244579 -0.120249 -1.201083 1.994185 0.075040 -0.358009 -0.066912 -0.855470 -0.874379 1.298220 -0.841288 -0.970153 -1.633428 -1.185640 0.435479 0.660403 0.064826 0.787210 0.899028 -0.631505 1.163471 -0.955357 -1.533076 1.397964 -0.270588 0.710267 0.333325 -0.233238 0.974323 -1.157379 0.468495 1.159487 -0.790218 0.377213 0.893875 -0.826676 -1.464948 0.451153 -0.331242 0.177756 0.328421 2.581316
78 -1.214244 -0.530135 0.730946 -0.579470 2.212601 2.698601 1.467830 -0.272656 -1.106928 -0.120484 0.749293 0.211986 -0.978582 0.770586 -0.501199 -1.111528 0.563899 -0.862090 -1.104978 -1.643050 1.181251 -1.084725 1.710765 -1.519835 -0.038872 0.964436 1.415379 -0.619512 0.014234 0.476758 1.490043 1.624037 -0.479076 -0.135674 -0.698259 -1.907792 0.070854 -0.091066 1.247135 -0.495091 -0.540418 -1.462984 -0.777612 -1.805836 0.300947 0.106578 -0.168391 0.398318 -0.837245 -0.224602
79 -1.184884 -0.169476 -0.921023 1.169035 -0.022446 -0.515594 0.669596 -0.265976 -0.231323 0.651153 0.388999 -1.293354 -1.777217 -1.925461 -1.188618 1.613137 -0.094341 1.248269 0.164547 -0.447106 -0.148973 0.720036 -0.630339 -0.551254 -1.308854 -0.469812 -1.082934 1.551818 -0.183965 -0.609786 -1.563468 -1.116953 -1.055711 1.163063 -1.499514 -0.133710 -0.532686 0.211967 -0.562630 -0.950222 -0.740217 0.116290 0.148207 0.561281 -0.650255 0.633342 -0.826797 0.057477 0.349205 -1.654398
80 1.909158 0.316279 -0.804737 1.496499 1.019380 -0.870159 1.068988 -1.338589 -1.292643 0.125386 1.501454 -0.615688 -0.779531 0.133356 -0.464786 -0.776255 -0.731175 -0.343303 2.553831 -0.796599 0.366279 -1.532458 1.937791 0.703001 1.187815 0.284630 -0.601874 -0.484645 -1.996915 0.563215 -1.342366 -1.333308 -0.132066 -0.980750 -0.687278 -0.197386 -0.954293 1.600421 0.466370 -0.393418 -1.235412 0.349765 0.257512 2.357495 1.737284 1.543418 -0.847694 -0.374381 -0.474504 -1.210521
81 -0.969907 0.518405 -0.064706 1.331852 -0.414632 1.143178 -2.358431 -1.433915 -1.709393 1.166419 0.524557 -0.344258 0.387987 1.004001 1.186593 -1.048581 0.551616 0.792772 0.305959 -0.048625 1.784119 -1.724014 -0.610296 -0.287285 -0.679678 -1.286264 0.716406 0.023653 2.437982 1.153136 0.024657 1.091567 0.785713 -0.858621 -0.374802 0.328903 -0.545826 -1.885830 -0.017574 0.765441 1.236314 0.351171 1.125249 0.209277 0.437302 -0.193263 0.267380 0.530632 0.124460 0.796257
82 0.524372 1.439250 0.773764 -0.337851 1.733159 1.474489 -0.519503 -1.689892 -1.124793 0.295817 0.252487 -1.435619 1.002462 -0.156959 -1.345445 -1.165240 0.222517 -1.605940 -0.346199 0.714521 1.342394 1.122449 1.659088 -0.570929 -0.301404 0.352270 0.505833 -0.173445 -0.769359 -0.042880 3.166610 -0.091242 0.496852 0.556952 0.732504 0.178045 0.007220 0.754941 -0.416668 -0.992650 0.183495 -0.928549 -0.329421 -0.113983 0.931825 -0.848088 0.098154 0.088326 -0.007755 0.911312
83 0.017725 0.389693 1.357619 -1.154738 -0.790693 1.377736 0.616886 -0.415695 0.011053 -2.073092 1.099780 0.307651 1.426773 0.381178 -2.213873 0.283601 -0.052613 -0.066427 1.159321 0.528434 -0.168320 -0.884003 -0.186246 0.406215 -0.164989 0.154378 0.650014 0.363828 0.578931 0.687445 0.892371 -1.648692 0.189823 0.041287 1.421901 -1.167326 -0.022153 0.390189 -1.233808 -0.143461 -0.267458 -1.590026 1.520040 -0.407515 -0.682690 -0.879256 -1.723380 -0.184990 1.594420 0.721047
84 0.799391 0.080198 -1.119703 1.786676 0.991455 -0.511349 2.135727 -0.773441 -0.430188 0.710464 -0.375456 1.456438 0.800278 -0.282156 -2.329138 1.279786 -0.257210 -0.504486 0.037500 1.678437 1.355959 1.248519 1.164716 0.491817 -0.094409 -1.097432 0.079133 -3.109735 -2.637757 -0.687040 -0.203137 0.850216 -2.043559 -1.334250 -0.637082 1.744269 1.311181 -1.342134 -0.274235 -0.080361 -1.508907 0.293500 0.003738 -0.542547 -0.792184 -1.394165 0.303922 0.636510 -2.084645 0.389297
85 1.553970 1.257084 -0.037545 -0.801055 -0.700597 0.181196 0.413426 0.586098 0.936397 -0.602638 0.807630 0.802245 1.854591 0.344997 0.924322 -0.204796 0.514059 -1.108461 -0.844020 0.481153 0.531612 -1.030320 0.764923 0.559210 0.594062 0.638182 -0.859837 -0.204082 0.138884 -0.487307 -0.516852 0.120920 1.610517 -0.693160 -0.221916 -1.590109 0.844134 0.367281 1.219112 0.639382 -1.159712 -1.005335 -0.129350 -0.421583 -0.585543 1.953932 0.891383 -0.568552 -0.652545 0.022293
86 1.833882 0.405336 1.689972 0.109668 3.662283 1.589213 1.881691 1.733242 -2.213242 1.826260 -0.876813 1.653681 -1.433584 0.587229 -1.683222 1.211674 1.669960 -0.742057 -0.116097 -2.062646 0.589208 -1.068894 0.525864 0.084463 -0.654085 0.047337 -0.014590 0.485887 0.227587 2.305212 -0.449334 -0.298736 -1.794803 0.600669 -0.450666 0.519226 0.019664 -1.756009 -1.957205 -0.851818 2.303414 0.919566 0.508206 -0.031641 -0.755189 0.597562 0.114827 -1.440076 -1.489609 -0.035826
87 0.378805 0.195225 -0.000516 0.380447 -0.439984 -2.100621 2.242293 0.273141 1.425139 -1.165893 -0.689900 0.330780 -2.209810 -1.805051 -1.015826 0.180294 -0.118301 0.745752 -0.931604 -1.752301 1.499623 0.713690 -1.768865 -0.422226 -0.274253 -0.147111 -0.348967 -0.257267 -0.153483 -1.387222 -0.958606 0.228751 0.346230 0.290298 -0.123700 1.662788 0.889508 0.414971 0.378170 -1.333587 -0.814811 0.412854 -1.467760 0.641157 -0.671117 -2.060952 0.747320 0.382617 0.672458 -0.735489
88 -1.245445 -0.623094 1.084975 -1.482095 -0.462504 0.559008 0.660155 -0.132029 0.135948 0.058004 -1.448543 0.352279 0.339282 0.068382 -0.591706 -0.079344 0.382455 0.657248 2.016728 -1.905680 0.806748 0.044990 1.281721 0.306077 -0.951216 0.121931 1.818866 0.379731 -0.903112 0.098086 0.252878 0.323789 1.430360 -0.486959 0.683335 1.796509 0.824079 0.470808 -2.120594 -0.036390 -1.240518 -0.423788 -1.451950 0.425144 -0.164054 1.130065 -0.282679 0.277585 -0.047416 -0.969945
89 -2.226991 -0.590617 1.901199 0.474329 1.372423 -1.787137 0.720759 -0.337770 -1.036560 0.277715 0.053973 0.290030 -0.501006 -0.392095 0.046929 1.250842 -0.723815 1.656046 -0.903995 -0.259312 -0.168010 0.992431 -2.169038 -0.596092 -0.294328 0.617493 0.325580 1.075398 0.536709 -0.087407 0.026818 1.667201 -0.662300 0.295930 -1.130829 -0.462566 0.707905 1.110205 0.996943 -1.189276 0.630241 -0.392990 0.086657 0.699734 -0.251204 0.839777 0.209743 -0.922820 0.970835 0.013779
90 1.432705 -0.623930 -1.550837 -0.003695 -0.583856 0.997556 0.894784 -1.184601 -0.297667 1.124383 0.546561 -0.907607 1.022289 -1.432673 1.403807 -1.338415 0.424140 0.512887 1.787505 0.024629 1.184682 -0.136029 -0.568761 1.300635 0.260908 1.309306 -0.792456 -0.397369 -1.360626 -0.575208 0.081040 -0.564987 0.013407 -0.410500 0.096422 -0.889827 -1.165325 1.379317 0.336862 -1.328731 -0.198904 -0.780872 -0.072703 0.752436 0.587756 0.449487 0.107872 -1.315957 0.826422 -1.112161
91 -1.095824 -0.698004 0.306122 -1.520002 -1.091161 -2.040445 0.801896 0.516779 -0.691610 -1.691131 -0.304691 -0.238585 0.897838 -1.769938 -2.357555 0.732787 -0.418219 -0.267464 -0.968260 1.198264 -1.085513 0.855948 0.539087 0.911934 -0.862110 1.569643 -0.850930 -0.681575 -0.319888 0.068777 0.900289 0.817256 1.294827 0.296084 -0.743790 1.099660 -0.470251 1.842588 -0.576033 -0.858020 -1.014129 -0.008494 0.345551 0.317996 -0.590950 -1.009594 1.816588 1.324191 -0.692369 0.567508
92 -0.723773 -0.162679 0.569055 0.992451 -1.222398 -0.313621 1.338742 -1.496485 1.017738 1.185853 -1.287706 0.846919 -1.746703 -0.838999 0.491875 -1.131807 0.226835 -0.676864 -0.371909 0.899466 -0.084814 -0.013664 0.352352 3.318128 -1.356435 -0.030577 -0.625036 -0.322757 0.158230 -0.217124 -0.657852 1.334361 -1.411479 -1.204163 -0.212376 -0.732145 0.528220 0.640404 1.166084 0.650440 -0.216201 -0.952562 1.466830 -0.709330 -0.831015 1.857201 -0.572085 0.199593 -0.516211 -0.188525
93 -0.608165 -0.152722 1.147154 -1.061182 -1.739752 1.439678 0.506047 0.701234 -0.637147 0.240301 -0.200183 0.666970 0.096974 -0.113555 0.699768 0.689491 -0.655749 2.050375 -1.265850 1.500513 1.584411 1.737680 2.264707 0.151208 0.529756 -1.268207 2.130278 2.924256 -0.309494 0.189778 1.160649 1.326730 -0.420705 0.643770 1.136998 1.219908 -0.648918 -0.630744 1.633567 0.895227 -0.364029 -0.736652 -0.692966 0.635314 2.170681 0.504614 0.322237 -0.163137 1.328390 -0.633842
94 -0.444543 -2.586531 -0.982037 1.268872 1.348093 0.442983 1.389040 2.624066 0.038367 0.480189 0.711488 1.548309 -0.957839 -0.215016 2.124732 -0.718773 -0.305841 -0.101090 -1.051513 0.024268 -0.489724 0.653839 -0.089934 1.902127 0.852993 -0.708944 0.033370 -0.842582 1.765886 0.246210 -0.250205 -0.814303 0.698326 -0.812764 -1.246052 -0.060354 0.652566 -0.784162 0.011765 -1.434498 -0.399421 0.944425 0.856039 -0.575105 1.152793 -2.719264 0.800349 -0.635626 -0.255898 -2.696743
95 -0.219350 1.466080 -0.877651 2.331104 -1.019472 1.048138 -2.158270 0.285957 1.150059 0.079879 0.626319 0.791032 1.418442 -0.634072 -1.065929 0.428856 -0.468512 0.493554 0.441115 3.103256 -1.233549 -0.490961 -1.213037 1.966216 -0.231888 -1.368473 -0.444623 1.180122 -2.331397 -0.271953 -0.972426 -0.544315 -1.613991 -1.389081 -0.226355 0.228813 0.530142 -1.457697 0.728934 0.001817 1.926831 1.185367 -0.090448 -1.148775 -0.049590 -1.282482 -1.913087 -0.251124 0.743122 0.375749
96 2.904466 4.083582 5.270480 5.296121 4.074560 2.583506 6.273646 5.260636 4.495603 5.879128 4.653593 4.469720 4.242082 3.784839 7.661506 3.620806 4.162938 4.124036 3.903743 5.178153 5.511705 4.168304 2.749116 4.826022 4.373591 5.369869 6.045212 6.020944 6.931149 4.421479 6.028254 -0.291713 4.372728 5.063336 4.844425 5.707029 4.292341 5.399840 3.807898 2.998982 -0.688969 4.051869 5.401246 5.053613 4.009562 4.891593 6.445424 4.038940 4.932530 5.658125
97 4.026473 5.611288 4.083092 3.811006 5.037373 6.238490 5.146980 5.725379 4.256417 3.456512 5.630855 4.872700 5.588801 3.751971 3.175708 6.379117 5.967891 3.882416 4.276678 4.791689 6.012064 5.039799 5.413075 5.603122 3.622176 5.397076 3.233280 6.487567 4.418867 4.656076 5.818388 -0.617600 6.564084 4.299615 5.316278 6.508247 4.523303 4.204591 4.237607 3.230423 0.874500 5.466089 4.286020 4.497968 5.557252 4.603292 5.173240 6.158422 4.676869 6.204009
98 5.130796 5.762908 5.293334 5.558168 4.451438 5.641784 3.490972 4.925758 4.266892 5.674803 4.198510 3.584474 4.978738 6.490928 4.836737 3.612021 6.447262 5.063005 4.415918 5.191886 7.050667 3.440065 5.650433 3.518459 4.241875 5.207273 5.405525 4.332490 6.498754 5.031367 4.811091 1.101114 5.247478 4.432502 5.487218 5.680475 5.354427 4.212187 6.044387 3.961689 0.738918 3.368446 3.698789 4.439354 3.478326 3.959434 6.085659 5.172241 6.498447 4.663947
99 -0.486807 -0.033140 -0.036997 0.510881 -0.451590 1.357428 -0.598086 0.782256 0.097059 0.755332 -0.197695 -1.366587 0.011694 0.750293 0.870689 -1.845140 -0.853016 -1.075113 -0.070259 -0.375173 -1.678482 0.472428 -0.411997 -0.011298 -0.153681 -0.418434 -0.616987 0.820784 1.752673 0.073020 -0.451553 1.279670 -1.336201 2.581270 -0.703575 -2.305192 0.758594 0.584985 1.641216 -0.442377 0.948240 1.263643 -1.263842 1.710380 0.846922 -0.922775 1.167469 -0.151966 -1.544915 0.216861
END
#################################################################
SECTION3 (Edges Information)
EndPoint0 EndPoint1 Weight
0 1 1.000000
0 9 1.000000
0 10 1.000000
0 90 1.000000
1 0 1.000000
1 2 1.000000
1 11 1.000000
1 91 1.000000
2 1 1.000000
2 3 1.000000
2 12 1.000000
2 92 1.000000
3 2 1.000000
3 4 1.000000
3 13 1.000000
3 93 1.000000
4 3 1.000000
4 5 1.000000
4 14 1.000000
4 94 1.000000
5 4 1.000000
5 6 1.000000
5 15 1.000000
5 95 1.000000
6 5 1.000000
6 7 1.000000
6 16 1.000000
6 96 1.000000
7 6 1.000000
7 8 1.000000
7 17 1.000000
7 97 1.000000
8 7 1.000000
8 9 1.000000
8 18 1.000000
8 98 1.000000
9 0 1.000000
9 8 1.000000
9 19 1.000000
9 99 1.000000
10 0 1.000000
10 11 1.000000
10 19 1.000000
10 20 1.000000
11 1 1.000000
11 10 1.000000
11 12 1.000000
11 21 1.000000
12 2 1.000000
12 11 1.000000
12 13 1.000000
12 22 1.000000
13 3 1.000000
13 12 1.000000
13 14 1.000000
13 23 1.000000
14 4 1.000000
14 13 1.000000
14 15 1.000000
14 24 1.000000
15 5 1.000000
15 14 1.000000
15 16 1.000000
15 25 1.000000
16 6 1.000000
16 15 1.000000
16 17 1.000000
16 26 1.000000
17 7 1.000000
17 16 1.000000
17 18 1.000000
17 27 1.000000
18 8 1.000000
18 17 1.000000
18 19 1.000000
18 28 1.000000
19 9 1.000000
19 10 1.000000
19 18 1.000000
19 29 1.000000
20 10 1.000000
20 21 1.000000
20 29 1.000000
20 30 1.000000
21 11 1.000000
21 20 1.000000
21 22 1.000000
21 31 1.000000
22 12 1.000000
22 21 1.000000
22 23 1.000000
22 32 1.000000
23 13 1.000000
23 22 1.000000
23 24 1.000000
23 33 1.000000
24 14 1.000000
24 23 1.000000
24 25 1.000000
24 34 1.000000
25 15 1.000000
25 24 1.000000
25 26 1.000000
25 35 1.000000
26 16 1.000000
26 25 1.000000
26 27 1.000000
26 36 1.000000
27 17 1.000000
27 26 1.000000
27 28 1.000000
27 37 1.000000
28 18 1.000000
28 27 1.000000
28 29 1.000000
28 38 1.000000
29 19 1.000000
29 20 1.000000
29 28 1.000000
29 39 1.000000
30 20 1.000000
30 31 1.000000
30 39 1.000000
30 40 1.000000
31 21 1.000000
31 30 1.000000
31 32 1.000000
31 41 1.000000
32 22 1.000000
32 31 1.000000
32 33 1.000000
32 42 1.000000
33 23 1.000000
33 32 1.000000
33 34 1.000000
33 43 1.000000
34 24 1.000000
34 33 1.000000
34 35 1.000000
34 44 1.000000
35 25 1.000000
35 34 1.000000
35 36 1.000000
35 45 1.000000
36 26 1.000000
36 35 1.000000
36 37 1.000000
36 46 1.000000
37 27 1.000000
37 36 1.000000
37 38 1.000000
37 47 1.000000
38 28 1.000000
38 37 1.000000
38 39 1.000000
38 48 1.000000
39 29 1.000000
39 30 1.000000
39 38 1.000000
39 49 1.000000
40 30 1.000000
40 41 1.000000
40 49 1.000000
40 50 1.000000
41 31 1.000000
41 40 1.000000
41 42 1.000000
41 51 1.000000
42 32 1.000000
42 41 1.000000
42 43 1.000000
42 52 1.000000
43 33 1.000000
43 42 1.000000
43 44 1.000000
43 53 1.000000
44 34 1.000000
44 43 1.000000
44 45 1.000000
44 54 1.000000
45 35 1.000000
45 44 1.000000
45 46 1.000000
45 55 1.000000
46 36 1.000000
46 45 1.000000
46 47 1.000000
46 56 1.000000
47 37 1.000000
47 46 1.000000
47 48 1.000000
47 57 1.000000
48 38 1.000000
48 47 1.000000
48 49 1.000000
48 58 1.000000
49 39 1.000000
49 40 1.000000
49 48 1.000000
49 59 1.000000
50 40 1.000000
50 51 1.000000
50 59 1.000000
50 60 1.000000
51 41 1.000000
51 50 1.000000
51 52 1.000000
51 61 1.000000
52 42 1.000000
52 51 1.000000
52 53 1.000000
52 62 1.000000
53 43 1.000000
53 52 1.000000
53 54 1.000000
53 63 1.000000
54 44 1.000000
54 53 1.000000
54 55 1.000000
54 64 1.000000
55 45 1.000000
55 54 1.000000
55 56 1.000000
55 65 1.000000
56 46 1.000000
56 55 1.000000
56 57 1.000000
56 66 1.000000
57 47 1.000000
57 56 1.000000
57 58 1.000000
57 67 1.000000
58 48 1.000000
58 57 1.000000
58 59 1.000000
58 68 1.000000
59 49 1.000000
59 50 1.000000
59 58 1.000000
59 69 1.000000
60 50 1.000000
60 61 1.000000
60 69 1.000000
60 70 1.000000
61 51 1.000000
61 60 1.000000
61 62 1.000000
61 71 1.000000
62 52 1.000000
62 61 1.000000
62 63 1.000000
62 72 1.000000
63 53 1.000000
63 62 1.000000
63 64 1.000000
63 73 1.000000
64 54 1.000000
64 63 1.000000
64 65 1.000000
64 74 1.000000
65 55 1.000000
65 64 1.000000
65 66 1.000000
65 75 1.000000
66 56 1.000000
66 65 1.000000
66 67 1.000000
66 76 1.000000
67 57 1.000000
67 66 1.000000
67 68 1.000000
67 77 1.000000
68 58 1.000000
68 67 1.000000
68 69 1.000000
68 78 1.000000
69 59 1.000000
69 60 1.000000
69 68 1.000000
69 79 1.000000
70 60 1.000000
70 71 1.000000
70 79 1.000000
70 80 1.000000
71 61 1.000000
71 70 1.000000
71 72 1.000000
71 81 1.000000
72 62 1.000000
72 71 1.000000
72 73 1.000000
72 82 1.000000
73 63 1.000000
73 72 1.000000
73 74 1.000000
73 83 1.000000
74 64 1.000000
74 73 1.000000
74 75 1.000000
74 84 1.000000
75 65 1.000000
75 74 1.000000
75 76 1.000000
75 85 1.000000
76 66 1.000000
76 75 1.000000
76 77 1.000000
76 86 1.000000
77 67 1.000000
77 76 1.000000
77 78 1.000000
77 87 1.000000
78 68 1.000000
78 77 1.000000
78 79 1.000000
78 88 1.000000
79 69 1.000000
79 70 1.000000
79 78 1.000000
79 89 1.000000
80 70 1.000000
80 81 1.000000
80 89 1.000000
80 90 1.000000
81 71 1.000000
81 80 1.000000
81 82 1.000000
81 91 1.000000
82 72 1.000000
82 81 1.000000
82 83 1.000000
82 92 1.000000
83 73 1.000000
83 82 1.000000
83 84 1.000000
83 93 1.000000
84 74 1.000000
84 83 1.000000
84 85 1.000000
84 94 1.000000
85 75 1.000000
85 84 1.000000
85 86 1.000000
85 95 1.000000
86 76 1.000000
86 85 1.000000
86 87 1.000000
86 96 1.000000
87 77 1.000000
87 86 1.000000
87 88 1.000000
87 97 1.000000
88 78 1.000000
88 87 1.000000
88 89 1.000000
88 98 1.000000
89 79 1.000000
89 80 1.000000
89 88 1.000000
89 99 1.000000
90 0 1.000000
90 80 1.000000
90 91 1.000000
90 99 1.000000
91 1 1.000000
91 81 1.000000
91 90 1.000000
91 92 1.000000
92 2 1.000000
92 82 1.000000
92 91 1.000000
92 93 1.000000
93 3 1.000000
93 83 1.000000
93 92 1.000000
93 94 1.000000
94 4 1.000000
94 84 1.000000
94 93 1.000000
94 95 1.000000
95 5 1.000000
95 85 1.000000
95 94 1.000000
95 96 1.000000
96 6 1.000000
96 86 1.000000
96 95 1.000000
96 97 1.000000
97 7 1.000000
97 87 1.000000
97 96 1.000000
97 98 1.000000
98 8 1.000000
98 88 1.000000
98 97 1.000000
98 99 1.000000
99 9 1.000000
99 89 1.000000
99 90 1.000000
99 98 1.000000
END
#################################################################
SECTION4 (TrueSubGraph Information)
EndPoint0 EndPoint1 Weight
5 6 1.0
6 16 1.0
16 15 1.0
15 5 1.0
6 7 1.0
6 96 1.0
5 4 1.0
15 14 1.0
7 97 1.0
97 98 1.0
END
#################################################################
SECTION5 (Labels Information)
1 1 1 1 1 1 1 1 1 1 1 1 1 1 1 1 1 1 1 1 1 1 1 1 1 1 1 1 1 1 1 0 1 1 1 1 1 1 1 1 0 1 1 1 1 1 1 1 1 1 
END
#################################################################
SECTION6 (bt Information)
5 5 5 5 5 5 5 5 5 5 5 5 5 5 5 5 5 5 5 5 5 5 5 5 5 5 5 5 5 5 5 -5 5 5 5 5 5 5 5 5 -5 5 5 5 5 5 5 5 5 5 
END
#################################################################
