#################################################################
#APDM Input Graph, this input graph includes 3 sections:
#section1 : general information
#section2 : nodes
#section3 : edges
#section4 : trueSubGraph (Optional)
#
#if nodes haven't information set weight to null
#################################################################
SECTION1 (General Information)
numNodes = 100
numEdges = 200
usedAlgorithm = NULL
dataSource = SimulationData2
END
#################################################################
SECTION2 (Nodes Information)
NodeID Base Counts
0 1.633899 0.160899 -0.297135 1.031334 0.172035 -0.459000 -0.847966 -1.935374 0.637700 0.587074 0.245605 -1.508761 0.787562 2.052067 -0.474049 -0.405008 -1.233897 -0.031201 1.633206 -0.212243 1.812755 -0.161383 0.101191 -0.114560 -0.435856 -0.225235 0.844834 0.214513 1.257995 -0.565019 -0.251005 -0.466904 -0.982621 1.221647 0.215042 0.743681 -1.350761 -0.823561 0.064543 1.353502 1.514479 -0.438910 0.216439 0.512853 0.183712 -0.052244 1.424152 -0.227827 -0.731214 -1.502789
1 -1.226402 1.464214 0.442251 0.445037 1.116590 0.134309 1.360584 1.038692 -0.201810 0.151313 -1.642255 -0.792370 2.102711 0.237512 0.499941 0.124452 -1.113127 -0.258504 -1.703068 1.090069 1.045655 0.841443 2.365697 0.846210 -0.319314 -0.057935 -0.428902 1.468384 -0.013886 -0.394376 1.029286 0.661552 -0.025969 -0.372758 1.691575 -0.363650 -0.661433 -2.120921 -0.356738 -0.028182 -0.302080 0.872376 0.693511 0.890445 0.206198 -2.005628 0.212599 1.328246 -0.289919 0.247918
2 3.100548 -0.202648 1.086003 2.652247 1.546907 -0.504367 -0.057888 0.436270 -1.105991 -2.500984 0.241970 1.845216 0.435166 -0.424922 1.363426 -1.091440 -0.448207 -0.734575 -1.103863 0.081074 1.735857 0.175387 1.906639 -0.011967 -0.061081 0.122929 1.107416 -1.288252 0.105382 0.426427 -1.511347 0.541896 0.659672 0.394161 0.132447 1.561710 -0.517442 1.582962 -1.299433 1.707974 -0.247797 0.872384 -0.218466 -1.312321 0.571295 -0.956798 0.262614 1.430531 0.616164 -1.625551
3 3.304365 0.141638 0.244643 4.085983 -2.285419 -1.987330 -0.827912 -1.053410 -0.695527 -0.453198 -0.111135 3.069999 0.471767 1.344288 0.330287 0.206767 -1.364919 0.882237 0.910494 0.010696 -0.994680 -0.530316 -1.041863 0.915651 -0.333304 0.914334 0.570015 0.433367 1.936905 -0.206448 1.099589 0.987314 -1.154283 -0.772239 -0.458545 -1.010610 0.372582 2.450588 -0.042917 2.469161 0.563079 0.089347 -1.809468 -0.144142 -1.460443 0.201904 1.191191 0.487072 0.250420 0.726021
4 2.835300 0.109260 1.972659 3.851415 -0.430091 0.724164 -0.888808 2.570434 0.477715 0.397524 1.639190 1.329110 -1.545286 -0.882145 -0.211712 2.103736 -0.749220 0.254731 2.760512 -0.086432 -0.518351 1.472347 0.572745 -0.644921 0.017959 -0.386235 -0.332255 -1.357831 0.945853 -0.486085 0.849920 0.082370 0.736988 -1.799227 1.033383 -1.265184 0.032754 3.264313 -0.760272 2.675898 -1.015738 0.995402 -0.703939 -0.337433 -0.769687 -0.615992 -0.052511 1.510434 0.025097 0.607686
5 0.626128 0.125754 0.127807 -1.538750 -0.010120 -0.097461 0.143305 1.375422 1.696983 -0.604405 -0.560198 0.415752 0.710484 2.462200 0.070624 0.064985 0.055627 -1.027838 -0.065560 -1.305595 -0.651740 -0.960476 -0.381971 0.735801 0.202477 -0.313943 -0.631682 0.528864 0.462958 -1.498984 -0.789129 0.718256 -0.833273 0.208429 0.779487 1.675266 -1.013776 -0.437276 0.674920 -1.621190 -0.569906 -1.189475 1.430248 0.283355 -1.206164 -1.445713 0.183674 -0.266423 -1.624929 -0.080945
6 -1.080247 1.340373 -0.401226 0.940373 0.126576 -0.961187 0.971260 -0.889260 1.101649 1.063856 -0.770254 0.432870 2.818173 -1.005263 1.044491 -1.822884 0.374067 0.345957 0.975722 -0.802232 1.187575 -0.248547 0.510886 1.287021 0.467933 -1.366245 -2.276568 -0.404262 0.922351 -0.508329 0.230304 -1.798235 0.687007 0.056138 0.004137 0.258024 1.217411 0.244517 -0.681817 0.798511 1.804096 0.533680 -1.629160 0.811848 0.822054 0.888393 -2.910359 -1.013325 -0.979580 1.367616
7 -0.246894 -0.147656 0.560829 0.946112 -1.342245 -0.030331 0.916151 0.848321 0.692065 -0.833587 -0.454845 0.458055 0.791144 0.345627 -0.069684 0.344633 -0.036150 0.031955 0.111755 0.406263 -0.577231 -0.266965 -1.030861 0.822318 -0.829755 -1.761765 1.757610 0.075359 -0.438365 -0.598705 -1.910338 -0.728778 0.520707 -0.172295 0.307445 1.292647 -0.968282 -0.710266 0.442797 -1.360546 0.180420 0.117709 -1.770575 -0.488574 0.096286 1.549689 -0.153617 -0.294933 -0.095783 0.172737
8 0.985713 0.181377 -0.248391 -0.169450 0.770769 0.784689 -1.003514 -1.380527 -0.022696 -0.718461 -1.200844 -0.747510 -2.338021 0.236169 0.566569 -0.193035 -0.017236 -0.079741 -2.412461 1.400109 0.663455 0.383882 1.065653 1.010418 1.093100 -1.400535 -1.199400 1.168263 -0.135991 -1.220175 0.080656 0.111316 1.651716 -0.102596 0.181975 -0.223670 0.858210 -0.534767 -0.085552 -0.553586 -0.659302 0.563315 -0.193454 2.365544 -1.314779 0.387714 0.617130 0.869263 0.960769 -0.294431
9 0.832915 -0.739732 -1.447224 1.512221 -0.418068 -0.655554 0.052507 0.654293 0.476425 0.583646 -1.227086 0.573969 1.279669 1.046083 0.680790 -2.232978 -1.550200 -2.151269 -1.110489 0.125957 -2.264227 -1.379710 -1.084675 -0.653030 -1.859952 0.149562 1.302900 0.280877 2.321337 0.932461 0.320699 -2.304229 0.765514 2.230433 0.554249 2.250805 -1.128954 -1.404937 1.212339 0.725079 0.751201 0.980839 -0.752929 -0.528743 0.510139 0.233436 1.481720 0.230259 -0.390358 -1.267963
10 0.285762 0.519662 0.989693 0.780332 1.745250 -0.533122 1.584262 1.154054 -0.208759 -0.343265 -0.480109 0.762745 -0.756925 -0.171015 0.183875 0.561303 -0.723562 0.331468 -0.471889 -2.075462 -2.142738 0.361737 0.298771 1.534881 1.175613 -0.714867 0.006444 -1.163387 0.622339 -0.002856 0.348589 0.407326 1.068395 0.845929 0.092498 0.690219 -0.471459 -0.726593 -1.120984 -0.295932 0.507280 0.001118 -0.463390 0.996341 0.240357 -0.679642 0.683392 0.895306 0.099644 -0.433720
11 3.156863 -0.579766 0.188983 1.794448 -0.211786 0.410109 0.229242 0.136767 -0.944124 -0.391605 0.323011 1.427388 0.055105 -0.119676 1.038728 -0.263564 -0.669460 -1.200975 1.411236 0.033746 -0.806418 -0.430248 0.491293 1.009352 0.530143 -0.106646 -1.468789 0.459407 2.273355 0.574342 -0.811912 0.574350 0.191514 -0.071124 2.131766 -0.089878 -0.278661 3.668947 -0.353615 3.444346 -0.151718 0.799613 0.118815 1.300741 1.213468 0.485324 -0.692590 -0.329749 0.105163 0.956050
12 3.825845 0.356035 0.746057 2.626467 1.086558 0.750369 -2.977627 0.810501 0.302026 0.788168 -1.524049 3.637646 1.544990 -0.168150 0.910703 -2.112565 -1.529453 -0.697282 0.787106 -1.029979 -2.214134 1.226248 2.014039 -0.478005 1.663528 1.234892 -0.543756 -0.884218 -0.125712 -1.766105 -1.084532 -0.216325 2.396943 -0.730377 -0.843282 -0.497087 -1.247202 2.333866 -0.652720 2.886826 -0.860854 -0.239261 0.896924 0.131155 -0.066372 -1.320365 0.470557 -2.336437 -0.722385 -0.369348
13 -1.916728 1.022746 -0.111163 -1.318453 -0.307010 1.145519 -1.431339 -0.120767 -1.264209 1.619669 -0.027409 -1.051972 0.672511 -1.071773 -0.371700 0.322867 0.324782 -0.810363 0.426599 -0.218316 0.126812 -1.075230 1.809820 1.511598 -0.350107 0.647160 -1.894986 -0.255282 -0.583341 -1.313128 1.017345 -0.553329 0.346612 1.111777 -0.555696 -1.182617 -0.911124 1.408094 -1.263328 -0.691676 1.907139 0.428462 -0.277213 0.968076 0.393425 -0.533806 -0.569880 0.568560 -0.665819 0.694874
14 -0.085972 1.285906 0.694433 -1.268275 0.697786 0.204838 1.180689 0.147619 -1.159432 -0.751953 -2.133280 0.835492 -0.736715 0.514228 0.174360 1.168383 -0.926931 -0.900426 -1.636464 0.561311 -1.034259 -0.695515 1.953022 0.309405 0.647941 -1.174725 0.261425 0.689959 1.276041 0.516801 -0.715615 2.785194 1.319633 1.136291 0.146823 -0.627247 -0.518535 -0.874597 0.308675 1.025517 0.024879 -0.115152 0.231464 -0.975075 -0.406428 -1.041242 -1.672849 -0.513553 -0.206664 1.119755
15 -0.416908 1.691269 0.101243 1.182540 -1.628180 -1.027495 2.047559 0.126448 0.145111 -1.062951 -0.373629 1.252323 0.798575 -0.200369 -1.006983 -0.605644 -0.019828 -0.476656 1.035213 -0.219678 -0.311829 1.583986 0.069569 -0.549306 1.198594 -0.091908 -1.260751 0.726415 -0.534556 -0.257298 -1.322227 -0.721211 -0.159251 0.313715 -1.088872 0.104081 -0.957394 -0.060612 -0.858020 0.951073 0.136721 -0.452324 -1.644537 0.048364 1.656215 1.391558 1.458069 -1.650067 -1.901934 -1.269110
16 0.447338 -2.221609 0.907321 -0.930177 0.040281 -1.011159 1.283709 -1.270677 0.245380 0.892547 0.539838 -0.560046 0.590341 0.082938 0.018219 -0.173295 -0.123397 -1.349057 0.325954 0.841300 -0.598752 1.567685 -1.198877 0.250998 1.964335 -1.075741 1.043090 -0.682904 0.397425 0.517590 0.188740 -1.032029 0.580568 -0.824972 -0.786505 0.982366 -1.108027 -1.074953 0.095847 -0.307551 0.223203 -1.693193 -0.934385 -1.011341 -0.477582 -2.061083 -0.595528 1.017247 -0.362050 -0.248162
17 -1.163916 -0.322415 1.657550 -0.962273 -1.193828 -0.382387 -0.391134 0.094430 0.904160 0.308344 -2.233341 0.320764 0.156505 -1.178326 -1.126178 -1.902519 -0.094298 0.474883 1.183250 1.532941 -0.149307 -0.263467 0.066214 -0.331994 0.326055 0.879626 1.737049 1.968046 0.235895 -1.602737 0.773758 -0.645892 -0.392120 -0.284780 -1.230534 -0.386334 -0.209679 0.271131 -1.282556 -0.209419 0.309989 0.158145 -1.097522 -1.148312 -0.818144 -0.965300 -0.625967 1.292708 -1.391525 -1.636821
18 0.322577 -2.082728 0.099847 -1.436986 -1.184385 -0.327552 0.005098 0.929623 -0.915540 0.437331 0.262436 -0.560939 -0.381005 -1.034408 0.953113 0.283945 1.933253 0.474132 2.200061 -0.481845 -2.842212 1.235924 -0.983615 0.895550 -0.300071 0.353698 1.758435 1.271291 2.860732 0.177262 0.531124 0.138652 -0.970275 -1.416379 0.557187 0.647567 -0.704429 -0.368353 0.233995 -0.232757 -0.012933 1.080752 0.545548 -0.308437 -0.181694 -0.083701 -0.127665 0.171467 -1.052857 -2.462277
19 -0.374222 0.054942 -2.449984 1.142740 -1.420620 -0.570296 0.094558 -0.558637 0.693938 -0.165993 0.296284 -1.490600 0.057522 1.508278 0.779109 0.854483 -1.965624 -0.296581 -0.878286 0.654859 0.299767 -0.245992 -0.926295 -0.411678 0.528400 -0.245166 -0.678440 -0.470591 0.981540 1.380395 0.074269 -0.493363 0.940191 -0.623652 -0.450867 1.711529 -0.055783 -0.155973 -0.454142 -0.030371 0.138103 1.620314 -1.243595 1.143229 1.070582 -0.256665 -0.163134 1.255130 0.293287 -0.413146
20 1.959539 1.921556 0.892136 -0.775754 0.750067 -0.357196 -1.428274 1.498309 1.349183 -1.060408 -0.673224 -1.269454 -0.308059 1.410971 -1.292847 0.647870 -0.888708 1.074650 2.193618 0.133684 -0.420477 1.085418 -0.878147 -0.200767 -0.872767 0.280753 0.370086 0.148482 0.542186 -0.176421 1.690287 1.281038 -0.907500 3.145422 -0.791283 -0.124022 -0.045316 -1.237751 3.116118 0.833678 0.477450 -1.094925 -1.118523 1.992600 -0.385850 1.532100 -0.088675 -0.912960 1.362161 -0.634455
21 0.061020 1.390064 -2.405135 1.684876 0.145747 0.085382 1.813319 0.950953 -0.025404 0.466815 -0.607740 0.051561 1.724304 0.975014 0.360257 -0.286144 -0.504752 0.795887 -0.175050 2.081602 1.213046 -0.980890 1.012693 0.028816 2.828784 -0.924738 -0.001006 0.803743 0.379184 0.153221 -0.051281 1.727747 -1.092529 0.050869 -0.400298 1.169746 -1.756808 -0.006945 0.454022 -2.834264 -1.226810 1.092456 -0.101995 -2.164416 1.575780 0.536736 1.481705 0.915854 1.066014 -1.634385
22 0.849434 0.190722 0.134359 1.179616 1.257034 0.274902 0.350483 -1.158337 0.431287 -0.554754 -0.469354 -0.180152 -0.347446 -0.194772 0.510747 2.041149 -0.459497 -0.343992 0.250491 1.226569 1.277832 1.046452 -0.197746 -2.014134 -0.804238 -1.199551 0.190472 -1.745145 -1.010196 -0.506591 0.230918 -0.606916 0.889547 -0.179527 -0.246032 0.251793 0.978925 1.109101 -0.834484 -0.982071 0.790997 -0.731249 -0.893229 -0.506758 1.238245 -1.568182 0.617846 -0.770073 0.032333 0.589164
23 0.832919 0.223256 -1.272984 0.647151 0.198720 -0.450371 -1.639723 0.310019 0.756280 0.796273 0.140950 -0.112308 -0.555852 -0.912240 -0.588995 -1.289310 0.178404 -0.555417 -0.458746 -1.084785 -0.762123 -2.211470 -0.279137 1.192445 -0.931035 -0.520231 -0.684713 -0.245470 0.193793 -1.494118 -0.337092 -0.523628 -0.767292 -1.178823 0.560653 -0.225152 -0.206019 -0.345145 1.451916 -0.336152 -0.746443 -1.535420 -0.050285 1.589840 0.016601 0.213595 1.948560 0.461425 0.007836 0.483523
24 0.577444 1.407400 1.033018 0.333792 -1.162794 0.548166 -0.885167 1.416448 1.715768 1.531111 -0.420339 1.952442 1.211054 0.713979 1.792334 -0.520419 0.894815 0.543590 0.440156 -2.288288 -0.747573 -2.279786 1.060596 1.075276 0.546589 0.461883 0.700171 1.345067 -0.828253 0.534532 0.120094 0.336877 -1.448877 0.799972 -1.218191 0.443805 1.154918 -0.441284 -0.137592 -2.541826 1.087954 -0.363578 -0.528062 -0.272339 -0.037635 -0.270537 0.042521 -1.729801 -0.006094 -0.237408
25 -0.896485 0.162649 -0.744750 -0.043723 -0.202752 1.153497 -0.857914 -1.048531 0.769394 0.886842 -2.473228 -1.612875 0.554115 1.173787 0.375642 0.506219 -0.532819 0.650523 0.820609 0.017190 -0.247479 0.817888 -0.168916 0.572886 1.848493 0.326737 0.382721 1.476098 0.441167 0.264905 1.052814 0.036407 -0.399332 -0.796926 -0.831244 0.725121 -0.356258 1.118675 -0.393151 -1.138064 1.649670 -0.199624 1.501361 1.112816 0.364462 0.223781 -0.066288 0.467166 1.319197 0.761271
26 0.918797 0.016088 -1.294860 0.766195 0.710204 0.385251 -1.794679 0.417165 -1.249583 0.190534 -0.354160 1.212783 -0.497360 -0.842876 -0.422602 2.980434 1.352567 1.006752 -0.802227 1.357386 0.785714 0.193706 0.008558 0.348866 -0.554013 0.640735 -0.140391 -0.316250 1.425228 1.345362 -0.891406 -0.657200 0.741945 -0.753809 0.274126 1.270954 0.971170 1.074787 1.062113 1.967647 -1.308160 0.003433 -1.072023 0.808530 -1.574440 0.193381 1.656419 -1.437622 -0.631453 -0.902422
27 0.409163 -0.562524 -1.048959 -1.509951 1.562796 -0.173647 -1.511611 -0.495111 0.152694 -0.918141 -0.099844 -0.215035 -0.547731 0.322306 -1.088336 -0.133844 -0.473762 -0.568568 1.023042 -0.200518 0.648529 0.137330 -1.264629 -0.275733 -0.646958 -0.417080 -0.405049 -1.568321 1.331128 0.566633 1.566198 -1.010873 0.253289 0.406371 -0.376010 0.162373 0.124394 0.643198 0.498341 0.312385 1.886521 -0.145317 -1.629433 -0.866398 -0.681554 0.125600 -2.381394 0.742674 -0.413299 0.260908
28 -0.144701 0.440109 -0.384598 1.047048 0.588511 0.735361 -0.276238 -0.420080 -0.609871 0.078057 -1.584414 1.175215 1.042901 -0.578292 1.026178 -0.349205 -0.217874 0.045945 -1.685433 -0.450716 -1.238255 1.085895 -1.141184 0.097005 -2.781550 -0.259342 0.145017 0.587888 -0.030126 -0.272928 -1.936711 -0.001115 -0.647015 1.049086 0.357176 0.752554 -0.426661 1.287493 -0.230513 0.161542 0.484758 -0.493259 0.587499 -0.345770 -0.256811 -0.844393 1.219891 0.254529 -1.390024 -0.091543
29 -0.074559 -1.022914 0.540697 0.552175 -0.407115 0.294527 -0.161513 0.209341 -0.859392 -0.415097 0.233708 -0.060390 -1.264049 0.395240 1.666708 0.007106 -0.919683 -1.650336 -0.822393 1.064200 -0.616687 1.545390 0.516341 0.696020 0.181374 -0.698215 -0.048508 -0.611024 0.336500 -1.363969 1.490074 0.288332 0.593192 -0.085711 -0.145101 -0.192315 0.120265 -0.670361 -0.893997 -0.361812 -1.518370 1.054071 -0.148013 -0.153475 -0.381427 -1.990738 0.319715 1.150337 -0.648357 1.598082
30 -0.812014 1.501184 -1.458912 -1.011080 -1.202868 -0.441196 -0.355752 -0.128795 1.693624 1.234343 0.821679 -0.442013 2.160987 0.798973 -0.258610 0.421982 0.274547 1.508306 0.365439 -0.693197 0.167680 1.322828 1.387645 -0.880414 0.803834 -0.748005 -0.165412 0.299013 1.425903 0.700867 -0.520278 2.469151 -1.734013 1.769527 0.330996 0.562887 -0.938617 2.133706 0.012371 -0.247344 0.185211 0.518935 -1.737692 0.006725 -0.424429 -0.289590 0.193973 -0.144804 1.265620 0.178057
31 -0.562935 0.126564 -2.195652 -1.145378 0.223959 -0.225354 0.007142 -0.552976 -1.103284 -0.897527 -0.633911 -0.623623 1.380771 0.379919 0.133877 1.292960 0.235803 0.863318 0.020912 0.449354 0.035984 1.039032 -0.487418 1.155144 -1.665167 -0.698314 0.509702 1.324185 0.289585 -1.434751 -0.533483 0.221147 -0.584862 -2.440868 0.169823 1.924682 -0.830451 0.487719 -1.052937 1.485341 0.381919 -0.787677 0.021520 -0.125062 -0.653644 1.580640 -0.148381 -0.370717 -0.642388 -0.274832
32 -0.166003 0.608511 -1.254432 0.237334 0.843236 0.272253 -0.420895 2.744818 -1.137593 0.400940 -2.155375 -0.145574 0.059505 0.965521 0.790368 0.482991 0.652047 1.463624 -0.546657 -0.488723 0.236110 -2.199901 -1.529179 0.281163 1.399719 -1.310995 -1.277739 0.135550 -1.359288 0.143272 1.120862 -0.909066 0.935504 1.637654 -0.717728 -1.142738 1.300529 -0.288048 1.625356 -0.766478 0.304775 0.347219 -0.763630 -1.476471 -0.360878 -1.505542 -1.286102 -0.730255 0.616647 0.113689
33 0.719479 -0.559021 -0.427973 -1.425530 0.243040 -1.414304 0.400247 -0.129570 -0.741996 0.011927 0.238010 -0.989302 1.322210 1.877664 1.136623 1.809006 -0.382410 0.545377 -1.517079 0.432803 0.350898 -1.431898 0.480640 -0.152508 -0.086809 -0.031457 -0.585138 -1.356026 0.406332 0.065155 1.468231 -0.494428 0.149276 -1.041288 0.108780 0.267669 0.089889 -1.187851 0.456607 2.972081 0.014812 1.128571 0.028666 -0.488896 -0.281050 1.048834 0.516982 0.504075 -1.008493 -0.176613
34 0.958210 -0.553428 1.263830 0.550413 0.613049 0.671390 0.383437 -0.165710 -0.872870 1.227512 0.426429 -0.451756 1.519938 -0.120749 0.977503 0.009101 0.484768 -1.907362 0.585072 0.426903 -1.417061 0.164903 -0.444146 0.121358 -0.078596 -1.019989 -0.386992 -0.759616 0.766884 0.368390 -1.543990 -0.893642 -0.874736 0.981763 -0.511530 -2.182273 -0.852152 -1.566984 -0.270394 0.611495 -0.642707 -1.169032 -1.264070 -1.168437 -0.405591 0.350993 0.428915 0.278746 0.166889 -1.050155
35 -0.700518 0.208527 0.307183 -0.061374 1.042093 -0.288995 -0.523202 1.365990 -1.025802 -0.455478 -0.313504 -2.036768 -0.843810 0.068354 0.543233 -1.394388 -1.214192 0.178187 -1.160320 0.488145 0.372716 1.171818 -1.817515 0.680135 1.558179 0.143852 -0.132927 -1.088883 -0.272004 1.496570 0.250362 -0.497488 -2.036780 1.829835 0.468019 -0.777112 0.471725 -2.237475 -0.093734 -0.087112 -0.368788 -1.141035 0.099275 0.575331 -1.274713 1.501032 -1.567324 1.187177 1.102834 0.120510
36 -1.454906 -0.383413 0.238861 -1.433834 0.950353 2.880700 0.880122 -0.491263 0.074476 -0.147194 2.804201 0.204755 0.106179 -1.969631 0.486166 1.196082 1.134158 -0.837259 -1.706472 -0.535352 1.110143 -0.587918 0.839474 -0.904630 0.508199 -0.110127 -0.025993 1.986991 0.450751 1.203565 0.359576 0.306275 0.579748 0.266308 3.448945 0.871317 0.018420 1.414667 -0.717802 0.832835 -0.034376 -0.766617 1.003825 0.057491 -0.332812 1.925446 -0.134458 1.053954 2.019788 -1.186632
37 -1.466155 0.272989 0.698150 -0.495327 -0.258099 0.759290 -1.333178 0.541719 -0.474391 -0.916416 0.736080 -0.560492 0.487061 1.387696 0.550863 0.214302 0.265532 -1.314620 0.875075 -1.411765 -0.422875 -0.344354 0.210454 2.129072 0.655310 -0.299257 -1.922728 -1.625305 0.401509 0.019110 2.221207 -0.906627 -0.098225 -0.581716 0.507498 0.623092 0.439463 1.720555 0.726192 -0.335753 0.915476 0.168443 0.517987 1.321713 -1.164043 -0.564463 -1.693117 1.323915 0.247167 1.670885
38 -0.249817 1.423283 1.197380 -1.396059 -1.007096 1.133752 -0.086592 -0.498823 1.334584 1.086475 -0.049770 1.390122 -0.142638 -1.494869 -1.405366 1.201967 0.204821 0.683180 -1.503345 1.602188 1.366772 -1.483214 0.416238 1.039731 0.819791 0.961354 0.569311 0.452577 0.476309 -0.041954 0.502522 -0.339793 -0.239486 1.178571 -0.487137 1.457426 -1.235012 -0.023994 0.040183 -1.169527 0.640761 0.951868 -1.066901 -1.186628 0.771615 0.666470 -0.775905 0.734366 -1.168832 -1.211765
39 0.378486 1.463123 0.954894 -1.345485 -0.307332 -1.081075 -1.183205 1.279358 1.033486 -0.204032 -0.156517 2.070831 -0.189731 0.327073 0.072540 -0.724714 0.530045 -0.109904 -0.427082 -0.866899 0.752109 0.850228 0.168293 2.439793 1.104904 -0.687097 0.245610 0.377185 0.731127 -1.322265 -0.351027 1.235554 1.252892 -0.152547 -1.332572 -3.207317 0.991537 -0.367851 -0.812651 -0.669767 0.639448 -1.479494 -1.042731 0.330726 0.820472 -1.136450 1.926285 1.595127 -0.672234 -0.929837
40 -1.677256 -0.010140 -2.880629 -0.480245 -1.109789 -0.787061 1.140564 -1.504031 0.203795 -0.880550 0.568493 -1.726777 -0.082163 -0.455472 0.640800 -1.278858 1.887933 0.667267 0.921537 1.110849 1.091752 0.294544 -3.237998 -0.334716 0.682600 -0.864199 -0.640530 0.066070 -0.758989 -0.702668 0.979286 1.057590 0.190360 -1.323676 -0.344115 0.910388 -0.024982 0.842218 -0.194496 -0.583568 -0.889845 0.844919 -0.510990 -1.245115 0.943173 0.659958 -3.154361 0.389413 -0.072629 0.872851
41 1.577865 1.045491 1.148377 -0.247541 -1.700947 -1.467105 1.520155 1.790134 -0.284194 -0.473342 0.495232 0.622602 -0.651575 0.558320 2.373545 0.307273 -0.648952 -0.721580 1.070130 1.145177 -1.229251 0.019897 -1.547890 0.758875 -0.384562 0.228975 0.195356 0.419000 -0.830446 0.620990 -0.086428 0.921216 -0.311195 0.295034 3.167538 0.523199 -0.497799 -0.073349 0.634987 -0.404079 -0.478209 -0.617920 0.414369 -0.849510 1.245207 -0.354404 -0.349781 0.211051 -0.449185 -0.129686
42 1.819298 -0.097985 -0.116254 1.240486 0.304537 0.545651 0.902999 0.326291 -1.182200 1.580776 -0.703630 -1.296005 -0.148014 0.926219 -0.258651 -0.783125 2.384983 0.858129 0.690701 -0.885318 1.041518 0.393522 1.757229 1.545303 -0.285370 -1.612802 -0.823653 -0.229389 -0.214211 -1.654666 0.158656 -0.760479 -0.837359 -1.036612 0.490694 0.874644 0.519145 0.654561 1.135767 0.632978 0.396115 1.003034 -1.577549 2.009882 0.008332 1.372289 -0.790773 0.153842 2.015238 1.483785
43 0.919083 -0.269013 -0.983438 0.626676 -0.656317 -0.817735 1.006893 0.841574 0.714593 -0.126534 0.227320 0.282256 -1.013735 0.566145 1.214608 -1.347406 -0.047164 0.411261 1.292972 -0.504835 -1.585471 -0.304350 0.151304 0.625903 0.353200 -0.165142 -1.168895 1.890323 -0.066537 0.440409 -1.117293 0.387595 0.861120 -0.185224 -0.354095 -0.779842 0.307103 0.233470 -1.073818 1.015737 -2.149385 1.718485 0.196236 -0.897142 -0.788005 -0.819207 0.902233 0.181431 1.525515 0.819929
44 -0.842058 1.572566 0.868482 -1.479100 0.233602 0.693368 -1.153344 0.430167 0.362085 -0.292556 -1.013614 -0.174753 -0.938867 -1.721257 2.221178 0.650270 0.145996 -1.494644 1.515581 1.084277 0.792846 -1.129485 1.037593 -0.056896 1.308961 2.152500 0.812183 2.114566 0.041544 0.845797 1.042167 1.338587 -2.065011 0.016033 0.699528 1.209710 0.692941 2.328997 -0.895800 0.480132 0.489520 0.198811 0.810023 -0.710894 0.093175 -0.925082 1.140220 -0.066456 -0.752261 -0.596216
45 -1.173348 -1.852794 0.993552 0.329249 -0.215797 -0.630083 1.314733 -1.432508 -0.037509 1.276097 1.924385 -0.791510 0.275461 -1.855160 1.766171 0.809080 2.283687 -0.809804 0.469331 -0.279606 -0.244378 -0.807163 0.965378 -0.458164 1.864000 -0.262101 -0.123448 0.080819 -0.119444 0.034319 0.563219 0.558817 -0.559024 -1.862790 0.106580 0.229674 -1.250266 0.347842 0.308093 0.067744 -0.746236 -0.369618 -0.238150 0.915633 -1.458034 0.911541 0.703370 -0.180007 0.517590 -1.761389
46 0.359789 -0.458546 1.105924 0.261034 1.893564 -0.777488 0.911482 -1.446211 3.195617 0.290964 -0.879482 -0.409409 -1.574625 -1.375055 0.591345 -1.235783 -1.292973 -0.027822 1.229573 1.199424 -0.232972 -1.561391 -0.674458 0.058335 -0.679013 -1.271096 -0.328313 0.743179 1.526586 -0.066971 -0.105447 0.414486 -0.214758 0.116458 2.225159 1.772410 0.196857 1.011513 -0.547209 -0.341361 1.227242 -0.567846 2.212583 0.451008 0.220619 0.049840 0.668940 -1.653829 1.298195 0.487794
47 -1.191729 -0.816259 -1.484368 -0.330071 1.307740 1.379252 1.247163 -1.681644 3.066049 0.065907 0.027460 -0.576832 -0.253952 -0.608183 0.860565 -2.078804 1.255089 -2.824174 0.653092 1.786983 0.035021 0.355239 -0.697997 -0.959478 0.768987 1.828819 0.532293 0.222863 0.585209 -1.996130 2.142046 -0.249019 0.632092 0.754045 -0.544528 -1.589872 -0.940410 -1.391668 0.035997 -0.625153 -0.315334 -0.574764 -0.995413 1.753509 2.091971 -0.061688 0.636404 -1.472461 0.950036 0.728490
48 -0.669057 1.847102 -0.971252 -0.231796 1.132981 -0.199245 -0.280487 -1.361310 -1.182715 -0.979458 -0.778701 -2.238140 -0.308451 -0.635607 -0.904192 -0.584745 2.501902 -1.444969 1.001575 0.912333 2.119463 -0.938242 1.016300 -1.991859 -0.472654 0.081732 0.973031 0.089816 1.093495 0.573487 0.500630 1.047370 0.043444 -0.081289 1.026386 1.952096 -1.655923 -0.097765 -0.681603 1.767692 -1.108829 -0.791952 -0.891294 -0.739249 0.760608 -1.698310 -0.119134 0.637390 0.031758 0.209206
49 0.362182 -0.097197 -1.479885 -0.194649 -0.280782 -0.427513 -0.578350 1.710224 0.781436 1.006229 1.088447 2.548596 -0.506282 -1.029639 0.775179 -0.542719 0.821206 0.548311 2.029418 -0.734870 -0.424569 1.938431 0.492010 0.285486 -1.188846 -0.653333 0.199656 0.170671 -0.396273 1.628020 1.897476 0.091961 -0.301425 -1.050212 0.024765 -0.047589 0.576370 0.899074 0.504428 0.748267 -0.361971 0.590110 -1.427665 1.100094 -0.945478 0.024480 1.348765 0.029589 -0.832104 -0.716099
50 -0.246383 0.171233 1.159341 -0.238075 0.554660 -0.082383 -1.615508 -2.012716 0.327811 -1.276180 0.212085 0.033524 0.477682 2.002545 -0.213040 1.333348 0.529872 0.111630 -0.096930 -1.078140 -0.851778 0.885694 0.838611 -1.048425 2.438598 -0.383482 -1.027881 0.308261 0.866092 -0.813528 -0.744041 -0.213638 1.011709 1.117984 -1.537700 -0.646686 1.264097 -0.059808 0.913235 -0.537321 -0.559343 1.242720 -0.833426 0.417116 0.655211 -1.544691 0.393098 1.518376 -1.122628 0.411719
51 -0.039952 -0.751583 -1.760857 -0.567049 1.491402 1.195365 0.726702 -1.699337 2.258273 0.832387 0.464929 -0.536250 -1.215288 -0.774779 0.551229 0.572427 0.514250 0.524944 -0.537082 -0.486049 0.432951 -1.582888 -0.208227 -1.802270 -1.309969 1.046384 -0.317546 0.385382 1.515961 -0.539666 -0.211010 -0.868809 1.164315 0.366389 0.416222 -0.149410 -1.593398 0.019621 0.916990 0.334744 0.527219 -0.158516 -0.678125 0.756142 2.229324 0.642622 -0.144903 0.021579 0.552226 -1.447265
52 0.712752 0.202553 -0.150739 -0.124866 1.084190 0.821925 1.666618 1.469399 -1.193078 -0.659444 -0.608618 0.792385 -1.767835 1.191711 -1.441527 -0.924935 1.156854 -0.743422 -0.016696 -0.466192 -0.004367 1.321227 0.791761 0.607587 -0.166314 -0.055872 0.799425 0.018626 -0.546109 1.145328 0.468389 -0.113340 -0.268438 1.542930 -0.199721 0.324369 1.702279 1.932208 -0.099574 0.120492 1.167662 0.559227 0.313111 1.006511 -0.592027 1.639732 -0.431180 -0.337360 -0.410823 1.215820
53 0.013070 1.151822 2.646108 -0.933625 -0.677076 -0.130393 -0.615163 0.536459 -1.093718 -1.119256 0.766156 -0.314585 -1.157664 -0.322484 -0.487043 -0.809924 -0.875359 1.214179 1.079489 -0.077520 -0.841018 0.057524 1.445946 -1.854778 -0.721631 -0.158058 -0.264448 0.867015 0.036132 0.280998 0.370381 -1.404539 0.387042 0.090301 -0.217344 1.224858 -0.124963 0.047957 -1.601252 0.439185 0.111376 0.986835 -0.006813 -0.072393 0.112913 0.939082 0.051281 -1.474030 -1.636902 -0.473980
54 -2.013202 -0.769578 -1.106618 0.757789 -1.416808 0.606746 1.778381 -0.756421 -0.309361 -1.065146 1.300839 0.533580 0.281313 -0.266529 -1.774004 1.183388 1.628976 0.568096 -0.618556 -0.811680 -0.516861 0.779337 -0.548764 0.622649 -0.108734 0.768224 -0.022049 0.499140 -0.053199 0.006911 0.523736 0.202352 -0.106211 0.119386 1.164541 0.230048 -0.821758 -2.714983 -0.550411 -0.431844 -0.323166 1.073270 0.356942 0.694571 -1.499680 -0.827675 0.778727 -0.372326 0.693392 0.665315
55 -0.255793 1.339988 0.988802 1.349078 1.481391 0.604315 0.839073 -0.508620 0.009406 0.972831 -0.113178 -0.291093 -0.714238 -0.806332 -1.111415 -0.365283 -1.140129 -1.298502 1.452236 -1.971765 -0.786924 0.383582 -0.336932 1.043826 -1.703232 -0.173363 0.898474 0.141097 -0.055773 0.364361 -1.299242 -1.743238 -0.191908 -1.590038 0.770630 -1.138630 1.268458 0.429871 -0.778767 1.643779 -1.672378 -0.210764 1.000718 -0.784272 -1.915857 0.075287 -0.694383 0.099331 -0.078397 0.196149
56 1.174005 -1.235418 -1.460189 -0.200602 -2.095440 -3.098816 -0.619798 -0.953846 0.550092 0.313036 0.156706 1.283544 0.424981 1.074273 1.100834 1.886629 -1.066596 -1.731819 0.454515 -1.398254 -0.543834 0.633534 -0.736839 1.426333 -0.292859 0.571368 -0.734275 1.438458 -0.163044 1.307870 0.313721 0.178113 -1.078235 1.248694 0.212306 2.483729 0.114535 0.289162 0.511630 0.920982 -1.708592 1.002184 2.229122 0.236209 0.414742 -0.741206 0.386688 1.389795 2.042017 1.546864
57 -1.658326 0.190007 -0.239391 1.327327 0.750930 -0.116438 -0.435748 1.774487 0.089365 0.641672 0.447647 -0.707506 0.405841 0.677472 0.006293 0.774789 -1.056998 0.460455 -0.234459 1.442968 2.052429 -0.252522 -0.202842 -1.472037 1.911755 0.483317 0.605434 0.539437 -1.953718 0.051102 -1.794439 0.102352 1.347750 0.930965 2.631677 0.907987 -0.363610 0.180824 0.344557 1.914989 -0.129353 1.242604 -1.441233 -1.154341 -0.144217 1.518001 0.705321 1.605793 0.200501 -1.244796
58 -0.089183 1.806999 0.387662 -0.218141 0.305114 -1.156170 2.590151 -0.883016 0.466738 -0.775345 2.649594 0.439428 0.020968 3.063516 -1.076892 0.275175 -1.035318 0.252788 0.662641 -0.015398 -0.560123 -1.532202 0.946849 1.468096 1.070538 -0.316095 -1.430858 -1.000404 -0.115989 0.580657 0.753998 0.727122 -0.734090 0.220279 -1.316858 -1.419160 0.752660 1.646197 -0.152861 0.367234 1.156187 -2.324711 0.450995 -0.564236 -0.400707 0.386146 0.793456 -1.161683 -1.124671 0.409694
59 0.500830 -2.030076 -0.216725 0.440179 -0.568234 0.056211 -0.156100 -1.354215 -0.167715 0.189360 0.836566 0.079776 -0.940126 -0.427458 -1.092218 0.519602 0.585639 -0.715459 0.087222 -1.212092 -0.805503 -0.229327 -0.264021 -1.302222 1.125670 0.654309 1.052825 -0.288329 -0.736269 -0.010533 -0.472532 0.044102 0.744805 0.150377 -0.432333 0.885444 1.092230 -0.498024 2.063011 1.677686 0.660905 -1.773870 -2.527733 1.904068 0.109614 -0.151724 0.327501 -0.360499 0.092752 0.354477
60 -0.086432 0.185270 0.426319 0.575992 -0.681138 -0.280541 -0.930886 0.083813 0.309633 -1.186289 -0.464736 -0.823098 0.951077 0.284660 -0.929811 -0.189443 0.578364 1.558254 1.393501 -0.530079 -0.001378 0.539370 -0.916716 1.097736 0.854585 -0.189007 -1.307899 -0.772376 -1.514592 -2.024210 0.115798 0.810135 -1.150601 1.184071 -1.116317 -0.981588 0.214088 1.835235 1.474586 -0.252470 -0.392068 0.904564 -0.996058 -0.370010 -1.598561 -1.252803 -0.146148 -0.283507 -0.372584 1.644389
61 2.235092 0.792258 0.752013 2.016270 1.709163 0.739320 2.512682 1.316088 -1.950660 -0.107730 0.726555 -1.874640 0.606359 -1.436212 -0.574392 -1.457112 1.393699 -0.645780 2.071416 -0.545250 1.239703 -0.181082 1.283223 1.021556 0.958208 1.348170 -0.782317 0.773173 0.752262 -1.380487 -0.503328 0.491501 -0.812723 -1.550133 0.275101 -1.102508 -0.580695 -2.019598 0.280652 -0.265486 0.785868 -0.007492 -0.494094 1.641192 -0.273332 1.510281 1.259846 1.083476 0.851198 0.128532
62 0.405316 -0.344969 0.081588 0.725270 0.799089 -0.586236 -0.233735 -0.037939 -2.043469 -0.955372 0.403289 0.309216 -0.169201 -0.116323 -0.093576 0.027261 2.298424 -0.051205 -0.701509 0.451614 -1.613471 0.482771 1.471947 -0.702896 -0.472343 1.859802 1.057969 0.235223 0.790956 1.469635 -0.434847 1.380085 -0.431743 0.222066 0.900551 0.945599 0.615958 -0.789230 -0.839637 0.230012 -0.372253 -0.184569 0.187129 -0.294641 0.131012 -1.092645 -0.633767 -0.708489 1.036380 -0.250600
63 0.753354 -0.780184 -0.679442 -0.820559 1.066148 0.694285 0.864260 -2.936716 0.060087 1.105882 0.728053 0.270987 0.561597 1.308340 -0.001337 -1.042500 -0.299657 2.397472 -0.413600 -0.633179 -0.075651 1.052543 -1.126645 2.176793 -0.256175 -1.059970 -0.374806 -0.525968 0.622263 0.979524 -0.598764 -0.524759 -1.098851 -0.496738 0.332305 -1.711188 -0.607325 -0.163332 -0.335012 0.176365 -0.668215 1.244762 -2.305452 -0.056212 1.215971 -0.433096 -0.928025 0.689403 -0.749048 -0.189393
64 -0.040497 1.080241 1.648155 -0.803379 0.716521 0.771254 2.204488 0.079934 0.637262 -1.806599 -1.462327 0.412544 0.604523 0.406232 -0.037672 -0.150247 -0.874190 -0.072933 0.228075 -1.991840 0.188853 -0.230961 -2.353688 -1.204303 0.386736 -1.953850 -0.365223 1.462690 0.246586 1.075750 0.966149 -0.532171 0.412059 0.084836 0.158071 0.143519 -0.655502 0.281629 1.927989 -0.308182 0.672311 0.720424 -0.059777 0.425109 -0.984361 -0.800126 1.288900 -0.320183 0.538807 1.673529
65 1.430444 -0.023332 -0.685374 -0.311855 0.205389 1.010492 -0.409440 0.405288 1.284657 -0.113917 0.413808 0.282343 1.894153 0.639165 -0.013194 0.325891 0.297216 -1.571021 -1.291277 0.642537 0.325037 -0.167152 1.438235 1.567733 0.350008 -1.177188 1.307901 1.461438 -1.075067 1.040272 -1.220045 -2.523246 0.241746 -0.043858 1.147460 -0.457003 -0.371806 -1.130511 -0.710452 1.934025 0.289384 -0.580045 -1.057613 0.369107 0.453199 -2.162624 -0.503060 0.650033 1.589491 -0.474611
66 0.810429 1.764004 -0.474953 -0.192398 0.222921 0.342241 -0.574263 1.329275 1.340453 0.002262 -0.120963 -0.133455 -0.279859 -1.163814 -0.835590 0.248443 1.513392 0.180245 -1.514674 -0.507159 -0.065587 0.956605 -0.303536 -1.437218 0.136439 1.633394 -2.448620 2.040918 -1.784940 0.120854 1.858905 0.239328 -0.352523 -0.939483 0.104678 0.003553 -0.407326 0.034386 0.093543 1.768010 -0.469304 -1.613397 0.727458 0.714514 0.886724 1.116015 -0.084872 -0.238665 -0.479033 -0.526578
67 -0.843062 -1.743481 0.478396 0.695596 -0.319007 2.534117 0.623042 -0.253689 0.620518 -0.719560 2.232615 -0.029147 -0.471501 -0.093371 -0.171813 -0.023302 0.678205 0.731188 -0.684509 0.794778 -0.764560 -0.867777 -0.960959 0.093573 0.499856 1.084383 -0.285762 -1.939881 -1.015513 -0.338598 1.208115 -1.126221 1.782570 0.221883 1.118952 -1.410194 0.385025 -0.417452 -1.572093 -0.515547 -0.062295 1.843455 -1.164509 -1.786616 0.922675 2.849010 -0.124828 1.978296 -0.895065 -0.108484
68 -0.233943 -0.282610 -0.895375 -0.341372 0.367980 0.285446 -0.306320 1.879102 0.587918 -0.713124 -0.145923 1.353086 -0.220518 -0.539787 -1.364114 1.829946 1.620684 -0.646997 0.816950 -0.405956 1.526995 0.520177 1.772246 -1.161545 0.868780 0.503724 -0.527706 0.225014 -1.290078 0.048549 -0.138020 0.318420 -0.977942 -0.403066 -0.473927 -0.721687 -0.316138 -0.920129 1.373980 -1.029885 -0.002383 1.887583 -0.865958 0.859380 2.329732 -0.899483 0.356579 -0.276739 0.228615 -0.310321
69 0.304739 0.439717 0.473803 -1.837244 -0.661640 0.989906 0.311920 0.837740 -0.181670 1.389666 0.414080 -0.708558 0.644803 0.682592 1.110080 2.455532 -0.726553 0.437719 0.299071 -0.459121 0.072923 -0.706687 -1.144057 0.684664 2.379357 0.129586 0.598142 0.260513 0.886017 -0.316284 -1.308762 0.543801 -0.422833 0.004789 0.043433 -0.465537 -1.850181 0.864184 -0.096883 -0.301478 0.112927 0.142317 -1.655021 0.192516 -0.312569 -0.013694 -0.726059 -0.269929 -0.045381 -1.439244
70 0.814854 0.230702 -0.456364 -0.683454 -0.492781 1.430136 -0.163676 -0.843843 1.990731 -0.266484 0.533248 0.279637 -0.808036 0.335575 0.756626 1.485391 -1.800308 0.066951 -0.305943 0.770834 0.847356 -1.013465 -0.650876 1.614189 0.524669 0.426436 0.037991 1.514772 0.925066 0.327713 -0.921290 -1.190755 1.499730 0.768468 -1.450640 -0.964097 -1.678883 -0.480639 -0.613200 0.623683 0.517381 -0.190420 0.853424 -0.464838 -1.113070 0.640769 0.580141 -0.537399 0.537736 -0.513436
71 0.127443 -0.079819 0.729175 0.607983 1.023179 -1.475881 1.456169 0.366554 -0.885026 -0.605248 0.558060 0.219365 -0.056757 -1.513136 0.925449 0.155821 2.758317 1.661675 0.184179 0.169546 0.530402 -0.317330 -1.388631 0.576461 0.562906 0.270260 0.734520 1.812192 0.858694 -0.206731 1.377356 -1.157245 -0.116685 -0.359604 0.017035 0.085927 -0.254823 -1.280197 -1.466283 1.039114 0.369122 -1.012659 -0.548370 0.345815 -0.860351 -2.726646 -0.715141 0.578659 -2.311353 -0.111534
72 -1.369613 0.737470 0.152467 -0.824274 -0.631884 -1.899527 0.274156 0.648588 -1.247951 0.708298 -0.058066 -1.111752 -0.558464 -0.616095 0.589350 -1.355095 1.840283 -0.933947 -0.222826 -0.100743 -1.775410 -0.932242 0.923048 0.429057 1.636185 0.995529 0.034549 -1.212433 0.013398 0.752372 -0.248942 -1.156588 0.452266 -0.610373 2.876294 0.888474 -0.241712 -1.257995 1.891438 1.674048 -0.205971 0.883661 0.852847 -0.232540 -0.586381 2.260343 -0.336229 0.921318 1.698000 0.847796
73 0.427467 -0.136181 -0.325993 0.892721 -0.859817 0.461320 -0.291816 1.317666 0.414079 -0.721498 -0.501376 2.645241 -1.520901 1.046650 0.328936 -0.395788 -0.263881 -1.375022 -0.073698 0.627103 -1.446770 0.329332 -0.532222 -3.278285 -0.257846 1.303449 -0.219105 1.410285 0.108350 -0.343412 0.689010 1.760459 0.048863 -0.555918 0.723616 -0.991150 -0.017838 0.203721 -0.712185 0.209303 -0.457559 -1.637037 -0.023798 -1.232589 -0.426197 -0.868948 -1.479065 -1.106374 0.094927 -0.517014
74 -0.691495 0.839837 -0.729166 -0.979425 -0.506293 0.022570 1.247908 -0.513065 -1.134122 1.300759 0.449208 -1.061733 2.260882 1.617903 1.017244 -0.608238 -1.873263 -2.998016 0.928307 0.813367 -1.456049 1.106064 -1.263801 -0.388399 -0.672551 1.365839 -1.089591 0.789730 0.291030 -0.479856 0.818323 0.160571 0.986719 -1.855082 0.189760 -0.189300 0.093764 -1.147055 2.721390 0.369319 -0.383737 -0.456511 0.792611 -1.440339 -1.043166 -0.256395 0.772102 0.634608 0.065777 -1.143530
75 0.505094 -0.852116 -0.243988 -2.360040 -2.028568 -0.414276 -0.956337 -0.534840 0.658946 1.207059 1.417607 0.193910 0.154955 0.616603 -2.248305 -1.759086 0.049265 0.368569 0.445231 -1.117511 -0.912503 0.672992 0.203684 -0.374768 -0.783813 -0.546413 1.780285 0.969082 0.543569 -0.948026 0.743043 -0.144757 0.658452 -1.634186 -1.996965 -0.684356 1.735619 0.200469 -1.074277 1.154835 -0.003298 0.572136 0.894390 -0.490499 0.600554 0.241193 1.266307 0.457121 -0.620775 -2.199570
76 -0.390647 -0.536209 -0.490677 1.565661 0.620399 -1.316489 0.379515 -0.610441 0.601111 1.032959 -0.549728 -0.771674 1.215183 -0.731932 0.005718 -0.268101 -0.080235 -1.943473 1.927129 -0.109482 1.651814 -1.241501 -0.220587 -0.556404 0.325449 0.488460 -0.312206 -0.100300 0.013889 -0.768274 1.951981 -0.762212 1.784261 0.388771 -2.314474 0.417368 0.325175 -0.830798 -0.466146 1.168984 -0.265872 0.463902 0.311185 2.226818 -0.988704 0.379208 0.244796 3.083422 -0.465772 0.219172
77 -0.496781 -1.540279 -0.661767 0.135386 -0.044581 -2.016187 0.187531 -0.022033 2.119782 -0.008059 -0.178685 -0.112075 -0.048620 0.254572 -0.093598 -1.419572 -0.194961 -1.785718 -0.937622 -0.282115 0.784306 -0.435971 0.531120 -2.437859 -0.595333 -0.344919 1.113310 -0.812373 -0.533878 -1.596085 0.720505 -1.462112 0.017125 0.337224 -0.291748 -1.124712 -0.182995 0.449136 -0.486316 1.175067 0.629660 -0.840248 -0.127404 2.440152 -1.273322 0.403120 0.117655 0.389185 0.864858 1.170854
78 0.069483 0.369173 -0.509834 -0.386183 1.136537 -0.192710 -1.170354 -1.949096 -0.462382 -0.925964 -1.454436 -0.492883 0.229198 -0.162520 -1.066923 0.012280 -1.214594 -1.720463 -0.198907 0.722821 1.047497 -0.864243 0.471183 0.060185 0.024628 0.031146 0.385361 -0.040694 -0.371757 1.112801 0.456562 1.085141 -0.732290 0.131403 -0.591480 0.520574 -0.361810 -1.061196 0.576276 1.083961 -0.563320 0.347815 -0.639260 -1.360583 0.321286 -0.634110 0.411901 -0.341538 0.665641 -1.252986
79 1.637671 1.431564 1.170758 -0.137809 -0.075146 -0.870261 0.251923 0.819625 -2.400954 -0.416965 -1.879358 2.858435 1.106796 -0.478288 -1.009545 -1.404067 -0.495030 -0.961104 0.647476 0.196508 -0.807176 0.843091 0.245854 -0.856054 -1.248940 -1.780086 0.119200 0.487417 0.604031 -0.974181 0.334428 0.351530 0.981541 0.964839 -2.066724 -0.637243 -0.990841 1.315092 -0.720054 0.342315 -0.826479 0.351668 0.448880 0.810007 -0.264758 0.866185 -0.497642 1.321665 -0.561961 0.520969
80 0.493377 -0.020113 -0.270351 -1.543236 -0.743460 0.061293 0.646964 -1.139338 -1.664821 -1.276125 0.079464 -1.507379 0.872232 0.278035 -0.585140 1.319562 -0.275127 -0.808867 1.243478 0.368841 0.590943 1.832833 0.546426 -0.625039 -0.192275 -0.792802 -0.544458 0.530525 0.303631 -0.752847 0.576713 1.499988 0.356869 -0.104679 -0.468660 -0.031919 0.577940 -0.652169 1.084793 0.112174 2.347308 0.153873 -0.977334 -0.480956 0.184231 -0.750079 -0.179466 1.525169 1.686099 0.073486
81 -0.196067 -2.587034 0.024406 -1.181341 -0.108031 -1.141838 0.609027 -0.582675 -1.313432 -1.335311 -1.790647 -2.081989 0.016558 0.201529 -0.043485 -1.075112 -0.962859 0.405548 0.979553 0.512621 2.273742 -2.816099 -0.357567 1.385765 -0.454063 1.146221 0.547289 1.152380 -0.669337 -2.626545 -0.348297 -1.401306 -0.328044 -0.851810 0.180286 0.107829 -0.328769 0.049452 0.712375 0.511951 -1.149964 0.201530 -0.061050 0.505933 -0.625278 0.554784 0.098646 0.186718 0.203784 1.323392
82 0.478777 0.061984 -0.734247 2.256935 -0.351215 0.041541 0.855872 -0.803323 -1.885545 -1.553981 0.781768 -0.211873 -2.155990 -1.642141 -0.040742 1.401682 -0.264749 1.736784 0.792207 1.314437 -0.458510 0.339055 0.398904 1.187608 1.769271 1.538269 0.934139 0.756492 -0.431913 -0.015148 0.143805 -0.762734 1.173591 -0.189425 1.019689 -0.947760 -1.299980 0.891018 -0.534679 -2.309021 -0.304122 1.005091 0.926808 2.120420 0.661462 -1.521450 0.602886 1.515764 1.641716 -1.021921
83 -0.410765 -1.100226 -1.023676 0.181071 -0.712882 -0.594192 0.317240 -0.041177 2.247352 -0.962067 0.093479 0.253968 0.889873 0.027442 -2.858328 -0.105975 -1.090676 0.318254 0.514087 -0.884311 0.383505 0.171896 -1.084173 -2.116074 -0.076773 -1.770968 1.091182 0.270161 2.188848 0.238765 -0.314524 1.359407 0.348298 -0.336639 0.052597 -0.642468 1.105110 0.760654 1.507828 -0.562258 0.308517 -2.033695 -1.390823 -0.405135 1.241612 0.116859 0.796664 -0.142690 0.830224 1.457254
84 1.593017 2.118345 -0.905831 -0.528194 -2.495566 0.396489 0.518632 0.783269 2.911402 0.622014 0.859364 -1.610779 0.891090 0.064340 0.502511 -0.055182 -0.060666 -0.824959 0.580431 0.448401 -0.076463 -0.831169 -2.280068 -0.713053 -0.214538 2.109972 2.120005 -0.297788 -0.115516 -0.633881 0.116433 0.507510 -1.265647 0.170288 1.974322 -0.382327 1.030781 -0.106257 0.676468 -0.368733 -0.939233 -1.527968 0.028605 1.348861 0.915190 -0.471580 0.658253 0.369896 -0.830543 0.469691
85 1.489413 0.441922 1.292047 -1.645148 -0.324481 -0.158551 1.492288 -1.566602 0.398863 0.013204 0.760579 -0.033726 0.359499 -0.004018 -1.657776 -1.282506 -0.520307 -0.044417 -1.949079 -0.165570 0.482369 0.829627 0.951393 0.256230 0.567382 -1.218648 0.398882 0.690478 1.164264 -1.776172 -0.234555 -0.116017 0.905615 -0.959442 -0.793804 -0.232670 -0.146771 -1.427939 0.659474 -0.211918 -1.812290 -0.949355 -0.544517 -0.833622 1.285563 -1.121899 -0.793626 -1.064812 -0.252411 1.376155
86 1.991228 0.755406 0.746067 0.942363 0.637597 0.228678 1.936335 -0.960225 0.597221 0.456379 0.097205 -0.598395 0.668981 -0.694064 -0.514437 1.204088 -1.293283 0.139874 -0.009189 -2.228655 -0.942634 0.677053 1.553421 1.294652 -0.963105 1.636227 0.273278 -1.015135 -0.304019 -0.561966 -0.548976 -0.848312 -0.901464 -2.377193 0.386113 -0.952075 -0.371355 1.305433 -0.035580 -0.352906 1.988466 -0.194439 -1.455593 -1.574383 0.482767 -0.165913 -1.251975 -1.104199 -1.222619 -0.703944
87 -0.902116 1.267257 -0.731484 -1.070388 -0.944400 0.355223 -0.787201 0.192415 0.595864 -1.228232 1.698326 -0.206040 1.747501 -0.272257 0.230978 -2.387301 -0.750793 2.098305 -0.242989 -0.796837 1.736291 -0.717654 -0.938572 -1.528135 -0.016283 -1.156038 1.414567 -1.040828 -0.639994 2.774218 -0.701425 -2.430570 -2.631551 1.005298 1.045071 0.886767 -0.767252 1.100078 1.812795 0.153005 -1.396232 -2.229201 0.314966 0.556056 -0.694149 0.381217 -0.416425 -1.284617 -0.259104 -1.664801
88 -0.058920 -0.490825 -1.689615 0.092438 -1.041746 -0.246076 0.037907 0.761760 -0.610198 -0.335324 -0.129518 -1.256312 -0.424754 1.865294 0.545990 -0.038714 1.170722 -1.501252 -1.639321 -1.056625 -2.524188 0.529925 -2.780109 0.884429 1.939475 -0.781532 -0.825887 -0.940634 1.240945 1.621270 0.186820 -2.302535 -0.096256 1.081522 -0.233774 0.638926 -0.268377 -0.038997 0.597527 0.433412 1.559093 0.560443 -1.226985 2.071195 -0.383664 0.627032 -1.137226 -0.745214 -1.372084 2.295970
89 0.026676 0.768693 0.774803 0.502440 -0.852441 0.831161 -0.414631 0.718445 -1.458787 1.239430 0.772142 0.102244 1.057774 -1.110457 -0.273663 -0.058528 0.286534 -2.558028 -0.169760 -0.098145 -0.478639 1.606487 -0.648296 -0.480927 -0.367007 1.381604 -1.772186 -2.069617 0.467389 0.392402 -1.515345 0.450253 0.751014 -0.126858 0.138047 2.505624 -1.557795 0.428484 -0.092591 -0.078791 -0.076683 0.451759 -0.253995 0.776264 0.067316 -0.766229 1.647497 0.405887 0.094162 0.897902
90 0.094684 0.136071 0.027951 -0.223852 0.433855 -1.015426 1.388202 0.013101 -2.062595 0.044317 -0.535051 -1.303206 -1.510205 -0.411080 -0.933190 0.577351 1.268930 -1.087573 1.548818 0.313162 -0.504761 1.347925 -2.158103 -0.232087 -0.967318 0.643176 2.454545 -0.186916 -0.090695 -0.335216 0.795534 -1.547399 -0.722900 2.024810 -0.292296 -0.368290 -1.194200 1.394484 -1.501809 1.834123 -0.612736 1.269354 -0.293207 1.421202 0.578766 0.219961 -0.651111 -1.832431 -0.135628 -0.368854
91 0.970069 -1.587459 -0.984023 1.094622 0.120298 1.591223 0.373004 1.436473 -0.636857 0.802662 1.635209 -0.172762 -0.110083 0.990311 0.099269 0.551665 0.568500 -1.555183 1.581159 -1.222685 0.165320 0.550033 0.049958 1.219789 0.011858 -0.018843 1.310601 0.870192 -0.537922 0.934278 0.918638 1.710462 1.162726 0.440073 0.313696 1.818922 0.563568 -0.800938 0.422757 -0.486489 -1.525259 -0.123702 -0.227558 -0.149369 0.494044 0.159349 -0.730251 1.009131 -1.833059 1.358725
92 -0.147727 -0.808649 -1.135681 -1.338932 1.538839 1.330435 1.175385 -1.984286 0.372869 0.087667 -0.933736 0.103284 -0.156820 2.874827 0.717567 2.246186 0.658803 0.835935 0.405734 1.699231 -0.888097 0.006928 -0.151383 -0.569057 -0.883553 0.352160 -0.106474 0.345269 0.359962 1.331813 -1.025002 0.307647 1.913038 -0.141642 1.383031 0.495663 0.712624 -0.344082 0.327292 -0.109333 0.263137 -0.451102 0.323945 -2.148636 1.207911 0.354418 1.544338 -0.680069 -1.383232 -0.459540
93 0.377366 -0.517165 0.068949 -1.500313 0.536009 0.359204 -1.901864 0.221217 -1.504558 0.007396 -0.230600 -0.222214 0.004230 -1.700320 -1.523732 -0.155225 1.468409 0.571597 0.455464 0.154812 2.583940 -0.900680 -0.473133 1.229090 1.180008 -1.428588 -1.066084 0.359727 0.341135 0.025063 -1.969614 0.002064 0.355967 0.172458 -1.687807 0.565281 1.459876 1.107986 0.184714 0.918759 1.917262 1.403737 -0.353058 1.702110 0.056403 -0.374961 2.846939 0.016035 0.233363 -1.135749
94 -0.993190 -0.402409 0.001585 0.259340 -0.066567 0.388684 0.579422 -0.449275 -1.371356 1.501668 0.724324 0.803783 -1.019622 1.606855 0.014551 -0.510205 0.334992 0.989107 -1.531429 -1.222569 0.792779 1.883365 1.007166 1.208090 0.486501 1.179459 0.094803 0.821670 -0.036203 0.906498 0.773700 -0.424160 1.437715 0.344769 0.896480 1.434198 1.271648 0.553987 -0.244494 0.534009 -0.469056 1.244358 0.567411 0.522444 -0.360326 0.661688 0.062028 -0.403730 -0.044961 0.731796
95 0.386066 2.858265 0.472872 -0.630252 0.886362 -1.451892 0.601593 0.223394 -1.001526 -0.503065 0.436966 -0.477739 -0.060654 1.099804 0.315031 -1.371308 -0.913173 -0.577450 0.395203 0.403594 -0.877940 0.123015 0.929603 -1.065767 -0.472221 -0.074689 0.788576 0.339537 0.124867 0.134902 1.086965 -0.721940 1.286184 -1.799352 0.441774 -0.260444 0.011921 0.202849 -0.532866 -1.483006 0.632548 -0.482080 -0.289247 0.070012 0.325894 0.251123 0.047726 0.031096 -0.722616 -0.685182
96 -0.189156 -0.204334 -0.623715 0.057334 0.107246 -0.082344 0.246568 -0.090611 1.496668 0.726020 -1.205366 -0.232759 0.269918 -0.753909 0.147674 1.056290 -0.298876 1.796029 -1.458778 -0.135905 -0.029127 -0.992206 1.074286 0.894783 0.070832 -0.642454 0.480259 0.231623 1.017335 1.046842 0.831527 -0.257127 1.278834 0.610724 -0.237119 1.814319 -1.467955 -0.776921 -1.312792 -0.053592 0.009422 0.279232 2.175855 2.027970 -0.428507 -1.329424 -0.560250 -0.087551 -0.205831 -0.260243
97 0.829921 -0.611430 0.309258 -0.098334 -0.677820 -0.369045 -0.344521 -0.750690 0.480710 -0.663539 1.517820 -0.012976 -0.099969 -0.335868 -0.020983 0.666357 1.487264 -0.176625 0.064537 -0.761914 -2.221560 -0.569532 0.588600 0.172718 0.223259 -0.867316 0.133389 -0.949674 0.486790 0.014956 1.355154 -0.844067 1.074921 -0.010217 -0.500817 -1.923519 0.362199 -0.831051 1.560084 -0.407839 0.837220 0.016666 1.767457 -0.188933 -0.862959 2.185126 0.641274 -0.334528 0.218905 -0.771771
98 -0.434393 0.239988 -0.643853 -0.497779 1.096880 -1.174340 1.224858 -0.117797 -0.232411 -0.486579 1.571961 0.991518 -0.691045 0.531938 0.009190 -1.032098 -1.171562 1.730445 -0.502988 1.331559 -2.002255 1.580212 1.514462 0.319787 1.507351 -0.360368 -1.549409 -1.788298 0.333824 1.044977 1.488391 -0.748218 -0.114225 -0.110667 0.142131 1.274244 -2.674681 -0.175733 0.537025 -0.344605 0.037242 1.293209 -0.038330 0.464601 -0.425944 0.165837 0.548330 -0.083565 0.985578 -0.705059
99 1.217812 -0.627615 0.815954 0.475276 0.589297 0.340401 0.064585 -0.983560 -0.170257 0.263034 -0.672704 0.739571 1.557444 0.123380 0.201640 0.358816 -0.703766 0.082958 1.424036 0.662020 -0.220027 0.334909 0.226057 -0.961526 0.575461 -1.872532 -1.017533 0.255471 -0.599984 1.338355 0.835740 -0.238637 -0.395676 -0.599424 -0.400429 1.287579 0.234374 0.191765 0.876965 -0.613655 0.663677 -1.239638 -0.801229 0.353028 0.260066 2.129688 0.731712 -0.296742 0.411565 -0.262534
END
#################################################################
SECTION3 (Edges Information)
EndPoint0 EndPoint1 Weight
0 1 1.000000
0 9 1.000000
0 10 1.000000
0 90 1.000000
1 0 1.000000
1 2 1.000000
1 11 1.000000
1 91 1.000000
2 1 1.000000
2 3 1.000000
2 12 1.000000
2 92 1.000000
3 2 1.000000
3 4 1.000000
3 13 1.000000
3 93 1.000000
4 3 1.000000
4 5 1.000000
4 14 1.000000
4 94 1.000000
5 4 1.000000
5 6 1.000000
5 15 1.000000
5 95 1.000000
6 5 1.000000
6 7 1.000000
6 16 1.000000
6 96 1.000000
7 6 1.000000
7 8 1.000000
7 17 1.000000
7 97 1.000000
8 7 1.000000
8 9 1.000000
8 18 1.000000
8 98 1.000000
9 0 1.000000
9 8 1.000000
9 19 1.000000
9 99 1.000000
10 0 1.000000
10 11 1.000000
10 19 1.000000
10 20 1.000000
11 1 1.000000
11 10 1.000000
11 12 1.000000
11 21 1.000000
12 2 1.000000
12 11 1.000000
12 13 1.000000
12 22 1.000000
13 3 1.000000
13 12 1.000000
13 14 1.000000
13 23 1.000000
14 4 1.000000
14 13 1.000000
14 15 1.000000
14 24 1.000000
15 5 1.000000
15 14 1.000000
15 16 1.000000
15 25 1.000000
16 6 1.000000
16 15 1.000000
16 17 1.000000
16 26 1.000000
17 7 1.000000
17 16 1.000000
17 18 1.000000
17 27 1.000000
18 8 1.000000
18 17 1.000000
18 19 1.000000
18 28 1.000000
19 9 1.000000
19 10 1.000000
19 18 1.000000
19 29 1.000000
20 10 1.000000
20 21 1.000000
20 29 1.000000
20 30 1.000000
21 11 1.000000
21 20 1.000000
21 22 1.000000
21 31 1.000000
22 12 1.000000
22 21 1.000000
22 23 1.000000
22 32 1.000000
23 13 1.000000
23 22 1.000000
23 24 1.000000
23 33 1.000000
24 14 1.000000
24 23 1.000000
24 25 1.000000
24 34 1.000000
25 15 1.000000
25 24 1.000000
25 26 1.000000
25 35 1.000000
26 16 1.000000
26 25 1.000000
26 27 1.000000
26 36 1.000000
27 17 1.000000
27 26 1.000000
27 28 1.000000
27 37 1.000000
28 18 1.000000
28 27 1.000000
28 29 1.000000
28 38 1.000000
29 19 1.000000
29 20 1.000000
29 28 1.000000
29 39 1.000000
30 20 1.000000
30 31 1.000000
30 39 1.000000
30 40 1.000000
31 21 1.000000
31 30 1.000000
31 32 1.000000
31 41 1.000000
32 22 1.000000
32 31 1.000000
32 33 1.000000
32 42 1.000000
33 23 1.000000
33 32 1.000000
33 34 1.000000
33 43 1.000000
34 24 1.000000
34 33 1.000000
34 35 1.000000
34 44 1.000000
35 25 1.000000
35 34 1.000000
35 36 1.000000
35 45 1.000000
36 26 1.000000
36 35 1.000000
36 37 1.000000
36 46 1.000000
37 27 1.000000
37 36 1.000000
37 38 1.000000
37 47 1.000000
38 28 1.000000
38 37 1.000000
38 39 1.000000
38 48 1.000000
39 29 1.000000
39 30 1.000000
39 38 1.000000
39 49 1.000000
40 30 1.000000
40 41 1.000000
40 49 1.000000
40 50 1.000000
41 31 1.000000
41 40 1.000000
41 42 1.000000
41 51 1.000000
42 32 1.000000
42 41 1.000000
42 43 1.000000
42 52 1.000000
43 33 1.000000
43 42 1.000000
43 44 1.000000
43 53 1.000000
44 34 1.000000
44 43 1.000000
44 45 1.000000
44 54 1.000000
45 35 1.000000
45 44 1.000000
45 46 1.000000
45 55 1.000000
46 36 1.000000
46 45 1.000000
46 47 1.000000
46 56 1.000000
47 37 1.000000
47 46 1.000000
47 48 1.000000
47 57 1.000000
48 38 1.000000
48 47 1.000000
48 49 1.000000
48 58 1.000000
49 39 1.000000
49 40 1.000000
49 48 1.000000
49 59 1.000000
50 40 1.000000
50 51 1.000000
50 59 1.000000
50 60 1.000000
51 41 1.000000
51 50 1.000000
51 52 1.000000
51 61 1.000000
52 42 1.000000
52 51 1.000000
52 53 1.000000
52 62 1.000000
53 43 1.000000
53 52 1.000000
53 54 1.000000
53 63 1.000000
54 44 1.000000
54 53 1.000000
54 55 1.000000
54 64 1.000000
55 45 1.000000
55 54 1.000000
55 56 1.000000
55 65 1.000000
56 46 1.000000
56 55 1.000000
56 57 1.000000
56 66 1.000000
57 47 1.000000
57 56 1.000000
57 58 1.000000
57 67 1.000000
58 48 1.000000
58 57 1.000000
58 59 1.000000
58 68 1.000000
59 49 1.000000
59 50 1.000000
59 58 1.000000
59 69 1.000000
60 50 1.000000
60 61 1.000000
60 69 1.000000
60 70 1.000000
61 51 1.000000
61 60 1.000000
61 62 1.000000
61 71 1.000000
62 52 1.000000
62 61 1.000000
62 63 1.000000
62 72 1.000000
63 53 1.000000
63 62 1.000000
63 64 1.000000
63 73 1.000000
64 54 1.000000
64 63 1.000000
64 65 1.000000
64 74 1.000000
65 55 1.000000
65 64 1.000000
65 66 1.000000
65 75 1.000000
66 56 1.000000
66 65 1.000000
66 67 1.000000
66 76 1.000000
67 57 1.000000
67 66 1.000000
67 68 1.000000
67 77 1.000000
68 58 1.000000
68 67 1.000000
68 69 1.000000
68 78 1.000000
69 59 1.000000
69 60 1.000000
69 68 1.000000
69 79 1.000000
70 60 1.000000
70 71 1.000000
70 79 1.000000
70 80 1.000000
71 61 1.000000
71 70 1.000000
71 72 1.000000
71 81 1.000000
72 62 1.000000
72 71 1.000000
72 73 1.000000
72 82 1.000000
73 63 1.000000
73 72 1.000000
73 74 1.000000
73 83 1.000000
74 64 1.000000
74 73 1.000000
74 75 1.000000
74 84 1.000000
75 65 1.000000
75 74 1.000000
75 76 1.000000
75 85 1.000000
76 66 1.000000
76 75 1.000000
76 77 1.000000
76 86 1.000000
77 67 1.000000
77 76 1.000000
77 78 1.000000
77 87 1.000000
78 68 1.000000
78 77 1.000000
78 79 1.000000
78 88 1.000000
79 69 1.000000
79 70 1.000000
79 78 1.000000
79 89 1.000000
80 70 1.000000
80 81 1.000000
80 89 1.000000
80 90 1.000000
81 71 1.000000
81 80 1.000000
81 82 1.000000
81 91 1.000000
82 72 1.000000
82 81 1.000000
82 83 1.000000
82 92 1.000000
83 73 1.000000
83 82 1.000000
83 84 1.000000
83 93 1.000000
84 74 1.000000
84 83 1.000000
84 85 1.000000
84 94 1.000000
85 75 1.000000
85 84 1.000000
85 86 1.000000
85 95 1.000000
86 76 1.000000
86 85 1.000000
86 87 1.000000
86 96 1.000000
87 77 1.000000
87 86 1.000000
87 88 1.000000
87 97 1.000000
88 78 1.000000
88 87 1.000000
88 89 1.000000
88 98 1.000000
89 79 1.000000
89 80 1.000000
89 88 1.000000
89 99 1.000000
90 0 1.000000
90 80 1.000000
90 91 1.000000
90 99 1.000000
91 1 1.000000
91 81 1.000000
91 90 1.000000
91 92 1.000000
92 2 1.000000
92 82 1.000000
92 91 1.000000
92 93 1.000000
93 3 1.000000
93 83 1.000000
93 92 1.000000
93 94 1.000000
94 4 1.000000
94 84 1.000000
94 93 1.000000
94 95 1.000000
95 5 1.000000
95 85 1.000000
95 94 1.000000
95 96 1.000000
96 6 1.000000
96 86 1.000000
96 95 1.000000
96 97 1.000000
97 7 1.000000
97 87 1.000000
97 96 1.000000
97 98 1.000000
98 8 1.000000
98 88 1.000000
98 97 1.000000
98 99 1.000000
99 9 1.000000
99 89 1.000000
99 90 1.000000
99 98 1.000000
END
#################################################################
SECTION4 (TrueSubGraph Information)
EndPoint0 EndPoint1 Weight
3 4 1.0
3 2 1.0
2 12 1.0
12 11 1.0
END
#################################################################
SECTION5 (Labels Information)
1 0 0 1 0 0 0 0 0 0 0 1 0 0 0 0 0 0 0 0 0 0 0 0 0 0 0 0 0 0 0 0 0 0 0 0 0 1 0 1 0 0 0 0 0 0 0 0 0 0 
END
#################################################################
SECTION6 (bt Information)
5 -5 -5 5 -5 -5 -5 -5 -5 -5 -5 5 -5 -5 -5 -5 -5 -5 -5 -5 -5 -5 -5 -5 -5 -5 -5 -5 -5 -5 -5 -5 -5 -5 -5 -5 -5 5 -5 5 -5 -5 -5 -5 -5 -5 -5 -5 -5 -5 
END
#################################################################
