#################################################################
#APDM Input Graph, this input graph includes 3 sections:
#section1 : general information
#section2 : nodes
#section3 : edges
#section4 : trueSubGraph (Optional)
#
#if nodes haven't information set weight to null
#################################################################
SECTION1 (General Information)
numNodes = 100
numEdges = 200
usedAlgorithm = NULL
dataSource = SimulationData2
END
#################################################################
SECTION2 (Nodes Information)
NodeID Base Counts
0 0.849439 -0.738989 -0.653530 1.087816 -1.083473 -0.297716 0.565189 -1.248802 -0.309209 -1.545697 -0.492186 -0.981975 -2.117701 1.066789 -0.632003 0.528690 -0.460434 0.185151 -0.553025 1.120065 -0.141349 1.007680 -0.389826 1.220639 1.350085 0.162029 0.098909 -0.058243 0.603000 2.192164 2.009965 1.402050 -0.445473 0.624512 0.747074 -1.239490 0.761887 -0.183202 0.273255 -0.484671 -0.078482 -2.037421 -1.265149 -0.854666 -0.289594 -0.922789 0.817190 1.517853 0.792088 -2.593574
1 -1.025159 0.392628 -0.617472 -0.621349 0.571446 1.201221 -0.667406 -1.125415 -0.069846 0.624277 1.457598 1.178104 -0.307032 0.142669 1.740724 -0.626423 -1.128290 0.957573 -0.851169 -1.238039 -1.667158 -0.696202 1.505003 -0.028732 -0.704408 2.128713 -0.877089 1.635405 -0.620490 0.382763 -0.549875 -0.592437 -0.557169 -1.449528 -1.245400 1.065320 -0.722036 0.635375 -0.890607 0.840649 -1.067664 0.914469 0.436967 0.322327 -0.013107 0.174066 -0.554036 0.034302 0.746340 1.666522
2 -0.640666 0.036405 -0.722210 -0.810013 -1.518457 0.358496 -0.126886 -0.944134 -1.667500 2.490951 -0.877123 -0.529015 1.030910 0.197892 -0.581847 -0.998639 1.699898 0.276375 -0.883610 -1.094316 -0.525253 -0.360376 0.267353 0.577462 0.678895 -0.960560 -0.310849 -0.889963 1.626031 0.131068 -1.264489 0.253737 -0.498757 0.748180 1.691265 -0.423352 -2.180630 0.857725 -0.741031 -1.934467 1.058045 1.188904 0.577307 0.703395 0.710400 0.098247 -0.069801 -0.612162 -0.135047 -0.246549
3 1.003406 0.048577 0.632014 0.490059 -1.327453 0.890343 -0.209959 -0.789523 1.335220 0.181065 0.041153 2.085668 1.787503 -0.779362 0.675826 -0.754880 -0.981118 0.322263 -0.501123 0.450528 -0.610648 -1.480570 -0.169936 1.055892 1.249225 1.553194 -0.239797 0.529390 -1.016273 0.414107 -0.503630 0.241914 -0.561531 0.866032 -1.655387 -0.292675 -0.111975 -0.693320 -0.805451 0.061311 0.458169 -0.829388 0.298352 2.412079 -2.106657 0.022695 -2.847854 -0.977708 -1.147213 -0.510865
4 0.665159 0.025271 -1.504596 0.398751 -1.911477 1.190657 -0.642518 0.611282 -1.027003 -1.617290 0.224111 0.979412 0.585345 0.920563 -0.008692 0.975939 1.301122 -0.329073 -0.636537 -0.782796 -0.695734 -0.498541 0.712395 -1.680515 1.030761 -0.782201 -0.870119 0.587055 0.075603 -1.367710 0.051916 0.608733 -0.911735 0.293255 -0.178327 -1.685356 1.202377 -2.280009 0.533307 -1.500999 -0.861197 1.018175 -0.565284 -0.401431 -0.995632 -1.491391 1.977633 1.195633 -0.233288 -1.963324
5 -0.954865 -0.944311 0.247451 1.555564 -0.541006 0.166363 0.025651 -2.023546 -2.136761 0.214949 -1.406814 -1.768529 1.423015 0.160022 -0.385341 -0.043155 -0.020862 -0.232549 0.393262 -0.199542 -1.306343 -2.504459 -2.473836 0.760777 0.855416 0.582978 -1.029565 0.571815 0.583746 0.962772 -1.523170 -0.174024 0.258091 0.137548 -2.607933 -0.360628 -1.176320 0.094977 0.666040 0.889665 1.112589 1.448483 -1.150791 0.629222 -0.197834 -1.101219 0.775265 -0.696456 1.452634 0.642455
6 -0.425768 -0.718164 -0.425904 1.118669 -2.252411 1.887070 -0.356769 -1.791006 -0.126507 -0.536264 -3.121915 0.896586 -1.376257 0.413209 -1.050967 -0.324407 -0.341870 -0.295016 -0.517112 0.252323 1.653833 -2.597565 -0.262842 0.702323 -0.089272 -0.066920 -0.870079 -0.767592 1.115539 -0.850292 -0.947465 1.197193 -1.734248 -0.628593 -0.429260 0.265316 -0.629931 -0.349619 1.308238 -1.745010 -0.686241 2.333774 -1.303618 -0.490317 0.818866 -0.043484 -0.381156 0.133017 0.760689 -0.716322
7 -0.791428 1.239303 1.475650 -0.847833 -4.654099 -0.019179 0.231596 -0.544359 -2.355053 -0.067757 -0.518414 0.853491 2.115255 1.158854 -0.096856 -1.475892 0.195107 -0.038683 1.385999 0.979002 0.203158 -0.224730 1.047361 -1.063140 0.234778 -0.295657 0.354625 0.018499 1.973154 0.103810 -2.733319 -0.653815 1.003613 0.916055 -0.456979 -0.186706 -0.117454 0.346405 0.156447 -0.069871 0.565420 -0.262724 -0.947712 1.104569 -0.493899 -0.147804 -1.296312 -0.103618 -0.260941 2.310720
8 0.690858 1.216160 -0.932377 0.603189 -0.454141 -0.958563 -1.123556 0.666560 -0.475180 0.682703 0.001091 -1.406344 0.182374 0.617566 -0.137069 -0.523306 1.294127 -1.484543 -1.026083 -1.382822 -0.167902 2.078166 0.381262 1.430661 -2.170370 2.243195 -2.917888 -1.024939 -0.439881 0.940162 -2.565312 -1.144146 0.763706 -0.033193 0.342347 1.171704 1.825446 0.126421 1.198109 -0.578453 -0.411136 0.658685 0.145661 -0.079575 0.776744 1.037567 1.256007 -1.785033 -0.019504 -0.157292
9 -0.817484 -1.675575 0.150040 -1.082228 0.355443 -0.563458 -1.961916 -0.469861 2.004302 1.067565 -0.294119 1.430842 -0.046493 0.321860 0.447555 -1.538552 0.042447 1.566234 0.611454 -0.836319 -0.839026 -1.700256 -0.542363 -0.059419 -0.915954 -0.566370 -0.511348 -0.290047 0.434264 -0.281896 1.464247 -0.501677 -0.317184 0.315671 0.461542 0.268178 -0.438678 1.198480 0.586676 1.197949 0.949590 -1.123200 -2.382353 1.446902 -0.664578 -0.854566 -0.600638 -0.019193 -1.301910 1.195286
10 -0.010357 1.217459 -0.871212 -0.258747 -1.713569 0.074609 0.303461 -1.014869 -0.300819 0.949466 0.674927 -0.585627 -1.013908 -0.242483 -1.498212 -0.256070 0.658235 0.287203 -0.354974 -1.271556 -0.098391 -0.481660 -0.951610 0.184046 1.427535 -0.889479 -0.203932 -0.584668 0.915391 0.640509 -0.580712 1.366849 -1.289867 -0.976511 -0.800750 1.125011 -0.876092 -0.546878 0.811987 -0.493722 0.065589 0.616403 1.631783 0.051992 0.723608 -0.278828 0.136300 0.182290 0.317924 -0.557288
11 0.267199 0.342772 -1.045612 0.058767 0.083984 0.831125 0.363558 -0.190842 1.117134 -0.501213 -0.115539 1.347358 -0.062185 0.010296 -0.237527 -1.150747 0.419399 -2.077414 -0.458901 -0.081497 0.152847 0.541382 -0.545439 0.125129 0.216313 0.172078 0.676181 -0.316839 2.108335 -1.859617 1.310514 -0.287447 0.170167 0.358016 0.842801 -1.209115 -0.539372 0.924624 -1.596330 0.813807 -1.321170 0.380832 0.011441 0.245841 -1.965559 -1.319479 0.022885 0.424243 0.216844 0.559096
12 1.319697 -0.165497 -0.654891 0.313925 1.231541 0.627460 -0.622356 -1.051018 0.603937 0.580084 -0.364785 0.532458 1.515274 -0.304068 -0.144871 -1.027556 0.091994 -2.456221 0.735613 -0.014063 -1.223709 0.186508 -0.728710 0.769380 0.884080 0.482123 0.344391 -0.059768 0.778816 -0.382546 1.751018 -0.467914 0.385323 0.966252 -1.575774 -0.454161 -0.160495 0.184208 -0.456036 2.467848 1.051902 -0.803745 0.522802 1.831765 -1.699559 -1.211749 -0.223849 -1.376264 0.459314 -0.872944
13 0.510555 0.733424 -0.346786 2.977765 0.243718 -0.169216 1.294746 0.655212 1.417815 -0.569841 0.322874 -0.583518 -1.672766 1.164138 1.062493 0.245364 -0.296204 0.212151 0.310935 -2.061318 0.916804 -0.314619 1.065828 -0.228002 1.083590 -0.513054 -0.973794 -0.519239 -0.203851 -0.797848 -1.937722 1.086183 0.964220 -0.555292 -0.041762 1.040568 1.192919 -0.497799 1.091648 0.648322 -0.801502 -1.916028 -0.195208 -1.234891 -0.781415 -0.320181 0.014662 0.245991 -0.252815 0.135952
14 -0.405267 0.897443 1.977765 -1.801169 1.650457 0.757950 0.143563 1.049001 -0.954228 -1.485307 0.006060 0.842534 1.187940 0.798426 0.414386 -0.410765 -0.393923 0.754716 0.018450 -0.364692 -0.636457 -1.626856 -1.208706 -0.516684 -0.961294 1.229904 0.346447 1.567746 0.677393 1.681029 -0.201780 0.744682 -0.197412 -0.873597 1.053760 1.713835 1.125291 1.008731 -0.240719 0.208940 0.214279 1.155571 0.483514 -0.410681 -0.552384 0.434598 2.211971 -1.094577 -0.940704 -0.684072
15 2.676114 0.333998 0.113760 0.600950 -1.487670 -0.888449 -0.040775 -0.009485 -1.843378 0.204131 -0.633682 0.147981 0.730448 1.036225 0.016076 -1.095690 -0.782035 -0.403643 0.237740 -2.220568 -1.489910 0.321211 -0.133107 1.821962 -0.807978 -0.045402 -0.334191 -1.017625 -0.616822 -0.862007 0.364488 0.459810 0.273305 -0.243280 -1.218012 -1.050578 2.168190 -0.590448 -1.042524 -1.085103 1.472302 -0.981652 0.000779 1.756553 -0.201654 -0.372089 1.882939 0.572945 0.267487 -0.869393
16 0.357565 1.009889 -0.067254 0.978188 -1.877577 -0.072916 0.276312 -0.246752 -0.050850 -0.344215 1.956293 -0.537632 0.915449 0.253694 1.641655 -0.154787 0.135766 -2.208544 -0.541002 1.779015 -1.731820 2.028783 -1.323927 -0.946337 0.370367 -1.441881 -0.945978 -0.054427 1.544348 0.211074 0.489612 -0.470154 -0.145523 1.548811 -1.680654 -0.669417 0.943598 -0.072539 1.474720 -0.716595 -1.913185 0.774499 1.853415 0.011955 1.370397 0.670958 -0.047389 -0.059561 -2.238017 1.576930
17 -0.310620 -0.341086 -1.576477 1.032682 -1.466501 -0.467230 0.363676 1.978393 -0.174394 -0.565202 -0.875841 -0.210745 -0.767570 -1.280413 -1.359300 -0.930141 -0.889468 1.311708 -0.516209 0.094340 -0.138143 1.341250 -0.978666 -1.769483 -1.202418 -1.588731 0.399591 1.442862 0.584237 -0.759323 0.102951 1.385494 -0.435293 0.438276 -1.174263 -1.480231 0.264419 0.543139 0.760072 -0.367050 -1.014168 -0.799276 -0.408229 -1.807886 1.002018 -2.429108 0.979896 -0.382774 -0.008150 -0.379809
18 0.115186 0.114919 0.794589 0.001331 -0.030514 -2.674483 1.167271 -0.763257 -2.223390 -2.256849 -0.413011 -0.790140 -0.617370 -0.530038 1.016938 0.212902 -0.437480 0.154069 0.952005 0.404540 -0.136379 2.208926 -0.513254 -1.071055 -1.759840 1.317930 0.220777 -0.271250 -1.172306 -0.452942 0.284547 -0.301044 2.088463 2.066404 2.219507 1.486523 0.472301 0.161840 -0.878523 1.457896 0.733810 -0.262450 0.010552 0.070896 -0.185399 1.001158 -0.253627 0.000781 0.924662 2.627902
19 0.496773 -0.281870 0.880390 2.376083 -1.582255 -0.036056 0.266211 -1.255212 1.063699 0.110732 0.287626 -0.132771 -1.230988 -1.313079 0.587999 0.459636 -1.423512 -1.712597 -0.705958 1.904122 0.750847 -1.454531 -1.113335 -0.518039 2.189102 1.851141 -2.051109 -0.142420 0.890146 -0.480181 -0.535380 -0.007801 1.530596 -1.237458 -0.143952 2.102072 0.208099 -0.173112 -0.978612 1.062848 -0.545734 -0.075360 0.877036 -0.674227 -0.900227 1.163036 -0.472253 -0.394914 1.382278 0.476516
20 1.541309 -0.644447 -1.700714 0.204151 -0.336647 -0.096466 0.718713 -0.081209 0.865278 0.912295 -0.801378 1.264354 -0.476290 -0.911181 0.856675 -1.407402 -0.217279 0.578616 -0.621118 0.118230 -0.722132 -1.522779 0.313076 1.088500 -0.291996 -1.387032 0.168592 0.008792 -0.560175 -0.218808 0.710012 0.837613 -1.160455 1.445335 -0.162610 -0.438599 0.546248 1.701306 0.339083 -0.802956 0.745925 1.690851 -0.020688 0.222365 -1.138031 -1.315129 0.062802 -1.359442 0.350703 -0.709194
21 0.341677 -0.225693 0.314568 0.608142 0.598468 0.449494 0.143847 -0.856094 -0.225690 0.210970 -0.123321 0.657224 -0.589649 -0.784143 -0.749249 0.217259 -2.519716 -0.166401 -1.158460 -1.221190 -0.510072 0.701736 -0.406123 0.991658 0.841371 -1.345807 0.179282 -0.719111 0.339886 -0.460479 -0.570067 0.164662 -0.103637 -0.524433 0.722861 -0.871040 0.927766 0.301620 0.377636 -0.356983 -1.025378 0.321056 -1.494325 -0.412971 0.585994 -1.132193 0.459004 -0.268144 0.210653 -1.480834
22 -0.905007 -1.627798 0.197902 -0.855645 1.121621 -1.307324 -2.189749 -1.322271 -1.068338 0.313595 0.609774 0.579903 -1.995455 -1.478123 -0.192204 -0.741759 -0.114093 -0.792188 1.316289 0.100887 -0.505271 0.112707 -1.801880 -0.757785 0.813167 1.216488 0.001401 2.344615 0.818446 0.807515 -0.653221 -0.402653 0.782097 0.337788 -1.359581 0.728988 -1.429541 -0.491762 0.446498 0.108801 -0.519796 -0.297821 -1.859649 -0.529713 -1.591821 -0.423933 1.393587 -1.142051 0.640539 1.540860
23 -0.060043 1.147420 -1.311806 -0.023976 -1.066046 -1.129965 -1.432789 0.461824 0.587223 0.523832 -0.076114 0.035533 -0.881507 0.047975 0.221286 -0.551284 1.391288 -0.139261 1.279569 0.373869 -2.331334 -1.224049 1.409416 -0.026920 0.199053 -0.960578 -0.722860 0.112819 -0.120492 1.025219 -0.214954 1.474476 0.466491 -1.326185 0.681802 -1.637379 0.571851 0.741348 0.506595 0.221109 0.081629 0.015748 0.213306 -0.852451 0.798858 -1.197324 -0.713714 -0.498357 0.660979 -1.247328
24 -1.359879 -0.405023 -3.443970 -0.321660 1.006596 0.756525 0.732045 -1.207373 -1.705339 -0.055372 0.825662 -2.281636 0.063715 0.021411 0.267784 -1.574434 1.583571 0.782809 -0.143684 -1.590520 1.171617 -2.326160 0.664750 -2.100639 0.301168 1.075382 0.649970 -0.702327 -0.381723 -0.266521 -0.851225 -1.579209 0.154351 1.145150 0.422452 0.753183 1.645660 -0.635847 0.837723 -0.012748 0.101855 0.050483 0.879823 0.938120 0.822238 -0.311490 0.733418 -0.226715 -1.447832 -1.070032
25 0.790915 1.123662 -0.603485 0.918569 0.141188 0.021067 0.334239 0.782326 -1.164390 -0.509060 -0.047438 -2.589881 0.300638 -0.284806 1.152975 0.695779 -0.174214 -0.227879 1.601808 -0.046238 1.169553 -0.209911 -1.185077 0.560107 -0.177029 0.843551 -1.165602 0.206839 0.799168 0.616241 -1.696226 0.004685 0.066200 -0.059114 0.836290 -0.364165 0.611241 -1.329347 0.223226 0.055854 0.664572 0.686379 -0.026031 0.851099 0.339632 -0.316346 -0.387923 0.429127 -1.445045 0.575271
26 -0.482223 -0.493262 0.010100 -1.129860 0.646461 1.527026 1.316941 -1.544551 0.739586 1.459969 1.252743 -0.264084 -0.014823 0.801793 -0.528296 -0.763875 0.435229 0.373068 0.962063 -0.198911 -0.710589 1.850869 -0.213158 0.599729 1.808632 -2.427637 1.125916 0.708052 0.185807 0.112805 1.688721 1.529002 0.239357 0.112348 -1.062867 -1.050673 2.568581 1.858741 -1.805964 0.623097 1.177604 -0.742062 -0.151666 -0.211005 0.006227 0.223881 0.115089 -0.792648 -0.316249 0.033362
27 1.895168 -0.622010 1.011210 -2.264661 -0.081750 -0.533945 0.413750 -0.655314 0.629090 2.878503 -1.480321 -0.124837 0.759248 -0.576380 -1.015470 -0.786418 -0.911320 -0.985361 0.279083 -0.372082 1.396051 1.915807 1.091055 1.709360 0.177039 0.047281 -0.402958 -0.462124 -0.556356 -0.663906 0.686670 0.652130 -0.760902 -0.259305 -0.449782 -1.248763 -0.229839 0.418252 -0.016811 0.022282 -0.688964 -1.554767 0.382152 0.214811 1.512066 -3.483071 -1.715791 -2.447266 0.918935 -0.335592
28 -2.310932 2.249065 0.987728 -0.480770 0.559873 -0.571859 -0.199182 0.036856 -1.173734 -0.551766 0.922963 -0.967429 -0.724418 -0.652282 -0.010383 1.560836 -1.205839 0.799288 2.575148 -3.251889 -0.492192 1.032562 0.965308 0.606733 0.486680 -0.645426 0.808857 0.966424 1.404141 -0.110902 0.622174 0.325262 1.446989 -1.762147 -1.431772 -1.047764 -0.352182 0.402424 -0.129633 0.129975 -0.685798 -2.456584 0.446605 -0.093446 0.109079 0.457392 -1.632003 1.580677 0.675074 1.157572
29 -0.240840 1.016050 -2.173490 -1.271696 -0.343456 1.586262 0.016033 -0.572689 0.204287 0.667003 -0.752482 -1.026978 -0.536804 -1.049193 1.048657 0.481818 1.722079 -1.219485 2.376576 0.682457 -0.679499 -0.572487 0.452750 -1.783331 -0.195877 -0.940156 -0.584492 -0.482118 0.592861 1.829359 -0.227908 0.770226 -0.769474 -1.604716 -0.024914 1.100348 0.413279 -0.407719 -0.204694 -0.412053 -0.191849 -0.005778 -0.358838 -0.399659 -1.324869 1.019871 0.257396 0.135125 0.425615 -1.169643
30 -1.545438 -1.284028 1.653233 0.427869 -1.651510 -0.316073 2.307060 -2.647792 1.403987 0.360445 -0.032043 -0.496505 -0.734260 -0.366522 1.821572 -0.862921 1.984832 -0.068919 -0.188687 -1.196539 -1.213899 0.871582 1.221396 1.226015 0.432977 -0.904070 0.239304 -0.003418 1.249255 0.456749 -1.497961 -1.411839 0.540915 -0.986391 1.136444 -0.073144 -0.913380 -0.412419 2.117814 1.326755 1.596504 0.710718 0.670841 0.251898 0.005325 0.058411 -0.040257 0.392886 0.294884 -1.143499
31 -1.071299 1.394769 0.924563 1.072265 0.079630 0.042991 -0.655089 1.772131 1.054882 -0.203441 -1.023073 -0.484964 1.041246 1.498009 0.614670 -1.908238 -0.462315 -0.436003 -0.677693 0.127300 -0.053115 -0.897790 -0.994564 0.413723 1.350064 -0.626087 0.600729 -0.591187 -0.056159 -0.311123 0.838348 1.043619 1.740702 -0.805698 0.684136 -1.885459 -0.687597 -1.627780 -0.127322 -1.204757 1.267555 -0.135700 0.134685 0.703770 0.815209 -1.116037 -0.156734 1.505188 -0.680648 -0.288058
32 3.047422 -0.462612 -0.415193 1.034521 0.211372 0.201681 0.375690 -1.775755 0.080198 -2.263063 0.680215 0.166308 -0.465462 -0.241979 0.119668 1.966216 0.652758 1.652152 -0.111077 0.136312 0.409264 1.350960 -0.086704 -0.212634 0.696761 0.469914 0.481168 0.021574 -2.592931 -0.937011 0.995229 -2.240826 -0.074639 -0.648812 -0.292868 0.164693 1.235494 -0.065726 0.891038 0.830835 -0.240775 -0.925551 -2.827207 1.982746 1.152743 0.555627 1.481899 0.815254 0.364286 0.196393
33 1.395849 -0.178491 -0.963456 0.414907 0.953209 0.073645 0.685972 0.806375 0.069363 -1.617395 0.644535 1.216537 -1.105719 -1.509996 -1.103493 -0.001254 0.554918 0.177204 2.164873 -1.432022 0.507849 -0.541177 1.998436 -0.228772 1.271380 -0.803655 -0.140985 1.078857 -1.574984 -0.796708 -0.781723 -0.711647 0.746305 -0.610472 0.100446 -0.524827 1.045928 -1.384628 -0.136163 0.118919 -1.085967 0.531269 0.834530 -1.510722 0.861704 -0.953803 1.136149 -0.062287 0.708481 1.004683
34 -0.254596 -0.708410 -1.892329 -0.020658 -0.285485 -0.540923 -0.306236 0.502191 1.614697 -0.740015 -0.035642 1.100610 1.205646 -0.754313 0.263304 1.321244 1.068755 -1.601743 1.241326 -0.181322 0.389451 0.628272 0.762936 0.664144 -0.011754 -0.887293 2.268075 -0.047679 0.159222 -0.683898 -0.099049 0.015080 0.625216 -1.028500 0.873311 0.405899 0.375145 0.459581 -0.799894 0.051815 -0.868269 2.499251 -0.799541 0.401934 0.934808 -0.417128 -0.077255 0.013270 0.834615 0.471533
35 -0.619672 0.272185 0.264438 -1.687059 0.079036 0.816927 0.294437 0.160197 -0.827931 -0.066463 -1.070093 1.442008 -0.937750 0.060255 -0.038632 2.500070 0.567429 1.700395 0.128811 0.817451 -1.563314 -0.269911 1.288457 1.675896 -0.456900 -0.546126 -0.950395 -0.121859 0.564053 0.286992 -0.747342 2.064140 -0.523291 1.147933 -0.395686 2.198867 -0.007784 0.330569 1.270863 0.220172 0.096234 -0.211889 0.961202 1.954766 -0.222049 -0.127053 1.266013 0.558349 1.533438 0.701891
36 0.389232 0.713261 -1.131810 0.081910 0.641409 -1.072957 0.455322 -1.173643 0.590260 -2.640824 -0.418957 1.349455 0.018466 -0.060461 0.880104 -2.107854 -0.632005 0.721165 -1.091374 0.947584 2.047388 -0.775076 -0.824088 -0.916994 -0.728107 0.489013 -2.254174 0.296356 1.069587 -1.070272 0.125712 0.426995 0.309580 1.906438 1.997975 0.049445 0.906018 -1.019835 -1.841289 1.069515 0.357364 0.703986 0.928336 -1.421681 -1.536554 0.431714 1.114200 0.832246 0.622335 -0.135742
37 0.286100 -0.279571 1.247444 1.358114 0.182857 0.276723 1.295162 -0.444792 0.549194 -0.816196 -0.831099 0.563726 -0.219137 1.371191 -0.035617 1.260778 0.515223 -0.106478 0.753674 -0.657922 1.091471 0.209647 -1.016034 -0.128602 1.195505 0.503948 -0.786386 0.102558 -0.680878 0.913201 1.648421 0.195800 0.155526 -1.427847 -0.594976 -0.097811 -2.288184 0.620556 -0.898988 0.506797 -1.268057 -0.560331 -1.035206 0.331637 1.390400 -0.788308 1.653534 -2.148749 -0.144483 2.072846
38 1.156770 0.550412 0.569646 1.252044 -0.917562 -0.331855 0.400053 -0.830960 -1.323044 -0.506409 0.816751 0.440741 0.158995 -0.070709 0.945015 1.106234 -0.016181 2.193955 -1.062184 0.556975 -0.797088 -1.345892 1.647890 0.728720 0.555104 0.210431 0.411740 0.385733 0.845814 0.043816 0.525631 1.330113 0.044505 0.728619 0.626181 0.549559 1.212232 0.689112 -0.780478 -0.574294 1.602811 -0.604036 0.557207 -0.219540 1.356166 0.866921 0.534154 -0.576356 0.018778 1.632873
39 -1.008496 0.414150 -0.843507 -0.358527 -0.393683 0.680371 1.413787 -0.104384 -1.002955 1.297943 -0.136934 0.849365 -0.596044 1.087904 -0.781376 0.672794 -1.241027 0.078350 1.302320 1.309582 0.740303 0.081215 0.274155 -0.809731 2.393662 -0.226536 -0.016555 0.420667 0.687251 0.608571 -0.664160 0.525395 -0.272621 -0.045615 1.623994 0.125488 -0.340545 -0.199865 -0.842193 -0.499946 -1.070630 -0.003484 0.457850 1.081485 -1.051006 1.530440 -0.580034 -0.672716 -0.309532 -0.065535
40 -0.266578 -1.488827 1.089347 -1.934833 0.250859 -0.166345 -0.782367 0.000667 1.314295 -0.720035 -1.099064 0.725229 0.845344 0.135549 0.218033 -0.996192 -0.486180 1.226634 -0.470740 1.209021 -1.381349 0.424967 0.365447 1.164547 0.075064 -2.068021 0.099244 -1.888464 -0.210847 0.105283 -0.085750 0.204342 0.243221 -0.724487 0.818294 -1.121539 1.267178 0.995894 0.523484 0.309150 0.890710 -0.153706 1.642017 -1.375626 0.696742 -1.413003 0.211937 -0.407864 0.013876 2.017810
41 -0.762826 -0.117349 0.626180 -0.799879 0.731556 1.996259 0.013726 0.204503 -0.832341 0.446250 2.099477 -0.819504 0.815176 1.164775 0.123598 2.372677 0.561435 0.495963 0.316528 1.443998 0.077084 0.514743 -1.133746 -0.149096 -1.402323 -0.421789 0.449275 0.463976 -0.664874 2.220588 -0.794629 -1.072600 -2.349572 -1.265983 -0.232736 0.255109 -0.741153 0.086683 -1.039003 1.575555 -0.741613 -0.561955 1.474400 1.674697 -0.053723 -1.029594 -0.294784 -0.611881 0.110486 0.656238
42 -0.278700 -0.858044 -1.349847 -0.145813 0.613891 -0.903014 -0.830670 0.459109 1.170420 0.683066 -0.548043 -0.043753 0.783074 -0.288453 0.062307 -1.517774 -0.366858 0.417012 0.395107 0.949970 -1.426384 -2.656311 -0.960249 -1.331735 0.529389 0.724029 -1.315943 -0.154566 -0.111956 0.436144 -0.518437 -0.275746 -0.533233 -0.761381 -0.436441 -0.070632 -0.337756 -1.175595 1.365092 0.928054 -0.524432 -0.960043 1.306369 1.808260 -0.348470 0.573056 -0.420289 -0.099715 -0.747380 -2.046252
43 -0.000977 1.832793 0.889229 -0.348922 1.621269 0.192748 -0.511990 0.652031 -1.095417 -2.065060 -0.181452 1.895907 1.443811 0.055424 -1.045506 1.495008 -0.112413 -1.303195 0.921431 -0.879620 -0.368004 0.034050 0.387304 0.027820 -0.418192 -0.926557 1.402846 -0.263810 -0.426657 0.594614 -0.098976 -0.921930 0.432776 0.649875 -0.400690 1.130652 0.500580 0.158322 0.659225 0.848013 1.380077 0.497912 0.299802 -0.346390 -0.671050 0.479513 0.687902 1.762196 -0.469807 0.307536
44 -2.072724 -0.813619 -1.370979 -1.543939 -0.825880 -0.479381 -0.227047 1.384652 0.630579 0.617700 -1.105369 -2.069042 -0.237143 -0.941108 -1.499788 0.308228 1.435282 0.423365 -0.626572 -0.099147 0.097020 1.443679 0.324203 0.603646 0.597401 -0.818276 -0.060949 -0.010959 0.711498 -0.607770 1.311434 -1.735545 0.814348 0.323675 -1.133847 -0.969054 0.627167 -0.141447 1.446535 -1.022633 0.030633 -0.872864 1.597955 -1.531768 0.635894 -0.765145 0.778557 -0.621115 0.988850 -0.491783
45 -0.145503 -1.729954 0.615961 0.295675 -1.142995 0.683762 -1.357939 -0.683458 0.415150 -0.015215 0.276255 0.773446 -0.147420 -1.210698 -0.697584 0.742303 1.024876 0.731037 0.256023 -0.251303 1.438358 1.112100 0.775487 -0.934093 -1.240298 -1.243391 0.347324 0.149009 -0.252580 1.101521 -1.026139 0.057951 -0.055022 0.297654 -0.716552 -1.108565 -0.953916 -0.513707 1.010754 -0.862907 0.846404 0.730216 0.789656 0.947746 -0.279672 -0.125819 -0.986864 0.767474 -2.811986 1.281346
46 -0.574962 -1.307978 0.804869 -0.519932 1.766855 0.509839 -0.085440 -1.354917 -1.134006 -0.654418 -0.562244 -0.845318 1.738770 -0.492526 -0.906941 0.051557 -0.451563 0.640265 -0.488734 0.401565 -0.271562 0.379907 -0.278457 -0.415528 1.349546 0.923353 -1.803934 -0.325699 -0.598119 1.105491 -0.862469 -0.579345 1.027379 0.246028 0.065405 1.573732 0.259076 1.225726 -0.265201 0.551413 0.383825 0.265098 -0.308531 0.128031 -0.218384 -1.160618 0.485157 0.213807 -0.484138 0.132103
47 0.420470 -0.886376 0.399374 1.181249 -1.479782 -0.269143 0.010210 1.450263 0.054431 0.996298 0.166347 -0.148980 0.755989 0.129482 0.415355 -0.002260 -1.183271 -1.217815 -0.857509 0.677076 -0.082852 -1.661597 0.232686 0.683451 1.914951 0.701169 -0.221712 -0.868425 1.667917 1.722022 0.840563 -1.847561 0.511272 -1.630055 -1.912514 1.589228 -0.548725 -0.061404 0.838277 0.591313 -0.347092 1.327960 2.229153 -0.994061 2.020581 0.882834 1.232045 2.036438 -0.369432 -1.616609
48 0.470866 0.182009 0.931627 1.086775 -0.931076 -1.285242 -1.761295 0.390994 -1.033106 -1.115869 -0.020894 -1.235346 -1.031427 -0.662814 -0.327489 -0.121006 0.108949 0.618162 -0.605155 -0.817370 0.586891 -0.958381 0.584412 -0.587176 -0.275890 -0.400036 -0.454307 -0.473220 -0.178548 -1.420114 -0.409889 -1.489789 -0.456552 -0.187713 0.551784 -1.246315 -0.106013 -0.781631 1.427944 -0.840893 -0.357717 3.417884 -1.255683 0.022267 -0.985054 -3.115800 -0.076980 -0.951873 -0.360875 0.039583
49 -1.372001 0.111269 -0.310544 1.004354 1.201380 0.238950 -1.517907 -2.409351 -1.108163 -0.064383 0.668891 1.715862 -0.046488 -0.341200 0.129560 0.122115 0.873530 -0.778588 0.583986 -2.462657 2.417242 0.140292 -0.676729 0.561156 -0.724310 1.091752 0.598137 -1.338021 1.632905 1.471625 -0.530309 -0.692408 -1.408154 -0.092395 -1.939906 -1.132812 -1.619203 0.365412 1.000962 -0.144702 0.020313 -0.025700 1.576628 -0.379538 0.589158 0.412476 -0.068078 -0.048464 1.248397 1.351070
50 0.435586 -0.513985 2.500968 -0.450342 -0.938292 0.647613 -0.245378 1.635236 -1.142771 1.097577 -0.671346 0.719830 -0.975815 0.184660 -0.700157 -1.098007 0.109828 0.526786 1.555214 -0.594332 1.573827 -0.797491 -0.150098 -1.721118 -1.142526 -1.284641 -1.329369 0.163910 -1.891988 -0.582036 -1.918713 0.159192 -0.143160 0.822864 -0.449932 -0.792537 0.879101 0.462929 -1.327635 0.263777 -0.893407 0.373377 0.008985 -1.060920 -0.507310 -0.518666 -0.362561 -0.519847 0.964127 0.310045
51 -0.285567 0.095653 -0.745481 -0.409047 0.954970 -0.609481 -0.054979 -1.527391 0.277899 -0.692060 -0.801493 -0.141058 -0.348498 -0.398622 -2.275554 -1.382127 -0.597446 -0.099692 -0.043009 0.432466 0.483924 -0.206204 -1.173430 0.837972 -0.564200 -1.383420 -1.477114 0.634603 -0.617533 -0.239966 -1.127997 1.309620 -0.865706 0.906214 1.184707 0.462875 1.027024 -0.338873 -1.860456 -0.140993 0.790900 0.844178 0.379987 0.627971 2.486068 -0.680740 -1.198493 -1.143947 0.377813 1.303836
52 -1.381366 1.785019 -0.784201 1.071842 1.386770 0.958651 -1.524024 -0.123697 0.975029 -1.291901 1.779959 -0.687965 0.022213 0.816969 -0.760384 -1.026230 2.026824 0.463705 1.099812 0.213904 1.825116 -0.856056 0.332684 0.057973 0.427816 -0.953447 -0.265819 0.773737 -0.341981 -0.518789 -0.360342 -0.379098 1.755765 0.210971 -0.640193 -1.174243 0.429677 1.004172 -1.104478 1.344462 -2.055191 -1.614489 -0.392384 2.108901 -0.627433 1.098129 0.915529 -0.880465 1.176212 -0.440202
53 1.740582 -0.513800 0.962473 -0.163468 -0.650116 -0.618211 0.322333 -1.283853 -0.987579 -1.847700 -0.577689 -0.254349 2.415582 0.908915 -1.301304 0.230563 -0.460859 -0.786884 0.341349 2.263295 -0.331413 0.884181 0.177012 0.721376 0.794633 -0.738849 0.726976 0.278249 1.327557 1.088395 -0.435356 -0.033736 0.133308 -0.118745 -1.326476 -1.692142 -0.471876 0.362438 -0.910419 -0.356508 0.109102 0.207323 -0.634516 1.899927 0.420624 -0.591268 0.472682 -1.419673 -0.443545 -0.394149
54 0.407283 0.411816 2.134628 0.565956 -1.177146 0.819999 0.465426 0.042086 1.189434 -1.000406 -0.286219 0.174326 -1.128574 -2.461514 0.506417 -0.973080 1.802445 -0.626253 -1.053970 1.611166 -0.043095 0.313843 -0.130652 0.302395 -0.128177 0.920865 -1.408219 -2.492310 -0.612677 -0.895798 -0.102455 0.542951 0.157845 0.269430 0.474761 1.283476 2.518217 -1.067325 -0.531302 0.586110 1.973028 1.570352 -0.977656 2.850961 -0.038251 -0.419174 -0.709416 0.418060 1.371200 -0.079050
55 0.542092 1.611319 0.602415 -0.375730 -0.545204 -0.340588 -0.068547 -0.758395 -0.330451 1.697356 0.168477 1.565288 -0.369371 -0.653289 1.363204 0.726894 1.820754 -0.742381 -0.435407 -1.977984 0.433569 0.275836 0.055365 0.473869 0.339099 -0.691064 0.644360 1.114802 0.244222 -0.687903 -0.038788 -0.345144 0.740055 0.192023 1.906859 0.228152 0.089148 -0.219958 0.023544 -2.058760 0.253718 -2.108239 1.979468 2.405351 -0.263784 0.407068 0.821488 -0.509945 -1.060979 0.843299
56 0.211808 0.375229 -0.786459 0.960917 0.170146 -0.503536 0.584649 -0.284177 -3.042662 -0.328434 0.503276 0.574342 1.055272 1.293113 1.176738 -1.365438 0.469812 -1.472779 0.999077 0.696001 0.461424 -1.751121 -1.302287 -1.505544 -0.453413 -0.569162 -0.369001 -0.472613 0.099778 -1.581170 -1.637194 -0.568955 0.746427 2.189819 0.537085 -0.208148 -0.375310 -1.068327 2.068970 -0.335586 0.834306 -0.090607 -1.326701 1.344597 -1.826346 -1.520639 -0.700294 0.460016 -0.282749 -2.581507
57 -0.407943 0.580716 -0.400092 0.571793 0.581767 -0.432727 -0.175700 1.641358 -0.042399 1.289773 0.642097 -0.862086 -0.043765 -1.580170 0.475149 -0.943317 0.460007 -0.687184 -0.235551 -0.740706 1.863461 1.250618 -0.596394 -0.939303 -0.362563 1.066644 -0.160530 -0.554517 -0.139285 -0.418647 -0.300652 -0.398622 0.133342 0.579055 1.577774 0.229355 0.146101 -0.050507 -0.826381 -2.268302 -1.744739 1.257709 0.533908 -0.657464 -1.133019 0.217496 0.945000 -0.823712 -0.541794 0.891590
58 0.222172 -1.054795 -0.078872 -0.584004 -1.250067 0.028961 2.776259 1.044041 0.327099 -0.708457 -0.467804 -0.419483 1.604014 1.457693 -0.973203 -0.850433 -1.692507 0.736293 -0.026266 -0.069119 0.428312 -0.246069 0.200976 1.602512 0.730823 -1.652584 -0.277998 0.822546 -0.444351 2.615069 0.626341 -0.291558 0.848991 1.294824 0.254683 -0.034340 -0.770225 0.964904 -0.372916 0.976011 -0.598174 -0.571300 -0.292719 0.033944 0.655737 2.165694 0.637598 1.956253 -0.236050 1.332980
59 -1.214320 0.507246 -0.251517 2.005740 1.524561 -0.317201 -0.333988 -0.403100 1.195225 -0.244446 0.184003 1.479492 1.221895 -1.102294 -0.742527 1.263502 -1.084374 -0.342705 -0.318033 -0.096546 1.921476 0.084538 -0.588301 -0.941274 0.817333 -0.217765 -0.247640 -0.974566 0.411617 0.271731 0.587296 1.146849 1.151583 0.438519 -1.088012 0.131857 -0.314249 -0.219386 -0.468619 0.800079 0.195315 -1.337100 -0.329064 -3.451231 -0.581179 0.279421 -1.270186 -0.235284 -2.259239 -1.255601
60 -1.099202 -0.173622 0.628316 -0.042603 0.817109 0.033140 0.400889 -0.088926 1.087804 -1.312904 1.332527 -1.837095 0.414310 0.672817 1.079441 -2.345798 0.532384 0.138636 0.992892 -0.279988 -0.922853 0.696500 -0.974076 -1.225110 -0.149167 0.437650 0.554589 -1.624883 0.886081 -0.640244 0.930609 1.784755 -0.223790 -0.830176 -1.737732 1.205572 0.975805 -0.359300 -2.306522 1.333237 1.758491 -0.374363 -0.726929 2.315911 -0.586159 -0.839070 -0.929918 -0.127251 -2.231406 -0.426693
61 0.643830 -0.254302 1.015000 0.096810 -1.224988 -1.126454 -0.240422 1.734812 1.170624 -1.602252 -0.917115 -0.659613 -1.223306 -0.792116 1.034047 0.176368 1.871872 -0.285031 0.614826 0.345853 -0.471772 0.491443 0.058985 -0.249684 -0.237055 0.541991 -0.530787 0.328282 -0.693634 -0.176651 -1.343523 -0.019452 0.465950 -0.531700 0.440618 -0.401947 0.348711 -0.064169 0.586662 1.485608 -0.514230 0.941432 0.662025 -0.984409 -0.800537 -0.560304 -1.383639 -0.604226 0.511066 -2.157791
62 1.091780 0.186950 0.983900 0.724859 -0.163624 -0.970179 -1.027499 -0.068283 -2.559046 2.025488 -1.776439 -1.109915 -1.270717 0.591794 -0.149816 0.358533 0.187155 0.818869 0.070418 0.158989 0.174318 -0.072273 0.411344 -0.334631 0.010190 -0.775462 0.954736 1.010752 -0.193679 -0.259619 0.503408 1.757952 1.230547 0.144819 -1.686117 0.452524 0.249322 -1.043214 -0.655697 -0.018122 -1.015390 -0.500329 -0.328984 -1.836841 0.700551 0.250396 -1.530660 -0.644043 -0.483904 -1.052366
63 -0.796330 1.120967 -0.609496 -0.156964 -0.380751 -0.575145 -0.285548 1.210107 -0.406200 0.117293 0.922750 1.771751 1.540811 -0.387077 0.839668 1.674937 -0.143792 -0.358692 -0.572963 -0.805704 -0.151086 -0.915165 0.255088 0.354353 2.291030 1.048864 -0.055097 -0.402955 -0.132416 1.298467 -0.221525 -1.229043 -0.549249 1.484127 -0.662739 -2.284710 -0.701296 -0.222201 -0.916663 -0.884046 -0.606688 0.114721 -0.281627 -0.318082 0.590633 0.236585 0.301738 -0.870220 -0.015278 0.747927
64 0.288260 0.444155 -0.111832 -0.938785 -0.048694 0.612864 -0.835795 1.012309 0.597882 0.942963 -0.811719 -0.126917 0.232790 -1.643401 0.164143 -0.548615 0.273187 2.832193 -0.388720 0.329841 -0.211007 1.454810 0.155947 1.368701 0.638396 0.396209 1.335881 -1.001599 -1.349991 -0.175064 1.004662 -0.686310 0.419953 -1.566789 -0.906478 0.428959 0.206768 -0.294399 0.126911 -0.237351 -0.058698 0.772384 -1.355746 0.619657 0.316078 0.494105 1.473432 1.936862 1.435123 -0.631480
65 -1.068354 1.047541 -0.536405 0.489321 0.629682 0.084146 0.154080 1.148406 -0.243657 0.730323 -1.907748 0.896503 -0.253995 -1.272191 -0.116580 -0.218369 -0.173704 2.271090 1.250878 -0.305493 0.684459 1.031453 -0.452473 -0.028705 -0.168229 1.319369 0.140466 0.508709 -0.402263 -0.045656 -1.210432 -0.701435 0.576040 0.798842 0.494517 0.008341 1.618159 0.415765 0.359452 -0.695790 1.542337 -0.517501 -0.060899 -0.250442 0.554407 -0.606963 1.218779 2.499039 -1.219190 -0.504441
66 0.408638 -1.488456 -0.437030 0.037176 -0.023562 1.370262 0.571509 -0.044319 -0.922308 -1.539330 -0.109497 0.814762 1.603246 -1.126412 -0.788786 0.020205 -0.701866 0.601339 -0.237536 -0.547088 -2.342534 -0.931783 1.072811 1.208047 -0.560099 -0.940366 -0.626251 -1.217023 -1.128163 0.417494 0.657173 0.305715 0.080175 -2.245776 -1.616433 0.617003 -1.905053 0.918619 -0.913120 0.072967 1.306608 -1.065863 -0.348774 0.660129 -0.466611 0.449540 1.080262 -0.606019 -0.820155 1.449861
67 -0.559909 1.870012 -0.908599 0.438838 1.655848 -1.054747 0.600848 -1.411632 -1.768572 -0.366395 -0.355812 0.364316 0.208721 1.111903 0.288045 -1.541079 -0.535393 0.921859 0.703507 0.301034 1.190697 1.398554 -0.925007 0.258374 -0.232434 0.075651 1.407887 1.884691 2.134770 -1.032313 2.454130 1.865728 0.950883 0.818600 0.166962 0.980433 0.129750 1.269850 1.741312 -0.267083 1.730241 -1.112377 1.648664 0.242007 1.964447 -0.390352 -0.109529 0.448495 -1.704454 1.190512
68 0.892645 0.099427 0.772742 0.785597 -1.541331 0.052705 -0.908974 -0.608407 -0.663720 -0.020518 0.989593 -1.713183 0.707958 -1.840888 -0.072047 0.536563 -0.743837 0.590966 -0.251174 -0.498054 1.319729 1.526177 -2.142395 0.198309 -0.065643 0.691406 -0.293997 0.779188 -0.430507 1.169838 -0.558980 -0.761812 -0.618212 -1.224490 -0.567929 -0.894437 0.828528 1.002114 0.057342 -1.700891 -0.040902 0.612016 -0.701481 -0.027198 -0.784083 1.013738 -0.321936 1.040158 0.055185 1.238820
69 1.554520 1.374691 0.031466 0.682831 -0.819390 1.070330 -1.726115 -0.014948 1.940025 -0.242715 0.442542 0.423099 0.564790 0.261876 -0.921946 0.525722 2.174231 -0.629592 -1.054575 0.889430 1.444218 -0.412703 1.334461 0.330003 0.490898 -0.547017 0.453537 0.358296 0.466982 -0.771582 -0.464605 -0.021317 -0.879812 0.816655 1.343510 -1.554213 -0.382642 -0.532552 -0.542517 -1.672103 -1.732182 0.081867 0.514313 2.404236 -0.140201 -1.373033 -1.989607 1.743977 -0.796850 -0.776179
70 -0.141116 -1.055803 -0.263549 0.759212 0.740276 -0.166803 -0.237470 0.083960 -0.509087 0.532575 1.312071 -2.246315 0.932169 0.289760 -0.716020 -0.621617 1.352915 0.288812 -0.646852 0.560981 -1.619333 1.193355 -0.055744 1.581927 0.338100 0.373474 0.761540 -1.953069 -1.821814 -0.341863 2.288784 1.603737 -0.360267 0.082770 -0.823972 0.815943 -1.439162 1.460201 0.181294 0.453623 -0.273586 -0.174674 0.254841 0.136438 2.063203 0.016146 -0.043958 0.383138 2.002882 -0.993269
71 -0.478906 -1.362996 -0.827286 -3.083647 0.785051 -0.050270 0.546059 -0.931103 -1.225757 0.107224 -1.186198 0.712183 -0.571813 0.517249 -1.512693 -1.749399 -0.431957 1.623142 2.460759 -0.303740 -0.232716 1.918118 0.592619 -0.118759 0.800821 -0.764483 0.373210 -0.317172 -0.504827 0.775555 1.447232 0.824611 0.338962 0.795922 -1.586337 0.129673 0.835501 0.688614 0.817976 0.677933 0.907691 0.247203 0.294041 1.196812 -0.022794 -1.245856 -0.651848 -0.467013 0.081483 -0.615862
72 -0.995526 -0.006203 -0.032909 -0.201898 -0.298641 0.033591 1.806551 0.764478 -0.143959 0.207387 0.247470 0.336475 -1.025362 -0.864449 0.248615 -0.884197 -1.330648 1.635115 -0.312345 -0.398825 -0.736620 0.013357 0.118921 -0.445304 0.288448 0.084384 -0.204323 0.651972 -0.206468 1.088284 -0.196531 0.648217 -0.916676 0.692784 -0.069901 0.672948 -1.730866 0.305701 2.083344 -0.722588 0.440421 0.592687 0.440472 1.061214 -1.558083 -0.185370 -1.974755 -0.162385 -0.223219 -1.513884
73 -0.061897 2.025470 0.118948 -0.959460 1.398983 0.068843 1.079939 1.846661 -1.208440 -0.469746 0.186279 -0.833146 -0.616260 0.143827 0.679831 -1.374819 -0.080817 -1.258287 -1.306731 -1.052184 -0.325399 0.147235 0.256809 1.471600 0.590965 0.536783 1.026484 -0.727770 0.445361 -1.363038 -0.630499 0.378439 1.063678 0.899126 0.204757 -0.012949 0.758476 -1.713357 -0.348208 -0.083023 0.769014 0.585185 -0.935645 -0.360675 -0.055932 -1.376580 2.083745 -0.379082 0.203488 0.632030
74 -0.090004 0.271203 2.680350 -0.400910 -0.391849 1.389543 -0.529412 0.360870 -1.619185 -1.277355 -0.714602 -1.074867 -0.051210 -0.874856 -0.492735 1.310084 0.756757 -0.695985 -0.219539 1.209825 0.225285 0.489738 -1.825518 -0.510408 -0.532493 0.570078 -1.325817 -1.477441 1.190826 1.041560 0.468600 0.257133 0.038185 1.245743 -0.122680 0.963106 0.344881 -0.880112 0.345463 -0.355342 1.419365 1.408529 0.048370 2.180738 1.749375 1.397667 1.330292 -0.009126 1.574341 -0.321244
75 1.530098 -0.931024 -0.482535 0.343831 -1.179816 1.496357 1.224027 1.366870 -2.487088 -0.656642 0.492416 -1.270599 1.276081 -0.294051 -1.227629 -0.675821 0.225003 0.578847 0.845694 -0.189250 1.234139 -0.721690 0.238651 -1.770555 0.664120 1.094469 -0.306619 -0.386659 0.619579 -0.862801 0.244571 0.223584 -0.873298 -1.226337 -0.238901 1.568645 -1.296555 1.580896 0.007510 -0.031752 -1.562207 0.524575 -0.767711 -0.307837 -0.895229 1.362972 -1.038998 -2.637150 0.138766 -0.609989
76 -1.846038 0.451860 1.326513 0.501433 0.858770 -0.499611 -1.280241 0.469645 -0.019056 1.672367 -2.136142 -1.520453 -1.316482 -0.183488 -0.903537 0.826895 -1.055751 -0.310170 0.229662 -1.379843 -0.694437 0.657449 -1.344884 -1.137997 0.101320 0.328120 0.224816 -0.734444 -0.626493 -0.025979 0.168945 -0.185126 2.005950 0.597961 0.125527 0.055049 1.125626 -1.564205 1.767478 1.320587 1.212578 -0.073202 -1.373834 -0.132007 1.025883 -0.200004 -0.023931 -0.255700 0.028587 -1.453095
77 1.037604 0.972364 -0.972921 -0.817957 0.167720 -1.092227 1.842410 -0.129507 -1.431040 1.480533 0.226278 -0.592084 0.942825 -0.356924 -1.166540 0.476451 2.167783 -1.805303 2.692947 0.671420 0.674761 -1.031207 1.495196 1.984949 0.037631 -1.952263 0.567173 -0.001249 -0.285915 -0.866297 1.647688 1.678845 -0.545855 0.229490 1.381545 0.737838 1.314083 1.215090 0.574570 -0.737301 0.639205 2.234899 2.200638 1.255742 0.817729 0.639150 0.204404 1.312427 -0.478856 1.874475
78 -1.698635 1.633011 1.266795 0.773708 0.952365 0.319787 0.720938 0.678955 -0.575594 1.091092 2.112052 -0.645587 1.167552 -0.540511 -0.166625 -1.154155 -0.052621 -1.616748 2.864679 -1.305540 0.873438 -0.245291 0.371627 0.433669 1.278556 0.897301 -0.440556 0.605238 0.864055 1.098031 -0.259631 1.410033 1.198908 2.272539 2.137089 0.745291 -1.392627 0.151862 0.884794 0.018695 -0.577771 -0.529075 -0.010437 1.693837 -0.293619 -1.908189 0.578924 0.300951 -0.063941 -0.189857
79 0.727803 -0.259240 0.485337 -0.485939 0.830833 1.093312 -0.028164 -2.068809 -1.905145 0.607890 -0.500654 1.508440 -2.687177 0.202397 -1.821800 0.636703 -0.867167 0.985411 0.360339 -1.228930 -1.069060 -1.140500 -0.156227 -0.355496 -1.387765 -1.353188 0.567805 0.876068 -1.263300 1.431537 -0.015768 -1.081942 0.000843 0.816582 0.258211 0.030543 -0.273127 -0.828545 0.291820 0.398399 0.336998 0.580442 0.210721 0.024008 0.131365 0.136468 -2.295048 -0.321093 1.312399 1.909599
80 -0.032185 -0.097600 0.345654 -0.008357 0.582408 -0.551517 -0.249040 0.194805 -0.147124 -0.501063 0.913319 0.902577 -1.023701 -1.767367 1.255415 -1.235313 -0.773822 1.329499 -1.752443 -0.553004 1.424934 -0.630036 -0.669736 0.425904 -0.929698 -0.819163 -0.612767 0.370816 0.430789 1.146910 1.083908 2.344539 0.641385 0.380489 -0.919468 -0.690089 0.133325 -0.383215 -1.028657 1.248196 -1.494275 -1.191358 0.041503 -2.092400 0.733019 -0.393752 -1.557671 0.334247 0.916781 -0.641893
81 0.774371 -0.290480 0.096952 -0.808134 -0.164780 -0.187199 -0.535736 -0.379588 1.893058 0.461646 -0.094550 0.127761 0.378159 0.405964 -0.685741 1.064948 0.122202 0.300667 0.917777 0.887353 -0.405734 -0.786807 -1.457114 -1.198440 0.154216 -1.500568 0.585136 -0.571969 0.631877 -0.088021 0.723039 -0.175070 -1.130461 2.094132 0.951939 0.495353 0.521904 -0.186841 -1.770439 0.864573 -1.013762 2.186739 -1.809441 -0.428818 1.173992 -1.375753 -1.092127 -2.341641 0.904564 -0.855019
82 -0.033555 -0.001554 0.437471 -0.559953 -0.472412 1.462179 -0.371381 -0.579723 0.211313 -2.113251 -0.489531 0.538185 0.843550 1.779289 0.638504 -0.190119 0.009469 0.667342 -0.977171 1.313875 0.904162 -1.499641 -0.650562 1.140925 1.182233 -0.415531 -0.741047 0.754356 0.712541 0.603177 -1.386486 -1.901954 -0.420829 0.482851 0.596342 0.442302 0.226712 -0.147213 0.003455 0.345026 -0.003503 0.895128 -2.837877 -0.781060 1.198782 0.430569 -0.929461 2.380575 -1.119934 0.334529
83 1.307640 0.617947 -0.256877 1.483643 0.178667 1.406795 0.194441 -0.974944 -0.505895 -0.868009 0.116324 -0.134899 0.928333 -0.823286 -0.416945 0.713479 -1.808387 -0.312685 0.217915 -0.562919 -1.170237 -1.120020 -0.375732 -0.478465 -0.467703 0.331864 0.141681 -0.727469 -0.383216 1.427682 0.547583 -0.486696 -0.711157 -0.106734 0.407669 -1.819205 1.267512 0.004797 -2.361298 1.028171 0.388990 -1.338287 0.439292 -2.664831 -0.983217 -0.129630 0.228813 0.752736 -0.166986 0.913315
84 -1.571848 1.416735 -0.525344 -0.249969 -1.239413 0.329391 -0.620540 -0.306966 -0.107867 1.426487 0.058191 -1.020101 1.615931 -0.651227 -0.185140 -0.121913 -0.315208 0.035238 -0.191571 -0.446114 -0.322476 1.189026 0.460198 -1.137568 -0.529851 -2.305264 1.432608 2.025523 0.878751 0.226110 0.871874 0.508351 -1.400782 -1.496392 0.519068 0.560248 0.613890 -0.424878 -0.321784 1.298992 -0.671348 -1.910617 0.786058 -0.029567 0.124730 -2.843078 0.294279 0.413767 0.594638 0.293549
85 -0.049082 -0.477839 -1.207835 0.956796 1.056817 -1.439124 -1.278245 0.819716 -1.591842 0.375929 -0.954620 -0.135780 1.398203 -0.308214 -1.417853 -0.406578 0.700745 -2.014415 1.730314 1.699958 0.370909 -0.613033 0.399800 -0.988793 1.189001 -0.499874 -0.604655 2.056667 0.715778 0.285882 -0.271541 -1.143808 -1.268530 0.524748 -0.567410 1.124632 0.080985 0.060014 -0.475816 0.132860 -0.148919 -0.193173 0.804245 1.301527 -0.345809 -1.249737 0.379757 -0.975301 0.456312 -0.261098
86 -0.524226 0.925571 1.834701 -0.994179 0.220013 0.747701 0.175814 -1.070008 0.061044 0.422674 0.195946 0.660023 0.143576 0.484423 1.071110 -0.374128 0.049722 -0.200996 0.044905 0.648406 -1.169539 -1.286402 -0.249519 0.982358 -0.179763 -0.244872 1.209687 -0.448653 1.141913 -0.475716 0.084801 0.200181 0.693606 1.874964 0.405011 -0.654661 -0.765995 -0.133201 -1.423875 0.436640 0.873663 0.241061 -1.034631 0.558735 1.087480 -0.279838 -0.610740 -0.600871 0.975368 -0.620709
87 1.029176 0.912155 0.308176 -0.188746 -1.642119 1.055918 0.776921 0.392888 -0.362527 3.570622 -0.226787 0.201104 0.733145 1.547998 -0.315670 0.229751 0.631915 0.380921 -0.853928 -1.110269 0.915906 2.327228 -1.114664 0.889810 -0.650215 -0.186738 1.289515 1.098318 -0.417778 0.003369 0.113790 0.995653 0.544963 3.275102 0.455353 -1.700966 -0.588787 0.967671 -1.695140 1.334398 0.686370 0.698306 -1.063023 0.538056 0.750663 -0.051994 2.640424 0.648662 -0.989666 0.412806
88 -0.805519 0.762915 -0.362982 -0.867704 -1.673037 1.850528 -0.336352 1.252243 -0.844879 1.636334 -0.882956 1.365667 0.743207 0.451948 -0.221148 -0.243963 -1.543493 -0.194703 4.421695 -1.717124 -1.453263 0.242532 0.725017 0.186143 -0.444233 0.208882 0.199539 2.369250 0.613371 0.364067 1.016602 3.898189 0.111804 -0.372137 0.635467 2.603645 -0.678938 -0.081259 1.670302 1.597193 0.618927 0.776807 0.166297 -0.581239 -0.967243 1.783902 -0.697346 0.355581 0.528165 0.562806
89 -0.994876 1.321504 -2.417679 -0.286060 -0.603372 -0.218926 -0.251329 0.010696 -0.100837 0.757301 0.013480 -0.648566 0.737712 0.543096 0.550248 0.523476 0.091162 1.955214 1.417047 -0.192774 0.237850 1.069715 -0.311049 0.454451 0.295729 2.334096 -0.274252 0.747621 0.713912 -0.666399 0.998413 -0.226517 -0.081039 1.334389 0.074829 -0.374014 0.492043 -0.357540 0.117952 0.378226 -0.661904 -0.963646 -1.721262 -0.293492 1.115070 -0.223595 0.194690 -0.855740 -1.423213 0.415186
90 -0.630876 0.859160 0.053485 2.718406 -1.193369 -1.222090 -1.466693 -1.826562 -0.767999 -1.081538 -0.184009 0.934253 0.424602 0.576636 0.516401 0.630350 0.135262 0.408414 -0.545662 1.830313 -0.547916 2.099125 -1.219561 -0.698670 -0.742144 -0.651075 0.399944 -0.929786 -0.262212 1.032713 1.463825 -0.374960 0.970717 -1.255951 -0.056529 -0.361171 -0.661127 -0.307251 0.797202 0.968661 1.103513 -1.374884 0.028895 -2.737431 -0.232850 1.391471 0.189264 0.005891 0.622951 -0.518865
91 0.303738 -0.826977 1.206578 -0.976423 -1.446577 1.814747 0.023861 -0.060427 0.829074 -1.644996 -1.350775 0.031471 -1.073934 -1.388774 -0.820219 0.728575 -0.034363 -1.333014 -0.905101 -0.903254 0.288540 -0.061087 0.204835 2.033795 -2.001182 1.519959 -0.563487 -0.521156 -1.391936 0.249452 0.931651 -1.025440 0.928919 -0.506765 -0.273789 1.738759 1.269947 0.654737 1.077711 -0.551033 -0.299903 1.272906 1.182517 3.268836 0.063739 -0.164501 -0.513400 -1.439286 -0.516861 0.489251
92 0.087732 -0.709938 -1.276430 1.269156 1.208990 0.921214 -0.334830 0.129811 -0.524178 0.175020 1.280730 -0.448466 -0.671355 1.998410 -0.267266 -0.317844 0.274317 0.649715 -0.328284 1.129781 1.193480 0.507992 0.756930 -0.689789 0.708276 -1.370321 -1.548609 0.466122 0.412329 -0.491999 -1.056847 0.084399 0.605650 -1.157720 0.196745 0.296619 0.622117 0.528165 -1.253949 -0.697568 1.092527 0.325704 -0.446767 1.568166 0.342597 0.887030 0.172252 -0.475452 -0.389869 0.168676
93 -0.269662 0.656778 -1.453749 0.789902 0.400549 0.342796 1.033041 0.825290 -1.723419 0.148617 -1.134180 2.051808 0.930703 1.142026 -0.718595 -0.118526 0.198455 -1.317977 0.534422 0.360868 0.928111 1.266225 0.954481 0.121667 -0.035186 0.045111 -0.440088 1.579076 -0.147036 -2.202400 -0.188732 -1.023653 -0.063975 0.486405 0.191427 0.000999 -0.096489 1.450133 0.219012 -3.138384 -0.763466 -0.317969 -1.174230 1.694839 -1.579563 1.259299 -0.947267 -0.129970 1.418130 -0.690632
94 -0.744640 0.596980 -0.341881 -0.568005 -0.067679 -0.758575 0.769005 0.323996 1.225065 0.399833 -0.119726 -1.969267 0.596283 0.007304 0.931069 0.670220 0.790982 0.357671 -0.296687 1.230817 -0.614368 -0.043069 -0.511833 -0.972245 0.309902 -0.058895 -0.153187 -0.041229 -2.119563 -0.032073 2.118413 0.410718 1.545951 -1.016646 2.154451 0.690684 0.065361 0.450132 0.272821 -0.623640 1.138986 -1.683955 0.228415 -0.512080 0.921349 -0.684911 0.663021 0.944283 0.743011 -1.306612
95 1.527933 0.062923 0.115531 1.116660 -0.030721 -1.069225 -0.081966 -0.002224 -1.569602 1.560908 -0.291843 -1.246690 -0.050974 1.247331 2.006733 -0.506301 0.144919 -1.595512 -0.630635 -0.773822 -1.342063 1.737395 1.238780 0.169005 -0.008876 0.415398 -0.584165 0.339901 0.169324 -0.699634 -0.803888 -0.835022 0.437558 -1.038011 -1.468450 1.352464 -1.084320 -2.823815 1.527422 -0.520114 0.212901 0.079845 1.487285 -1.323641 0.046731 -0.422950 -0.432008 -0.046087 -1.175133 1.925193
96 -1.865916 -0.137538 -0.297023 2.745950 -0.229392 -1.431454 0.402593 1.161816 -0.909882 0.087871 0.102751 0.047896 -0.347718 1.014162 0.432090 0.678811 0.017256 0.173840 0.348796 0.811209 -0.060017 -0.900661 -2.060341 -1.026537 -0.357355 -0.073059 -0.089450 -0.133124 -0.714359 -0.420069 1.560588 -0.051740 -0.559966 1.012119 -1.071936 0.744293 -0.135713 -0.881206 -0.307556 1.096394 1.253900 0.565664 0.758290 0.615253 -2.022112 -1.442348 1.490721 1.801266 -1.008533 -0.001411
97 0.670040 0.002520 0.565062 0.567471 0.451914 1.307656 0.947630 0.925450 0.154170 -1.830478 -0.743783 0.890658 1.148140 0.576941 0.626448 -1.381358 -0.999686 -0.075948 -0.863941 0.820085 -1.870481 0.444107 0.796715 0.967035 1.320053 -0.691262 1.519317 0.398432 0.296834 -0.523811 0.373467 0.502153 0.277098 0.644963 0.417243 0.019284 0.560552 -1.006756 -0.156969 -1.568843 0.072129 0.910230 1.244222 0.288318 -0.144333 0.973804 0.124377 -0.230125 -0.152823 -0.373643
98 0.969816 2.013158 1.526336 0.124123 -2.005827 1.145755 0.046991 -1.757136 -0.970272 -1.713181 -0.647413 0.690180 0.690772 2.505671 0.404229 0.078982 0.520422 -0.827550 -0.138864 0.365780 1.317341 0.056814 -1.370195 -0.608623 -0.412841 -0.224779 1.404047 -1.548755 0.005855 -1.905608 -0.281401 0.510493 1.528269 0.515270 2.004479 0.947154 -1.110348 -0.604499 0.435895 -1.271787 -0.702647 0.801193 0.566662 0.127408 -0.165255 0.946474 -1.494499 -0.299088 0.338420 0.521068
99 -0.493149 0.595971 -0.444496 -0.384045 0.368575 -0.938928 0.827424 0.652802 0.157105 -1.777305 0.750415 0.663197 -0.138077 1.252878 -2.050091 0.711028 0.398093 -0.544267 2.627648 0.720716 -0.587528 -0.497358 -0.339839 -0.702826 1.864384 -0.437541 -0.812261 0.878349 0.380667 -0.994337 -0.896967 -0.409026 -1.508263 0.965331 -0.905996 0.483275 -0.679804 -1.618521 0.089326 -0.735468 1.799117 1.482261 -0.015424 1.145595 0.056906 -0.379413 -0.343649 -0.500353 0.150465 1.774283
END
#################################################################
SECTION3 (Edges Information)
EndPoint0 EndPoint1 Weight
0 1 1.000000
0 9 1.000000
0 10 1.000000
0 90 1.000000
1 0 1.000000
1 2 1.000000
1 11 1.000000
1 91 1.000000
2 1 1.000000
2 3 1.000000
2 12 1.000000
2 92 1.000000
3 2 1.000000
3 4 1.000000
3 13 1.000000
3 93 1.000000
4 3 1.000000
4 5 1.000000
4 14 1.000000
4 94 1.000000
5 4 1.000000
5 6 1.000000
5 15 1.000000
5 95 1.000000
6 5 1.000000
6 7 1.000000
6 16 1.000000
6 96 1.000000
7 6 1.000000
7 8 1.000000
7 17 1.000000
7 97 1.000000
8 7 1.000000
8 9 1.000000
8 18 1.000000
8 98 1.000000
9 0 1.000000
9 8 1.000000
9 19 1.000000
9 99 1.000000
10 0 1.000000
10 11 1.000000
10 19 1.000000
10 20 1.000000
11 1 1.000000
11 10 1.000000
11 12 1.000000
11 21 1.000000
12 2 1.000000
12 11 1.000000
12 13 1.000000
12 22 1.000000
13 3 1.000000
13 12 1.000000
13 14 1.000000
13 23 1.000000
14 4 1.000000
14 13 1.000000
14 15 1.000000
14 24 1.000000
15 5 1.000000
15 14 1.000000
15 16 1.000000
15 25 1.000000
16 6 1.000000
16 15 1.000000
16 17 1.000000
16 26 1.000000
17 7 1.000000
17 16 1.000000
17 18 1.000000
17 27 1.000000
18 8 1.000000
18 17 1.000000
18 19 1.000000
18 28 1.000000
19 9 1.000000
19 10 1.000000
19 18 1.000000
19 29 1.000000
20 10 1.000000
20 21 1.000000
20 29 1.000000
20 30 1.000000
21 11 1.000000
21 20 1.000000
21 22 1.000000
21 31 1.000000
22 12 1.000000
22 21 1.000000
22 23 1.000000
22 32 1.000000
23 13 1.000000
23 22 1.000000
23 24 1.000000
23 33 1.000000
24 14 1.000000
24 23 1.000000
24 25 1.000000
24 34 1.000000
25 15 1.000000
25 24 1.000000
25 26 1.000000
25 35 1.000000
26 16 1.000000
26 25 1.000000
26 27 1.000000
26 36 1.000000
27 17 1.000000
27 26 1.000000
27 28 1.000000
27 37 1.000000
28 18 1.000000
28 27 1.000000
28 29 1.000000
28 38 1.000000
29 19 1.000000
29 20 1.000000
29 28 1.000000
29 39 1.000000
30 20 1.000000
30 31 1.000000
30 39 1.000000
30 40 1.000000
31 21 1.000000
31 30 1.000000
31 32 1.000000
31 41 1.000000
32 22 1.000000
32 31 1.000000
32 33 1.000000
32 42 1.000000
33 23 1.000000
33 32 1.000000
33 34 1.000000
33 43 1.000000
34 24 1.000000
34 33 1.000000
34 35 1.000000
34 44 1.000000
35 25 1.000000
35 34 1.000000
35 36 1.000000
35 45 1.000000
36 26 1.000000
36 35 1.000000
36 37 1.000000
36 46 1.000000
37 27 1.000000
37 36 1.000000
37 38 1.000000
37 47 1.000000
38 28 1.000000
38 37 1.000000
38 39 1.000000
38 48 1.000000
39 29 1.000000
39 30 1.000000
39 38 1.000000
39 49 1.000000
40 30 1.000000
40 41 1.000000
40 49 1.000000
40 50 1.000000
41 31 1.000000
41 40 1.000000
41 42 1.000000
41 51 1.000000
42 32 1.000000
42 41 1.000000
42 43 1.000000
42 52 1.000000
43 33 1.000000
43 42 1.000000
43 44 1.000000
43 53 1.000000
44 34 1.000000
44 43 1.000000
44 45 1.000000
44 54 1.000000
45 35 1.000000
45 44 1.000000
45 46 1.000000
45 55 1.000000
46 36 1.000000
46 45 1.000000
46 47 1.000000
46 56 1.000000
47 37 1.000000
47 46 1.000000
47 48 1.000000
47 57 1.000000
48 38 1.000000
48 47 1.000000
48 49 1.000000
48 58 1.000000
49 39 1.000000
49 40 1.000000
49 48 1.000000
49 59 1.000000
50 40 1.000000
50 51 1.000000
50 59 1.000000
50 60 1.000000
51 41 1.000000
51 50 1.000000
51 52 1.000000
51 61 1.000000
52 42 1.000000
52 51 1.000000
52 53 1.000000
52 62 1.000000
53 43 1.000000
53 52 1.000000
53 54 1.000000
53 63 1.000000
54 44 1.000000
54 53 1.000000
54 55 1.000000
54 64 1.000000
55 45 1.000000
55 54 1.000000
55 56 1.000000
55 65 1.000000
56 46 1.000000
56 55 1.000000
56 57 1.000000
56 66 1.000000
57 47 1.000000
57 56 1.000000
57 58 1.000000
57 67 1.000000
58 48 1.000000
58 57 1.000000
58 59 1.000000
58 68 1.000000
59 49 1.000000
59 50 1.000000
59 58 1.000000
59 69 1.000000
60 50 1.000000
60 61 1.000000
60 69 1.000000
60 70 1.000000
61 51 1.000000
61 60 1.000000
61 62 1.000000
61 71 1.000000
62 52 1.000000
62 61 1.000000
62 63 1.000000
62 72 1.000000
63 53 1.000000
63 62 1.000000
63 64 1.000000
63 73 1.000000
64 54 1.000000
64 63 1.000000
64 65 1.000000
64 74 1.000000
65 55 1.000000
65 64 1.000000
65 66 1.000000
65 75 1.000000
66 56 1.000000
66 65 1.000000
66 67 1.000000
66 76 1.000000
67 57 1.000000
67 66 1.000000
67 68 1.000000
67 77 1.000000
68 58 1.000000
68 67 1.000000
68 69 1.000000
68 78 1.000000
69 59 1.000000
69 60 1.000000
69 68 1.000000
69 79 1.000000
70 60 1.000000
70 71 1.000000
70 79 1.000000
70 80 1.000000
71 61 1.000000
71 70 1.000000
71 72 1.000000
71 81 1.000000
72 62 1.000000
72 71 1.000000
72 73 1.000000
72 82 1.000000
73 63 1.000000
73 72 1.000000
73 74 1.000000
73 83 1.000000
74 64 1.000000
74 73 1.000000
74 75 1.000000
74 84 1.000000
75 65 1.000000
75 74 1.000000
75 76 1.000000
75 85 1.000000
76 66 1.000000
76 75 1.000000
76 77 1.000000
76 86 1.000000
77 67 1.000000
77 76 1.000000
77 78 1.000000
77 87 1.000000
78 68 1.000000
78 77 1.000000
78 79 1.000000
78 88 1.000000
79 69 1.000000
79 70 1.000000
79 78 1.000000
79 89 1.000000
80 70 1.000000
80 81 1.000000
80 89 1.000000
80 90 1.000000
81 71 1.000000
81 80 1.000000
81 82 1.000000
81 91 1.000000
82 72 1.000000
82 81 1.000000
82 83 1.000000
82 92 1.000000
83 73 1.000000
83 82 1.000000
83 84 1.000000
83 93 1.000000
84 74 1.000000
84 83 1.000000
84 85 1.000000
84 94 1.000000
85 75 1.000000
85 84 1.000000
85 86 1.000000
85 95 1.000000
86 76 1.000000
86 85 1.000000
86 87 1.000000
86 96 1.000000
87 77 1.000000
87 86 1.000000
87 88 1.000000
87 97 1.000000
88 78 1.000000
88 87 1.000000
88 89 1.000000
88 98 1.000000
89 79 1.000000
89 80 1.000000
89 88 1.000000
89 99 1.000000
90 0 1.000000
90 80 1.000000
90 91 1.000000
90 99 1.000000
91 1 1.000000
91 81 1.000000
91 90 1.000000
91 92 1.000000
92 2 1.000000
92 82 1.000000
92 91 1.000000
92 93 1.000000
93 3 1.000000
93 83 1.000000
93 92 1.000000
93 94 1.000000
94 4 1.000000
94 84 1.000000
94 93 1.000000
94 95 1.000000
95 5 1.000000
95 85 1.000000
95 94 1.000000
95 96 1.000000
96 6 1.000000
96 86 1.000000
96 95 1.000000
96 97 1.000000
97 7 1.000000
97 87 1.000000
97 96 1.000000
97 98 1.000000
98 8 1.000000
98 88 1.000000
98 97 1.000000
98 99 1.000000
99 9 1.000000
99 89 1.000000
99 90 1.000000
99 98 1.000000
END
#################################################################
SECTION4 (TrueSubGraph Information)
EndPoint0 EndPoint1 Weight
67 77 1.0
77 78 1.0
78 88 1.0
88 87 1.0
END
#################################################################
SECTION5 (Labels Information)
0 1 0 0 0 0 0 0 0 1 0 0 1 0 0 0 0 0 1 0 0 1 0 0 0 0 1 1 1 0 1 1 0 1 1 1 0 1 0 1 1 0 1 0 1 0 0 1 0 1 
END
#################################################################
SECTION6 (bt Information)
-5 5 -5 -5 -5 -5 -5 -5 -5 5 -5 -5 5 -5 -5 -5 -5 -5 5 -5 -5 5 -5 -5 -5 -5 5 5 5 -5 5 5 -5 5 5 5 -5 5 -5 5 5 -5 5 -5 5 -5 -5 5 -5 5 
END
#################################################################
