#################################################################
#APDM Input Graph, this input graph includes 3 sections:
#section1 : general information
#section2 : nodes
#section3 : edges
#section4 : trueSubGraph (Optional)
#
#if nodes haven't information set weight to null
#################################################################
SECTION1 (General Information)
numNodes = 100
numEdges = 200
usedAlgorithm = NULL
dataSource = SimulationData2
END
#################################################################
SECTION2 (Nodes Information)
NodeID Base Counts
0 0.644755 1.827533 0.102239 0.790570 -0.049339 0.560152 -1.734027 0.854677 1.366980 1.877176 -0.194945 -0.942837 0.958704 -0.498107 -0.581527 0.089022 -3.098615 -0.720688 -0.032026 0.693874 0.302093 -1.257654 -0.944188 -0.941779 -0.228676 -1.849329 -0.591315 1.820166 0.585118 -1.001579 0.424259 1.268807 -1.910173 0.608497 0.020516 0.526424 -1.090141 0.440962 0.999158 0.793806 -0.233692 1.339684 -0.760710 1.558403 0.558046 0.201750 0.177752 -0.084661 0.012990 0.548907
1 0.460349 -0.638270 -1.384027 0.850584 1.553538 -0.158033 -0.432813 1.575661 0.974308 1.038699 -0.343091 0.077530 0.143958 0.959556 -0.535284 2.139082 0.269301 -0.209106 1.824841 1.277614 2.548716 3.068733 1.847078 -0.191068 -0.497407 2.727113 -1.003899 2.227744 -0.954659 1.838304 -2.054129 2.725904 0.856478 0.292163 -0.196779 0.668095 1.467151 3.155958 0.252282 3.711215 -1.260188 2.973334 -0.202316 2.772965 3.135986 -0.352383 2.467130 1.815433 -1.158628 -1.368338
2 -1.269469 -0.746354 -0.498494 1.087420 2.925023 2.484758 -2.161693 -2.237678 0.637343 1.417835 -0.857887 0.955102 -0.663072 0.010756 0.781187 1.857426 2.569889 0.970068 1.650058 -0.874720 0.821701 1.200903 -1.522344 -1.227669 -1.154098 0.033521 -1.887098 3.772892 -0.488697 0.976004 0.309904 2.738438 1.073152 0.833680 -0.032119 0.846323 2.225774 3.102615 0.679994 1.049451 -1.081344 -0.088671 -1.546161 1.692037 1.523863 -1.709214 1.703667 2.372020 1.231273 -2.001294
3 0.308019 -1.134941 0.982719 -0.213867 -0.746098 -1.421412 -0.313636 -0.559241 1.533671 -0.050555 -1.595029 0.041115 -1.798653 -0.154168 0.283529 1.053685 -0.807273 0.316531 -0.543510 0.581880 1.342006 2.413372 0.111041 0.135514 -0.670494 0.134930 -1.161957 0.726379 0.449620 -1.185837 2.426016 0.552871 -0.254888 -0.127326 -1.086164 1.091506 -1.009724 1.889517 -0.585681 0.764780 -0.352416 -0.507085 2.241446 -0.289569 -0.656789 0.414777 0.430325 0.954210 1.113957 0.315349
4 0.235962 0.296652 0.640650 -0.891993 1.057135 -1.097057 -0.456962 1.487697 -0.454529 1.532809 0.238655 -0.109167 0.820306 1.008252 -0.546360 -1.464782 0.825707 -1.685491 -0.523638 -1.285773 -1.325489 -0.327293 -0.834543 1.162531 -1.123959 1.469747 -2.283761 -0.639078 0.201220 0.583096 0.644647 -1.504672 -1.017456 -0.034941 1.004228 -1.371883 0.454573 0.105584 -0.122641 -0.230271 -0.090011 0.152567 0.334058 -0.153314 0.974237 1.174647 0.633631 -0.872908 -1.435558 0.081394
5 -0.688012 -1.372330 2.322376 -0.478716 -0.528964 0.633679 0.929284 0.078578 1.933350 -0.776890 0.379295 -1.550835 0.090083 -0.757407 1.467215 -0.435894 0.963769 1.306858 -0.164059 -1.004392 -1.711200 -0.394872 -0.478871 0.667728 1.428136 0.076451 -0.406481 -1.035933 0.983608 0.414839 -0.742170 0.860676 0.227825 -0.460213 0.933266 -1.066546 0.421367 -1.268977 -0.820071 0.920792 0.561225 -1.002187 0.678532 -0.741785 -0.107778 -0.113624 0.908469 0.610050 0.396990 -1.271410
6 0.034972 1.640538 2.348040 1.590680 1.274465 -0.695797 0.136297 0.990259 0.856387 -1.445287 -0.883352 -0.464422 0.529149 -0.170071 -1.030221 0.552061 -0.372975 -0.204292 -0.103479 -0.769597 -1.375311 1.233290 1.226127 0.344767 -0.747164 0.278377 1.029776 -1.757799 2.089893 1.251847 0.460705 -0.327328 -0.718045 2.183743 0.412815 1.556945 0.029671 -0.937030 -0.031299 -1.521891 -0.056431 1.147121 -0.294456 0.294935 -0.602968 -0.302138 -0.401617 -1.422896 -0.637760 0.998452
7 -1.333590 0.499785 -1.714593 -0.534792 -0.577407 -0.229723 -0.044132 0.514934 1.800737 1.415339 0.919814 -0.330061 0.386778 0.700794 0.241774 0.660227 -2.079542 2.737041 -0.232836 -0.372305 0.248603 0.017920 0.861958 -0.512147 -0.053802 0.031987 -1.666750 -0.196223 0.053307 0.138169 0.174018 0.915444 -0.078427 0.025338 1.270965 -0.892446 -0.718160 -0.201165 -2.091360 1.516319 0.893689 0.872354 1.158709 -1.077712 2.711147 0.461280 0.741705 1.407158 -0.594009 -0.944129
8 -1.885220 0.683181 -0.911599 -0.798385 -0.317130 -0.927152 1.744483 1.016174 -0.002000 -0.852069 1.145956 -0.173203 -0.403762 -0.880515 -0.753428 -0.605380 0.349201 -0.607184 -0.186081 -0.192536 -1.066083 2.012104 0.941001 1.382232 0.440279 2.328247 0.346002 0.779352 -1.654523 -0.853414 -1.736691 0.054820 -0.209878 0.407397 1.134639 -0.760416 0.169177 0.443150 -1.444494 1.037004 1.373233 -1.177668 -0.504646 -0.647425 0.319160 0.671530 -0.246918 -1.570890 0.962623 -0.037890
9 -1.194345 0.825213 -0.624573 -0.433280 -0.880149 -0.237621 -0.566555 0.477756 0.618585 1.435149 2.026212 -0.154414 1.569870 0.768275 -1.241108 0.570209 -1.016339 1.129476 0.241958 -1.047220 0.107600 -0.995446 1.357113 0.103810 1.161939 -0.670411 1.749267 -1.250168 -0.453868 0.491260 0.245530 -0.262513 1.724443 -0.648338 0.628891 -0.670219 2.412737 -0.188929 0.281737 0.169102 -0.577617 -0.623862 0.027184 -0.107941 1.563693 2.129492 0.778752 0.704680 0.818127 0.200552
10 0.095482 0.904947 -0.696691 -0.641971 -1.546936 -1.092485 -0.504674 -0.714704 1.053685 0.547205 1.446232 0.193175 -0.418961 0.157851 -1.323086 0.818551 -0.157689 0.317380 -0.978746 -0.013819 0.074319 -0.336171 -1.185225 -1.082571 1.176735 0.809810 -0.725538 -1.213758 -1.647628 -0.067790 -0.042275 -1.342662 -1.664503 1.996279 0.553015 0.978743 0.252083 0.225179 0.614805 0.985048 -0.258303 -0.031449 1.137949 0.853701 0.785517 0.245587 1.168800 -2.086233 0.867342 0.821246
11 -0.678626 1.261937 -0.360454 -0.959655 2.132636 2.108339 1.195592 -0.900805 0.183963 1.584206 -0.208876 -1.070110 -0.680230 0.631682 0.346231 0.954401 1.732988 0.794265 1.964510 2.070688 1.844102 1.306962 0.188686 1.621266 -0.911216 -0.066255 -0.181641 2.064779 -0.687616 1.125204 0.455113 1.961475 -1.284418 1.793649 -1.840582 -1.458211 2.265018 2.488304 -0.319245 1.542484 -1.580141 2.789001 0.176378 3.089347 0.651682 -0.690708 2.973562 0.801287 -0.278211 1.909042
12 1.994212 0.694921 0.653848 1.171268 2.528981 2.520494 1.133283 1.523822 0.614544 3.142024 0.210599 -1.467135 -0.218187 0.182908 -0.621227 3.261436 1.442281 1.380369 1.530611 0.833498 2.184147 1.862401 -0.534484 0.295380 0.981318 0.293766 2.234820 3.871314 0.686504 4.429274 -0.145119 2.332149 0.401861 0.308266 0.004016 -0.170244 3.130301 1.609656 2.558306 3.272727 -0.089057 1.984900 2.145509 1.862673 4.305274 -1.043544 2.498459 0.894989 0.560745 2.318249
13 0.077705 1.262542 -0.710957 -0.849501 2.437807 0.677116 -1.743977 1.374630 -0.671996 -0.955171 -0.167084 -1.154473 0.777584 -1.203232 -2.976253 0.073685 1.680674 -0.379364 1.557043 0.941909 -0.639141 0.283588 -0.289361 0.454911 -0.216695 -0.850536 1.111392 1.269048 -0.650489 0.785506 1.917987 -0.714243 -0.258682 1.119656 0.558125 0.226298 -1.338343 0.147752 0.896706 0.436229 0.553791 -1.442410 2.516604 -1.049619 -0.966334 0.274940 1.244944 -0.715061 0.413982 -0.983460
14 -1.132974 -0.372910 2.231305 0.185700 -1.305034 -0.137736 0.155883 -1.229900 1.356974 -0.115462 2.078175 0.229517 0.377901 0.250913 -0.622586 0.763302 -0.762212 1.822908 -2.083366 0.245060 0.225600 0.966389 0.486970 0.301012 -1.015240 0.184834 0.347262 0.795512 -1.353879 -0.979696 -0.913026 -0.263884 -0.509760 0.761552 0.358532 -0.462427 -2.095788 0.297461 0.463758 0.197618 -0.012171 0.616670 -2.573070 0.167477 0.238084 0.843369 -0.338046 -0.080801 -0.064867 0.090876
15 0.786304 0.005934 -0.879306 -0.247705 1.696209 -0.617868 0.942773 0.173577 0.346849 0.224704 -1.394598 -0.552303 0.695242 1.031352 -0.920702 -1.919733 -0.794927 -0.146226 2.139933 1.819750 0.318781 -0.135895 2.428792 -0.749607 -0.724435 -1.139684 -0.871792 -0.271196 0.525200 1.004649 0.443544 1.183687 -0.113754 -1.460944 2.250794 0.605124 -0.414909 -0.594962 0.404819 -0.283323 -0.522450 0.362673 -0.631170 -0.859542 0.012390 -0.083538 -1.914512 0.541810 -1.657330 0.758192
16 0.852718 0.386360 0.195570 -1.183545 0.185120 1.339946 -0.347724 1.033968 -0.327072 0.605884 0.599019 -0.618885 -0.054785 -0.608263 1.225085 -0.341080 0.309486 0.163142 0.882625 0.646611 1.353071 -0.068877 -0.930881 -1.601166 1.309942 1.131162 1.135908 1.235998 0.451237 0.006797 1.399915 -0.447933 -0.632828 -0.235515 -1.555934 -0.061754 2.156850 1.022283 0.399403 1.038208 0.518471 -0.880755 1.787554 -0.893209 0.775939 -0.720841 -0.165974 -0.080872 1.129290 1.742882
17 0.435573 0.921131 1.229387 0.654920 1.217736 0.729274 0.577673 -2.540326 0.381633 -0.167433 -0.968425 0.761160 -0.413403 -0.167259 0.368637 0.187339 1.001593 -0.640814 -0.276613 -1.084511 0.325501 -1.309174 0.223126 0.872290 1.031039 1.186038 -0.087028 -2.487235 -1.294548 0.283976 -0.754800 0.902537 -0.154364 0.249967 0.743736 -0.370759 0.147911 -0.302773 -3.312493 0.691738 0.502352 -1.568598 -1.376136 1.058879 0.067684 -0.433101 0.253430 -1.430732 0.237624 2.118231
18 -0.558034 -0.415155 1.167974 0.768720 0.545092 1.963107 0.689637 -1.329078 -1.218122 0.225058 0.085621 -0.364129 0.136252 0.496863 1.151332 0.936823 1.065084 0.865531 0.939326 0.777519 0.928453 0.143026 0.274480 1.387394 -0.965813 0.031786 -0.749345 -0.303451 -0.474085 -0.871438 -0.502205 -0.705859 -0.075947 -0.163803 -1.220568 0.613880 -1.693898 -0.216159 1.832465 -0.462622 -0.259163 1.244917 2.038562 0.555077 1.124338 -0.412049 -0.304311 -1.327380 0.434174 -0.290419
19 1.050394 -1.308709 -0.679630 -0.215693 1.877371 0.305106 1.760988 -1.278924 -0.562330 0.630942 -0.230342 1.509963 -0.603175 -0.315560 0.022208 0.923953 0.353348 0.983875 -1.311504 1.007785 -0.860996 -1.357477 1.340058 -0.624837 0.081951 0.486220 -0.002773 0.560157 -1.154880 -2.253223 1.547615 -0.605888 1.689299 -0.070953 0.386415 0.693112 -0.608947 0.673877 -0.038219 -1.152702 0.177790 0.504678 -1.011131 0.092576 1.247465 -0.048533 0.093002 0.599349 0.324478 0.894388
20 -0.430003 1.789598 1.495007 0.389789 -1.000953 0.130716 0.805126 -0.929301 0.275141 -0.621962 1.913149 -0.361918 -0.355197 -1.296407 -0.252978 0.300630 -0.660413 0.366401 -1.173722 1.275623 -0.885831 -1.287610 -0.819399 -1.146198 1.904779 -1.811013 0.629270 0.443132 0.385445 0.207948 -0.042628 -0.838022 0.982749 -1.085710 -0.134486 -1.033922 -1.770486 0.253334 -0.024904 0.575831 0.042905 -0.036078 0.082733 -0.111329 -0.646153 -1.782026 -0.135858 -2.537852 0.975451 0.265382
21 0.098432 -1.123326 -0.054848 -0.007113 1.907777 0.289555 0.220447 -0.202246 -1.775114 1.897179 -0.110614 0.294520 -0.440563 -0.656990 1.051694 4.180159 2.232729 -0.321418 2.541953 0.864591 2.655265 1.201662 -0.722017 0.559517 -0.423155 -0.762389 0.674513 2.057872 -1.505601 2.512809 0.443368 3.119158 -0.179978 0.471167 -1.460371 -0.842379 3.620166 1.643665 3.787774 1.391425 0.584978 2.183430 -0.981209 1.228793 2.549259 0.176129 1.611890 1.829027 0.663251 -0.033213
22 -0.673189 1.668743 0.788842 1.788349 -0.373153 -1.746031 0.656745 0.835908 0.469037 1.860651 1.423857 -0.586606 -0.586209 0.132660 1.641949 0.365529 1.424208 0.580557 -1.296868 -0.509730 0.297096 0.001909 0.437485 -0.670379 0.415942 -2.122806 -0.754419 0.431239 0.124064 -0.710319 0.118801 -0.047603 0.353608 0.632972 1.136873 -0.767174 0.391923 0.637818 0.816138 0.400575 -1.573180 0.253074 1.485760 -1.192024 -0.614511 1.087980 -1.121883 -1.214354 2.471752 -0.236371
23 -0.244877 1.362469 -0.983727 -0.104978 -0.497945 -0.966569 -0.551775 -0.544104 0.034750 0.689360 -0.087896 1.881281 0.441413 -0.639375 -1.119511 -0.253787 1.033352 -0.719896 -0.104718 -0.956204 0.738818 0.812834 0.538818 -2.103744 1.953103 0.055471 -0.341903 0.565816 0.478220 -0.467203 1.020484 0.220571 -1.634345 0.347122 1.881344 -0.179511 -0.015037 1.617628 0.541824 -1.499122 -0.430497 2.463858 -1.477388 -0.753920 -0.864033 -0.305194 0.145916 -1.902220 0.421770 -0.669422
24 -2.534797 -2.235128 -0.059946 -0.231650 0.808909 -0.172232 -0.113081 0.406632 -0.350403 1.327756 0.834989 1.284873 -0.457663 -0.165140 -0.963624 -0.249220 -0.025112 -3.090584 0.675891 -0.309463 1.605662 -0.346682 0.536124 1.770443 1.090173 1.356358 -1.207383 0.158967 -0.122276 -0.743372 -1.038938 0.196714 0.896844 -0.263121 -0.050043 -0.079003 1.352235 -0.650579 0.441862 -0.410499 -0.082587 2.790287 0.132138 0.286269 -0.195550 1.212087 0.859507 0.066951 -0.598580 0.644149
25 -0.822761 -1.805709 0.118430 0.849108 0.797822 0.505801 -0.936184 -0.232100 -0.984283 0.147818 0.394971 0.051853 0.278193 -0.017722 -1.387957 0.096110 0.190636 -0.590759 -1.475582 1.085336 0.771659 1.063594 -1.226976 -0.472119 -0.485317 1.759355 1.323166 -0.196651 -0.024598 0.473913 0.382633 -0.568289 -0.234419 0.149574 0.103026 0.156644 1.572654 -2.282840 -1.372290 0.299702 -0.379128 -1.337755 -0.840672 -1.345012 -0.561179 -0.196001 0.381702 1.238193 -0.078043 1.475519
26 -1.272615 1.985767 -0.720047 0.625266 -1.514679 -2.478188 -0.181463 0.402945 0.520561 -1.161267 1.078858 -0.883530 2.208736 1.623352 -0.741426 -1.175108 0.286561 -0.849153 2.195042 -1.591294 0.033076 -0.382764 1.497069 -0.172650 0.676014 0.074019 0.482439 -1.091856 -0.558950 1.046570 1.105774 -1.016498 1.220289 0.471524 0.155302 -1.493532 0.585203 0.670350 0.780706 1.922112 1.436723 1.082408 0.027279 -0.884184 0.663482 2.381984 -0.866493 -0.439458 0.231112 -1.136632
27 -0.504013 0.159465 0.751504 -1.234915 1.278215 -0.787765 -0.358659 -0.645217 -1.231156 -0.236709 -0.412377 -0.663619 0.272214 -0.458682 1.033027 -0.637223 0.653549 0.525817 1.822359 0.006599 0.056572 -1.272171 0.444788 -0.146267 0.119546 0.417198 0.246363 -0.733186 0.213329 0.060773 0.528603 -0.663452 1.018695 -0.962350 -0.147323 -0.865836 0.662526 0.271669 0.560767 -2.031020 0.245296 -0.459769 0.159704 1.077262 0.297330 -1.049448 -0.646771 1.595110 0.568109 0.384818
28 -3.319924 -1.844779 -0.396298 0.164222 0.954329 0.190214 0.836214 0.722192 -1.918269 -1.392560 -0.036370 1.456793 -1.067204 -1.603798 0.658192 -0.014509 1.987391 0.118678 0.470717 0.424682 -0.941849 0.435718 -0.134291 0.769074 1.398454 1.091899 0.804503 1.065609 -0.119711 -0.225288 -0.252569 -1.722450 -0.090100 -0.674473 0.469296 -0.440829 0.210823 1.243020 0.926656 0.018068 0.681076 0.143937 0.108482 0.891047 -1.752504 -0.053746 -1.193016 0.119266 0.780173 0.514242
29 -1.458329 2.438548 -0.766390 0.532181 0.431196 0.048933 -1.897656 0.141941 -0.217557 0.291523 -0.344262 1.635073 -0.177600 0.025081 0.332784 0.059827 -1.259400 -1.434077 -0.729169 -0.677700 0.798105 -0.114273 -0.236800 -2.468144 -0.088583 -0.526785 -0.522966 -0.555868 0.452876 -3.137943 -1.664975 0.117597 -0.028479 -0.012777 -0.130760 0.103269 1.474380 -0.481578 -3.014968 0.199599 -0.144742 1.023460 -0.716539 0.067691 -0.459777 -0.609228 -0.622631 -0.134513 0.569681 1.147347
30 1.125199 -0.151272 -0.448022 0.141366 -0.714075 -0.091368 -0.889825 -0.543459 -1.221620 -1.635774 -1.973361 0.248656 -0.967289 0.167485 0.739247 -0.875569 -1.606214 -0.052977 -0.126693 -0.936985 -0.418810 1.563945 0.702189 -0.665938 0.215975 -0.662384 0.067118 1.260773 -0.811019 1.153313 0.906240 0.707292 -1.562708 -1.677859 -0.522869 -0.966414 -0.804428 0.190464 -0.399881 0.545323 -1.011084 -1.635893 1.073019 -0.586055 -1.043605 -0.467034 -0.341263 0.064389 -1.184379 -0.141762
31 0.652519 -0.229948 -1.129487 0.972263 -0.859687 0.880312 0.312728 -0.978743 -1.241575 -0.569339 -1.279531 -0.372765 -0.302109 -1.371317 -0.165724 -0.717297 -1.954248 -0.034576 -0.395737 1.790001 1.080867 0.359006 1.147225 0.007369 0.666756 -0.731447 0.095863 -0.878141 0.613234 -0.257490 2.051731 -0.588189 -2.371738 0.518586 -0.150550 2.982629 -1.859504 1.194232 -0.421334 -0.471637 0.260392 0.239330 1.088114 -0.493882 0.368831 0.182253 0.890443 0.174904 -0.237284 -0.084302
32 -0.138817 0.512908 -0.167150 0.417313 1.852654 0.112096 -0.207404 -0.486313 -1.227114 -2.026085 1.284690 -0.925327 0.351282 0.946383 -1.822423 -0.573380 1.473459 2.019398 0.011753 0.131055 2.868648 1.658474 0.551859 1.353616 -0.668944 -0.955335 1.109324 1.452621 2.156396 -0.478475 0.114332 1.294660 -0.681187 -0.574961 1.157896 0.089018 -0.646819 0.319380 -1.055475 0.406425 0.743173 0.316486 -0.845723 -0.143563 0.248445 -0.670265 0.503660 1.316568 0.858835 1.033290
33 -0.337382 0.031411 1.172972 -0.234298 0.097293 -0.332937 2.091931 -0.462794 -2.157786 -0.647762 -0.146917 -0.900782 -1.198744 0.950133 -1.039693 -0.406939 -0.265184 1.445202 -0.798872 1.516778 0.061748 0.284704 -0.297776 0.885364 -0.160157 -3.157018 -0.102295 -0.844122 -0.676671 -0.045810 -0.106359 -2.177013 0.122343 -0.375394 0.567550 -1.224088 0.953994 -2.023185 -1.211936 -0.202551 -1.209749 -0.444733 0.540858 0.724721 0.402060 -2.210333 -0.743071 0.342959 1.444049 -0.593040
34 -0.444677 0.158480 -1.040447 0.755516 -0.219697 -0.579417 -1.822131 0.499405 -1.449399 -0.164821 0.026112 0.388919 -0.479424 -0.975009 0.213970 1.482986 -2.047992 -1.064773 0.250839 -0.117438 0.460804 -1.997759 1.451637 -0.346755 -0.204478 0.123446 -0.177149 0.828173 -1.129910 -1.353178 0.164452 0.205171 1.059638 -1.511675 0.904208 1.618851 -0.567067 0.059742 0.403802 0.281602 -0.887792 -1.940674 -0.868339 -0.060133 0.036172 1.184478 -0.846753 0.092135 -0.253058 -1.165742
35 1.309343 0.061562 1.904635 -0.567855 -0.770371 1.243481 -0.106188 -0.013625 1.555299 0.970051 -0.922044 0.353514 1.318927 -1.044221 1.142985 0.293873 -1.497924 -1.952017 0.991947 -0.040474 0.560536 -1.075212 0.283977 0.822999 -0.588913 1.070022 -0.031230 0.215841 -1.221006 0.131030 -0.369358 0.938924 0.990153 1.641080 -0.434062 -0.935435 1.860101 1.923258 1.447430 0.042793 0.133031 -0.938217 0.977365 1.426400 -1.151017 0.871428 -0.267059 0.955593 0.480208 0.895949
36 -0.765696 -1.282722 0.055676 2.251828 1.866542 -0.413967 -0.209378 0.469641 -0.237538 0.027105 0.421183 0.094199 -0.246904 -0.305681 1.565756 -0.270827 1.145120 -0.577551 -1.861151 -1.555110 0.577319 -0.122798 1.042633 0.186233 0.611104 -0.387156 0.342942 -1.413322 -1.103934 -0.499219 -0.789833 0.842255 -0.441999 -1.826202 1.479651 -0.963420 0.762009 0.759251 0.865541 0.862969 0.128703 0.000823 1.040011 -0.347446 -0.805200 1.471203 0.512895 -0.246179 -0.103635 2.248990
37 -0.631833 -0.090621 0.397780 1.504448 1.119133 -0.609284 -0.793394 0.942164 0.115340 -0.135164 0.754719 0.954338 -1.296178 -0.616537 0.830455 -1.009716 -0.896832 0.108877 -0.934005 -1.074857 0.855271 0.166480 -0.428405 -1.601652 0.385728 0.392508 -0.338372 -0.132748 1.454040 -0.570670 0.719065 0.524878 0.665676 -0.976233 0.033386 -0.210754 0.182809 -0.196328 -0.483524 -0.645590 0.660682 -0.853345 2.917490 0.429987 0.430624 -0.117133 0.675436 0.880313 0.900851 -2.494642
38 -0.985018 0.434121 0.376558 -0.433393 -1.642815 -2.316802 1.319222 0.753296 -0.412871 1.226369 0.631357 1.082154 -0.865378 -0.623396 -0.553055 0.547023 0.133213 0.849378 1.357591 -0.586039 -1.180289 0.260924 -0.603411 -0.226430 -0.281601 0.239367 0.119854 0.022273 -0.712308 0.008494 0.010753 1.168070 0.479601 0.129408 2.650622 -0.205398 -0.247102 0.180878 0.675838 -0.997896 -0.601155 0.002070 -0.427052 0.408474 -0.056430 0.475522 0.934661 0.881016 1.582009 0.591097
39 -1.019857 -0.654874 0.018364 -0.531832 -0.637140 0.573645 0.521235 -0.066308 -0.554585 -0.748517 0.709313 0.018883 1.683798 -0.025842 0.144414 0.386276 -0.547936 -0.361953 0.812595 0.394390 0.839165 -0.471382 -0.628730 -0.138671 0.060763 2.253744 -0.335264 0.127080 -0.809782 -0.399979 -1.347137 -0.249924 2.037682 1.539990 2.028256 -0.656833 -0.423090 -0.469275 -0.860795 -1.178593 -0.604168 -0.477894 0.333386 -0.761094 1.732131 0.113590 -0.352632 0.845362 0.723998 0.459880
40 -0.872083 1.007562 0.643238 -1.467656 0.270063 1.654451 -0.774659 1.847382 1.491150 -1.080989 0.094712 1.732067 -0.415282 0.989474 0.068963 -1.521022 -2.513254 0.212372 -1.264733 0.922256 1.470956 0.142355 -1.170067 0.725907 -0.091740 -0.421413 0.219114 -1.501020 -0.167677 1.201876 -0.146183 0.161556 0.183641 0.609865 0.457159 1.566694 -1.278334 0.631718 -0.531446 -0.947599 0.915828 0.998808 2.907993 1.560531 0.101605 1.605018 0.925388 -0.405561 1.371547 0.337322
41 1.060468 -0.924077 -0.835545 1.309420 0.659073 -1.121022 0.450248 0.538112 0.915219 0.512362 1.464518 -1.119054 -0.904319 -0.372160 0.162088 0.503610 -1.909940 0.872734 0.707693 -0.101580 0.420836 -0.915078 1.893920 0.418438 -0.622381 0.716859 1.503253 -0.950435 -2.084074 -0.376344 -0.375331 -1.663290 -0.974769 1.301501 0.188302 1.027450 0.102274 0.659140 0.730734 0.849833 -0.998440 0.989171 0.209077 0.061427 -0.739966 0.680068 0.232850 -0.869130 -0.751231 0.084885
42 -0.058245 1.413086 1.176264 -0.407848 -1.562410 0.736129 -0.197346 1.059964 -0.828247 -0.755713 0.350163 -1.052165 -0.970097 0.547566 -1.273762 1.019386 1.889837 0.852893 -0.028685 -1.122703 -0.095829 -0.720158 -0.505425 -0.039081 -1.641933 0.405523 0.008727 0.325606 -1.852132 -1.191807 0.156303 0.817321 0.343393 0.654779 -0.549863 -1.187575 -1.309710 -0.372886 0.979710 -2.130691 1.269259 1.167393 0.166349 1.204012 2.114415 -0.625757 -1.068562 -1.504900 -0.146765 -1.498478
43 0.207903 -1.029092 -0.317669 0.041600 0.616068 -1.080782 -1.147215 0.877190 0.531303 -1.499604 0.217846 -2.048703 0.838532 -0.085590 -0.695477 1.241850 0.332475 1.582459 0.308649 1.300449 -1.092329 0.813681 -1.122464 -0.650916 -0.916810 0.346930 1.174609 0.941952 1.208838 0.060900 0.067816 0.180400 -0.722650 -0.047669 1.590174 -1.272243 -0.368331 0.732587 -0.510557 -1.038318 0.418349 -3.345471 -0.206256 -0.019992 0.574168 0.012844 2.200569 0.086294 0.667690 0.285020
44 1.092494 0.840576 1.343097 0.283217 -0.967422 -0.990640 -1.042308 -0.903583 0.961261 1.193524 -1.090924 1.397582 -0.058011 -0.531994 -1.500391 -1.027921 0.043441 0.650988 0.125779 -0.060263 0.299353 -0.380285 0.567745 1.091634 2.071139 0.191542 -0.432897 0.164577 -0.473064 0.135874 -0.083845 -0.304900 0.513894 -1.016725 -0.058217 -0.571470 -0.486600 -0.969298 -0.121863 -1.724313 -0.867342 1.119677 0.430223 0.550467 0.196590 0.533972 -1.139620 0.287430 0.854508 1.013295
45 -0.032622 -0.181622 1.442305 1.010026 -0.827213 -0.063070 -0.032696 1.138740 -0.433299 0.415799 -0.287830 -0.399142 1.283070 1.373013 -0.303700 -0.775176 -0.488841 1.649576 -0.585934 -1.430049 0.479793 0.379822 -0.700988 -1.207459 0.697075 -0.948111 0.169936 1.258559 -0.870453 -0.067954 -0.708119 -0.274619 -0.078811 -0.063766 0.954892 -0.779552 -0.955307 0.523626 -2.144822 -0.353724 -1.772909 0.343815 -1.656047 -1.545718 0.194049 -0.144271 0.833764 -1.029706 0.065471 -0.607431
46 1.078897 -0.411205 0.683962 -0.044669 0.336831 -0.413122 -0.966068 0.378682 -1.083528 0.353576 0.257330 -1.401970 -0.101107 -0.315325 0.112397 -0.648652 1.568027 1.146673 -0.261111 0.827638 1.053499 -1.009511 1.061480 0.446648 -0.698803 0.073307 1.095503 -1.614526 -0.073172 1.689775 -1.229726 1.067338 -0.053882 1.347553 -0.244325 1.107958 -0.874462 1.120831 -0.700313 -1.655679 -0.290760 -1.482111 1.408227 -0.914906 -0.186877 -1.928392 0.003461 1.525619 -0.882413 0.020201
47 -0.447182 -0.955600 -0.049517 -0.293571 -0.315867 -1.319719 -1.453222 0.553246 -0.970886 0.604825 1.477013 -0.895940 -0.507241 -0.908377 -1.654047 1.386840 1.148774 1.122006 -0.694286 -0.089040 -0.811519 -0.588776 -1.148018 -0.044431 -1.033206 0.048283 -1.175382 -1.154094 -0.011676 1.733617 1.208053 -0.560551 -0.355898 -0.893363 0.140739 0.962085 0.599193 0.734804 -0.582503 0.527007 0.052873 -0.178784 0.209437 1.751556 -1.686561 0.527326 -0.757851 -0.855012 0.834229 -0.886179
48 1.140416 -0.114240 -1.013033 -1.325128 1.106405 0.669806 1.354986 0.643437 -1.433828 1.027868 -0.157288 -1.333114 -0.995840 -0.426277 0.475872 -0.742879 -0.699862 -0.697210 1.246053 -1.375589 0.832727 -0.809272 0.106874 0.795174 0.421574 1.000542 -1.324242 0.253668 -1.450572 1.228431 -0.643364 -0.278146 -1.219424 2.462340 0.699590 1.993791 -1.415605 0.045852 1.189537 1.582412 -0.649202 -0.141453 -1.247231 -0.050840 -0.385276 1.227030 1.837035 1.622013 0.572344 1.747168
49 -0.901583 -0.397439 -0.275580 0.882192 -0.786082 0.200680 1.074383 0.918217 -0.522362 -0.416393 0.447224 0.978860 -0.879333 0.197989 -0.010714 1.237049 -1.050197 1.664814 -0.136196 0.346451 -0.621258 -1.627346 0.265667 -1.806608 -2.331910 1.138655 -0.063131 0.053300 0.159834 0.611737 -0.227967 -0.563058 1.633272 0.926807 -0.392557 -0.169516 -1.665001 0.112130 0.652344 0.948026 -0.703118 -1.084177 -0.373314 1.151227 -0.226055 -0.189424 1.069964 -0.152878 1.701478 -0.772317
50 -0.447374 -0.239045 -0.125330 -0.792866 -2.223557 0.584696 0.523000 0.966850 2.226185 -0.756089 1.589195 0.990096 -0.629706 -0.011821 0.032988 -0.948654 -1.438794 -0.658199 0.554133 0.414995 1.106132 0.268784 0.739417 -0.139495 0.361529 -0.937900 0.252597 -2.511531 -1.071124 -0.123935 -0.769605 -1.261328 1.077584 -1.167414 -0.490995 -0.722992 -0.855817 0.639699 -0.645101 -1.551541 1.282980 1.271486 -1.377943 -0.466717 -1.232628 1.249801 0.864222 -1.586737 -1.123881 -1.448656
51 0.494414 1.030833 0.628986 0.387505 0.849890 -0.404899 1.217579 -1.120265 -0.991934 -0.622672 0.299377 -0.231944 -1.588605 0.232226 -1.432041 0.744975 -1.248401 -0.379765 -0.754731 0.013515 -1.195964 -0.581503 -0.609420 0.744714 -1.936049 1.486686 -0.808442 0.620252 -0.204825 -0.128361 -1.456311 -1.870988 0.374444 0.239058 0.213652 0.552929 1.842157 0.718286 0.954780 2.228159 -0.480973 0.754254 1.841326 -0.556337 0.409181 -1.238745 -2.207698 1.982502 -0.280592 -1.041536
52 -0.268863 -0.186999 0.447743 -1.386839 2.347258 0.288098 1.036864 -0.292183 -1.043545 3.458919 0.741424 1.350750 0.193517 0.601535 -0.266521 1.514389 0.418013 -0.233541 1.039426 -0.583680 -1.601203 1.236918 0.827257 0.732149 1.570805 0.818933 -0.166485 2.252215 -1.353511 -1.307631 1.543482 0.243002 -1.730915 0.933419 -1.763402 0.579396 2.919684 -0.921248 -0.098583 0.819285 -0.005618 0.930735 -1.583609 -1.101305 0.973589 1.435806 -1.331883 -2.154289 -0.944273 0.437452
53 -0.950258 -0.741295 -0.122801 0.124504 -0.092356 -1.251199 2.228890 -0.493320 -0.458240 -0.903362 -0.363316 1.078547 1.157131 1.567542 0.024122 -0.660014 0.000921 0.773154 -0.038647 -0.939609 0.282841 -1.877982 0.391285 -1.343158 -0.803203 0.310381 0.594620 -1.655922 2.006943 -0.555280 1.688886 0.567321 -1.319066 -0.554854 -0.351529 0.422103 1.553272 -0.821246 0.007793 0.002999 0.692298 0.641580 -0.536851 0.557113 -0.112197 -0.802626 1.634750 1.778058 -1.158225 -0.023917
54 -0.543351 -0.646709 0.610669 -0.413145 -0.831193 0.812581 1.992368 1.660586 -1.690814 1.183321 -1.822993 0.939257 0.418112 0.082239 -1.166350 0.893761 0.866432 -0.061202 -0.625410 1.296386 1.174752 -0.006583 1.349615 0.901954 -0.593239 0.298150 1.321078 -0.734934 1.090857 0.919263 -0.719841 0.683083 0.462374 1.364147 0.436847 -0.197652 -0.782403 0.483352 1.698886 1.086789 0.735762 -0.298559 1.517592 0.960246 0.277811 1.058175 -1.319284 2.157192 0.787777 0.247241
55 1.088778 1.809789 0.444740 -0.756581 -0.931827 0.090586 0.331979 0.081315 0.589537 -1.588976 1.446037 -1.625959 0.389782 -1.189091 -0.592407 -0.642385 2.081638 0.318494 -1.377050 -2.919177 0.606862 -0.087294 -0.586256 0.384760 -1.530093 -1.752544 0.396033 -1.392305 1.815933 -0.105533 1.050211 0.381543 0.666856 1.174308 1.656457 0.162421 -0.184625 -1.239337 0.428521 1.047466 0.704134 0.115683 -0.832129 -0.543429 -0.113997 -0.610448 0.709290 -0.936920 0.314070 -0.749409
56 1.529866 0.104344 0.440914 -0.514418 0.221836 0.569793 -1.135456 -1.731453 -1.000375 -0.298383 -1.122337 1.099195 0.304008 -1.437647 0.286526 -0.631732 1.240371 -0.911382 0.039122 0.482265 0.616068 0.029152 1.004375 -0.234326 -1.378787 1.845508 -0.711528 -2.151842 -0.058385 0.614570 -1.067072 -0.587565 -0.816547 1.715469 -0.453390 1.490927 1.299937 -0.234308 0.298187 -0.552831 0.309218 0.207324 -0.075296 -1.516107 -0.785362 1.387907 0.476913 -1.111782 0.043835 -0.463261
57 0.827455 2.189573 1.466121 -1.023528 0.234900 0.333975 -0.971878 1.523398 0.395541 2.472000 -0.802150 -0.757196 0.211283 -0.739144 -0.773398 -0.005653 -0.004545 0.271645 -1.939485 1.316382 0.801059 -0.542804 -0.158279 -0.891075 1.580892 -0.811438 -0.132376 -1.220304 -0.073833 1.203151 0.410267 0.162938 0.615290 1.132301 -1.412803 -0.761539 -0.531157 -1.221162 1.331088 0.672473 -0.300267 -1.212545 0.332366 -0.941329 1.905826 -0.675614 -0.239565 -0.441633 -0.493995 -1.414571
58 -0.720949 -0.127653 -2.065658 -1.283243 1.311440 1.026503 -0.251944 -1.598302 1.835301 1.325836 0.513183 -0.111349 0.122006 1.155744 1.329269 0.584123 -1.855511 -0.747457 -0.396967 0.695043 -0.300500 1.408424 -1.754714 1.197454 0.005160 -1.001498 -2.853054 0.426833 0.586396 0.464243 -0.173211 -0.570905 0.464177 -0.225009 0.753634 -2.678526 -0.363505 -0.478019 -0.825508 -1.118616 -0.487281 -1.304789 -0.787993 0.725859 -1.017883 1.141709 -0.442329 0.315810 0.582438 -0.951306
59 0.009963 0.498628 1.696370 -0.507815 -0.067638 -0.585336 0.265055 0.762096 -2.110897 -0.213156 -0.283734 0.851511 0.345939 -0.512534 0.419447 -2.766402 0.439051 -1.550354 0.612055 -0.409813 0.892552 -0.333878 0.525357 0.892548 0.866573 1.194397 -1.460620 -0.152619 -2.460146 2.119136 -0.154776 -0.917393 -1.490666 0.091852 -0.332682 0.578973 -1.448451 -0.126580 -0.619616 0.408977 -1.257972 -0.219006 0.543921 -0.610496 0.819204 0.963882 -0.392498 -0.039303 -1.769553 0.279318
60 0.332676 1.363974 0.040876 -1.073120 2.625120 -0.684782 -1.618459 0.859509 0.094616 -0.407303 0.069333 -0.045251 -0.350698 1.070068 -0.361290 -1.465599 -0.292857 -0.959423 -0.919347 -0.754673 -0.286317 0.819254 -0.959460 0.214630 0.785359 -1.070869 -2.038264 -0.740781 -0.045716 0.873031 -0.376578 -1.561011 1.689199 -0.079261 0.081341 -2.297288 1.921849 -0.540633 1.159224 1.562895 0.913312 -1.030443 -1.029500 -0.040394 0.831214 0.791674 -0.399383 -1.523552 0.686125 0.523507
61 -0.470461 1.048933 1.493661 -0.551810 0.100880 -0.891165 0.559552 -0.785157 0.278054 0.343794 0.693965 -1.108474 0.608109 0.956748 1.100852 -0.534898 1.044669 -0.855218 -0.048640 1.789878 0.179340 -0.755800 0.117677 1.610527 -2.339804 0.374546 0.641021 -0.628493 -1.018247 -1.473896 -0.763910 1.077789 -0.552438 -0.678411 2.106552 0.314251 1.264441 -1.734410 1.490090 0.508088 1.025724 0.452969 1.676317 -0.505184 -0.433257 -1.220616 1.356457 -0.754109 0.381951 0.993139
62 -0.350741 -0.306063 -0.690023 -1.176566 -0.918082 0.896372 -0.243785 -1.590458 1.563203 1.242181 -1.182471 0.862641 -0.526945 0.160996 1.191365 0.416976 -0.076190 -1.165778 0.434295 0.139159 -0.499476 0.344835 -0.101358 0.307747 -0.216033 -0.071871 -0.549389 0.147149 -0.545190 2.318275 -2.517455 1.229965 -0.315999 -0.211544 1.377460 1.801397 0.506696 0.209188 -0.574203 -2.029094 -0.142638 0.413080 -0.220354 1.306831 1.113925 2.086347 -0.920905 0.015713 0.138470 0.289368
63 -0.067118 -0.305579 0.801549 -0.782145 0.125501 0.623012 0.184817 -0.453979 -1.019102 1.363132 -0.062676 0.734825 0.547201 0.394466 -1.246106 0.310842 -0.148792 -0.569491 -0.571592 2.024766 -1.253556 -0.173210 0.973323 -0.212826 -0.376476 -0.669636 0.889391 1.135296 1.243447 -0.507741 -0.984416 0.740107 0.206037 -0.725749 -0.891241 1.236379 0.888385 -1.137175 0.514587 1.206155 -0.013011 -0.359353 -0.477882 1.408211 -1.093983 1.719617 0.673904 -0.235249 -0.250444 1.232142
64 -0.503405 -1.049468 -1.094757 -0.792127 1.634330 -1.028618 -0.757133 0.012082 -0.557728 -0.625678 -0.382367 -0.215392 1.260931 2.492034 0.158477 -0.737294 0.847348 -1.012734 -1.016612 0.016167 1.209024 -2.093434 0.678048 -1.165664 0.691560 -0.176434 1.311083 -0.648632 0.612960 -0.300802 0.107831 -1.980658 0.733933 0.697628 -0.655610 -2.198786 -1.969349 -0.941812 -0.660178 -0.962551 1.699023 -0.792145 0.030675 -0.130971 -0.352928 1.645259 -0.849466 0.576812 -1.439787 0.376221
65 0.122165 0.146047 0.240228 -0.245123 -1.118783 1.005911 1.417301 0.353644 -1.808722 0.117814 -0.574691 -0.859795 -1.275199 -1.206559 0.305645 -0.022325 0.397632 0.604851 0.016799 1.041113 0.002953 0.914460 1.049717 -1.593861 0.813829 0.077667 0.403863 -0.513801 -0.040614 -1.820945 1.190706 0.152648 -1.176153 -0.995037 0.161745 -0.498673 1.329588 0.956104 0.067523 2.097219 0.976746 0.043350 1.005654 1.019199 0.329224 -1.189533 0.238425 0.947473 1.826928 -0.536967
66 1.296273 -0.039864 0.293434 0.056704 1.212289 -1.822178 0.878291 0.598014 1.523715 1.805157 1.393967 0.406216 -0.573880 1.139757 -1.047016 1.395602 0.513886 2.099044 0.604830 1.088373 -0.097309 2.304365 0.272678 2.123359 -0.785249 0.022506 -1.064558 0.782350 -1.914916 -1.430741 0.344242 -0.254376 0.079862 -0.005830 0.015349 -0.695915 1.074888 0.538677 -0.113533 -0.061310 0.959738 -0.320931 1.210247 0.528345 -0.358599 -0.613231 1.206771 -0.405946 -0.660469 1.031711
67 1.174006 0.434621 -0.825435 -2.290614 0.926667 0.552023 -0.611350 1.179467 -0.236077 -1.298653 0.059170 1.136939 -0.826417 -1.426692 -1.126407 -0.001932 -0.654307 -1.269660 0.891203 -1.082144 0.541444 0.281754 -0.373244 -0.192051 -0.039507 0.606968 -0.031352 -1.665700 -0.984961 0.981050 -0.474171 0.149601 0.398302 1.313159 1.292277 -0.353345 -0.080486 -0.630460 1.116861 -0.790075 -0.641619 1.920755 -0.286349 0.597630 0.583331 -0.058644 -0.722990 -1.036272 0.133053 -0.988764
68 -1.504171 0.510390 0.994464 2.231097 1.010223 -1.852850 1.412374 -0.549378 -0.335099 -1.094063 1.000978 0.303950 -1.255172 0.014653 0.002375 -1.118570 -1.311973 -0.384626 -1.129610 -0.703629 -0.515612 0.572957 0.693715 0.902872 -0.546588 -0.235260 -0.935797 -1.918864 -1.165631 0.663355 -0.475840 -1.501741 -0.470878 -0.591375 -1.347713 -0.073955 0.635866 -1.436324 0.261989 -1.157119 1.055188 1.110477 -0.843166 -1.660354 -0.209191 0.168306 1.108397 1.815798 -2.005163 -0.109272
69 0.396005 0.327298 -0.656679 -0.894992 -0.084113 -0.821778 -1.084090 -0.093351 0.790524 -1.396754 0.861250 0.421450 0.087545 -0.672956 -0.932532 -1.931916 2.282708 -0.630662 0.020329 0.936483 -0.021212 -1.290889 0.128867 0.711596 -0.670292 -2.072769 0.923126 -2.359318 -0.777315 0.218690 0.849652 0.367263 -0.883516 1.499830 -1.389041 -0.614870 -0.150205 1.133532 0.537058 -0.263818 0.373509 -0.944200 0.722870 -0.871824 0.191861 -1.148863 0.900209 1.767319 -0.344828 0.506676
70 -1.665737 -1.724780 0.369418 -0.066167 0.059821 -0.121565 0.410260 1.885191 -0.846598 -1.463479 -1.668443 0.885571 0.789394 1.033113 0.524386 0.630279 -0.304066 -1.805541 -0.692449 0.315480 -0.249953 -0.480930 -1.796171 0.069535 -0.169606 0.721063 -0.862378 -1.784510 0.923180 0.588355 1.032157 0.527356 -0.253141 1.847725 1.087218 1.090122 0.111647 -0.239405 -0.826462 -0.031670 0.039618 -0.181683 0.638724 1.042168 0.995678 -0.018787 0.212071 1.803756 -0.172596 0.227831
71 0.267402 -0.676147 -0.187912 -0.046039 0.275950 1.247879 -0.448779 0.160594 -1.451572 0.882726 0.958503 -1.107119 -0.104787 0.624283 1.263968 -0.760211 -0.303159 0.030207 0.738287 -0.486797 1.853930 -0.917375 -0.132103 -0.499981 -0.300315 -0.607949 -1.514312 1.578900 1.650296 1.344998 -0.236125 -0.246152 0.392695 -1.313469 -1.561838 -0.011969 -0.400249 1.898262 -0.240882 0.066303 0.883407 -0.379865 0.551950 -0.563599 0.893358 0.683517 0.955767 1.766880 -1.888497 1.185986
72 -0.075069 -0.855973 0.617246 -0.510328 -0.116845 -0.492869 -0.023193 0.311570 -0.983228 -0.437476 -1.114964 -0.569819 0.167933 1.474891 0.973971 0.086947 0.480141 1.076545 1.341726 -0.495455 -0.529243 -0.199308 1.017079 -0.148830 0.874880 -1.548672 1.567924 0.132910 2.673342 -0.628342 0.537427 -0.630604 0.041302 -0.706190 0.188364 0.939169 0.021687 -1.070678 -2.029861 0.790682 -1.395703 0.281028 1.173258 -0.644911 0.113589 -0.776963 -0.820258 0.632652 0.904051 0.692096
73 -1.135286 -0.225064 0.823250 0.281301 -0.577625 1.540936 -2.314655 -0.208353 -0.782377 -0.650176 -0.492694 0.627428 1.170624 -0.423543 -1.206273 -0.725680 0.909798 -2.632003 2.737957 -0.603134 -0.167919 0.753414 -0.068567 -0.098488 -0.046570 -0.800256 0.434510 -0.215036 0.704872 0.391874 -0.337377 -0.924304 -0.151100 0.199187 0.054131 -1.040972 1.043703 -0.522427 -1.053122 -0.646268 -1.602923 0.815723 1.259692 -1.433665 -1.086961 -0.815374 -0.793308 -0.478718 -1.678887 -1.769136
74 -0.595101 1.906074 1.194439 2.025327 -0.369360 -0.803469 0.032799 -0.169462 -0.507387 -2.367515 -1.222992 -1.181081 0.173412 -0.591792 0.753554 1.469639 -0.992722 -1.216114 -0.145472 -0.280821 0.215988 0.491101 2.320589 -0.021390 1.307440 -0.555598 -1.015739 0.912115 -0.254882 0.401708 -0.509040 0.790555 -0.823993 -0.868309 0.031003 -1.853023 0.050728 -0.009996 -0.567115 -0.509897 -1.502482 -0.166981 -0.028523 0.845014 -1.877330 -0.898348 0.544009 -1.142270 1.618360 -0.547200
75 -1.039273 -1.408816 0.191402 -0.690881 -0.265442 0.574779 1.242109 1.648778 -1.274519 0.598087 -0.697145 0.479415 0.070587 1.372229 1.215068 -0.860143 -0.141414 0.826886 0.269254 1.490172 -0.031117 0.694293 0.192551 0.401365 1.959723 -0.451100 -0.770237 0.444094 0.184653 -0.491606 0.603474 -0.211050 -1.479972 0.814796 0.904878 0.787757 0.330062 0.982119 0.164446 1.113759 0.537191 1.725919 0.646288 1.276233 0.719294 2.709086 1.817002 0.518413 -0.533017 -1.529531
76 0.991503 -0.639585 0.661056 -0.197826 1.105345 -0.698241 0.908239 1.115931 0.808316 0.431550 -0.861485 -1.780248 0.750950 -0.033587 -1.087205 0.948233 0.202107 -1.999560 -0.430526 -0.070017 -0.040532 0.000575 -0.462664 0.365578 0.044197 1.118937 0.378215 0.495072 0.533851 -1.457936 0.051377 -1.414863 1.124889 -0.118315 -1.426015 0.288960 -0.951057 1.919799 -1.333018 1.540058 -0.954482 0.874057 1.469805 -0.988325 0.166189 -0.830047 -0.404474 0.334145 -2.295566 -0.004913
77 -0.802687 1.971124 1.123287 0.337052 -1.224397 0.580473 1.637538 0.733317 0.931634 0.027929 0.195689 -0.712123 -0.566895 -0.758314 0.140347 -0.630614 0.662251 0.855895 0.634557 -0.700502 -0.263578 0.835948 0.010042 1.005983 0.117678 0.861755 -0.123587 1.650252 -1.305535 -0.683299 -0.317422 0.717925 -1.662768 0.259864 0.161442 1.762030 -0.402245 -1.247304 -0.181130 -0.420635 -0.026173 -1.173738 -0.278018 0.532024 0.774802 1.596010 0.378541 1.699308 1.310400 0.533837
78 0.197000 1.405807 -0.477115 -0.087941 0.121986 1.121253 -0.261558 -1.678269 0.717589 0.766445 0.130451 0.077268 0.730160 0.342661 0.062564 1.225509 0.041812 0.718453 0.206116 -0.224947 1.195395 -0.528676 0.170868 -0.519282 0.563191 2.181423 -0.432096 -0.903188 -0.438767 -1.239350 0.091548 0.355369 1.489656 0.788298 -0.848209 -0.784128 0.313286 1.234908 0.512141 -1.527019 -0.176686 0.279599 -0.510850 0.044319 2.896714 -2.370565 0.246064 2.312934 -0.213879 -0.828672
79 -0.487602 -0.306119 -0.270669 -0.617883 0.582857 0.800266 0.380714 0.225434 0.615418 -0.192922 -0.469163 0.638583 0.651586 0.648182 1.075804 1.087880 -0.411869 0.815827 0.656204 0.507870 -0.273813 0.527896 -0.675020 0.366794 -0.236034 -0.471595 0.970632 -0.265487 0.796322 -0.142133 -0.697960 -0.094640 -2.623971 -1.408812 0.513301 -0.052909 -1.077269 -0.450106 -2.181996 1.113268 -1.270129 -2.344854 1.239358 0.067079 1.269232 -0.954376 -0.206277 -2.359739 0.110656 -0.315343
80 0.098500 0.032026 0.124001 -2.744527 -1.233325 -1.023914 -0.567354 0.895757 1.404451 0.444736 -0.098676 0.009044 -0.258348 -0.963104 -0.572252 0.864886 -1.144113 1.052166 1.880254 -0.974497 0.865041 1.649178 1.897643 -0.793685 -0.037192 0.399094 1.149130 -0.617695 -0.766953 1.279452 0.029480 0.603077 -0.396882 0.341857 0.084612 -0.746902 0.050603 0.901642 -0.406650 -0.732865 -0.579619 0.532239 0.999540 -0.100918 -1.711370 -0.750755 2.090153 -1.715657 0.347581 -1.108902
81 0.916156 0.994558 -0.525037 -0.517780 1.288750 -0.207843 0.767502 -0.612838 -0.639762 1.873202 -1.193710 0.196409 -1.406784 0.916883 -1.255824 1.493856 0.605916 1.210912 -0.405103 0.755418 1.020422 -0.251530 0.151952 -0.731634 0.201393 0.391719 -0.626997 0.560971 -0.297834 -0.561578 -0.025086 0.463748 0.276058 -0.309520 -0.060321 -0.123994 -0.341563 -1.489811 0.764720 0.584506 0.157997 -1.752315 -0.904973 1.255528 -0.091605 -0.049209 1.541503 -2.201010 -0.339591 -1.356478
82 -0.554977 0.655777 0.373303 -0.811501 -1.105281 -0.220805 2.057345 0.074473 0.329717 1.305663 -0.535958 -1.520200 1.038129 0.501145 -0.002695 -0.920984 0.402595 0.686763 0.413435 -0.650167 0.914054 -0.577776 0.670885 -0.398960 -0.505524 0.130750 0.927707 0.057145 0.393394 0.768533 -1.191948 -0.233723 0.040749 -1.055134 -2.017617 -0.865455 0.885646 0.986503 -1.206155 0.259238 1.835927 -0.744484 -1.365448 -0.085825 0.357287 1.601836 -0.787578 0.367345 0.236961 0.267019
83 0.614713 0.649175 -0.790043 -0.548978 0.434042 0.098364 0.222251 0.608065 -1.266067 0.199440 -1.792325 -1.498494 -1.888408 2.589660 -1.135971 0.475418 -0.619583 -0.098798 -0.955242 -0.784263 -0.697378 0.946814 1.636224 -0.142596 0.342998 -0.202967 0.954834 1.090572 -1.836585 -1.445110 -0.535050 -0.026560 0.218040 -0.324906 -0.621335 -1.151994 -0.149465 0.283192 -1.133448 -1.099003 0.476859 0.324977 0.289742 -0.251816 0.618016 0.639744 -1.037825 1.220402 -0.885790 0.760621
84 -0.679754 1.848182 2.263639 -1.867516 0.795562 0.072467 -0.371837 1.611095 -1.916028 -1.822265 -0.133367 1.161511 -0.221575 0.148798 1.436425 -0.119581 0.133630 -1.411918 -0.212480 0.306894 -0.683689 -1.059392 0.488909 -0.145177 0.445739 0.415845 -0.434857 -0.861218 -0.173440 0.062644 -1.541594 0.280433 -0.670640 -0.625570 -1.441659 -0.866146 -1.681033 1.057663 -1.010585 0.325230 -0.100265 0.548624 0.641418 -1.241730 0.852814 -0.057498 -1.421107 -0.044084 -0.296039 2.028735
85 0.760604 -0.260058 -0.429445 0.143181 -0.002289 -0.130643 0.152855 -0.297957 0.474743 0.011800 0.616488 -0.171036 0.620501 -1.319071 1.089670 -0.673130 -0.077370 -0.030240 0.416262 1.474752 -0.391592 -1.582754 -1.786484 -0.052212 1.045159 -0.193925 -0.690875 -1.272283 0.497801 -0.563238 -0.316653 -0.830349 1.839302 -0.619857 -0.705164 1.265304 1.132245 0.244854 -1.297645 -0.157853 -1.434442 -1.157910 -0.392267 -0.310600 0.476010 0.156966 -0.850938 0.205823 -2.586396 -1.128542
86 1.566291 -0.601997 1.313017 0.321534 0.994909 -0.710105 0.864774 0.150368 -1.157990 0.180279 -0.148817 1.829016 0.794613 0.571899 1.208571 -0.548430 -0.378061 -0.826070 -0.878067 0.371945 -0.127537 -1.541758 -1.552449 1.469784 -1.356425 -2.573700 0.839858 -0.761697 -0.450633 -1.033026 -0.812817 -1.107011 -0.047153 -1.258832 -0.273980 -0.936806 -0.165040 0.383088 -0.343939 -2.128571 1.335705 -1.438422 -0.096762 -1.752593 0.741008 0.842563 -0.756640 0.136595 -0.065549 -0.023946
87 0.914730 0.883210 -0.332494 -0.499556 1.249512 -0.750411 0.863732 -0.310180 0.853517 0.421841 1.967447 0.526925 1.345792 0.519667 0.527481 -0.273384 -0.639635 -0.353619 -0.603072 -0.461065 -0.615405 -1.288669 -2.035022 -0.056445 0.027665 0.059418 1.640664 -0.692474 0.019447 0.125007 -0.735461 -0.083484 -0.947241 -2.611449 0.091094 1.337518 0.195113 0.015805 -0.887176 1.822446 -0.655895 -0.344175 0.387300 1.236217 0.008460 -0.020736 -1.064721 -0.679007 0.633317 0.067401
88 -1.331774 -0.593018 0.746201 -0.019949 -1.146710 -0.845206 1.150862 -0.437883 -0.720820 0.220092 0.619162 1.379650 0.638764 0.325115 0.130995 1.129812 1.076571 0.665107 1.117830 -0.475561 -0.063501 -0.194043 -0.095394 0.116210 -1.306933 -1.450828 -0.165340 0.215460 -1.211983 0.289309 -2.543988 0.369258 -0.321370 0.320956 0.594678 -0.441600 1.608768 0.147739 0.051105 -0.192679 0.410012 -0.786061 0.125877 -1.616198 -2.902149 0.975777 0.019581 0.027322 -0.046642 -0.736241
89 1.510920 -0.537060 0.471952 0.523601 1.626492 0.855338 -0.619321 -3.113806 1.373725 -2.051512 1.224502 2.037286 -1.195739 0.463204 -1.471339 -0.339080 1.028283 -0.676591 -1.178849 -1.326722 1.203674 0.621308 0.133727 -0.234705 -0.604844 -1.223179 0.406518 -0.900960 0.836698 -0.057357 -0.627870 2.157412 -0.511439 -0.707182 -0.585755 0.049276 -0.298791 0.995424 0.137360 1.103194 -1.812307 0.849676 -1.818371 0.843803 0.979130 -0.433664 1.271445 -1.026980 -0.139069 -0.168736
90 0.654682 -0.113362 0.077272 -1.323439 0.518872 -0.971113 0.330486 0.806518 0.150607 0.048332 -0.488398 0.986420 -0.000377 0.462804 -0.084463 -0.507569 0.399453 1.572769 -0.003362 -1.566138 -0.273505 1.085031 -1.467009 -1.006803 -1.006378 -0.256660 1.065782 -0.696429 0.278934 1.062795 -3.108674 1.117795 -0.972647 -0.461771 0.431619 0.473838 -0.649765 1.951510 0.604141 0.882699 0.631268 0.564514 1.530685 -0.188328 -0.382493 0.389056 -1.243309 1.167809 -0.331020 -1.379301
91 -0.818333 0.124958 -0.561244 -1.688036 0.517592 1.031147 -0.186046 -0.066587 0.371900 0.553130 -1.082923 1.677520 0.807339 0.722552 -1.349940 0.443462 -1.285785 0.810174 -0.475988 1.896095 0.339905 -0.513219 0.110068 -0.633401 2.028321 0.696724 0.161330 0.042065 -1.047278 0.300936 0.875294 0.524029 -0.295917 0.517729 -0.343588 0.486335 -1.046708 -0.577380 -2.133848 0.316281 -0.421713 -0.034434 -0.557131 -0.135528 0.622178 -0.427741 -0.977896 0.431701 0.508957 0.850056
92 0.576504 0.168032 -0.789330 1.343563 1.374776 -0.972867 -0.002113 -0.375638 -2.579322 -1.189608 0.016976 0.743536 -0.724238 0.152408 0.074036 -0.460611 2.229206 0.109345 1.000621 -1.046454 1.051521 0.070754 1.187502 -0.321774 0.467157 -0.847146 0.744161 -2.160802 0.249798 -0.863503 1.503939 -0.543658 -2.268421 0.336875 1.670749 -1.020636 1.845787 0.862026 0.696803 0.726233 1.943646 -1.111052 1.541268 0.112964 0.270253 0.560823 -0.124307 1.277184 -0.116319 -1.514446
93 -1.280359 -0.776228 0.730961 -0.049606 -0.074287 1.342313 -1.539509 1.767337 0.337375 1.005025 -0.560069 -0.068477 -0.064064 -0.160416 0.358463 0.530591 -0.224948 -1.262157 0.802208 -0.480627 -0.459213 -1.659843 -0.343807 1.296865 -0.206509 0.226479 -0.397608 1.094576 1.085354 -1.259297 -1.008898 1.006560 0.029443 0.672935 0.111915 1.212086 -0.529604 0.533058 0.032167 0.362166 0.527546 0.708379 0.016722 -1.014108 -1.516429 -0.136678 -0.839955 -0.291003 0.415700 -1.556243
94 -0.108792 0.825777 0.131321 0.118041 -0.120488 0.356323 -0.819669 2.272862 1.117058 -1.062678 -1.136590 2.086917 -0.325397 1.258333 0.899720 -0.350925 -1.897212 -1.984391 0.088275 -1.667434 0.476183 0.008144 0.114884 0.467165 -0.322037 0.421663 0.069832 1.061476 -0.301602 -1.851744 0.653938 1.031014 -0.234376 -2.097380 -0.021988 0.859266 -0.165383 0.142207 1.025478 3.270159 -0.024642 -2.221408 -2.306371 0.556515 -0.284887 -0.416223 -0.875122 -1.479821 -0.026845 -1.256219
95 -0.154743 2.003074 0.520393 0.491434 -0.610237 0.053566 1.245574 -0.211363 1.366322 -1.486036 1.640876 -1.491842 -2.625812 0.068274 0.489608 -2.146022 -1.104248 -0.092743 1.155069 0.728208 -2.211394 0.075026 -0.418505 -0.837856 2.149919 0.291582 0.308600 -0.176094 0.522123 0.987171 0.633093 -1.176250 -0.295630 1.048593 0.657575 1.145438 1.742071 -1.199196 1.078869 1.878066 1.196156 -0.037686 -1.080302 -1.795483 -0.284145 1.095110 -0.950074 -0.010455 0.323118 -0.360930
96 -1.512519 0.395446 -1.055936 -0.988197 1.235200 2.896024 0.301674 0.918559 2.297219 0.689697 -2.711899 -0.761129 0.120740 0.056381 -0.377520 0.870351 -1.641545 -1.049412 -2.242114 1.575620 -1.010765 -0.829702 0.842298 -0.051501 -2.145906 -0.265143 1.990114 -0.801994 -0.812028 1.672532 1.964551 -1.648874 0.776739 0.805655 -0.709075 -0.462897 -0.122923 -0.678166 -0.129693 0.498611 -0.503226 0.179897 -0.848238 -0.660382 -0.496016 0.435904 -1.349218 0.930522 -1.140461 1.793196
97 -0.015138 -0.539115 -2.009861 -0.644900 -2.928765 -1.118373 -2.490286 1.056030 1.149580 -0.637693 0.210886 1.002368 1.540460 -0.410131 0.760878 -1.810917 0.507083 -0.392117 -1.297032 -0.557725 -1.144160 0.251502 2.159250 -0.856161 -1.780232 -0.873833 -1.182456 0.190245 1.484180 2.235870 -1.187467 -2.164484 -0.183622 -1.846082 0.241090 -1.716161 0.355776 0.143738 -1.502965 -1.418499 0.478332 0.547808 1.159758 0.901043 -0.528258 -0.166478 -0.645129 -0.433253 1.023394 1.786339
98 -1.673308 -0.830296 0.171830 -1.017399 -0.252138 -0.022695 1.652722 0.818304 -1.976597 -1.374103 -1.824967 -1.720532 -0.236563 -0.326095 -0.843472 -0.978696 0.042032 -0.061948 1.336598 1.298922 -0.853423 -0.859980 -0.065331 0.243623 1.134968 1.107280 0.203445 2.635381 0.537524 0.693209 0.138080 -0.752836 0.689060 0.975540 1.126711 0.328563 -0.219650 0.594494 1.489649 0.674483 0.815042 -0.966132 0.449348 -0.602216 0.600627 -1.639754 1.606222 -0.508982 -0.519401 2.109585
99 0.499938 0.733085 -1.620184 -0.974501 0.911029 1.244496 0.407776 -0.924170 0.187099 -0.152069 -0.069308 -1.043162 -0.129100 -0.133580 -0.969984 -0.226798 -0.867550 -0.079188 -1.685818 -1.723165 0.945478 -0.826490 -0.699117 1.715351 -1.994775 -0.381536 0.638945 -1.094886 -1.164963 -1.946889 0.310790 -0.556165 -0.375221 1.504924 -1.982466 0.406917 0.164834 0.280202 0.635731 1.001438 -1.253310 -0.746675 0.091382 -1.112117 1.643186 -0.301111 -0.589027 -0.646857 -0.083751 -1.084199
END
#################################################################
SECTION3 (Edges Information)
EndPoint0 EndPoint1 Weight
0 1 1.000000
0 9 1.000000
0 10 1.000000
0 90 1.000000
1 0 1.000000
1 2 1.000000
1 11 1.000000
1 91 1.000000
2 1 1.000000
2 3 1.000000
2 12 1.000000
2 92 1.000000
3 2 1.000000
3 4 1.000000
3 13 1.000000
3 93 1.000000
4 3 1.000000
4 5 1.000000
4 14 1.000000
4 94 1.000000
5 4 1.000000
5 6 1.000000
5 15 1.000000
5 95 1.000000
6 5 1.000000
6 7 1.000000
6 16 1.000000
6 96 1.000000
7 6 1.000000
7 8 1.000000
7 17 1.000000
7 97 1.000000
8 7 1.000000
8 9 1.000000
8 18 1.000000
8 98 1.000000
9 0 1.000000
9 8 1.000000
9 19 1.000000
9 99 1.000000
10 0 1.000000
10 11 1.000000
10 19 1.000000
10 20 1.000000
11 1 1.000000
11 10 1.000000
11 12 1.000000
11 21 1.000000
12 2 1.000000
12 11 1.000000
12 13 1.000000
12 22 1.000000
13 3 1.000000
13 12 1.000000
13 14 1.000000
13 23 1.000000
14 4 1.000000
14 13 1.000000
14 15 1.000000
14 24 1.000000
15 5 1.000000
15 14 1.000000
15 16 1.000000
15 25 1.000000
16 6 1.000000
16 15 1.000000
16 17 1.000000
16 26 1.000000
17 7 1.000000
17 16 1.000000
17 18 1.000000
17 27 1.000000
18 8 1.000000
18 17 1.000000
18 19 1.000000
18 28 1.000000
19 9 1.000000
19 10 1.000000
19 18 1.000000
19 29 1.000000
20 10 1.000000
20 21 1.000000
20 29 1.000000
20 30 1.000000
21 11 1.000000
21 20 1.000000
21 22 1.000000
21 31 1.000000
22 12 1.000000
22 21 1.000000
22 23 1.000000
22 32 1.000000
23 13 1.000000
23 22 1.000000
23 24 1.000000
23 33 1.000000
24 14 1.000000
24 23 1.000000
24 25 1.000000
24 34 1.000000
25 15 1.000000
25 24 1.000000
25 26 1.000000
25 35 1.000000
26 16 1.000000
26 25 1.000000
26 27 1.000000
26 36 1.000000
27 17 1.000000
27 26 1.000000
27 28 1.000000
27 37 1.000000
28 18 1.000000
28 27 1.000000
28 29 1.000000
28 38 1.000000
29 19 1.000000
29 20 1.000000
29 28 1.000000
29 39 1.000000
30 20 1.000000
30 31 1.000000
30 39 1.000000
30 40 1.000000
31 21 1.000000
31 30 1.000000
31 32 1.000000
31 41 1.000000
32 22 1.000000
32 31 1.000000
32 33 1.000000
32 42 1.000000
33 23 1.000000
33 32 1.000000
33 34 1.000000
33 43 1.000000
34 24 1.000000
34 33 1.000000
34 35 1.000000
34 44 1.000000
35 25 1.000000
35 34 1.000000
35 36 1.000000
35 45 1.000000
36 26 1.000000
36 35 1.000000
36 37 1.000000
36 46 1.000000
37 27 1.000000
37 36 1.000000
37 38 1.000000
37 47 1.000000
38 28 1.000000
38 37 1.000000
38 39 1.000000
38 48 1.000000
39 29 1.000000
39 30 1.000000
39 38 1.000000
39 49 1.000000
40 30 1.000000
40 41 1.000000
40 49 1.000000
40 50 1.000000
41 31 1.000000
41 40 1.000000
41 42 1.000000
41 51 1.000000
42 32 1.000000
42 41 1.000000
42 43 1.000000
42 52 1.000000
43 33 1.000000
43 42 1.000000
43 44 1.000000
43 53 1.000000
44 34 1.000000
44 43 1.000000
44 45 1.000000
44 54 1.000000
45 35 1.000000
45 44 1.000000
45 46 1.000000
45 55 1.000000
46 36 1.000000
46 45 1.000000
46 47 1.000000
46 56 1.000000
47 37 1.000000
47 46 1.000000
47 48 1.000000
47 57 1.000000
48 38 1.000000
48 47 1.000000
48 49 1.000000
48 58 1.000000
49 39 1.000000
49 40 1.000000
49 48 1.000000
49 59 1.000000
50 40 1.000000
50 51 1.000000
50 59 1.000000
50 60 1.000000
51 41 1.000000
51 50 1.000000
51 52 1.000000
51 61 1.000000
52 42 1.000000
52 51 1.000000
52 53 1.000000
52 62 1.000000
53 43 1.000000
53 52 1.000000
53 54 1.000000
53 63 1.000000
54 44 1.000000
54 53 1.000000
54 55 1.000000
54 64 1.000000
55 45 1.000000
55 54 1.000000
55 56 1.000000
55 65 1.000000
56 46 1.000000
56 55 1.000000
56 57 1.000000
56 66 1.000000
57 47 1.000000
57 56 1.000000
57 58 1.000000
57 67 1.000000
58 48 1.000000
58 57 1.000000
58 59 1.000000
58 68 1.000000
59 49 1.000000
59 50 1.000000
59 58 1.000000
59 69 1.000000
60 50 1.000000
60 61 1.000000
60 69 1.000000
60 70 1.000000
61 51 1.000000
61 60 1.000000
61 62 1.000000
61 71 1.000000
62 52 1.000000
62 61 1.000000
62 63 1.000000
62 72 1.000000
63 53 1.000000
63 62 1.000000
63 64 1.000000
63 73 1.000000
64 54 1.000000
64 63 1.000000
64 65 1.000000
64 74 1.000000
65 55 1.000000
65 64 1.000000
65 66 1.000000
65 75 1.000000
66 56 1.000000
66 65 1.000000
66 67 1.000000
66 76 1.000000
67 57 1.000000
67 66 1.000000
67 68 1.000000
67 77 1.000000
68 58 1.000000
68 67 1.000000
68 69 1.000000
68 78 1.000000
69 59 1.000000
69 60 1.000000
69 68 1.000000
69 79 1.000000
70 60 1.000000
70 71 1.000000
70 79 1.000000
70 80 1.000000
71 61 1.000000
71 70 1.000000
71 72 1.000000
71 81 1.000000
72 62 1.000000
72 71 1.000000
72 73 1.000000
72 82 1.000000
73 63 1.000000
73 72 1.000000
73 74 1.000000
73 83 1.000000
74 64 1.000000
74 73 1.000000
74 75 1.000000
74 84 1.000000
75 65 1.000000
75 74 1.000000
75 76 1.000000
75 85 1.000000
76 66 1.000000
76 75 1.000000
76 77 1.000000
76 86 1.000000
77 67 1.000000
77 76 1.000000
77 78 1.000000
77 87 1.000000
78 68 1.000000
78 77 1.000000
78 79 1.000000
78 88 1.000000
79 69 1.000000
79 70 1.000000
79 78 1.000000
79 89 1.000000
80 70 1.000000
80 81 1.000000
80 89 1.000000
80 90 1.000000
81 71 1.000000
81 80 1.000000
81 82 1.000000
81 91 1.000000
82 72 1.000000
82 81 1.000000
82 83 1.000000
82 92 1.000000
83 73 1.000000
83 82 1.000000
83 84 1.000000
83 93 1.000000
84 74 1.000000
84 83 1.000000
84 85 1.000000
84 94 1.000000
85 75 1.000000
85 84 1.000000
85 86 1.000000
85 95 1.000000
86 76 1.000000
86 85 1.000000
86 87 1.000000
86 96 1.000000
87 77 1.000000
87 86 1.000000
87 88 1.000000
87 97 1.000000
88 78 1.000000
88 87 1.000000
88 89 1.000000
88 98 1.000000
89 79 1.000000
89 80 1.000000
89 88 1.000000
89 99 1.000000
90 0 1.000000
90 80 1.000000
90 91 1.000000
90 99 1.000000
91 1 1.000000
91 81 1.000000
91 90 1.000000
91 92 1.000000
92 2 1.000000
92 82 1.000000
92 91 1.000000
92 93 1.000000
93 3 1.000000
93 83 1.000000
93 92 1.000000
93 94 1.000000
94 4 1.000000
94 84 1.000000
94 93 1.000000
94 95 1.000000
95 5 1.000000
95 85 1.000000
95 94 1.000000
95 96 1.000000
96 6 1.000000
96 86 1.000000
96 95 1.000000
96 97 1.000000
97 7 1.000000
97 87 1.000000
97 96 1.000000
97 98 1.000000
98 8 1.000000
98 88 1.000000
98 97 1.000000
98 99 1.000000
99 9 1.000000
99 89 1.000000
99 90 1.000000
99 98 1.000000
END
#################################################################
SECTION4 (TrueSubGraph Information)
EndPoint0 EndPoint1 Weight
21 11 1.0
11 1 1.0
1 2 1.0
2 12 1.0
END
#################################################################
SECTION5 (Labels Information)
0 0 0 0 1 1 0 0 0 1 0 0 0 0 0 1 1 0 1 0 1 1 0 0 0 0 0 1 0 1 0 1 0 0 0 0 1 1 1 1 0 1 0 1 1 0 1 1 0 0 
END
#################################################################
SECTION6 (bt Information)
-5 -5 -5 -5 5 5 -5 -5 -5 5 -5 -5 -5 -5 -5 5 5 -5 5 -5 5 5 -5 -5 -5 -5 -5 5 -5 5 -5 5 -5 -5 -5 -5 5 5 5 5 -5 5 -5 5 5 -5 5 5 -5 -5 
END
#################################################################
