#################################################################
#APDM Input Graph, this input graph includes 3 sections:
#section1 : general information
#section2 : nodes
#section3 : edges
#section4 : trueSubGraph (Optional)
#
#if nodes haven't information set weight to null
#################################################################
SECTION1 (General Information)
numNodes = 100
numEdges = 200
usedAlgorithm = NULL
dataSource = SimulationData2
END
#################################################################
SECTION2 (Nodes Information)
NodeID Base Counts
0 0.002513 0.337377 -0.594245 -0.294220 -1.778959 1.266739 -0.120332 -1.458597 -0.107188 -1.268763 -0.552109 2.274969 1.194105 0.951082 1.217112 -0.144625 0.318427 -0.693256 -0.900189 -0.571089 0.412182 0.849339 -0.831695 2.076416 -0.016109 -0.296040 0.249350 0.809494 -0.510963 0.171005 -0.133339 0.091869 0.109872 -2.242825 -0.843936 2.885211 -0.619429 -1.053729 0.159307 -0.956104 -0.151273 0.672097 0.072768 -0.542667 -0.779049 -0.255147 0.865376 -0.271194 3.220979 -0.172943
1 0.158161 -1.181335 -0.683452 0.378801 0.056420 -0.826366 1.409603 -1.346160 -0.509335 -1.402853 0.217864 -0.881300 -0.982728 -0.310405 -0.091124 0.752311 4.813087 0.043336 -1.706670 -0.674036 -0.003828 -0.659529 2.467551 0.726039 2.317826 2.007266 0.990520 1.365114 6.756329 0.463204 0.244543 -0.060747 1.089591 -0.022128 1.147183 0.503030 0.921707 -0.353491 0.503056 0.273712 5.447822 0.858661 1.754260 -0.146264 -1.169584 4.548542 4.089717 -2.325118 -0.289181 -0.029120
2 0.097909 1.342935 -0.179884 1.578420 1.469788 0.559047 1.204859 0.700199 1.699319 -1.503501 -0.087142 1.202831 0.324606 0.490603 0.926100 1.157213 5.596445 1.066644 -0.586862 -1.289645 -0.424475 -1.486396 0.894338 -1.343000 1.635300 0.994628 0.981585 0.789789 3.378452 2.380008 -0.364673 1.083812 0.070223 0.006883 1.546823 0.065619 0.770074 0.610927 -1.942616 0.455045 3.344046 -1.859912 0.421746 -0.046723 1.599834 4.364718 4.175733 1.583017 -0.784944 -0.419646
3 0.123869 -0.030464 -0.711653 0.628056 0.648735 -1.984457 -0.587738 -0.074098 0.565301 0.125417 0.605880 -0.153629 -0.515736 -0.493338 -0.558114 1.201437 5.578477 -1.149462 0.576765 -0.938910 -0.293498 1.099492 -1.404611 -1.404730 0.066785 0.823953 0.391610 -0.408340 3.378876 -0.481481 -0.580093 0.535622 1.154013 0.043156 -0.760335 -0.433925 0.029536 -2.721340 0.254558 0.280793 3.238493 -0.346326 0.524277 -0.153548 -0.067112 4.602453 5.157547 1.610124 -1.526209 -0.167925
4 0.324120 -2.578752 -0.687790 0.231542 1.004778 0.652579 0.235709 2.359641 1.096694 -0.864060 0.951689 -0.699939 -0.124408 -1.008620 -1.321218 -0.292389 5.674511 0.290303 -0.489243 0.787761 -1.061496 -1.066219 -0.813781 -1.282664 -0.284496 2.437822 -0.626644 -1.010530 3.165117 0.363239 0.419803 0.125091 -0.586055 -0.386959 -0.119109 1.189223 -1.090105 -1.611206 0.674510 -0.796084 5.282937 0.459529 -0.195635 1.165288 -0.785098 5.403156 6.635872 -1.508132 -0.831609 0.178334
5 -0.073305 0.650403 0.046420 -0.370804 -0.223587 0.360206 1.122983 1.561931 1.164665 1.252818 1.206013 -0.880029 0.778128 0.606018 1.086863 -0.860268 5.880311 0.903608 -0.282317 -0.522104 -0.598951 0.729452 0.898750 1.194933 1.708530 -0.365628 -0.703038 -1.556907 6.654803 0.142129 0.602303 0.132427 0.717549 1.813017 -0.195342 0.309705 -1.531078 2.041084 1.333272 -1.521138 6.505651 -0.344419 0.393587 -1.188606 -0.835325 4.381051 6.224271 0.011875 0.577548 -0.031305
6 -1.021294 -0.019871 -0.105865 -0.122267 0.870670 -1.640887 0.642838 -0.049718 0.423023 -0.478196 0.109535 -0.548047 -0.702178 0.617356 -0.157577 0.619440 -1.693897 -0.282538 0.560157 1.648261 0.038565 -0.761938 1.209080 -0.824329 2.005868 -0.855649 0.895790 -1.790984 0.028284 -0.871980 0.171570 -0.556883 1.014766 -1.356926 0.545943 -1.359736 0.286622 0.677055 -0.255418 0.469656 -1.331038 -1.107204 0.041603 0.945438 1.395697 0.015111 -0.629160 -2.788963 0.112452 0.412382
7 0.434467 1.984223 0.801399 1.123735 -0.936417 0.113115 0.548498 -1.730179 0.140041 -1.449412 1.203425 1.066576 2.248271 1.174060 -0.018941 1.291336 -1.591198 -0.395192 -0.794828 -0.788572 0.532093 -1.512897 0.037175 1.784820 0.735805 0.544270 0.940827 -0.177034 0.679351 1.707168 -1.037264 -0.522260 -0.317412 0.321120 1.567668 -1.572224 2.254876 1.041153 -0.726256 0.390295 -0.043076 -3.096575 -1.140850 0.171344 0.217030 -0.125804 0.030577 -1.387489 2.212320 0.005656
8 0.937381 -0.832017 -0.346944 -0.478362 0.163416 -0.059352 0.456034 0.121864 1.547157 -0.640770 1.247180 -0.855559 -0.129941 -1.389609 -0.553476 -0.033739 0.361625 -1.221748 0.566043 -0.679069 1.232607 1.104804 -0.697770 0.773445 0.186304 -1.965779 -0.109081 -0.345356 0.554028 -0.152463 0.729692 0.200047 2.032155 1.165586 0.281352 -0.622549 1.761450 -0.082522 -0.690716 -0.848299 0.768599 0.133328 1.214549 -1.359403 -1.341326 -1.017166 1.301048 -0.360613 1.328170 -1.085483
9 0.784923 -0.296755 0.297024 0.447212 0.072846 1.090741 -0.004552 -0.471964 0.365079 1.819952 2.478635 -0.763345 -0.182968 -0.405731 -0.007587 -0.048086 -0.980169 0.550778 0.926598 -3.108695 1.095881 2.149275 2.215950 -1.485738 1.692780 0.017267 -1.520444 0.162352 0.963449 0.381048 -0.071696 -0.293992 0.024450 1.871824 -1.904301 1.063795 0.984120 -1.020556 1.126232 -0.115804 2.327889 1.329352 0.177431 -1.265906 -1.381043 -0.833406 0.810075 -1.856524 2.144408 -1.289554
10 -0.376445 -1.162854 0.914492 -0.060393 0.532139 1.329114 2.396202 -0.317590 -0.618469 -1.264892 -1.237534 -0.152957 -0.924204 0.974753 -1.114772 -1.402218 -0.310433 -0.316936 -0.716825 -0.079050 -0.265442 0.551551 1.162996 -0.042183 0.034501 0.954565 -1.058932 1.785623 0.277115 -1.565383 1.076160 -2.461460 2.283877 -0.775723 0.546689 2.132222 -0.728425 -0.621980 0.780286 0.191275 -1.535959 0.476697 -0.178423 0.460882 -0.317003 0.044096 0.556657 -0.273656 -0.072550 2.833243
11 -0.914431 2.197298 -0.063608 -0.639022 1.697530 -0.287152 0.192538 1.444866 -0.210579 -0.969140 -0.085095 0.713776 -0.523143 -1.327444 0.094841 1.404207 4.904035 -0.089408 2.348873 0.884915 -0.900256 -0.839390 -0.697014 -0.868599 -2.174002 -2.296364 1.094335 -1.057200 6.410975 -3.038894 -0.584765 -0.246791 -0.176714 -0.399364 -0.377426 -0.601465 1.383880 -1.415419 -1.729796 -0.181085 5.329137 -0.286198 0.102164 0.326540 -0.602735 5.165426 4.444616 1.585665 1.156053 -0.804921
12 0.125679 0.330170 0.002268 -0.786200 2.601038 -2.634832 -0.517257 0.629332 0.779963 0.436778 0.093688 0.406166 1.150647 -1.689076 2.654401 2.532105 -0.280988 -1.251157 0.821370 -0.010209 0.581911 -0.298787 -0.345783 0.371620 -0.245443 -0.683697 -1.268629 -1.752775 -1.432266 -0.080150 -1.791503 1.592622 -0.492212 0.233125 0.395721 -0.349175 -0.013493 -1.174417 0.234289 0.140710 -1.390130 1.146626 -0.141960 1.436844 0.099746 0.121845 -0.396468 1.129789 1.772140 3.507597
13 -1.147309 -2.280260 0.794916 1.192412 0.143859 0.334521 1.269037 0.166020 0.008200 -0.734430 0.106247 1.202051 0.479247 -0.519688 -0.663686 -0.258183 6.105904 -0.637756 -0.854636 1.861102 -0.432739 -1.987525 1.720369 -0.414949 -0.401236 0.795313 -2.388560 0.017110 5.277044 -0.526194 0.174986 0.489797 -0.013169 0.719603 0.186016 0.152862 0.414614 -0.239739 0.797144 0.782533 5.838108 0.565962 1.614913 0.427776 -1.712788 5.826485 7.518836 -1.201949 1.248609 0.040956
14 0.339571 -1.010638 0.254251 1.585804 0.367263 0.229746 -0.639444 -0.588889 -1.121355 0.464550 0.075617 1.196294 2.013205 -0.575035 0.540971 -0.899269 0.032920 0.723553 -1.116347 1.774073 0.311078 -0.726081 0.477144 -1.281673 1.040925 -0.630202 -1.119924 -0.550052 1.452419 1.912897 -0.578720 -0.807209 -0.894552 0.104464 -0.114467 0.865693 -0.133929 -2.411294 1.175556 1.248478 -0.032750 1.751850 0.266032 0.252045 0.143299 -1.374358 -0.464912 -0.618525 -0.822748 -0.441857
15 0.344296 -0.906720 -0.983959 0.051895 -0.411528 0.413949 1.576722 0.092299 0.912167 -0.141449 -1.396745 0.034216 -0.697405 0.000288 -1.028358 0.761929 -2.962960 2.083689 -0.814674 -0.210621 0.135471 -0.391216 0.523315 -0.689606 -0.213916 1.151653 0.499019 0.100710 -1.003942 0.577472 -0.764970 0.551069 -0.570615 0.029976 0.218111 1.296955 0.704049 0.992845 1.788266 0.696331 1.170418 1.755218 1.356328 -0.809636 -0.671032 2.106845 -0.772473 0.374903 -1.058249 -0.962553
16 1.457996 0.108573 0.142700 0.193245 -0.687978 -0.611247 -0.055575 0.076497 -0.687591 0.195200 1.228235 0.041882 0.063105 -0.918463 -0.233105 -0.745894 -0.455862 -1.176416 1.829110 -0.137952 0.050141 0.424102 -0.163556 -0.226218 0.607169 -1.054748 0.606248 -0.719038 -1.062074 1.053919 -0.113913 -0.028692 -0.276093 -1.882222 1.629313 0.977748 -0.546390 0.467157 0.669665 0.747287 1.300369 -0.384815 0.422027 -0.433582 0.012807 -0.109862 -0.453302 0.368384 -0.464309 -1.097065
17 1.020815 0.300766 1.701885 1.027492 -0.234640 -0.911185 -0.557404 0.098891 -0.280362 -1.848943 -0.604592 -2.031444 -0.197165 1.810182 1.008254 -0.986832 -1.571318 -0.445967 0.191320 0.183334 0.109695 -0.243836 -0.631114 -1.009758 -0.257245 -2.006309 -0.515522 1.291287 -0.996316 -1.066936 -0.241041 0.387776 -0.009141 -0.880509 2.237574 -2.550343 -1.191664 0.029855 -0.252415 1.103394 1.601743 -0.888373 1.856089 0.415615 -0.277746 -1.003882 -0.822098 1.617269 -1.418779 0.372137
18 -0.739176 0.329734 0.872766 0.318903 -0.553932 -0.851706 0.024704 -0.599176 0.535922 -0.545515 0.401897 -0.719581 -0.024392 -2.507327 0.130318 -1.253871 -0.946609 0.302823 0.865350 -1.438784 -0.079914 -0.704043 -1.812547 -1.170867 -0.190125 1.361276 0.121417 1.142573 2.690092 -1.177082 -1.238914 -0.684118 -0.327205 1.202932 -0.176603 -1.334341 -0.567442 -1.577535 0.326402 -1.075821 0.171058 1.372233 0.680971 -0.580950 -2.326192 0.552931 -0.660342 -0.777322 -0.113978 -0.117950
19 -1.368940 -0.854126 0.176474 -0.228777 0.257561 0.114817 -0.923839 0.705691 1.432736 -0.781822 0.483600 1.949606 1.813404 2.272986 0.641411 0.035827 -0.970176 1.495164 -1.143344 -0.364635 -1.596300 -1.025876 -0.156685 0.696247 -1.663260 0.536738 -0.860028 1.274617 -0.472018 -0.649815 1.050275 -0.134249 -0.067859 -0.862515 0.510404 -0.006323 -1.128889 0.639510 0.259736 -0.764773 -0.278396 0.022234 0.121824 -1.391541 0.573082 -2.425972 -0.282245 2.029716 -0.044912 1.090404
20 -0.173668 -1.014646 0.430945 0.955480 0.234112 -0.351206 1.908515 -0.457672 -1.178711 -0.681249 -0.664828 0.264518 0.274759 0.953830 -1.001553 0.388260 0.866587 -0.134660 0.246768 0.382465 0.918906 0.197687 -0.776125 -0.163750 0.782341 -0.035723 -0.939812 -0.385360 -0.143666 -0.448961 -1.604361 -0.519287 0.121995 0.543834 -1.360010 -0.651819 -1.159401 0.695290 0.581451 0.505736 -0.423063 0.119065 0.916711 -0.207581 -0.275735 -0.347849 0.690695 -0.061432 2.061851 -0.228494
21 0.859666 0.491314 0.059417 -2.979878 -1.618535 -0.751403 0.407654 -0.890282 -0.440303 1.852734 0.670702 0.432556 -0.159096 0.682763 0.953879 -0.066053 0.472596 -0.295891 1.063115 1.768608 0.929912 0.466540 0.469396 -1.355484 0.810742 -1.027975 -0.954206 0.389236 1.034881 -1.548675 -0.817438 -0.182616 1.271710 -1.341996 0.230267 0.745511 -1.060885 -0.603750 0.279294 0.745867 -0.268952 -1.158332 1.817314 0.036911 1.179405 -0.360399 1.911216 -0.250192 -0.264536 -1.443836
22 0.318600 1.467076 0.301220 0.350224 -0.208182 -2.576639 -1.148788 -1.183099 0.479828 -0.665773 -1.681439 2.355137 -1.605768 0.040089 0.276027 -0.003628 0.900711 0.995452 0.391018 1.134154 0.872876 -1.043208 0.888639 -1.161437 -0.142180 0.763370 -1.735987 -0.325337 1.240077 0.686782 -0.541115 -0.231393 -0.174407 0.196463 -0.475111 -0.940643 -1.498582 0.006820 2.345270 0.383804 -0.374995 -2.349311 -0.012632 -0.350675 -1.463524 -0.439409 -0.314130 1.195468 -0.705558 -1.299204
23 -1.475217 -0.181133 0.462043 -0.670262 0.568054 2.060051 0.575392 1.719055 -0.199082 1.222823 1.032695 -1.598471 0.812005 -0.028814 -0.714690 -0.401868 0.453399 0.478045 -0.016310 1.309635 0.932899 1.215448 -0.929171 1.608533 0.570312 -0.312383 0.108071 0.384767 -0.496663 0.924393 -0.721823 1.060502 0.992786 -0.120147 -0.770793 1.440049 0.884026 -1.639279 0.128682 0.685327 -0.337866 -0.754126 0.465980 0.220142 0.997269 1.774342 -1.220525 -0.629794 0.623474 0.833209
24 -0.772246 0.903172 -1.499255 -1.006671 0.126281 0.964870 -1.105192 0.313164 -0.404451 0.251114 1.785375 -0.847804 0.222560 -0.104043 -0.819364 0.402375 -1.041863 -1.209043 -0.182040 -0.860048 -0.335710 -0.207852 1.497338 0.555680 1.214513 1.449528 0.950387 0.405274 -0.917360 -1.512932 0.372604 -0.732138 2.102081 0.472707 -1.347085 -1.470093 0.636899 0.253496 0.619907 -0.265586 0.089984 0.016337 1.530640 0.860340 0.513618 0.775837 0.899876 0.192860 -1.307260 -0.118883
25 -0.041446 -2.116073 -0.301142 -2.401714 0.470632 -0.997784 0.515749 1.653878 0.078831 0.080401 -0.308344 -1.637983 2.139185 0.343747 0.662978 -0.232325 -1.186139 1.679162 0.198319 0.268720 -1.795603 1.214893 -0.164841 1.255055 -0.145667 -1.655347 -0.061477 -0.746428 -0.764295 0.323355 -0.960626 1.614868 -1.670059 -0.351528 1.731240 -0.941659 -0.092543 0.661715 0.966116 0.547698 -0.405772 0.365961 0.033498 -0.229470 -0.186617 -2.280572 -0.514670 0.149070 2.468936 -1.876297
26 -0.614937 2.982208 -0.727574 -0.495935 -0.432804 0.180520 -0.565617 1.556600 0.934489 -0.523185 0.121547 -0.286585 -0.099981 -0.509854 0.356032 -0.369145 -0.118188 -1.102450 -0.821163 -1.181479 0.267218 0.118855 -0.799276 -1.781874 1.657402 -1.714919 0.654175 0.470549 0.362516 -0.230175 1.685778 0.911447 -1.734755 -0.474356 -0.250050 -1.568446 -1.227579 0.315230 -1.596490 1.654851 0.587839 -1.409939 0.518491 -1.161572 -0.923837 -0.827121 -0.031046 -1.621851 0.659585 0.158117
27 -0.094905 -0.013057 1.429723 -2.578946 0.274243 -0.292124 -1.427121 -0.125315 -0.708618 -0.374237 -0.787446 -0.021593 -1.940343 -0.586931 0.520007 0.565753 1.277428 -0.868141 0.648712 0.926051 -0.122538 -1.306214 0.167222 -0.546615 1.076788 0.018444 0.412516 0.620185 -0.965314 -0.634801 -1.941099 0.675966 0.481065 -1.672815 -1.109352 0.992658 1.113021 -1.085319 -0.077202 1.712475 0.504057 1.628925 0.190833 -1.622746 2.141409 -0.115438 1.728809 -1.131584 -0.659379 -0.747753
28 0.933357 0.523194 -2.077254 1.021857 -1.259069 0.035039 0.025273 -0.524781 -0.168646 -1.609906 -0.697541 -2.580785 -0.038604 1.116600 -0.637884 0.980713 -0.541127 -0.082830 0.278088 1.552263 -1.144597 0.384620 0.166822 -0.987458 -0.074975 0.117126 0.644187 -0.294154 0.685021 -1.103230 -1.699516 -1.910132 0.420565 0.475783 1.033493 -0.857000 -1.214567 -0.893808 -2.547690 -0.758691 -2.207770 -0.007633 0.294902 -1.237310 -0.771317 0.156417 1.694110 -0.561936 0.786490 -0.598130
29 0.598609 2.300238 0.569800 -0.384906 -0.901704 -0.753937 0.806244 0.739024 0.228167 -1.061387 0.553540 0.689630 1.062812 2.114446 0.389128 -0.353418 -0.631583 -0.628445 -0.053951 -1.240588 0.527088 0.451444 -2.209431 -0.853780 0.186070 -1.534407 0.879995 0.357162 -0.553880 -0.544825 0.237607 -0.766765 -0.183114 0.887944 0.919282 -0.357108 1.235435 -0.284478 0.492338 -1.060342 0.254570 -1.756100 0.338316 -1.092888 -1.001502 1.764660 0.809988 0.896922 1.170638 -1.864256
30 0.891958 0.024667 -1.366466 -2.238604 0.237306 -1.930394 -0.584652 0.539308 0.192353 -0.820219 0.051234 0.298070 0.616043 -0.724238 -1.187788 1.910433 1.231788 -1.797721 -0.728916 -0.553671 -1.507067 -0.434879 -0.234235 -1.049451 -1.185750 0.151517 0.168105 0.049263 -0.392401 -0.985090 0.092987 -0.167574 -1.809037 -0.046890 -0.459978 -0.667369 0.398427 1.694708 0.747453 -0.543737 1.145518 2.021865 -1.147013 -2.102987 -0.079008 -1.405846 2.456264 -0.600684 -0.070816 1.549589
31 0.344570 -0.394551 0.790109 0.755834 0.525089 0.301538 0.081234 0.792624 -0.690066 0.306252 1.279709 0.186130 -0.450287 0.438005 0.317117 0.722024 -1.488207 -0.193224 0.740687 0.137602 -0.359617 -1.110650 -0.998797 -1.366684 0.158661 0.826937 0.859883 0.042554 -0.004526 -0.872018 -0.184870 1.171855 -1.676793 -0.719626 -0.540363 -1.197617 1.674521 0.493660 -0.500618 -0.618667 1.261678 -2.004177 0.496381 -1.559847 -0.133095 0.193486 0.174203 -0.438381 0.157768 -0.523446
32 0.544354 -0.238768 0.949731 0.171664 0.670235 0.690679 0.329077 0.749972 -1.977599 -1.198978 0.190391 0.296470 0.691060 -0.810243 0.140179 -0.688988 1.049175 -0.074792 0.929075 -0.328109 -0.509840 -0.250573 1.583418 0.357681 -0.122540 0.146550 0.374421 0.078418 -0.052581 -1.036359 -1.676590 -0.747429 -0.083971 -1.280274 -1.491608 -0.142843 0.252843 -1.015548 2.564470 0.173989 -0.018420 0.736926 -1.080129 0.171164 -0.384799 1.590837 0.107847 -1.405377 -0.993118 -0.549883
33 -0.095762 0.091292 -1.046029 -0.606880 0.257110 0.682589 0.710954 1.459331 -0.061009 0.120638 0.047845 -0.631839 0.575942 -1.581246 -2.339958 -0.156210 -0.643483 -1.062064 -0.452309 -1.385371 0.278823 0.162642 -0.643710 -0.850785 -0.470015 0.897188 1.356662 0.450483 -0.396098 -0.495783 -0.253459 0.929585 0.056926 1.509993 1.556316 -1.389147 2.010374 1.217728 -0.794369 0.502768 1.577625 -1.631753 0.100502 -0.269804 0.800963 -1.055109 0.162626 1.704769 1.834316 -0.652147
34 1.244367 0.899195 -0.436579 -0.192949 0.238351 0.609503 0.641310 0.230826 0.577912 -0.460501 2.243712 1.129716 -1.106793 0.509818 -0.320156 0.948183 1.619831 -1.168145 -1.077063 -1.429473 0.767347 0.792220 0.302769 1.754092 -1.872041 0.521911 -0.208455 0.238728 0.334534 0.926617 -0.088275 -0.411294 -1.070087 0.129110 2.535488 0.379644 -0.555402 -0.624059 -1.770017 2.081701 0.648098 -0.303365 -1.255785 1.553177 -0.123308 0.102820 -1.140900 0.770044 1.339759 -0.516845
35 -0.334308 0.671290 -1.383103 1.195292 0.392900 0.595602 -1.837836 -0.932129 -0.528969 -0.148232 -2.333798 0.678138 -0.931735 0.921316 -1.163761 0.529044 -1.785978 -1.875757 1.213265 0.446117 -0.196592 -1.597178 -0.063535 -0.083114 0.832317 -0.529557 0.068743 0.246676 2.465924 -1.758427 0.758765 -2.145663 -1.829674 -0.489140 0.727324 -0.813271 -0.003812 1.126733 -2.438100 0.022775 2.621850 -0.766640 0.700245 -0.111776 -0.818848 -0.869456 -1.396051 0.591653 -0.130344 -2.332487
36 -0.704737 1.037032 1.388638 -0.846646 0.257338 0.461602 0.829266 -0.669212 0.832625 -0.853751 0.396578 -0.722400 -0.092363 -0.104198 0.520431 -0.031332 -1.374413 1.535024 -0.915803 2.215852 -0.358623 -1.146112 -0.386369 -0.315269 0.087808 0.468668 0.284672 1.122380 -0.744372 -1.410836 0.988612 0.960134 1.923078 -1.925708 -2.152694 -1.009228 1.241262 -1.091573 -0.222296 0.931387 0.152762 -0.715009 -1.669006 1.362835 0.465460 0.795813 0.943207 -0.857716 -0.164773 2.322327
37 0.174406 0.307529 0.053042 -0.618499 -0.421050 2.988819 0.311359 -0.387938 1.451642 -0.482989 1.156910 2.173762 0.441637 -0.600227 0.614131 1.173985 1.507642 -0.944348 1.063416 -0.557102 0.990291 -0.702177 -1.527922 0.814065 0.666251 -0.693600 -0.592552 0.017165 0.070107 1.374703 0.075194 0.992258 -1.909749 -0.155757 1.730943 0.134633 -1.189549 -0.506458 -0.055401 1.341931 0.256420 1.008698 0.850186 -1.343232 -1.686145 -0.566522 -0.014338 1.025301 -0.473754 -0.043129
38 -1.810014 -1.385438 0.316805 -2.066417 0.917184 0.989909 0.567732 0.557841 -0.760204 1.066209 -0.849250 2.121390 -0.081985 -0.272481 -0.428450 -0.184262 -0.788449 -0.049452 0.057062 -0.126645 -1.419122 0.209534 0.671168 -0.324643 -1.028769 -2.112908 -0.105253 -0.367691 -0.356110 0.179203 0.456330 -0.296817 -0.263089 -0.492640 0.891214 -0.004413 1.010516 0.033351 0.411039 0.437235 0.646173 -1.464874 0.057603 -0.293264 1.895987 -0.638723 -0.958952 -0.369225 -0.049827 1.002468
39 -0.233938 -1.066920 -1.781425 1.041090 -1.838286 -0.999131 0.573822 0.173823 0.928138 1.353990 0.242743 -0.097145 0.670645 -0.590143 1.310928 -0.666928 -0.182503 -0.869946 -0.601708 0.694997 0.046664 -0.090628 -0.688992 -1.215046 -0.473414 0.038055 -0.004601 -0.651093 -0.097375 -0.567580 2.018377 -0.908918 1.764815 -0.939261 -0.906803 -0.366724 0.513065 0.447309 1.143241 -1.154468 0.367873 0.227761 0.346697 0.661115 -1.272804 0.279658 -0.940527 1.260856 0.271470 0.732744
40 0.214793 -0.083239 -0.393914 -0.388031 2.536770 -1.273418 0.408980 0.988731 2.573269 -0.091923 -0.790053 0.143269 0.219006 0.621506 -0.228634 0.697539 -0.390859 -0.441422 -0.183984 0.055343 1.102445 -1.253317 -0.883355 -0.458174 -1.629955 -0.254703 0.731208 0.425358 -0.869181 -0.536410 0.952307 1.062759 0.822795 0.191692 -0.860275 -0.344221 -0.217926 0.915107 -3.463791 -0.210311 -0.864716 -0.150591 0.915490 -0.597804 -0.275529 1.743548 -0.109036 0.151889 2.128526 -0.156238
41 1.412428 -0.249517 -0.371978 -0.690641 -0.769619 0.589253 1.246967 0.497245 2.760833 0.817197 0.836818 -0.268812 -1.651332 0.497258 -0.317481 0.756715 -0.453905 -0.177193 0.168757 -1.124691 -0.849197 0.522992 0.982295 0.986159 -0.373812 0.412077 1.707404 -0.214889 0.391438 1.555346 -0.765517 0.226283 -0.154791 0.377436 -1.543554 0.202418 0.159836 -1.623638 -1.341790 -0.781000 -0.828509 -0.497895 2.040243 0.403786 -2.868963 -0.485345 -0.704391 -2.108946 -1.466863 -0.374226
42 1.206631 -0.542829 -1.302273 -1.044293 1.818260 1.756284 -0.144169 -0.732406 -1.221347 0.292520 0.915169 -2.008785 -1.642965 0.887720 -0.418526 -2.003520 1.651997 -0.648358 -1.426028 -0.281723 0.605166 0.139200 0.982470 -1.814469 -1.131281 -1.131968 -0.883905 -0.227162 1.590471 -0.726299 -1.822860 0.015470 0.928486 -0.581719 1.083643 -0.494598 -0.474444 1.124186 -0.198239 0.141604 -0.032945 -0.297435 -1.464575 -0.582803 1.530909 0.306402 -0.967267 -1.319069 -0.190440 0.480128
43 -0.832876 0.213194 0.428511 0.590560 1.336336 -1.346543 -0.813219 0.895647 -2.627947 0.223639 -2.096996 -0.399928 -0.193302 1.471162 0.374708 -0.138855 -0.344324 0.411561 0.633878 0.077153 1.548590 -1.582889 1.233494 -1.121125 -0.477015 0.142686 1.345817 1.783914 3.436008 -0.045397 0.612623 0.297767 0.423130 0.812389 1.470491 -0.145502 -0.846942 -0.380647 1.703203 0.370030 0.238340 -0.067420 -0.043205 -0.822435 0.309496 -0.131384 0.433091 -0.381589 -0.534762 0.522985
44 0.722313 3.170809 0.145630 -0.703956 -1.425046 0.455721 -1.828231 -0.339993 -2.120473 -0.436065 1.064274 -1.038908 -0.036219 -0.212131 -0.587905 -0.704740 0.375167 -0.321632 0.388731 -0.442679 -1.045427 -0.118639 -0.311494 -1.810386 1.979463 -0.128019 -1.798830 0.659799 -0.909540 2.585777 1.364815 0.922947 -0.845694 -1.452582 1.607474 1.445524 -0.938841 -1.742188 -0.788764 -1.240080 -0.502621 0.585335 -0.635503 0.209788 -1.285646 -0.502960 2.337580 -0.593837 0.297348 0.629990
45 1.837146 0.600091 -1.580466 -1.123610 0.427070 -0.901065 -0.266038 -1.434571 -0.294485 -0.913901 0.866707 -0.289144 -0.144539 0.433320 -2.009576 0.766737 -0.720388 -0.727006 -0.200074 -0.665522 0.167003 -0.059866 -0.729079 2.630809 -1.277648 -0.132197 -0.777419 0.548518 0.947454 1.787431 -0.204037 -1.179554 0.787883 1.268309 0.413624 0.575824 -1.058697 -0.065195 -0.168199 -2.276880 -1.981620 -0.097981 -0.930780 0.404610 -0.916789 0.028455 -0.529580 0.582891 0.435634 -0.280693
46 0.007607 0.164970 -1.217318 -1.355549 -1.303202 -0.170920 -0.280648 0.049210 1.122043 0.233340 -0.964361 -0.150228 0.337229 -1.256808 -0.326132 1.186813 1.493150 -1.471265 1.788961 0.008771 0.172992 -0.639724 0.179526 0.687768 -1.593576 -0.630253 -0.383285 -0.571334 -0.338705 -1.052626 -0.615853 0.380286 -1.203866 -0.082446 -1.311944 1.851560 0.801108 0.181518 1.021262 0.775398 -1.368165 -0.225677 -0.570699 0.315977 -0.347588 -1.746269 -0.651834 0.210810 -0.381968 1.133975
47 -0.233001 2.405701 0.620178 1.767991 -1.739537 -0.343663 0.018371 0.142259 -0.323207 0.783655 -1.436196 -2.177845 1.260982 -0.375616 0.484705 -0.591881 0.642683 -0.519927 2.374992 -0.275746 -0.108697 -0.983691 -0.450796 0.010085 0.410927 -0.608216 1.572433 -1.242971 0.470043 0.845211 1.007109 -0.349857 -0.984659 2.217624 1.238271 1.169100 0.001416 -1.372750 -0.095555 -0.213634 0.403351 0.054954 -0.615218 -0.980338 0.965316 -1.022482 0.280506 -0.620025 0.564963 0.220370
48 1.551857 -0.123657 0.273537 -0.308963 0.123358 0.214371 0.332770 2.342370 -1.208216 -1.492482 -1.499964 0.512651 0.535065 -2.012237 1.265462 0.094774 1.901520 0.172459 -1.392095 -1.355374 0.234188 1.284670 0.660273 0.799866 1.000016 0.741279 -1.605303 0.859043 0.958023 -1.543157 -1.002377 -0.460380 -0.349400 1.059612 0.149725 0.652572 -0.560660 0.959612 0.490923 0.319575 -0.246582 -2.088696 -3.437420 -0.570778 -0.724686 1.765061 -2.665416 -1.791234 0.581682 1.371663
49 0.524063 -0.201576 0.418008 -0.373977 -0.278848 -0.737968 1.273577 -0.100348 -0.291726 0.160177 0.251870 1.697504 0.988642 -2.083486 0.645923 -1.554244 0.127303 0.668637 0.611141 0.274425 -0.727494 -0.523280 -0.565971 -0.395328 -0.420408 0.272690 -1.211948 1.309902 -0.705633 -0.463030 -0.123646 -0.595470 1.600131 -0.805417 -0.389573 0.168288 0.054338 0.827059 -1.106921 -0.075573 1.945609 0.624765 -0.213230 2.322721 0.772007 0.122140 -0.437614 0.390949 0.571783 -0.861783
50 0.527099 0.494825 0.388826 1.668140 -0.310550 -0.119136 0.932160 1.360208 -0.377232 1.110123 -0.486705 0.271712 -0.060933 -0.896220 -0.556087 -0.574003 -0.047744 1.136189 -0.109106 0.389444 -0.846842 1.085809 -0.739275 -0.869907 0.084455 0.750942 -0.285822 -0.462589 -1.504239 0.800920 -0.892905 -1.125712 -0.307505 0.198228 -0.365567 -1.541604 0.449487 0.447580 0.346887 0.862149 1.812058 0.083593 1.904769 1.361741 0.220666 -0.019281 0.380663 0.554996 -1.286428 -0.028738
51 -0.235162 0.720462 -0.149057 0.966072 -0.579603 -0.224998 1.704077 -1.269958 -1.046277 -1.602807 -1.220462 -0.466964 0.338860 -0.590439 -0.268955 0.534467 1.097329 -2.487109 1.193122 -0.539158 1.119068 1.103246 0.325536 2.181146 0.107718 -0.300330 0.964763 1.126978 0.374966 0.094548 1.278115 1.322643 0.601294 1.009061 1.575863 -0.432923 -1.677579 -0.327147 1.127015 -0.337706 -1.240356 0.397510 1.511498 0.442242 1.363985 2.462637 -0.429647 0.400147 0.242837 1.007869
52 -0.853338 0.784794 1.179328 0.236242 -0.424603 2.534219 -1.168319 -0.615309 -0.573377 1.010085 1.050283 1.220950 2.273703 1.399653 -0.314053 -1.074793 0.159335 -1.255727 -0.080082 1.159147 1.082370 -0.452224 2.239865 -0.042949 -1.881741 1.194137 -0.356498 -0.762435 -0.834701 -1.057756 2.806975 -0.014923 0.206414 -1.458353 0.046464 0.099098 0.631217 -0.277491 -1.993698 -0.022355 0.009825 0.222956 -0.553606 -0.560102 2.931914 -1.136257 1.496362 1.131072 0.579528 0.956331
53 -0.857245 0.012009 -0.179565 -1.409187 0.222039 -0.055516 1.093106 1.077143 -0.206231 0.605526 -0.523599 0.202652 1.380697 0.125866 0.458860 0.183177 -0.698846 1.976502 0.558353 1.331818 0.642656 1.670437 -3.011556 2.462752 -0.054362 -1.513045 -0.554000 -0.861934 -0.653627 0.511547 0.664364 -0.866236 -0.484932 -1.136515 -0.471336 1.888393 -0.505238 -0.493395 -0.495000 2.031117 0.638674 0.264718 1.658020 -0.343371 -0.980678 -0.605942 0.353044 -0.663841 -0.004020 1.080362
54 0.625409 -0.922430 -0.854372 0.413941 -0.112044 1.024931 0.521401 0.534847 0.071823 -0.162036 0.966686 -1.136466 0.699954 0.600361 1.418737 0.053196 -1.799451 0.278655 0.538070 -0.041877 -0.946256 -2.093392 0.201043 -0.320515 1.440777 -1.652432 -0.385732 -0.002485 1.515526 -1.022964 0.452901 -0.932130 -0.740969 0.365536 0.310741 -0.164907 2.513174 0.998129 0.217987 -0.517113 -0.754054 2.023318 -0.545038 0.193316 -1.047322 0.363112 0.255764 1.888654 -2.219495 -0.355486
55 -0.849960 2.358887 0.283919 0.653857 1.473514 -0.167995 -0.218269 -0.200671 1.044833 0.588134 -0.327270 0.356435 -0.360487 1.429044 -0.712901 -1.218662 -0.240882 0.837330 -0.639267 -0.212266 -0.232468 0.440276 -0.355194 1.426560 -0.016382 -2.300049 0.394945 -1.585425 0.497673 0.389173 1.009431 0.436371 -0.828157 1.056340 -1.620938 -1.542698 -1.772159 -0.585995 0.371012 0.047862 1.538368 0.290056 0.402226 0.179616 -0.088107 -0.529617 0.428832 -0.059214 -0.230845 0.229540
56 -0.946805 0.080128 0.950802 1.879126 -1.398773 -0.102083 -0.407178 0.911746 1.409688 1.546728 0.266770 -0.289879 0.793828 -1.283894 -0.068283 -3.252614 -0.426746 -1.059020 0.751456 -0.321274 -1.292784 -1.501835 -0.167299 2.118773 1.168043 -1.437599 -1.577334 -1.623442 0.121810 -0.914104 0.491208 0.341640 1.086468 0.070481 -1.871012 0.157720 0.192882 -0.482341 -0.794000 -1.002541 -0.823890 0.812074 -1.447749 -0.655300 -0.445364 1.243389 0.085907 1.234203 1.754335 0.202620
57 0.637467 -2.027315 1.618120 -0.877550 -0.402001 -0.880901 0.754498 1.385594 -1.365355 -0.393380 -0.575509 1.115415 0.587155 -0.527065 0.614201 0.501660 -1.108078 0.232121 0.335723 0.239688 1.272761 1.125802 0.997701 -1.728822 0.569168 -0.963947 1.995794 -0.738329 -1.416017 0.136580 -0.632090 0.634700 0.208120 -0.798056 0.334492 0.125582 0.582946 0.121221 -2.486336 0.438873 -1.288182 -0.498237 -1.357488 -1.330778 -0.909749 -0.924511 -1.119858 1.103520 0.521011 0.800953
58 -0.586759 1.692248 -0.575510 0.011588 -1.457183 -0.859631 -1.051455 0.610635 1.068980 0.217102 0.595803 -0.949033 0.759762 -0.953069 -1.966079 -0.600196 1.553158 -1.221899 0.482045 0.514378 -1.281346 -0.175010 -0.135490 1.292073 -1.614797 -0.359111 1.383236 -0.632147 -0.265895 0.740261 0.483806 -0.660110 -2.292369 1.217835 -1.154072 0.470373 0.705660 0.434179 -0.374692 0.592259 1.056799 1.609260 -0.372922 -0.705516 -0.337826 -0.006812 1.428421 0.469260 -0.307658 -0.372987
59 1.207563 0.944480 0.391424 -2.218058 1.164383 -1.619610 0.239164 0.988803 -0.084108 -1.219343 -0.651338 -1.733123 -1.784498 -1.088920 -0.233461 0.329587 -0.342624 -0.412806 0.036934 -0.298864 -0.680996 1.682055 0.773194 0.030175 0.250234 0.120301 -0.235504 -0.910417 -0.902768 -0.474112 0.338830 0.658158 1.053721 -1.088615 -0.082239 0.491761 -1.443572 0.788959 1.315148 -2.608357 -0.141138 -0.103349 1.585122 -0.730796 0.840708 -1.065828 -0.123638 -1.005709 1.051138 -0.772477
60 0.023901 3.191154 -1.072208 -0.652645 0.797770 0.909131 0.219581 0.025926 -0.082642 -0.306074 -0.597112 0.296351 0.636515 0.650044 0.777692 -0.759976 -0.466381 0.387549 -0.488800 2.416497 0.106941 -0.000132 0.087124 -0.225867 1.039996 0.213655 -0.709601 -1.669453 -1.263421 -1.918582 -0.040914 0.352046 -0.572878 -0.376154 1.201500 -0.039770 0.039115 -1.841410 -0.613883 -0.365272 0.773425 -0.317005 2.168688 -0.979156 0.624253 0.466164 -1.007470 -1.611587 -0.410805 0.486327
61 1.217092 -1.643502 -1.677739 3.202065 -1.374447 0.584517 0.466383 -1.537228 0.157063 0.681205 0.842211 -0.908510 -0.158729 -0.070380 -1.307504 0.033085 -0.062381 -0.845469 0.782407 1.044676 1.113228 -0.265499 0.618419 -2.023206 0.044883 0.615696 -0.542265 0.973788 0.481737 0.730763 -1.811668 -0.563565 -0.770185 1.647302 -0.913203 -0.893948 -0.247922 -1.520688 0.394193 0.746513 1.539370 -0.432479 -0.729569 -1.039250 -1.002953 0.082078 -0.214399 1.165273 -0.502626 -0.249025
62 0.544016 -0.684465 1.109431 -0.275979 0.936263 0.056013 1.250282 0.353184 1.109439 -0.084379 -0.612767 0.429600 0.453804 1.662682 0.848587 -0.069400 -0.412118 0.927901 0.931364 0.338898 1.279977 -0.352357 -0.048861 -1.499675 0.026752 0.036529 0.529660 -2.490151 0.758285 0.900240 0.156086 -1.581810 -0.569713 -0.498727 1.053408 -1.388111 -1.151260 -0.342823 0.798678 0.645259 0.455514 -0.813771 1.129639 -0.322666 -0.759256 -0.290590 -1.546933 -1.018926 -0.139507 0.437448
63 -0.236426 -0.123815 0.259085 1.619688 -0.187429 -0.202881 0.814473 0.428991 -0.006234 -0.210193 0.002944 -1.136260 1.103883 -1.044168 -1.498913 0.877619 0.392277 -0.411096 0.731426 -0.217690 1.272780 1.022786 0.121098 -1.634306 -0.482172 1.103473 0.385046 -0.948043 0.101989 1.322037 -2.015728 -1.463961 -0.522458 0.576650 1.924622 0.076243 -0.667763 -0.905769 0.764207 -0.145361 1.702078 1.421385 1.297697 1.276271 0.288710 0.545346 -0.911367 -0.332611 -0.396019 -1.720322
64 -0.177558 0.287222 0.413363 0.929596 -0.434168 -0.951953 -1.557481 -1.899899 -0.787847 -0.636901 1.318279 -1.511105 0.182897 -1.284478 1.270393 0.115898 -0.293449 0.618839 -0.457647 0.963153 1.706279 -0.168758 -0.482914 0.759732 -0.103440 -1.037285 -0.946061 0.871068 0.095947 0.044023 0.991740 -0.821905 0.151768 0.596143 -1.106706 0.038215 1.458871 0.475403 0.035714 0.287852 1.850271 0.855202 1.177984 -2.092327 1.306151 0.390267 -0.132235 -0.797318 0.503669 1.645519
65 1.209509 2.080243 0.141290 -0.696813 -1.049018 0.628529 0.136801 -0.440743 -0.335359 0.453644 0.558060 -0.841946 0.190150 -0.394679 0.113931 1.004750 -0.136227 0.030596 0.453936 1.291548 0.160133 1.161639 0.106933 0.645093 1.319050 -0.883802 -0.204569 1.006223 -0.667712 -1.922062 0.551976 -0.697880 0.719806 -2.200610 1.119552 -0.169064 -1.620245 -0.964375 -0.829112 -0.530644 0.403453 0.283846 0.894135 1.367612 0.421465 0.633534 1.669575 0.281671 2.291607 -0.042466
66 1.400378 0.519782 -0.805238 -0.478645 1.059042 0.129746 -0.780198 0.482833 -0.252565 -0.289377 -0.877884 0.409859 -0.862827 0.983380 -0.462297 -2.551617 0.103434 -0.970355 -0.629017 0.981484 0.332289 0.246765 0.152587 -0.995909 0.198504 0.225505 0.707889 0.024970 1.453215 -0.188003 0.408555 0.613138 -0.510616 -1.115728 -0.541217 0.271015 1.372543 -1.899098 -0.420348 -0.328648 -0.251360 1.983811 -0.337855 1.238062 -0.334632 -0.388945 -1.761965 0.718803 -1.310248 -0.191123
67 0.763545 0.881317 -0.106054 -0.603364 -0.794274 0.667817 -1.018627 0.186017 -0.730821 -0.660300 0.852819 1.387865 -0.175042 -0.301835 0.881073 -0.631758 -0.302406 -3.072996 -1.744141 -0.542517 -0.248598 0.190663 1.951858 -1.447921 0.340925 0.558228 0.459239 -2.395109 0.316131 -1.326866 -0.964083 -0.265440 0.120074 -0.220425 -0.010102 0.004105 0.220679 -0.305778 -1.243235 -0.870663 -1.006188 2.198529 -0.984806 -1.222490 -0.671643 -1.000568 -0.208674 0.175584 0.020123 -2.198527
68 0.211804 0.035353 -0.823656 -0.053633 1.390862 -1.421688 0.982233 -0.018324 -0.198906 0.255631 -1.103759 -2.130594 2.135218 1.079961 0.365420 -2.005785 -1.063403 -0.847604 -0.173243 -1.045082 -0.755852 0.634384 -0.037678 -1.976593 1.372981 -1.402527 0.238812 0.603826 -1.666062 -0.861915 1.354273 0.762344 -1.212540 -0.151622 -0.235559 0.338783 1.766784 0.378094 0.367423 -0.523293 -0.099822 -0.574286 0.733728 -0.957517 0.538753 0.144552 -1.226568 0.701828 -0.495158 -0.517947
69 0.144763 -0.738434 -0.843223 -0.213431 0.095149 -1.699947 0.415140 0.309545 0.333092 -1.843143 -0.602538 -1.454579 1.861660 2.072554 0.398104 -1.479781 -0.899251 1.657559 -0.920852 -0.055555 0.923091 -0.948154 -1.034628 -0.906620 0.767135 -1.177133 -0.425758 1.279842 0.487250 -0.009797 -2.028909 0.956187 -0.419630 0.226174 -0.703555 -2.205836 0.238442 0.356711 0.253775 1.496411 1.040726 0.004871 -0.689520 0.309784 0.221751 0.550828 -0.365201 -0.636021 0.751499 1.552582
70 0.769028 0.541794 1.152555 1.311561 -0.514943 0.159716 -0.183035 -0.876671 -0.141987 -0.905508 -2.175690 -0.856129 -1.513506 1.012713 0.018989 -0.953782 -0.186309 -0.028585 -0.077802 1.053183 -0.985437 0.675400 1.857776 -0.795497 1.182311 -0.755720 0.076476 0.921498 -0.431211 -0.645789 -0.786068 0.326714 -0.312451 -1.167520 1.373194 0.089185 -1.845797 1.197107 -0.513206 1.425534 0.237987 -0.583243 -0.340329 -1.865020 -0.888576 -2.746086 0.872958 -0.778851 -0.122354 1.124657
71 -0.199690 0.376048 -0.356882 -0.511876 -1.296558 0.078413 0.339492 -0.113356 -0.417494 0.408939 2.883031 -1.636899 -1.621201 0.932659 0.579651 0.458568 0.734220 -1.675050 0.219111 0.076456 0.279636 -1.564588 0.920457 -0.222371 -0.535317 -0.846274 -0.493356 -2.091573 0.641939 0.342288 1.150511 0.540894 -2.538457 -0.804179 0.231873 1.705846 -0.378644 0.134440 0.168192 0.345294 -0.724048 1.098021 -0.271847 -1.205255 -0.315555 0.758167 -0.230734 -0.137537 -2.108794 0.061296
72 -0.252360 -0.818802 -0.370255 -0.607331 -0.814072 0.740597 0.677694 -0.806633 -1.178956 -0.892897 -1.513692 2.477252 -1.001108 0.179274 0.780841 -0.771710 0.532725 -1.857057 -1.109870 -0.333356 -0.112156 1.094109 0.206010 0.498224 -0.435800 0.580031 -0.013875 0.591981 -0.579693 -1.210682 -1.234979 -0.113553 1.364438 -0.630191 -0.156900 -0.026726 -0.027288 -0.177056 1.633193 -1.267865 -0.140747 -0.030295 -1.090482 -0.124897 -0.586192 0.586727 1.180093 -0.315388 0.212960 0.464955
73 0.565378 0.309560 0.033144 0.625440 0.790569 -0.677457 0.174552 -0.917464 -0.436436 0.538554 -1.099069 0.369423 0.837879 -0.036386 0.054320 0.119662 -0.181376 0.289501 -1.180368 -0.798729 0.770400 -0.960823 -1.516325 -0.692926 -0.601897 -0.208463 -2.308727 -0.641279 -0.111847 -0.791854 0.789979 1.719011 0.385121 0.896623 0.810562 -1.454934 0.931633 -0.241721 -0.553636 -0.604260 1.081938 -0.620475 0.127102 -0.513942 -0.004662 0.392203 0.535064 -0.017495 -0.369249 1.564535
74 -0.253242 0.980503 0.704688 -1.163755 -2.478888 0.673106 0.896167 1.007245 -0.792704 -2.690084 -1.242838 0.544131 2.321247 -1.853547 -0.896368 0.827242 0.570536 -0.265560 0.669488 1.326059 0.944534 0.646674 0.772772 0.970614 -0.381595 1.518490 -0.333169 0.481208 0.573601 -1.117324 -2.765285 1.085084 0.065484 -0.889412 -1.117391 -1.741412 -0.327040 0.294857 -0.807922 0.053465 0.022556 -0.394110 -1.859117 1.443456 1.912986 0.794250 -1.033752 -1.400731 -0.243593 1.232463
75 -0.655496 0.611723 -1.165498 -0.965207 -0.335292 1.148869 -1.708810 -0.436807 0.254468 0.001965 0.332641 1.084059 0.083369 1.526183 0.391337 0.135773 -1.420195 -0.583287 0.082732 -1.518852 -1.322367 -0.835618 0.394472 -1.021363 0.433742 0.781078 0.146574 1.807155 -0.837282 0.158452 1.258726 -0.372080 0.690696 0.884523 0.708552 -0.728394 -0.502238 0.625623 -1.674682 0.119914 -1.545138 0.112461 -1.034597 0.964024 -0.859853 0.867302 -0.394665 -0.507297 0.151047 -1.024777
76 0.167038 0.724627 0.692943 0.159880 0.747548 1.312120 0.203647 -1.188760 1.431280 -0.546308 0.160815 1.751120 0.468789 -0.839821 -1.246098 0.277796 1.983323 0.272774 0.181357 -0.473804 1.280367 -1.355392 0.975607 -1.727491 1.009928 -1.668006 -2.571618 1.276349 -0.843974 0.710567 1.846874 0.317082 -0.521410 0.541333 -0.603014 -0.481498 0.310494 0.465087 -0.471078 1.131078 0.537912 0.163906 1.347532 0.202870 0.517514 0.673774 1.182584 0.826647 0.309414 0.568455
77 0.118621 -0.956281 -0.322844 0.731534 0.424640 -0.319201 -0.957725 0.685135 -1.103387 1.524024 -0.002696 0.658515 -0.326848 -1.652231 0.704852 0.083066 -0.011176 -1.367265 -1.032260 -0.921312 0.987488 -0.050876 0.401858 -0.782946 -0.723016 -0.302320 -0.359988 1.441586 -0.013338 1.831541 0.539922 0.523046 1.094526 -0.185676 1.114730 -0.841591 -1.185420 -2.227234 0.695858 -1.471740 0.487857 0.811379 -1.770447 0.677259 -0.571838 0.173949 -0.105523 0.130100 -0.730616 1.550950
78 -0.162761 0.087405 -1.221900 0.274242 0.769941 0.441385 0.552012 -0.959092 -0.058368 -1.274875 -0.150779 -0.141083 0.967636 0.833758 0.253296 0.348653 0.751969 -1.113621 -0.126892 0.128115 0.272415 0.154797 2.087495 -0.194433 0.996011 0.904782 -0.683061 0.712938 0.862272 -0.377479 0.226605 -0.048225 -0.225709 -0.248353 0.402110 1.132389 -0.821894 0.441150 0.678605 -1.855975 -2.215577 -0.850075 0.673726 -0.151788 0.550376 -0.472147 0.246980 0.972499 -0.684847 0.600425
79 -0.312037 -0.729690 0.050096 0.192797 -1.686582 0.497670 0.555937 1.271876 -1.289973 1.374214 -0.594404 0.078675 -0.533814 -1.623474 -0.991158 -0.510554 -0.190206 -0.440316 -0.076100 -0.235574 -0.182798 0.206948 0.268267 0.140472 0.039813 -0.018294 -2.633738 0.407103 -1.272647 -0.606978 0.027599 1.472887 -0.012513 -1.243314 -0.949074 1.039062 -0.273946 -0.741604 1.242781 0.931074 0.352281 -0.110595 0.099657 0.886554 -0.014369 -0.761698 -1.392747 -0.319500 0.929915 -0.457866
80 -0.865563 -0.917204 0.532549 1.299719 0.102603 -1.531198 -0.504118 -0.000260 -1.900410 -0.831158 -0.112886 -0.051734 -0.750542 -0.707408 1.552822 -0.291336 -0.351043 0.816074 1.442722 -0.605550 -0.679799 0.814969 -0.532500 1.482884 0.581694 1.480882 0.239412 0.390255 0.015097 0.958837 -0.716201 0.299319 1.884958 -1.437631 -0.044289 0.075051 -1.148817 -0.833087 0.536953 1.002370 -0.087962 -0.054956 -0.596340 0.518765 0.312750 1.459553 0.935577 -0.090357 -0.528542 -1.513476
81 2.888911 -0.707278 0.154985 -0.536786 0.703196 1.051113 1.637538 0.933021 1.137188 0.210532 0.003033 0.075971 -0.749324 0.511600 0.014060 0.283675 0.380792 -2.378548 0.543900 -0.663545 -0.911150 2.486302 -0.073229 -0.602343 0.005450 0.407813 1.661365 -0.020313 -1.901656 -0.921436 0.842481 0.416027 -1.191963 -0.473603 -0.689549 0.119771 -0.804541 2.175705 0.628663 0.532196 -1.047247 -1.215802 0.547819 -0.137552 -0.530641 -2.765597 0.248961 0.680479 0.983427 -0.457500
82 -1.465214 0.858673 -0.932630 -0.913078 1.599948 0.159436 2.493089 1.897560 -0.031570 -0.561726 2.001359 1.483763 0.711620 -0.992768 0.820558 0.309379 -0.801874 -0.398839 0.483882 -0.279764 2.320305 0.779996 -1.836795 1.515848 -0.212520 1.937327 0.322406 0.366683 1.355494 0.322928 1.051968 -0.874219 0.688797 0.011722 -0.517244 -0.070445 0.987373 -1.101475 0.659425 -0.383296 -1.211106 -0.326185 0.268548 -0.795533 -2.393008 0.317070 -1.168125 0.175959 -0.675429 -0.642140
83 0.168527 0.216694 0.728144 -1.972507 -0.241369 -0.935939 2.087986 1.690740 -0.915497 -1.222251 0.516743 -1.450074 0.728650 -0.386631 -0.760378 0.268574 0.818280 1.567726 -0.712643 -0.403170 -0.087424 0.290577 -0.484326 0.894574 -1.616423 -0.121865 -0.161381 1.063448 1.281502 0.171479 1.382931 1.615175 -0.343520 0.730561 -2.506370 -0.823001 -0.826699 -0.101103 -0.406848 -1.784528 -1.277041 0.220983 0.007828 -0.183819 -1.064988 -0.075331 -1.117048 -0.950802 0.070150 -0.556892
84 0.057763 0.821966 0.180293 0.685850 -1.067767 -0.989467 0.522724 -0.741913 0.364036 0.603251 1.095742 -0.478297 -0.315207 1.231873 -0.451489 -0.584899 1.008085 0.535673 -0.143423 -1.256945 -0.248775 0.544169 3.157705 -0.675233 -0.207149 1.256489 0.807457 1.628721 -1.039185 -1.482311 -1.510770 -1.698570 0.593754 -1.397755 1.759713 0.892322 -2.034787 0.059094 0.357227 -0.619710 -1.469573 -0.534800 -0.686684 0.045429 -0.833078 0.132059 -1.494197 -0.363066 -1.143859 0.842202
85 -1.720798 0.250619 -0.726688 0.502199 -0.719240 0.092604 -0.657280 -1.091049 -0.898578 1.377314 -3.067895 0.619554 0.012443 1.450057 -0.300393 0.012657 0.151869 -0.038922 -0.644453 0.825999 1.063552 -1.237732 -1.413150 1.167065 -1.532215 -0.866248 -2.278967 -0.048405 1.745813 1.651793 1.173568 -1.033091 -1.758095 0.608399 1.165687 -1.289844 1.378070 0.141733 -0.361527 1.016197 -1.368063 0.280573 -0.204524 0.137805 0.927704 -1.437891 1.917587 -0.538280 0.091514 0.820655
86 -2.594402 -1.628733 -0.533506 -1.536358 -1.198133 0.730276 -0.834207 -0.080727 2.007728 0.894555 0.526384 -0.228820 -0.734704 -0.698441 0.560358 0.524014 -0.483956 0.179330 -1.877258 0.972410 1.838963 0.828238 0.022620 0.374855 0.558997 0.297573 0.575376 -0.085064 1.298816 0.114316 -1.711765 -0.853528 0.614325 0.287022 -0.392629 0.946517 0.394244 -0.289916 0.811437 -0.154868 -0.579220 0.700980 -1.178358 1.278351 -2.134290 0.474497 1.337099 -1.294381 -0.711246 -0.269269
87 1.805843 1.485896 -0.122116 -1.860619 0.661666 -1.025663 0.037066 0.921985 -0.309890 -0.937707 1.351580 0.760584 1.106455 -0.117317 0.372127 -0.734204 1.099843 2.131608 -1.259625 -0.052385 0.379618 -0.021182 0.092957 0.760075 1.809974 0.458450 1.066587 0.837613 -0.481624 1.400940 -1.407558 -0.787886 -1.737681 0.696677 0.407992 0.185885 -0.972365 0.856455 1.148049 2.395902 -1.248001 -0.495351 0.563092 -0.254727 -0.985620 -0.387171 0.965210 0.814234 0.045777 -0.393684
88 1.365425 1.007672 0.309646 -1.276339 -0.752376 0.885039 0.932839 -0.479442 -0.703924 0.382064 0.509955 0.728798 0.946859 -1.826024 -0.596583 1.406823 -1.002197 1.089715 -0.499517 -0.649990 -0.514364 -0.416830 -0.065887 -0.870301 1.129740 0.636460 -0.888945 0.478147 1.774085 0.323181 0.145700 0.459211 0.198575 0.433855 -0.367180 0.034110 -0.309188 0.498465 -1.196654 0.751924 0.253446 -0.353237 -0.317624 0.037893 -0.332024 0.712809 0.821602 0.534030 -1.783645 1.956006
89 -0.655966 -1.730901 1.240553 -0.336200 0.490534 0.779005 0.056442 0.749152 1.386126 -0.237030 -0.546628 -0.986919 -0.245122 0.934583 0.468226 -0.205684 0.592635 -0.361385 2.068340 -0.274095 0.878374 -0.403889 -0.104785 0.753519 -0.991498 -0.033376 0.428167 1.714685 0.285224 -2.180228 1.157203 -0.072486 -0.936062 -0.502112 2.294321 1.048619 0.795623 -0.042224 -0.632374 0.424667 -0.452454 1.494086 -0.494915 1.333326 -0.712211 -0.458723 0.019905 -0.176025 0.296769 0.810030
90 1.412611 0.979050 0.991199 -1.421050 -1.241683 1.987664 -0.260841 0.441261 1.130652 -0.486263 0.185107 -1.719102 0.973568 0.385674 -0.747665 0.440180 0.231727 -0.561657 1.026504 0.791325 0.121225 1.687915 0.687573 -2.320480 0.903374 -1.423664 -0.330443 1.106061 0.193871 -0.034153 -0.378763 -0.534270 -1.127089 -1.073573 0.445539 0.415905 1.318472 -0.125676 0.113870 -0.403015 0.150572 0.324590 0.941041 -0.878835 0.341431 1.589552 -0.308554 -1.270673 -0.105782 0.448195
91 -0.293217 -0.795260 1.372697 1.506617 -0.242423 -1.335593 0.250571 -0.187088 -0.315187 0.063863 0.481964 -0.555383 0.427994 -0.739880 0.985777 -0.351866 -0.260048 -0.778923 0.474223 0.340326 -0.855028 0.619441 -0.309627 0.458101 -0.098239 1.300481 0.900597 0.517974 -0.360800 -0.966936 0.142803 -0.859227 1.646413 -0.363630 -0.238213 -0.898942 -0.613622 -0.659752 -0.043475 -0.178511 1.058544 -0.161843 0.113145 -0.028419 -0.067175 1.890625 -0.761598 1.542510 1.124520 -2.677654
92 1.405629 -0.376361 1.496734 -2.230130 1.296617 -0.201677 1.227284 -1.393048 -1.186365 2.096655 -0.266000 -1.369841 0.058155 1.014940 -0.244005 -0.066116 -0.385597 -0.462088 1.544134 0.890836 0.498851 1.291856 -1.245254 1.298328 0.776259 1.166817 1.048421 1.250777 -0.897537 -0.863955 0.808348 1.036034 0.579291 0.807002 0.504356 1.083292 -0.030349 -0.073322 0.837432 -1.755198 0.951743 1.221049 0.872684 2.210769 -0.836796 -2.267753 0.409200 0.115998 -0.589084 0.097413
93 -0.149679 -1.506187 0.883591 0.686256 -2.514678 0.213267 -1.102904 0.257367 -0.038618 1.022272 0.746779 -1.132787 -0.118683 0.914040 1.135218 -1.395664 7.472504 -0.025772 -0.660233 -0.201911 -1.193717 -0.229838 -0.994889 -0.437523 -0.235223 1.110014 1.977440 -1.289556 6.683295 0.362774 0.054916 0.746932 0.188257 0.557798 -0.831153 0.389521 -1.234652 0.413673 0.085446 -0.125447 5.233141 0.218556 -1.007232 -1.367962 0.203408 3.705727 4.902240 -0.683391 0.528620 -0.396747
94 -0.354214 0.374465 0.270408 0.766610 0.972913 -0.927493 -0.124873 -0.463233 0.492087 2.015944 -0.000999 -0.312232 -1.026050 0.700354 0.533432 -0.117222 4.678022 -0.235921 -0.180554 0.486169 0.939259 -0.593421 -0.798425 -0.491020 0.372384 0.873775 0.056519 -1.213955 3.773807 -0.200656 0.777606 0.393672 0.441409 1.231944 -1.228374 1.364141 1.628351 -0.312751 0.879014 0.194833 5.519226 -0.617684 0.959920 -1.358793 1.051793 4.732214 4.481763 1.246702 -0.922098 0.453841
95 0.610730 -1.089846 -1.617547 0.932991 -0.470563 -0.833940 -0.485222 -1.380203 -0.405928 -0.401610 -0.707281 1.571497 0.996202 -0.866587 0.058783 -1.356705 3.233909 0.070615 0.306095 -0.449612 -0.560047 0.526711 -0.074428 -0.957203 -1.065461 -1.206784 0.835128 1.046371 5.266432 -0.050566 1.728262 -0.642648 0.328956 0.634943 -0.565435 0.138776 0.199030 1.644941 -0.666384 0.048171 4.929183 -1.112444 -1.256948 -0.034339 0.365837 3.057693 5.230374 0.352247 -0.174394 1.222680
96 1.289506 0.856905 1.165917 0.092933 0.529527 2.821542 0.555148 1.639452 -1.657367 -0.057956 -0.285135 -0.635499 -0.752945 -0.108280 0.177199 -1.517961 -0.081522 0.084067 1.693909 0.121102 -0.524587 0.997886 -1.293191 -0.280123 1.110679 0.358196 -0.206462 2.359503 0.325278 0.503213 -1.496874 2.172591 0.295569 -0.014817 0.833880 0.290434 1.118524 -1.301352 -1.458306 -0.853003 -1.370609 -0.871216 1.493200 1.478623 0.123429 0.472000 -0.327318 0.545197 0.273809 -0.684580
97 1.144863 0.236204 -1.798028 0.097019 -0.626774 -0.438176 0.546287 1.073851 1.075735 -0.978624 -0.020538 0.496979 -0.448160 1.164022 -1.520273 0.110405 -0.047419 -0.795864 -0.637163 0.452141 -0.971044 0.412536 -0.337328 2.735713 0.040520 0.846470 -0.150636 -1.107413 -0.725539 0.542032 -0.025547 1.207895 -0.928022 0.029411 -0.937802 -1.783895 0.269785 -0.688744 -0.643191 1.849726 1.707756 -0.307842 -0.045025 3.140574 -1.319873 0.559567 -0.120855 0.383589 -0.079130 -0.499680
98 -1.255214 0.655723 0.346902 1.168134 -1.847037 -1.817241 -1.047795 0.400405 0.994500 0.234913 -0.639993 0.761249 -0.634643 -1.210647 0.638597 -0.517141 0.798489 1.108646 1.950218 0.110505 0.751948 1.418932 -1.724757 0.445599 0.280493 0.488443 -0.132542 -3.097399 -0.493560 -1.162405 0.419711 -1.204400 -0.343315 0.642117 -0.536143 -1.809398 -0.025872 0.984511 0.335614 1.007440 -0.301293 -1.076401 -0.532693 -0.978985 0.994437 0.308683 1.607141 -0.403664 0.125508 -0.603107
99 1.136937 -0.951366 -1.132077 0.310778 -0.373688 -0.852469 -0.439505 0.536122 0.925230 1.798509 1.206876 1.229563 -0.861588 -0.777158 -0.122002 -1.343114 -2.489227 2.301178 1.158397 0.525980 0.997861 0.676252 1.248525 -0.833129 0.240758 -0.055638 -1.402276 0.524044 0.378434 -0.493936 -0.065372 -0.850582 0.567390 0.436257 0.673015 0.654776 2.233691 0.345125 -0.744650 0.057337 1.116239 0.716132 -1.308097 -1.062842 -0.688326 0.491828 -0.593999 0.498626 0.292914 -0.200679
END
#################################################################
SECTION3 (Edges Information)
EndPoint0 EndPoint1 Weight
0 1 1.000000
0 9 1.000000
0 10 1.000000
0 90 1.000000
1 0 1.000000
1 2 1.000000
1 11 1.000000
1 91 1.000000
2 1 1.000000
2 3 1.000000
2 12 1.000000
2 92 1.000000
3 2 1.000000
3 4 1.000000
3 13 1.000000
3 93 1.000000
4 3 1.000000
4 5 1.000000
4 14 1.000000
4 94 1.000000
5 4 1.000000
5 6 1.000000
5 15 1.000000
5 95 1.000000
6 5 1.000000
6 7 1.000000
6 16 1.000000
6 96 1.000000
7 6 1.000000
7 8 1.000000
7 17 1.000000
7 97 1.000000
8 7 1.000000
8 9 1.000000
8 18 1.000000
8 98 1.000000
9 0 1.000000
9 8 1.000000
9 19 1.000000
9 99 1.000000
10 0 1.000000
10 11 1.000000
10 19 1.000000
10 20 1.000000
11 1 1.000000
11 10 1.000000
11 12 1.000000
11 21 1.000000
12 2 1.000000
12 11 1.000000
12 13 1.000000
12 22 1.000000
13 3 1.000000
13 12 1.000000
13 14 1.000000
13 23 1.000000
14 4 1.000000
14 13 1.000000
14 15 1.000000
14 24 1.000000
15 5 1.000000
15 14 1.000000
15 16 1.000000
15 25 1.000000
16 6 1.000000
16 15 1.000000
16 17 1.000000
16 26 1.000000
17 7 1.000000
17 16 1.000000
17 18 1.000000
17 27 1.000000
18 8 1.000000
18 17 1.000000
18 19 1.000000
18 28 1.000000
19 9 1.000000
19 10 1.000000
19 18 1.000000
19 29 1.000000
20 10 1.000000
20 21 1.000000
20 29 1.000000
20 30 1.000000
21 11 1.000000
21 20 1.000000
21 22 1.000000
21 31 1.000000
22 12 1.000000
22 21 1.000000
22 23 1.000000
22 32 1.000000
23 13 1.000000
23 22 1.000000
23 24 1.000000
23 33 1.000000
24 14 1.000000
24 23 1.000000
24 25 1.000000
24 34 1.000000
25 15 1.000000
25 24 1.000000
25 26 1.000000
25 35 1.000000
26 16 1.000000
26 25 1.000000
26 27 1.000000
26 36 1.000000
27 17 1.000000
27 26 1.000000
27 28 1.000000
27 37 1.000000
28 18 1.000000
28 27 1.000000
28 29 1.000000
28 38 1.000000
29 19 1.000000
29 20 1.000000
29 28 1.000000
29 39 1.000000
30 20 1.000000
30 31 1.000000
30 39 1.000000
30 40 1.000000
31 21 1.000000
31 30 1.000000
31 32 1.000000
31 41 1.000000
32 22 1.000000
32 31 1.000000
32 33 1.000000
32 42 1.000000
33 23 1.000000
33 32 1.000000
33 34 1.000000
33 43 1.000000
34 24 1.000000
34 33 1.000000
34 35 1.000000
34 44 1.000000
35 25 1.000000
35 34 1.000000
35 36 1.000000
35 45 1.000000
36 26 1.000000
36 35 1.000000
36 37 1.000000
36 46 1.000000
37 27 1.000000
37 36 1.000000
37 38 1.000000
37 47 1.000000
38 28 1.000000
38 37 1.000000
38 39 1.000000
38 48 1.000000
39 29 1.000000
39 30 1.000000
39 38 1.000000
39 49 1.000000
40 30 1.000000
40 41 1.000000
40 49 1.000000
40 50 1.000000
41 31 1.000000
41 40 1.000000
41 42 1.000000
41 51 1.000000
42 32 1.000000
42 41 1.000000
42 43 1.000000
42 52 1.000000
43 33 1.000000
43 42 1.000000
43 44 1.000000
43 53 1.000000
44 34 1.000000
44 43 1.000000
44 45 1.000000
44 54 1.000000
45 35 1.000000
45 44 1.000000
45 46 1.000000
45 55 1.000000
46 36 1.000000
46 45 1.000000
46 47 1.000000
46 56 1.000000
47 37 1.000000
47 46 1.000000
47 48 1.000000
47 57 1.000000
48 38 1.000000
48 47 1.000000
48 49 1.000000
48 58 1.000000
49 39 1.000000
49 40 1.000000
49 48 1.000000
49 59 1.000000
50 40 1.000000
50 51 1.000000
50 59 1.000000
50 60 1.000000
51 41 1.000000
51 50 1.000000
51 52 1.000000
51 61 1.000000
52 42 1.000000
52 51 1.000000
52 53 1.000000
52 62 1.000000
53 43 1.000000
53 52 1.000000
53 54 1.000000
53 63 1.000000
54 44 1.000000
54 53 1.000000
54 55 1.000000
54 64 1.000000
55 45 1.000000
55 54 1.000000
55 56 1.000000
55 65 1.000000
56 46 1.000000
56 55 1.000000
56 57 1.000000
56 66 1.000000
57 47 1.000000
57 56 1.000000
57 58 1.000000
57 67 1.000000
58 48 1.000000
58 57 1.000000
58 59 1.000000
58 68 1.000000
59 49 1.000000
59 50 1.000000
59 58 1.000000
59 69 1.000000
60 50 1.000000
60 61 1.000000
60 69 1.000000
60 70 1.000000
61 51 1.000000
61 60 1.000000
61 62 1.000000
61 71 1.000000
62 52 1.000000
62 61 1.000000
62 63 1.000000
62 72 1.000000
63 53 1.000000
63 62 1.000000
63 64 1.000000
63 73 1.000000
64 54 1.000000
64 63 1.000000
64 65 1.000000
64 74 1.000000
65 55 1.000000
65 64 1.000000
65 66 1.000000
65 75 1.000000
66 56 1.000000
66 65 1.000000
66 67 1.000000
66 76 1.000000
67 57 1.000000
67 66 1.000000
67 68 1.000000
67 77 1.000000
68 58 1.000000
68 67 1.000000
68 69 1.000000
68 78 1.000000
69 59 1.000000
69 60 1.000000
69 68 1.000000
69 79 1.000000
70 60 1.000000
70 71 1.000000
70 79 1.000000
70 80 1.000000
71 61 1.000000
71 70 1.000000
71 72 1.000000
71 81 1.000000
72 62 1.000000
72 71 1.000000
72 73 1.000000
72 82 1.000000
73 63 1.000000
73 72 1.000000
73 74 1.000000
73 83 1.000000
74 64 1.000000
74 73 1.000000
74 75 1.000000
74 84 1.000000
75 65 1.000000
75 74 1.000000
75 76 1.000000
75 85 1.000000
76 66 1.000000
76 75 1.000000
76 77 1.000000
76 86 1.000000
77 67 1.000000
77 76 1.000000
77 78 1.000000
77 87 1.000000
78 68 1.000000
78 77 1.000000
78 79 1.000000
78 88 1.000000
79 69 1.000000
79 70 1.000000
79 78 1.000000
79 89 1.000000
80 70 1.000000
80 81 1.000000
80 89 1.000000
80 90 1.000000
81 71 1.000000
81 80 1.000000
81 82 1.000000
81 91 1.000000
82 72 1.000000
82 81 1.000000
82 83 1.000000
82 92 1.000000
83 73 1.000000
83 82 1.000000
83 84 1.000000
83 93 1.000000
84 74 1.000000
84 83 1.000000
84 85 1.000000
84 94 1.000000
85 75 1.000000
85 84 1.000000
85 86 1.000000
85 95 1.000000
86 76 1.000000
86 85 1.000000
86 87 1.000000
86 96 1.000000
87 77 1.000000
87 86 1.000000
87 88 1.000000
87 97 1.000000
88 78 1.000000
88 87 1.000000
88 89 1.000000
88 98 1.000000
89 79 1.000000
89 80 1.000000
89 88 1.000000
89 99 1.000000
90 0 1.000000
90 80 1.000000
90 91 1.000000
90 99 1.000000
91 1 1.000000
91 81 1.000000
91 90 1.000000
91 92 1.000000
92 2 1.000000
92 82 1.000000
92 91 1.000000
92 93 1.000000
93 3 1.000000
93 83 1.000000
93 92 1.000000
93 94 1.000000
94 4 1.000000
94 84 1.000000
94 93 1.000000
94 95 1.000000
95 5 1.000000
95 85 1.000000
95 94 1.000000
95 96 1.000000
96 6 1.000000
96 86 1.000000
96 95 1.000000
96 97 1.000000
97 7 1.000000
97 87 1.000000
97 96 1.000000
97 98 1.000000
98 8 1.000000
98 88 1.000000
98 97 1.000000
98 99 1.000000
99 9 1.000000
99 89 1.000000
99 90 1.000000
99 98 1.000000
END
#################################################################
SECTION4 (TrueSubGraph Information)
EndPoint0 EndPoint1 Weight
4 94 1.0
94 95 1.0
95 5 1.0
4 3 1.0
3 93 1.0
3 13 1.0
3 2 1.0
2 1 1.0
1 11 1.0
END
#################################################################
SECTION5 (Labels Information)
0 0 0 0 0 0 0 0 0 0 0 0 0 0 0 0 1 0 0 0 0 0 0 0 0 0 0 0 1 0 0 0 0 0 0 0 0 0 0 0 1 0 0 0 0 1 1 0 0 0 
END
#################################################################
SECTION6 (bt Information)
-5 -5 -5 -5 -5 -5 -5 -5 -5 -5 -5 -5 -5 -5 -5 -5 5 -5 -5 -5 -5 -5 -5 -5 -5 -5 -5 -5 5 -5 -5 -5 -5 -5 -5 -5 -5 -5 -5 -5 5 -5 -5 -5 -5 5 5 -5 -5 -5 
END
#################################################################
