#################################################################
#APDM Input Graph, this input graph includes 3 sections:
#section1 : general information
#section2 : nodes
#section3 : edges
#section4 : trueSubGraph (Optional)
#
#if nodes haven't information set weight to null
#################################################################
SECTION1 (General Information)
numNodes = 100
numEdges = 200
usedAlgorithm = NULL
dataSource = SimulationData2
END
#################################################################
SECTION2 (Nodes Information)
NodeID Base Counts
0 2.030882 -1.149417 -0.765516 0.620905 0.494201 -0.905390 1.211437 0.991563 0.096612 -0.351669 0.081789 -2.069032 2.157056 0.958651 0.451661 2.511532 1.458479 -0.545849 0.363700 0.839390 -0.177854 -1.228920 -0.986495 0.899898 -0.141842 0.406366 -0.359350 0.032029 -0.755517 1.257161 0.312053 0.870533 -0.059325 -0.129138 0.876219 0.192202 0.134213 -1.238930 -0.426425 0.351083 0.581462 0.666702 -1.505017 -1.946321 -0.611921 0.149277 -0.189396 -0.071218 1.147987 -0.485205
1 -1.913196 -0.199675 -0.231419 -0.875642 -0.627174 -0.550448 -0.926812 1.214429 -0.702994 -0.622103 1.571188 -0.391979 -0.169145 1.812742 -1.623967 0.560632 -0.425353 -1.001058 1.294666 0.271390 0.043248 -0.415605 1.043862 -0.747394 -1.203176 0.489130 -0.220908 -0.391134 0.421961 0.884496 -0.146277 -1.047767 -0.759788 0.032514 -1.143940 -0.739400 0.572010 -1.749670 -0.132754 0.349995 1.881333 -0.689565 -1.669273 0.434224 -1.548548 0.566301 0.999350 0.031584 0.543865 0.635118
2 1.451162 -0.103798 2.335206 0.328123 -0.627209 1.188017 -0.416977 2.144028 1.329129 0.886095 2.548872 2.734960 -0.311719 0.400340 -0.726429 0.632315 1.491000 1.345578 0.119463 0.574726 1.082791 0.920772 0.606408 -0.501475 0.618446 2.029960 0.148731 0.854290 -0.788188 1.238110 0.103940 1.086388 0.385278 1.863846 -0.970846 -0.135907 0.568222 0.739789 0.348950 0.171403 -0.217455 0.317577 -1.311067 -0.946311 2.074736 0.877744 0.100372 0.093175 1.499508 0.775329
3 -1.234655 0.443825 0.288498 0.224793 0.571639 2.653402 0.016413 0.568011 -1.238278 1.041697 -0.246095 2.725877 1.608226 -0.466555 -1.356110 -0.097953 -0.222284 0.553391 2.021487 -0.623175 0.865457 -0.027479 1.562401 0.789417 -1.081624 1.175942 1.214550 -0.151123 0.083094 1.416609 1.352529 0.707911 -1.329399 1.433893 0.520393 1.023296 0.208280 -0.106568 0.472326 -0.767066 0.416851 0.460018 -0.353741 0.322524 0.699824 2.239015 0.667999 -0.566951 0.078583 0.544881
4 -0.284178 2.446968 0.607676 0.934219 -0.436938 -0.558103 1.004030 1.202462 -1.356726 -1.035781 0.713053 2.362128 0.336938 2.688551 -0.913988 -1.062657 -0.424843 0.023215 0.154359 1.925659 0.937470 -0.335483 0.175263 0.452859 -0.202843 1.528009 0.260775 -1.398967 0.301504 2.353229 0.077493 0.247713 -1.210280 1.890534 1.192596 -1.282773 1.180069 0.613203 0.178789 1.074122 0.232039 1.452110 -0.881762 0.244498 -0.030630 1.877861 1.119424 -0.027710 1.210623 0.215913
5 -0.616780 -0.937089 -0.469094 0.522330 0.219003 -0.785162 0.521109 0.274915 -0.519426 -0.378617 0.064390 0.245515 -3.251521 -0.259391 1.891861 -1.048949 -0.384399 0.274201 -0.740795 0.683506 0.682365 0.526131 1.230409 -1.118276 -1.192803 0.471868 -0.344452 0.903929 0.299017 0.546779 0.171222 -2.155171 -0.841401 1.371316 -0.675580 1.169813 1.296309 1.040103 -1.421383 -1.262107 0.422768 1.263089 2.264649 -1.689673 2.013961 0.503224 -1.326857 -0.062508 -2.133729 -0.554559
6 -0.567259 0.065570 1.515168 0.640581 -1.619821 -2.375441 -1.816062 0.174874 -0.409536 0.152441 0.107300 1.086258 -0.001224 0.880357 -0.171017 -2.254744 -0.488137 -1.377162 1.121342 -0.406480 1.519018 -0.134091 0.553086 0.670225 -1.951572 1.553860 0.160642 -0.357290 1.141206 0.394400 -0.870737 1.103416 -0.840120 0.172931 -0.298857 0.808228 0.692469 -0.669131 -1.019224 -0.144899 -0.649582 0.627078 0.527941 0.394439 0.143433 -0.988794 -0.283980 0.257954 1.567503 -1.123160
7 0.899706 1.448339 0.192050 1.006535 0.313113 0.523487 0.238995 -0.506424 -0.676560 -0.075577 -0.890543 0.206472 -0.149615 0.586262 -0.268597 0.368342 1.077230 -0.048849 0.450630 -2.029608 2.253167 0.756317 -1.220040 0.343030 -0.415917 -0.477114 -0.666547 -1.121103 1.160797 0.681053 1.103316 1.260061 1.367616 0.789886 -1.948020 2.058809 -0.027383 1.355304 -0.404104 -0.198013 -0.274872 -0.329991 -0.435560 -0.261734 -2.401422 -0.074770 -0.568385 0.619939 -1.426553 -0.368518
8 0.175930 -0.081511 1.582186 0.388010 2.019963 -0.016642 0.670063 1.622984 0.550416 0.902007 0.494522 -2.104391 1.198191 -0.136184 0.691742 1.238730 -1.050806 0.076616 1.583596 -0.385927 -1.148170 -0.634469 0.552351 2.598808 0.789864 0.446037 0.904749 -0.416832 1.237291 1.614899 -0.336878 -0.080197 -0.177413 -0.116936 -0.393754 -2.158966 0.331068 -0.637176 -0.876720 0.042974 -2.804479 -1.178725 -1.538450 0.793139 -1.079092 2.308339 0.913684 0.930634 0.197675 1.583869
9 -0.588609 0.074939 1.278580 1.948836 0.364417 -0.405534 -0.880853 0.577983 -0.005541 -0.630829 0.054895 0.780665 0.418727 0.098979 0.198637 -0.989594 -0.429435 -1.095974 0.589662 0.437081 -0.802088 -0.853752 -0.777247 -1.504643 0.772946 -0.745519 0.863295 -0.206108 0.872590 -0.520223 -1.782932 -0.232371 1.853521 1.389594 -0.919796 1.468623 0.357257 0.446015 -1.353284 -0.599455 0.427268 0.990049 -0.362292 -2.198000 0.533527 1.279781 0.861781 0.619240 1.625873 -0.008625
10 -0.144954 -1.260668 0.171660 -1.940291 -0.190027 0.657892 -1.244448 -0.221792 -1.150250 0.724854 -0.729788 -0.396674 1.097467 0.188900 -1.780412 1.479258 -0.233486 -0.339196 -0.841945 0.839601 -0.218925 0.080834 -0.697865 -0.470938 0.142970 -1.569569 0.662586 0.008418 -1.097560 2.085987 1.819093 1.404677 0.115721 -0.821871 -0.893290 -0.484761 -0.921663 1.642646 0.037409 -0.442410 0.062380 0.115463 1.129638 -1.745169 1.643692 0.946985 0.724366 -0.911225 1.017694 -0.106585
11 0.917159 -0.852541 1.699925 -2.313586 -0.394059 -0.843904 -0.224771 -1.465388 -0.845605 -0.091951 0.800144 -1.224114 -0.825868 -1.883371 -1.074457 -0.149661 -0.721024 0.557792 1.757200 -0.007259 -0.265750 -1.712595 0.084152 -0.164197 1.636257 -1.450574 -0.259080 -0.622191 0.562441 0.950506 1.937733 -0.156516 0.519331 1.091853 -2.135222 -1.158745 -0.490800 -0.687360 0.502490 0.377391 1.050840 -0.046098 0.394422 -1.270247 -0.059544 -0.446329 -0.417544 1.112045 -0.829457 0.359135
12 1.408021 -0.384175 1.388078 0.689028 -0.400193 0.259651 0.458713 -1.321223 -0.426280 1.175200 1.637370 2.422929 -0.111288 -0.444289 -1.798380 0.053188 1.818967 1.033503 0.400257 0.714029 0.829495 0.285506 -0.406387 1.343572 0.521796 -0.160588 0.880279 0.619497 -0.077662 2.026692 -1.070075 0.547247 -0.197350 0.438973 3.614246 1.137956 -0.139118 0.132271 2.599860 0.866307 1.148478 0.485183 1.827040 -0.020627 1.593277 0.554350 0.226180 0.363465 1.228059 1.303119
13 0.404421 0.627210 -0.446198 0.665139 0.349666 0.199621 0.142970 -1.239558 1.437230 0.669012 1.626410 0.890656 -0.152591 -0.611916 -0.324784 1.008223 -0.228918 1.138261 -1.261052 0.145821 -0.047623 -0.582508 -1.242634 0.530557 0.287245 1.514045 -0.326504 0.230278 -0.701044 0.196052 1.183222 -0.423375 -0.882157 3.193599 0.617970 -0.851557 1.826013 1.039372 2.120743 0.268466 3.484131 -0.288415 0.215279 -0.735031 1.395476 0.935193 -0.906892 0.099340 1.893553 -1.576188
14 -2.965068 0.921074 2.070730 1.916739 0.635649 0.611570 1.175495 0.495350 -0.077969 -1.235833 1.144975 0.223347 -1.598181 -0.603185 -0.808311 -1.686832 0.083951 -0.063946 1.452794 0.068782 1.170454 1.108098 0.773540 0.661724 1.198113 -0.655976 -0.069381 -0.733256 0.856181 0.907283 0.446878 -0.946027 -0.243532 1.799434 0.440731 -0.724231 1.420490 0.173080 2.889843 0.198755 1.512200 0.645247 1.046962 0.703254 0.253805 2.951724 1.146991 0.290502 1.598458 -0.061062
15 0.000222 -0.919202 0.467103 -1.259799 0.355227 1.122306 -0.197542 0.904140 1.477917 1.146970 0.944448 -0.202917 -2.036893 -0.170588 -0.125466 -0.999080 2.205614 -0.161615 1.744871 -1.408404 -0.211913 -0.303550 -1.193996 0.582809 -0.203518 -1.071425 1.718401 1.819933 1.070753 -1.012645 -1.290645 -1.637114 -0.809400 -1.130934 0.533962 -1.150860 -0.941221 -0.644954 -0.627857 -0.977862 -0.781416 -0.043217 -0.316104 0.070567 2.099002 -2.427605 0.233839 -0.483570 0.952361 -0.153609
16 -0.259696 0.524803 -0.577664 -0.649273 0.413410 -1.248706 -0.687645 0.264188 -1.039853 -0.587618 -0.218253 -1.552850 -2.693657 2.095469 0.597145 -1.152893 2.282035 -1.943020 1.664172 -0.139928 0.724286 -1.911195 -1.024117 1.072856 0.354777 -0.358498 -0.704357 0.107494 1.496527 -1.238210 -2.783497 0.044154 0.969297 1.411537 0.197157 0.391627 0.803688 -2.116384 -1.381432 0.425459 0.117276 1.622800 -0.427459 0.088431 0.360352 -0.662302 -0.501453 -0.217213 1.782018 0.276659
17 -0.838816 0.060332 0.683650 0.390770 -0.757815 0.253803 -2.228210 -0.553528 0.891047 -0.515400 1.039386 -2.648447 -1.784189 1.365710 -0.252466 -0.042393 -0.726060 -1.009015 0.256602 -0.559172 -0.355472 -0.848404 0.026178 -0.150573 -0.296426 -1.070387 -1.425208 -0.573433 2.183687 -1.703230 1.327929 0.649785 -0.768725 0.935525 1.607878 -1.628882 -0.027494 1.187106 -0.109553 0.880558 1.019888 -0.219941 -0.318316 1.060471 -0.417209 1.802962 0.033344 -0.276916 -0.177013 0.061695
18 0.504306 -0.705081 -0.271526 -0.449665 0.057419 2.465437 0.574103 -0.701967 -1.525665 -0.120017 -2.352394 -0.740439 -1.032701 0.699227 0.857750 -1.063396 -0.175893 -0.957535 1.040262 -1.455333 -0.400660 -0.600999 0.482422 -0.817047 0.439674 -0.574688 -0.073336 -0.917689 0.422116 1.144145 -0.246936 -0.659119 0.025159 -1.140985 1.542424 1.662843 -1.072458 1.549430 -0.457553 0.071794 -2.088105 -0.738037 -0.373313 -0.229255 0.277341 -1.565749 0.019459 0.886221 -2.671146 1.004458
19 -1.210684 -0.495265 0.706533 0.122825 -0.228381 0.491233 -1.266293 1.082691 -0.509727 -1.410686 1.071836 0.324653 -0.253031 -0.291549 0.091875 0.709850 1.231946 -0.164827 1.886363 0.743630 -0.678600 0.896361 -0.394547 -0.341650 -0.895682 -0.840686 0.925266 -0.642986 -0.912730 0.586017 0.079511 -0.102340 -0.435454 -0.193606 -0.626280 -0.548670 -1.490301 0.933763 -1.323027 1.037773 0.216665 0.364706 1.738475 1.248792 0.400316 0.575846 0.027719 -0.315107 0.954208 -1.386135
20 0.344778 0.082767 0.900110 -1.059201 -0.948467 -0.018111 -1.294106 -0.210262 -0.802373 0.963523 -0.382970 0.330175 -0.955827 0.349908 -1.211201 1.233848 0.998296 -2.032929 0.533802 -1.246977 0.776264 -0.503236 0.616891 1.140061 0.186835 0.093288 -1.220504 0.181966 -0.281129 -0.431897 0.288613 0.486287 0.692125 0.408048 0.422965 -0.325287 -1.687346 0.127447 -2.112683 -0.184889 -1.477108 -0.979424 0.579575 -0.912824 0.803214 0.327830 0.716578 1.707185 0.603405 0.104534
21 -1.153028 -0.872111 0.098802 0.324356 1.234938 -1.247570 -0.894521 -1.074756 0.328403 -0.053961 -0.407472 0.703712 -0.243117 1.329924 0.207897 1.063795 0.272036 1.788205 -1.185481 -0.032621 -0.337010 -0.378187 -1.066179 0.674060 1.483637 1.455990 -0.582598 -0.607241 1.388411 0.964217 0.814138 -1.022664 -0.104914 0.306298 -1.262630 1.934900 1.245639 -0.343471 0.841486 -1.201929 -2.094083 0.852330 0.297957 0.242509 0.168452 -0.547459 0.072255 -0.293718 0.810402 -0.019394
22 0.195800 0.375528 -2.106606 2.213715 1.471163 0.823216 1.210320 0.874021 0.437695 0.572303 1.737877 0.000648 0.881047 0.094902 -1.171246 -0.684838 0.882698 0.834413 -0.793466 -0.986926 1.985771 -0.270803 -0.123792 0.421146 -0.707216 0.184234 -1.201345 0.253863 -1.115045 -1.059065 -0.337149 0.259488 1.438502 -0.572980 0.587625 -0.628564 0.587857 1.129626 0.316707 0.000590 -0.020665 0.909793 0.564308 -1.969671 0.397638 -0.289644 0.863056 -0.385135 -1.017768 0.851873
23 -0.926888 1.860423 1.132627 -0.290050 0.379700 2.767835 0.644629 -0.777627 1.212981 0.006106 0.300158 0.931398 0.391299 1.193903 0.184776 1.534899 -1.269061 0.743920 1.121531 -0.974298 0.934288 1.088346 -0.062625 -0.325228 -0.613413 0.186755 0.416501 -1.044933 0.257761 -0.281406 -0.374832 -0.627235 -2.085875 -2.267322 1.693489 -0.265528 -0.834004 0.314036 0.834505 0.582900 0.596872 0.473084 -0.607191 1.520182 1.195332 0.788302 0.716047 0.449871 -1.297866 -0.042112
24 -0.408046 0.670245 1.054198 1.334776 -1.375245 1.262494 1.605408 -0.280430 0.602729 -0.198780 0.628651 -0.266842 -0.482710 0.490017 1.465052 0.644313 -0.980349 0.881181 1.313190 -1.712626 -0.849328 0.464612 0.452700 -0.845769 1.279674 1.006270 -0.497693 -0.534917 1.411446 -0.547645 0.443873 0.394481 -0.103337 -1.954095 0.021864 -1.326868 0.862784 0.625628 -0.373991 -0.028781 1.753482 0.155960 0.857134 0.274276 -1.699964 1.485734 -1.221722 0.327569 -0.269642 -0.922034
25 1.379916 -0.550590 -0.790943 0.311850 -0.812307 -1.420348 1.455241 0.966809 -0.498804 -0.792148 -0.546314 -0.836145 3.057484 2.421813 -0.008591 1.246159 2.789281 -1.213213 -0.255621 -0.091818 0.269499 0.422147 1.280280 1.632499 -1.328616 -0.733670 -0.511975 -0.145722 0.471046 0.435291 -0.936586 -0.403722 0.161884 0.235087 0.212556 1.340911 1.268695 -2.708684 0.976163 -1.307786 -0.483512 0.164053 -0.915533 -1.838785 0.179376 0.811216 0.953827 0.200286 -1.864139 -0.286654
26 0.268605 2.181596 -1.214163 -0.797357 -0.535646 0.756169 2.604467 0.626190 -0.749907 -1.536536 -0.043701 1.441357 -0.039233 -0.407803 0.711201 -0.675394 -1.566203 -0.031500 1.193458 -0.121852 1.362186 0.508357 0.399884 -1.070411 -0.805370 -0.380438 0.372504 -0.095325 -0.591077 -0.162052 -1.218670 -0.804328 -0.670356 0.687290 0.756488 -0.444844 -1.685104 -2.023340 2.191975 -0.649535 -0.722763 1.987664 0.656101 -0.166605 -0.755927 -0.369496 0.656299 1.241884 -1.067206 -0.059487
27 1.542603 1.171433 -2.007387 -0.293311 -0.765549 0.176147 0.609937 0.030641 1.262209 -0.242543 -1.573602 1.176759 2.581003 -0.803609 1.019705 -2.919727 -0.388260 -0.013266 0.085681 -2.543097 -0.264909 2.336041 1.092204 -0.281373 -0.140053 -0.097167 1.654578 -0.895286 0.798299 0.058055 -0.060990 -0.911346 -2.047070 0.487323 0.436924 1.569009 0.064208 -0.186344 2.286050 0.629240 -0.623130 0.580658 2.046598 0.461375 -0.813278 0.226136 -0.228911 1.139985 -0.050680 0.255891
28 -0.767909 0.093687 0.626389 0.952434 -0.376408 1.624787 -0.127317 -0.844482 -1.812703 -0.044862 0.780984 -0.242429 0.672608 -0.975125 0.431547 -0.256185 0.030951 -0.190219 -0.871266 -0.314565 0.742493 1.493150 -0.472745 0.508109 -1.730352 -0.656623 0.138739 -0.003086 0.649486 -0.871993 0.333985 0.625052 0.828642 0.687205 -1.651344 0.848360 1.255489 -0.221220 1.231232 0.524050 1.610461 -1.379553 -0.299201 0.809431 -0.017817 -0.213122 1.433930 -1.210304 0.999255 1.536188
29 1.227033 0.115977 0.813447 1.056875 -0.510312 0.291253 -0.202491 -0.157033 -0.143837 2.182774 1.900729 2.315213 -2.330643 -1.146150 0.449767 -0.139285 -0.351719 0.348147 0.375299 0.434149 -0.644731 0.606063 -2.453264 0.379786 0.937341 1.167089 2.490836 -1.346568 0.627297 0.614628 0.128680 3.432344 -0.525513 -0.309746 0.948461 1.445977 0.690427 -0.738949 -0.864509 0.589935 -0.613464 -1.408868 -0.820845 0.013865 1.669637 -1.377549 -0.138184 0.145623 0.323898 -3.383666
30 0.155044 -0.689795 -1.398451 0.558665 0.133497 -1.737160 -0.502711 0.721434 -0.904151 0.729814 0.551497 -0.484897 0.144573 1.145366 0.020416 -0.008802 -0.372314 2.647378 -0.584773 -0.314809 0.217971 -0.072184 1.191711 -0.243644 1.530724 0.239107 -0.087720 -0.995143 0.007912 -0.530210 -0.136803 0.753413 0.380444 2.033255 -2.284775 -0.554000 2.005676 -0.737814 -0.652006 1.814136 -0.589294 -2.056627 0.080361 0.161026 -0.504078 0.142945 -0.520454 -1.264009 0.690043 0.940407
31 -0.411801 0.141865 -0.955521 0.125938 -1.125507 0.353792 -0.350499 -0.189330 0.312066 0.501117 0.148223 -2.204115 0.430225 0.158942 0.557605 -0.891741 0.681055 -0.115442 -1.988964 -1.479522 0.555205 0.770668 1.122605 -0.975431 1.484127 1.006773 -0.189167 2.358907 -0.939817 0.298390 0.464948 0.439594 0.551097 -0.867483 -0.025842 0.033439 1.062477 0.111168 0.638710 0.931209 -0.142490 1.092744 -0.158570 1.272916 0.176318 0.495786 1.031266 -1.101499 -0.104355 -0.649459
32 -0.072058 0.690154 1.746195 0.650548 -1.124471 0.518369 1.355548 0.188192 2.621288 -0.095251 -0.011700 0.667678 0.170047 -1.496121 1.209261 -0.842123 -1.398934 0.143429 1.214017 -0.639467 -0.659520 0.518226 0.060693 0.139680 0.041986 0.526186 0.249127 -1.972008 1.436658 -0.474763 0.229478 0.031775 0.684314 -1.777501 -0.235720 0.958198 -2.120079 -1.618235 0.138058 0.112596 -0.655760 3.419643 -0.502536 -1.398426 -0.538293 -1.616608 -0.308974 -0.337448 -1.766521 0.034739
33 0.253360 1.344174 0.118493 -0.188093 -1.087497 0.967789 -1.254012 -0.619946 0.052289 0.475771 -0.594003 0.152120 0.907313 0.989238 0.562953 -0.799716 -0.245537 1.817892 -1.223513 -1.454686 0.349125 -0.450704 0.576702 -0.268350 1.976583 -1.299263 0.232990 0.228623 -1.286810 0.002127 1.021330 -0.181323 -0.839166 0.103104 -0.679172 -0.178341 0.867662 1.138315 0.442136 -1.917124 -1.365573 0.801815 1.038933 -0.464003 1.822407 -0.638005 -0.697761 -0.315234 0.448110 -0.723963
34 0.815296 -0.987012 0.779498 0.034134 -0.995163 1.942889 -1.856542 0.565596 2.060182 1.324461 -1.291103 -0.412918 0.026087 2.107138 -0.556881 -0.541810 0.020195 0.602058 1.149217 -0.366432 -0.491532 0.080048 -1.065561 1.214522 -0.870316 1.833451 0.352885 0.473222 0.742064 -0.422783 0.317039 -0.191411 1.977763 -1.292000 1.092987 -1.156956 -0.714258 1.052776 1.305748 0.531916 0.957734 -0.374521 2.174016 0.712016 0.039270 0.188333 1.600066 -1.015090 -1.170608 1.278874
35 -0.818233 -0.146251 -0.347562 0.241535 1.232527 -2.003784 -0.161244 -0.693995 0.207869 2.076945 1.297524 0.755032 -0.400812 0.643854 1.143055 -0.715951 0.800785 -0.123261 0.189659 -0.546754 -0.022642 0.242862 -0.592654 0.621314 1.712264 0.189782 0.670001 -0.721593 1.664329 0.175233 1.267130 -0.596892 -0.968136 -1.501946 -0.264265 0.657590 0.079719 -0.611304 0.157722 -0.535294 -2.719074 2.393466 0.426578 -0.160847 0.795995 -1.611079 -1.407409 0.178527 0.549792 -0.351992
36 1.653466 -0.257361 -1.228550 1.471033 0.321616 1.814127 0.252232 -0.713803 1.240423 -0.413802 0.532749 1.031633 -1.375058 -1.241463 0.695414 1.434544 -0.612274 -1.126355 1.575157 0.162255 2.108546 -0.441652 -0.133568 -0.749222 -1.568818 -0.125501 -0.438546 -1.275451 -0.181952 -1.040533 -1.073777 -0.593038 -0.187531 -0.420637 0.353975 -0.753230 0.649460 -0.229821 0.212289 0.305420 -1.648283 -1.563029 0.905387 -0.502757 0.820056 0.175349 1.299880 0.705350 1.531326 -0.692715
37 1.242843 1.708573 -0.002703 0.365205 0.469165 -1.216723 0.640712 0.087951 0.555959 1.040178 0.588511 1.067927 -0.547211 0.455332 -0.911586 -0.550376 -1.305232 0.237953 0.507489 -1.195062 1.952500 -0.605685 2.388232 0.307102 0.947067 0.082574 1.822593 0.021771 0.342252 -0.668886 0.474260 0.821319 1.784545 -2.018374 0.480227 0.616983 0.885963 0.478651 -0.707621 -1.245547 1.032948 1.594104 0.241055 0.195219 2.644290 -0.210288 0.581945 -0.539837 0.688070 -0.352192
38 -1.333281 -0.421708 -1.255778 0.350469 0.286525 0.832241 -1.217779 -0.518623 0.025508 0.707251 -0.713176 0.160789 0.308394 -2.079512 1.711582 -0.234450 -0.513088 0.402452 -1.575525 1.012223 -1.431117 0.383775 0.649476 2.400496 0.228090 -1.673240 0.415417 0.571564 -2.003253 -0.646184 0.447285 -2.466498 -0.871980 -0.135088 -0.648671 0.958246 -0.010218 0.384125 0.969171 0.886819 0.054461 -1.562076 -0.199769 0.492373 1.549083 -0.349648 0.104168 0.188604 0.775152 -0.016754
39 -0.958034 -0.586140 -0.331669 0.847325 0.674941 0.025665 0.005217 0.515043 -0.877787 0.008915 2.532124 -0.651911 0.164655 0.735932 1.545770 -0.758250 1.332173 -0.220479 0.185753 1.320713 0.159622 0.224661 -0.947777 0.228006 -1.172607 -0.343474 -1.089518 -0.492252 -0.779703 -0.175061 1.935304 -1.115770 -1.031600 1.236689 -0.693033 -1.164458 -0.366884 -0.175797 0.446784 0.380164 -1.874677 -0.787545 1.772496 0.213024 0.795747 0.646363 -0.165911 0.187736 -0.770672 -1.548660
40 1.743198 -0.519762 -1.066299 0.212870 1.353406 -1.796878 1.609745 0.883244 0.434745 -0.579822 -0.021207 -0.452830 1.477926 0.563167 0.125101 0.247560 2.362055 -0.911314 0.386145 1.630401 -1.082523 -1.474264 0.636895 0.166056 0.564158 -0.230130 0.195315 -0.133450 0.206030 -0.392193 1.165831 -0.527834 -2.092372 -0.328225 1.843031 -0.488777 -0.347007 0.194363 0.243498 1.596023 2.904807 -0.357814 0.042086 -0.729209 -0.004070 1.002917 0.230420 -1.563184 0.491890 -0.747035
41 0.621401 0.270033 0.656126 0.889253 -0.495322 0.715310 0.493560 0.910033 1.277963 0.977830 1.852350 -1.863247 -0.513064 -1.992786 0.967897 -0.510937 -0.056079 -0.279673 -0.455762 0.240208 -0.026759 0.904879 -1.307469 -0.390748 -0.867947 -1.384332 -1.742843 -0.462117 0.661444 0.161060 -0.089684 -0.963514 1.833251 -1.017043 -1.292651 0.228372 0.708624 -0.339667 2.154822 0.562058 -0.142415 1.500264 -1.156536 1.005151 0.644591 -1.617571 -0.508346 -1.662575 0.871808 1.764634
42 0.725744 -0.071312 -2.372063 0.068735 -0.762830 -0.339342 -0.697241 -0.495447 1.393140 -0.185982 -0.143367 0.219106 1.405008 -0.115721 1.371403 -1.143185 -1.703445 -0.780057 1.074122 0.804399 -1.261540 0.311011 1.704534 -0.427926 -0.181427 0.534569 -0.448429 -1.343556 1.276853 1.896431 -1.670633 0.740959 0.601546 -0.357540 0.580891 -1.384323 1.054480 1.112567 1.428545 0.741744 0.656699 -2.049100 -0.159080 -1.482041 0.976484 -0.177408 2.044985 0.595200 -0.913498 -0.053689
43 1.978181 -1.435496 0.900009 -0.402366 -0.729510 1.100022 0.522115 -0.886353 -1.103498 -0.705308 -0.073082 1.706886 -1.869871 -1.471400 0.438665 -0.208141 -0.265314 -0.126957 -0.849851 0.652939 0.815170 0.923067 1.432820 -0.943458 0.963974 0.127715 -1.137810 -1.014095 -0.035765 0.145070 -0.531977 -1.433303 -0.706658 2.639611 0.631071 0.537475 2.135980 0.978181 1.364196 -0.290922 -1.706820 -1.453762 0.183129 -2.831011 0.948773 1.515796 -0.205366 0.844759 0.729495 -0.424071
44 -1.381594 0.020997 0.981064 -1.288422 0.970964 0.659847 -0.437566 0.778602 -0.111583 -0.284062 0.142975 0.120899 0.246916 -0.172974 -0.329760 1.710223 -0.888545 0.313543 -1.285971 -1.273139 -1.409972 -0.598006 -0.523905 1.163433 -0.672217 0.079120 0.921094 -1.226855 2.092852 -1.278411 -0.514519 1.191366 0.385891 -2.756588 -1.671226 -1.873922 -0.459429 -0.757628 0.111850 -0.312893 0.284263 -0.262626 -0.101434 -1.539556 0.084507 0.555938 1.366544 -0.039896 -1.179623 0.927050
45 -0.110763 0.234755 1.570143 0.113601 -1.873821 -2.425612 0.549125 1.109335 -0.665535 -0.881644 -0.299165 -1.222753 -0.573259 0.805098 -0.544106 1.683672 0.868510 -0.078018 0.182732 -0.744722 0.879022 -0.912916 2.025447 0.464516 0.080400 0.166451 0.250213 1.126951 -0.583527 -1.316991 2.070729 0.878579 1.554370 0.088266 0.563981 -1.252959 -0.246078 2.493822 0.047440 -0.673475 -1.553868 1.006092 2.151864 -0.130435 -0.119120 0.611764 -0.612533 0.729605 0.317580 -0.522332
46 0.803423 0.129204 -1.285918 -0.770789 -1.954267 0.533423 -0.279262 1.558524 0.311005 0.100075 1.111271 -0.007132 -1.246565 -1.043503 -0.515210 -0.669990 0.312992 -0.360716 -0.619506 -0.835301 0.357273 0.537610 -0.121205 -3.121884 0.391082 0.605494 -0.638023 -1.299177 -0.035017 -0.879475 0.134325 -0.067825 0.873201 0.208250 0.429247 0.072253 -0.106623 -0.450359 -0.842557 -0.356918 0.283121 0.494019 -1.192459 -1.352746 0.128412 1.147705 -0.701079 -0.051429 -1.271597 -1.289303
47 -0.295198 0.173513 -0.147466 -0.497419 0.824702 1.084701 0.714058 0.019108 0.361019 0.061715 1.290593 -2.193435 0.636662 0.228169 -1.090513 0.692274 -1.107460 -0.577772 -0.930679 -0.577143 0.073559 -0.269185 -0.753812 -0.700809 0.635264 0.148228 1.297321 1.317707 0.393783 -1.145300 0.902564 -0.007990 0.130466 0.828546 1.952632 -0.602876 -0.573383 -0.149451 0.041858 0.786804 1.009269 -1.372755 -0.357077 -0.187280 -1.225620 0.204839 -0.927930 1.663231 -0.652614 0.468828
48 -0.289476 -1.272566 -0.619797 0.272933 -0.052414 -0.357046 -1.260475 0.054360 -0.768561 -0.166777 -1.647912 1.803213 -0.251268 -1.008910 0.738021 0.778633 -0.433112 -0.897522 0.615673 -0.545048 0.984526 -0.252248 -1.378276 -1.314325 1.181540 0.489629 0.006514 -1.135259 -0.378211 0.282924 0.839249 1.638459 -1.413947 -1.170707 0.233751 -1.211364 -1.047727 1.795204 -1.020508 -1.163943 -1.863928 1.142517 -0.496970 -0.589868 -1.219796 1.502606 -1.124246 0.771042 1.112956 -1.065884
49 0.486434 0.058666 0.684068 0.134002 -1.130775 -1.941378 -0.340926 -0.063286 0.393123 0.920034 0.650155 0.238576 -1.116748 0.238675 1.658264 -0.556140 -0.408564 0.621014 -0.522095 2.853520 -0.642370 0.453428 0.410864 1.417756 -0.242054 1.328320 0.313982 0.835688 -0.541618 -1.453655 -0.216186 -0.945770 0.314297 -0.648760 -1.256278 -0.007509 0.764036 -0.705420 0.377348 0.744646 -0.817956 1.692265 0.089043 -1.643738 1.834822 0.761682 -1.562309 0.582671 -0.915280 -0.321679
50 -0.271123 0.161131 0.294171 0.775649 -0.811544 0.773442 -0.719671 0.832695 1.499591 -1.675764 -1.490633 1.038837 0.620419 -0.175340 -0.306649 0.697157 -0.530563 0.844552 -0.069548 -1.843783 -0.096053 0.457029 -1.058345 0.359842 1.767333 0.684466 -2.591738 -0.686654 0.710744 1.160756 1.808718 -0.980712 -0.628303 0.047687 1.691815 0.600687 0.276948 -0.278430 -0.235625 0.837031 -1.656376 -0.939048 1.954630 -0.226047 1.315348 -2.252754 -0.175676 -0.128341 -0.065174 0.725254
51 2.302938 -0.064924 -0.243468 0.708604 0.463546 -0.259200 -2.403912 -0.605476 0.717905 -0.279515 0.061006 -1.328338 0.091359 1.443938 -0.633738 0.495609 -1.309924 -0.345036 -0.019125 -1.360002 0.386123 0.320836 2.568211 -0.482094 -1.483027 0.388347 -0.588627 -0.397982 1.339605 -0.201348 1.564555 0.073453 -3.375980 -0.045160 1.221684 0.995944 -2.276579 0.862414 -1.119040 -0.452708 -0.686654 0.603723 1.330283 1.253210 -0.302144 -2.218055 -1.053356 0.226133 -0.027807 1.367389
52 0.328618 0.198295 -0.399239 -0.929510 0.350661 -1.775459 -0.059864 -0.815468 -0.808850 -0.819760 2.020858 -0.603722 -0.420717 1.384556 0.029696 -0.582641 0.580250 1.073547 0.536634 0.702827 0.919486 0.660447 0.616488 0.033344 -2.188050 -1.017971 -0.354322 -0.883025 0.186684 -0.873717 -0.816401 -0.087017 2.292545 -0.389490 0.320900 0.496491 1.657097 0.248748 0.957516 0.583858 0.048932 0.119756 -0.044143 2.010171 0.750981 0.231037 0.021881 -0.586316 2.100866 0.536355
53 2.209848 -0.028268 -0.716091 -0.077706 0.330067 -0.196239 0.478140 0.113809 1.435878 -0.362519 -2.087942 1.673374 0.102847 1.341574 -0.602620 -0.401759 -2.001922 0.755293 -0.401566 0.997403 0.713702 0.949046 0.478355 0.517711 -0.826837 -0.719559 0.372714 -0.438066 -0.976872 -0.608872 -0.040780 -2.051363 0.723729 -0.101229 0.240247 -0.168450 -0.058497 0.493881 1.099921 0.549581 1.073693 1.479060 2.012969 -1.825660 -0.582038 0.104889 0.728017 -1.934315 0.350231 -1.867195
54 0.779847 -0.967108 -0.212106 -0.843966 -0.845896 -0.694206 -1.049440 -0.845614 -0.145903 1.243618 0.782100 -0.922399 -0.938656 0.604715 0.055161 -0.556406 0.233879 0.173721 0.427811 -1.190361 -0.433078 0.343948 0.077367 0.480710 -2.652913 -2.207374 1.630824 -1.689384 0.309304 1.293616 0.083997 -1.055144 -0.650171 -1.173880 0.700847 0.319449 1.097733 -0.522873 0.910808 0.360414 -0.216433 0.176758 -0.274059 -0.601960 -0.909942 -0.388110 1.310556 0.578746 1.028191 0.546965
55 -1.302323 1.208470 0.428284 1.136936 -1.032954 -1.346360 -0.515255 -0.054362 -0.414616 -0.270942 -0.175942 -0.936137 0.731920 0.272507 1.743083 -0.070073 -0.052540 0.404308 -2.610841 -0.428799 1.215131 0.101905 1.180129 -1.758177 -0.458469 -1.269025 -0.295246 -0.363669 -1.131834 -0.723382 0.843988 -0.421073 0.370430 0.458477 -0.166902 -0.301475 1.543121 -0.294832 -1.205249 0.535526 0.087758 1.073972 -0.891162 -0.815597 -0.486163 -0.611749 1.033039 -2.319415 -0.638188 -0.071601
56 1.606338 0.366461 2.033874 -0.308193 0.385761 -0.026318 -0.732349 -0.627105 -1.341015 0.042796 -0.427037 -1.344033 1.874768 -0.380291 0.638972 2.137073 -0.756221 0.359972 1.389637 1.045994 0.549366 -0.984992 -0.188850 -1.420163 -1.170794 -0.565400 -1.814102 -0.071706 1.040848 -0.228535 -0.859217 -1.229396 -1.148193 0.277903 0.191601 0.320913 0.611273 -1.554249 -0.107639 -0.755594 0.820158 1.190821 -0.294806 -0.346799 1.206943 1.526782 -0.652137 -1.096110 1.607638 -0.224288
57 0.805450 0.037823 0.496577 -0.464590 -0.015476 1.216963 0.933835 0.134154 0.418330 0.761272 -2.258980 -0.567777 -2.261503 0.091559 0.966112 -1.961178 -0.166152 -0.118939 -0.513272 -0.048757 -0.334575 2.049947 -0.075625 -0.849086 0.584341 0.156718 -0.330997 -0.148021 -0.694245 0.502184 0.817261 -0.631017 0.586824 1.676387 1.358644 -0.591358 -0.931475 -0.911043 0.770908 -1.705550 1.302261 -0.688461 -0.657388 2.365343 -0.094835 0.517025 1.051315 0.761549 -0.229193 1.431228
58 1.101751 -0.125327 -0.176193 0.828260 -0.119109 -1.735546 0.221498 -1.069321 -0.148562 -1.272337 -0.333600 -0.030623 -0.254381 -2.413963 -0.230444 0.037044 0.906968 0.034801 1.353584 -0.859483 0.242770 1.029696 -0.066309 1.377173 -1.668762 0.138285 -0.441494 -0.399292 0.927205 -0.690655 -1.593110 0.184866 1.874487 -0.883036 -1.504369 1.097779 -0.894453 -1.202901 0.639220 0.019803 -0.087774 -0.155993 2.188084 -0.526967 -1.656369 -0.688070 2.351516 -0.011064 0.284465 1.348916
59 0.593610 0.633015 0.066094 2.551900 0.572619 0.040893 -0.666133 0.407697 -1.827911 -0.202155 0.111443 -2.076720 1.519647 0.663097 -0.510518 -1.306044 -1.141860 -0.108688 1.093795 0.685229 -0.015123 -0.687681 1.338626 0.994476 -3.116813 1.403105 -0.335417 -0.027402 -1.561172 -0.961753 -0.342842 1.324155 -0.855653 0.124346 0.314047 0.530169 1.743627 0.581704 -0.866273 -1.152142 0.119816 0.451129 -1.368935 -1.828730 -0.885477 -1.213043 -0.125131 -1.422517 -1.787238 -0.289909
60 0.007401 0.981829 -0.413262 0.381340 0.193976 0.598799 0.412968 1.662963 -0.005562 0.912445 -0.858573 -0.912387 -0.709129 -0.220159 -0.573307 -1.828595 0.678422 -0.830489 -0.544891 -0.018292 -0.667234 -1.844607 1.204869 0.362354 -1.052757 -0.459093 2.879553 0.549256 0.358251 1.312724 -0.457883 0.903271 0.755039 -1.409708 0.500428 -0.472727 0.962676 0.014191 -0.253904 -0.157313 0.134803 1.705025 0.538087 -0.227158 0.068265 0.256830 -0.035907 -0.090284 -1.925084 -0.773857
61 1.143419 -0.610506 0.595627 -1.424996 -1.855136 -0.736162 -0.631227 0.558599 0.525696 -0.184855 0.725924 -0.590370 -1.112943 -0.091578 -0.833311 -0.589302 0.286506 2.250335 0.958396 1.338220 1.542082 -0.653669 0.062138 1.106484 -0.266431 -0.709120 -1.824195 0.628565 -0.945675 -1.564031 -0.873242 0.646467 -0.421186 0.816338 0.120077 0.641789 3.014002 0.011129 -0.475510 -0.385335 -0.261394 0.449970 -0.223476 0.548423 1.047463 -1.507651 -0.539648 -0.998207 0.515254 -0.469317
62 -1.958818 0.070360 -0.111067 0.014919 0.607847 1.059882 -0.845743 -0.980956 -0.478739 0.529174 -1.325929 -1.083750 0.696650 -0.969762 1.897690 -0.409294 -1.110289 0.409376 -0.348599 0.718708 -0.650790 0.677092 0.946360 1.886471 -0.947102 -0.578929 1.502587 -0.714213 -2.257044 0.321800 1.141141 0.398123 -1.377714 1.180846 0.383284 -0.292211 -0.215731 0.517314 -0.892948 -1.437717 -0.930235 -1.596360 0.360975 -2.550780 -2.462629 -0.259471 -1.003774 -1.349641 0.565992 -0.347293
63 -1.170201 -0.542854 -0.301359 -1.258092 -1.047961 1.193113 -0.783893 -0.012203 -1.757320 0.640720 2.489542 0.241267 -1.553182 -0.458028 -0.277393 -0.853349 -0.291540 0.509093 1.298167 0.399488 -0.706180 -0.244927 -1.817068 0.664458 2.041613 0.538908 -0.318319 0.900354 0.629567 -0.119568 -0.918599 0.067802 0.649682 -1.480919 -0.549356 0.459479 -1.077885 -0.652498 -1.097158 1.255554 0.868400 2.108420 0.064285 1.985659 0.306411 0.312279 0.077366 -0.356311 0.329904 -0.372049
64 0.596411 0.824163 1.478033 1.735138 -0.180010 0.015632 0.629321 -1.174924 -0.583145 0.441345 -0.495454 1.865183 0.937906 1.553347 -0.951786 -0.015371 -1.277807 0.614300 -0.062609 0.104334 0.144961 0.347485 0.209321 -0.434883 -0.678645 0.285578 0.109396 0.269633 0.531960 1.005000 0.275944 0.631440 0.504363 0.134853 0.239333 -0.821917 0.394589 1.789884 -0.470622 2.216063 0.740950 -2.176899 0.386821 0.229171 -2.229618 -0.787060 -2.091142 0.361226 1.013131 -2.226280
65 0.679284 0.178100 0.433025 1.394528 -0.611192 -0.559045 -0.314334 0.265527 -1.621780 -0.218326 -0.941794 0.237417 1.442530 0.599676 -0.135533 -0.097559 -0.137785 0.324971 1.403942 -0.126659 1.368554 -0.358557 -1.893786 -1.377502 -0.220587 0.698092 -0.880242 -0.558445 -1.092630 1.847481 1.783107 0.651827 -1.539812 0.422055 0.170993 -1.871886 -1.146048 0.266887 0.841207 0.978144 -0.153452 1.364478 -0.913532 0.500408 -0.568289 1.479302 -0.191767 1.363168 -0.755247 0.272124
66 1.191699 1.948376 1.088328 -0.006229 -0.749363 0.345510 0.370748 0.691938 0.318906 -0.210835 0.889085 -1.433574 -0.660616 -0.576759 -1.681766 1.711376 0.300312 0.289223 -1.467525 -0.101682 -0.064161 -0.946940 -1.091098 -0.371443 0.319811 -0.456325 0.872365 0.044162 -0.404701 0.089542 -0.391375 1.652268 -0.005858 1.352755 0.129580 1.009562 -0.832873 -0.389714 -0.121392 -1.868584 -2.092240 1.754264 -1.174890 -0.959898 0.326514 -0.629743 -2.157643 0.409662 -0.180302 0.958277
67 1.982124 -0.835411 -1.466393 -0.023415 1.955982 0.164054 -1.030277 1.606480 1.229941 1.963703 -0.696959 -0.613874 0.240592 -0.848219 -0.859366 -0.657255 -0.789668 -0.618410 -1.362085 0.211191 1.888673 -0.688677 0.070641 1.910053 0.057520 -0.364682 0.334961 0.999776 -1.969159 -0.998821 -2.283231 2.427635 0.313312 -0.050286 0.270722 -0.820422 -0.457450 -1.229928 -0.000695 -0.314713 0.694926 -0.717461 0.822137 0.215348 -1.946110 -1.536770 -0.676262 -0.989122 1.210980 -0.358440
68 0.946925 -1.256539 0.313964 -0.961511 0.976240 -1.248607 -0.967005 1.225109 -1.081418 0.820604 -1.753822 2.223774 -0.539539 0.700446 1.065980 1.640005 0.067294 -0.501579 -0.406137 -0.283658 0.520561 -2.914961 -0.278008 0.320160 -0.840532 0.225316 0.877774 -1.087108 -0.592073 1.903350 0.408807 -1.382242 1.171978 0.485238 -0.322102 -1.271931 -2.534118 0.961309 -1.334283 -0.450292 -0.130008 -0.364226 -0.016143 1.566563 -0.031492 -1.077934 1.212775 -0.361623 0.613060 -0.034372
69 -1.177131 -1.272143 -0.108093 -0.753350 1.726252 1.284464 0.431852 -1.010893 -0.249998 -0.225528 -0.232086 0.128518 0.457452 -0.138220 -0.743275 0.746589 0.151760 1.753764 0.636832 -0.827006 1.179151 -0.188587 -0.467963 -0.546169 0.837582 -2.524233 2.671444 -0.740746 0.653561 1.453412 0.709187 0.389040 -0.312931 -0.066952 -0.067399 0.361942 -1.346745 -0.077868 -1.156754 -1.173009 0.390914 0.810077 -0.770800 1.330289 1.920768 1.488920 1.121479 1.020053 1.608866 0.623066
70 0.748129 0.096020 0.630817 -1.018514 -0.224390 0.817778 0.534564 -0.627638 0.354656 -0.061041 0.162998 -0.757494 -1.839800 -1.621371 0.094811 -0.551927 -0.526627 0.191767 -1.651303 0.621162 1.146988 1.976834 1.016681 -0.022990 -0.190364 0.695315 1.602203 -0.167718 -0.770407 0.448492 -0.306179 0.150162 -0.018002 0.554954 -0.112890 -0.660830 1.847655 -1.009064 0.181135 -0.323739 -2.293155 -1.650965 -0.127963 -0.684242 0.060616 0.777543 -0.429064 0.950536 -0.721743 0.639162
71 0.189689 1.150122 1.648459 -0.525851 0.054840 -0.685431 1.015006 -0.768698 -0.006480 0.145219 -0.508242 0.114227 -1.865015 0.962965 -1.705210 0.006048 -0.510664 0.726766 0.578767 -0.078822 1.306202 0.953988 0.526191 -0.690194 -1.046601 1.815992 1.207969 0.131081 -0.606238 2.166382 1.987970 -0.435575 -0.862994 1.042797 -0.304537 0.298373 -1.219580 1.261250 -0.717604 -0.329085 0.443562 -0.405004 -1.343250 0.331538 -3.564135 0.117269 1.358531 1.421742 -0.997709 0.245221
72 0.706432 1.697061 -0.830283 0.399152 -0.994190 0.291542 1.074241 -0.038610 1.373938 1.959253 0.961466 0.049833 -0.649713 -0.595956 1.631216 -1.067019 -1.007634 -1.118909 0.996162 -0.697733 -0.268955 0.588418 -0.551202 -1.837967 0.728810 0.323468 -0.656299 2.338910 -1.903002 -1.019083 1.209209 -0.626962 2.134070 0.733614 1.275837 0.145770 -1.586431 0.755775 1.209536 -2.530154 0.600763 -1.612510 -0.770869 -0.095200 -0.933041 0.410884 1.062436 0.103354 -0.002551 1.866461
73 -0.750202 -0.197250 2.875173 1.311833 1.816819 1.047050 -0.580515 0.854590 1.912263 -0.866294 -0.290988 -0.102353 -0.195815 -1.683949 0.700672 0.224190 1.107407 -0.001851 1.363199 2.744625 -1.271583 0.388862 -1.088046 0.160036 -1.152201 -0.443637 -0.280027 0.483092 1.193847 0.773955 0.406549 1.279770 -2.652142 -1.033178 -1.238791 0.525964 -1.305698 -1.612592 0.407176 -0.824657 -0.149547 0.653829 -0.205218 0.161364 0.900847 0.018019 -0.258701 0.170621 1.661822 -1.863874
74 1.238101 -0.610559 -1.299496 1.840754 1.477619 -2.197267 -1.477384 -0.924159 -1.248590 -0.193340 0.685968 0.362603 1.938896 1.024939 -0.916209 -0.032275 1.231485 -0.045336 0.227581 0.883791 1.923657 -0.199406 -0.503283 -0.127605 -0.621363 -0.190930 1.208486 1.393057 -1.503596 0.224645 -0.176714 1.013687 -1.136319 1.235203 0.080066 0.339067 -0.167376 -1.332166 0.169094 -0.492128 -1.963775 1.210485 0.789278 1.097668 0.826015 -0.684150 0.451455 0.725567 -1.270435 -0.717652
75 -0.459799 -1.043673 -0.830578 -0.427106 0.258951 -0.933471 0.316930 2.026926 -0.055750 1.003814 -1.101428 -0.599641 -0.716070 -0.329572 0.305295 0.419632 -0.670499 0.036351 -1.099097 0.917709 -1.091282 -0.902877 0.771010 0.048613 0.577321 0.887016 0.146888 -1.352193 -1.819166 -0.625002 -1.659476 -1.278705 1.121257 0.188005 1.463609 0.162017 -0.766897 -1.148000 -1.327473 0.582452 -0.012723 0.303751 -0.071317 0.491822 -0.148181 -0.102691 0.189861 -0.928520 -0.212928 0.797668
76 -1.349842 1.416793 -0.904182 0.460519 -1.135299 1.349169 0.979279 -0.722382 3.260101 0.233005 0.544007 1.302477 -1.080720 -0.826929 0.694719 -1.036021 0.578884 1.457112 -0.133675 1.141681 0.206167 0.417535 0.067697 -0.020766 -0.764483 -0.720149 0.012883 0.906899 0.875791 -0.809562 -1.387584 -2.258277 -0.121665 -0.422141 1.032713 -0.442284 -0.390746 0.944745 -1.008471 1.642403 -0.041644 0.356444 1.734443 -1.438920 -0.404918 -2.587338 1.831602 -0.061047 0.534976 -1.103974
77 -0.399029 1.593445 1.513676 0.043904 -0.424739 0.570070 0.040216 0.103709 -0.844929 1.468437 0.799089 -0.887654 1.084225 -2.291010 -0.647900 -1.435970 -0.129201 -0.708445 0.197701 0.939549 -1.301740 0.539969 -0.370443 -1.190947 -1.557128 0.882796 0.377058 0.429499 0.613707 -1.218278 1.254108 1.659676 -1.026168 1.497499 -1.093397 0.608084 1.428168 0.179633 -0.587292 -0.400489 0.341093 1.526178 0.466701 1.302254 0.354634 -0.033224 0.730250 1.054184 -0.808347 1.531675
78 -0.619825 0.697767 0.184649 0.617587 -0.221965 1.373672 -0.425170 -0.397811 -0.623251 -1.281447 -0.553218 -0.001171 0.694264 -1.231315 -0.708613 -1.555203 0.845317 1.567429 -0.484453 0.059247 1.792753 -0.101423 1.529066 1.051756 -1.244517 -1.073551 -1.029287 0.363687 -1.530607 -0.712522 0.395053 0.860100 0.755128 -0.497911 0.585696 0.994112 0.480327 0.995058 0.939581 -0.315542 -0.346405 -1.375141 0.645276 0.196992 1.389214 -0.761080 -0.790144 0.786729 -0.989846 -0.181722
79 1.849023 0.390712 -2.425027 0.728871 0.950925 -0.544036 -1.096604 -0.233751 0.150901 -0.160635 0.768270 -0.105690 0.408801 1.263756 2.653796 -1.544843 -2.073101 1.551863 0.940627 0.673637 0.037045 0.185620 -1.302289 0.589923 2.169772 -0.237704 0.354230 -0.723948 0.620113 0.595568 0.623304 0.173486 0.382423 -0.428296 0.468333 1.387951 0.593512 0.266899 0.376338 -0.959491 1.109917 1.652123 0.397096 -1.133122 2.298860 -1.791559 1.033198 0.176106 0.205981 0.068263
80 -0.117107 -0.387597 1.394691 1.712438 0.014137 0.232879 1.600414 1.193035 0.713998 1.351410 0.186859 0.784961 -1.486625 1.873652 0.620156 1.712171 -0.763743 0.180114 1.113411 2.060768 2.121799 0.652915 0.193312 2.281202 -1.211780 1.046949 -0.042397 0.103545 1.299557 1.985247 1.732217 -0.075728 -1.855602 1.380777 1.663577 0.884947 2.233703 -0.172769 0.825494 0.402352 1.051008 -0.116616 0.722823 0.196322 1.040542 1.473711 0.442040 -0.378710 1.330187 0.825515
81 0.602615 0.194576 -1.207710 0.443297 0.497662 -1.357423 0.977300 -0.321667 1.398142 -1.474536 0.075922 -1.321768 -1.002181 -0.195446 1.456109 -0.884689 0.320754 0.531443 0.136064 -1.237498 0.096423 -0.037948 1.832678 0.041632 0.351429 -0.037954 -0.150598 -0.828002 -0.483962 -1.300902 -0.578480 0.190018 -0.389903 -0.225711 -1.764989 1.073333 0.244453 0.681261 -0.787688 0.843173 -0.128683 -1.503454 -1.339881 -0.049357 1.081648 -0.258718 -1.700699 0.289535 -0.944459 1.012784
82 -0.049268 0.431397 -0.384843 0.897533 1.432848 -0.305396 1.479562 0.563863 0.966888 -1.823966 0.330884 -0.815231 -0.747290 0.115918 -1.485682 0.379927 0.182880 1.355282 1.484074 -0.433560 0.586399 -3.370248 -0.719051 -0.066728 -0.406596 -0.987465 1.593781 0.536638 -0.318196 -1.003893 -1.562951 -0.516637 0.520483 -0.211291 0.846475 -0.476463 -0.640220 0.536348 -0.143530 0.754346 1.772133 -1.559358 1.618769 -1.481081 0.681658 0.738713 -0.412705 1.149139 -0.628147 -1.538307
83 -0.298694 0.736386 -0.943789 -1.706472 1.401141 -0.097962 -0.169639 1.133557 0.827088 -0.652336 -1.770723 -0.302767 -0.653327 0.791808 1.356175 -1.346295 0.326388 0.070750 2.053531 -1.137648 0.036702 -0.504522 -1.341724 -2.105435 0.704919 0.879196 1.255810 -0.044614 -1.349172 -0.111059 1.532207 -1.111701 -0.580654 -0.617331 0.576723 0.729028 0.789376 -0.603782 0.709655 0.733562 -0.775590 0.918051 0.277762 -0.169283 0.893959 -0.101324 1.415872 1.084876 0.564879 -1.357998
84 -1.360274 0.715835 0.549461 -0.079383 0.278809 0.194027 0.326501 -1.066323 0.114035 -1.388900 0.100533 1.153571 -0.580225 1.287678 1.760291 1.122423 0.740514 -0.210863 0.066255 0.021962 1.244919 0.514992 -0.847760 -0.595411 -0.455388 -0.192583 0.597190 0.964320 -0.348805 -0.382903 -0.521032 0.328793 -0.444951 -0.310134 -0.146259 -0.098768 -0.323835 -1.341203 1.256954 -0.558964 -0.639569 -0.494735 -1.062676 0.344969 1.244239 0.880234 -1.451202 -0.229462 1.412739 -0.108846
85 0.342913 -0.341866 -1.323950 0.529006 -1.016094 -0.111753 -1.408674 -0.382859 -1.892031 -1.904295 0.413962 0.084653 0.451907 0.700390 0.188274 0.158103 0.577082 -0.546674 -1.190487 0.042443 -0.454393 -1.091073 -0.008994 -0.054661 0.366741 1.964471 -1.613610 -0.678427 -0.236923 1.220225 0.764886 0.785127 -0.280354 0.312338 2.038126 1.116291 -0.484971 -0.293443 -0.803917 0.295798 -1.138142 0.383822 -3.554110 1.527665 -1.414363 0.350359 -0.333294 -0.435253 0.583919 1.527649
86 0.593836 1.169005 -0.337400 -1.246856 0.105587 1.268921 -2.533660 -0.358335 -0.261249 0.312009 -0.141842 -1.325614 -1.726339 -2.529288 0.183307 -0.789153 0.544045 -0.784962 -0.461907 -1.006568 1.113012 -0.115493 0.451394 0.248279 0.350739 1.971037 -1.138073 -1.676280 1.819545 -0.784704 -0.175420 0.203502 0.771470 0.992228 1.001364 1.085339 0.312745 -1.590635 -0.183665 -1.611726 -0.445234 0.009655 0.474607 2.034440 0.341507 -0.965902 0.870142 -0.197783 0.312524 1.318752
87 -0.153899 2.333994 0.290689 0.102018 -0.382710 -1.429242 -1.036127 -0.220279 0.282592 -0.188226 -0.678344 0.973240 -1.284986 1.557535 0.502755 0.272280 -1.293329 -1.053808 1.676523 -1.604065 1.033281 0.044880 1.121854 1.007068 1.082549 0.280776 0.609805 -1.194301 2.239943 -0.029966 -0.301184 -0.507735 -0.652104 0.006884 -0.031336 1.102957 -1.503927 -1.914588 1.473992 -0.900708 0.188340 -0.029292 -1.346030 -0.913486 -0.344000 -0.320980 -2.345471 -2.955089 -0.694069 1.578661
88 -0.268253 1.014987 1.973119 1.547128 -0.907618 -0.593707 0.679702 0.760139 -0.958941 0.864353 1.538801 0.319209 -0.541200 -0.439542 -0.988451 1.210839 -1.249875 0.788979 -0.363481 -0.424334 0.277556 0.459156 1.136056 0.244541 1.709417 -1.788530 0.971626 -2.063992 0.040161 -0.181467 -0.179794 -0.527942 0.752041 -0.742649 -0.606472 -0.328879 -0.316012 0.592452 1.192883 1.762990 1.076454 0.480285 -0.832103 -0.911408 -1.061250 -1.608749 1.747438 -0.336142 -0.476326 0.539156
89 -1.030176 0.282876 2.747381 -0.879279 0.226806 0.826316 -2.115853 0.466585 0.017141 0.386514 -0.527286 -0.458349 0.798886 0.650419 0.381089 0.418492 -0.071898 1.862209 -0.120320 -1.765135 -0.697525 1.458239 0.359926 -1.196894 -0.377774 -1.358087 -1.252684 0.157595 1.273803 -1.422862 -0.593077 1.671376 -1.183349 0.254514 -0.144838 -0.929280 -0.535161 0.724963 -0.056137 0.638176 1.655782 -1.484176 -1.616244 -1.136219 -0.248257 1.683667 -0.316251 0.183699 1.469699 -1.713074
90 0.343765 1.489508 2.467107 1.559089 0.411716 -0.825328 -0.176439 0.461639 1.262589 0.867134 -0.176753 1.400912 -0.245824 -0.972768 1.305930 0.678228 1.406577 0.131199 -1.152874 0.528829 1.589452 -0.237198 -1.015940 1.153099 0.203345 2.363827 -0.477880 0.588499 -0.455367 2.594208 -0.704791 -0.401466 -1.947155 -0.586850 1.074882 0.447495 0.770395 -0.217868 0.875318 0.575171 0.901248 -0.486925 -0.585009 -1.392259 1.980694 0.678154 -1.459777 1.585906 2.363511 -0.340099
91 -2.139654 -0.144880 1.302185 1.384741 -0.889459 1.218910 0.077652 -0.578583 0.182853 0.796672 1.462898 3.137854 2.336826 -0.586370 1.074414 1.015534 -1.203579 1.681829 0.261642 0.521695 2.312824 0.911443 0.640458 1.814167 0.349903 2.584671 0.514447 1.154006 0.422205 0.125714 1.883361 0.450957 -0.710533 0.594637 0.805721 1.888629 1.983154 -0.703748 2.057989 -0.242839 1.962864 -1.503923 -0.609607 -1.039432 0.683016 1.173316 -0.091544 -0.711290 3.009226 2.093408
92 -0.386691 1.275039 0.867438 1.924990 -0.104260 2.654698 0.119701 -0.618981 0.909952 -0.372296 -0.109195 2.526618 -0.313653 -0.543550 0.903338 -0.833583 1.021067 1.606085 0.946352 2.370591 1.276324 -0.492305 1.270227 2.249805 -1.508615 1.146713 0.427457 0.114445 -0.134846 0.348787 0.744908 -0.272979 1.570999 1.234473 -1.281835 -1.069408 1.625592 -0.917282 0.966263 -0.343433 0.061448 -1.273843 0.809574 0.387735 1.194308 2.482047 1.470363 -0.205732 0.229247 -0.268905
93 0.547472 0.804292 -0.638446 -0.700273 0.823299 -0.013077 -1.904077 0.304924 -0.490182 1.345371 -0.984760 0.224707 2.046548 -0.034098 -0.049296 0.047678 0.427415 0.249677 -1.314718 -0.108739 0.192344 -0.856384 -0.970815 -2.100391 0.028914 -0.654945 -0.613263 1.172102 2.289874 -1.548246 -0.836792 -1.755689 0.520933 0.203919 -0.933646 -0.672866 0.767713 0.837708 -1.802436 0.676842 0.278007 1.012778 -0.470390 0.261556 0.268385 2.754905 0.293490 -1.929629 0.494785 1.379845
94 -0.806942 -1.624701 -0.774684 -1.995997 -0.611576 1.657428 1.527674 0.506328 -0.208502 0.598698 -0.879925 0.680579 0.019346 -0.220502 -1.589990 -0.454720 0.161791 0.190683 1.041506 -0.203361 0.640736 -0.284146 0.229464 0.232506 0.313999 2.048044 -2.644177 -0.904249 0.783215 -1.093880 -1.308227 0.648172 1.081774 0.943064 -2.373217 -0.137218 -0.723849 1.624365 0.662946 -0.555069 -0.494256 1.610951 -1.242793 0.017381 -1.149989 -1.316217 -0.383638 -0.520890 0.648916 1.110148
95 -0.064873 0.603352 0.347312 1.215992 -0.483083 -1.062690 0.762728 1.103949 -1.075899 -1.149246 -0.350474 -2.289385 0.552982 -0.576819 0.891759 -0.297147 0.606986 -0.087640 -0.243236 -0.602386 -0.653167 -0.958248 1.017914 0.307511 0.279568 0.604612 -0.399008 0.149668 -0.762699 -1.920214 1.906368 -1.584453 -0.393871 -0.848427 1.669496 1.506351 -0.713825 -0.240788 -0.977014 0.378468 -1.258278 1.157737 -1.074360 -0.837557 -0.086562 0.558565 -1.095480 1.322794 -0.948418 -1.464045
96 -2.355656 -0.607842 0.181603 0.024519 0.500351 0.352839 0.583350 0.569566 1.105788 0.715821 -1.117574 -0.887067 0.014206 -0.959137 -0.994051 -1.216919 -0.623741 1.492196 0.499305 0.441758 -0.851023 1.267801 -0.890324 1.284947 0.356681 0.687853 1.401391 -0.345431 -0.177359 0.281652 -1.833179 -0.456802 -1.512908 2.496509 -0.106532 1.600291 0.397018 -0.018743 -0.594407 -0.071633 -1.078535 -0.798397 0.674420 -0.038606 1.712090 -0.609952 0.036157 -1.082797 0.664643 -1.093589
97 -0.805421 1.397952 -0.276444 -0.473931 -2.809054 0.125029 1.597952 3.172088 -0.185401 0.018964 0.709649 0.905964 0.388509 -0.910019 0.384642 -1.445721 -0.326953 0.003338 -2.175494 1.600447 0.029910 -0.980477 0.213655 -1.914138 -0.541839 0.915156 -2.124167 0.637577 0.057340 -0.346463 -0.393877 0.732947 1.358834 0.583513 1.410381 0.490021 0.119351 -0.110607 1.236333 0.555757 0.223757 1.060548 -0.635852 1.404773 -0.269358 -0.829761 -0.245501 1.583149 -0.174948 -1.417994
98 1.565976 -0.608541 0.592881 0.585314 -0.388290 -0.388496 -0.314056 1.411159 -0.136950 -0.376152 1.457978 2.023069 0.183080 -1.297443 -0.397687 -0.506679 -1.073823 0.349450 -1.441269 -0.915898 0.188560 -0.615260 -1.158131 -0.821441 -1.578031 0.849122 0.293071 0.083212 1.088706 0.703485 -0.777722 0.035530 -0.691423 2.211800 -0.400255 0.028732 0.883667 -0.274512 1.278356 -0.455824 -2.375674 -0.255785 2.135284 -0.286725 0.063667 -1.071434 0.238981 0.559724 0.006351 0.521690
99 0.226480 -1.035574 -1.222262 -0.504285 -0.362994 -0.693685 1.933449 -0.240797 -1.246309 0.064738 -0.938556 1.209819 -1.539034 -1.012072 -0.316220 -0.861643 1.087208 1.043588 -0.039866 -0.561425 -0.665668 -1.190222 -1.072932 -0.284107 -0.099196 -0.671788 -1.077907 -0.952019 0.124049 1.172743 -0.006944 -0.296529 1.132572 0.359276 -0.663854 0.383510 1.057186 -0.686970 0.737273 0.084227 -0.294068 -0.880171 0.028287 -1.149665 1.084794 0.144499 -1.192335 0.276911 -0.454584 0.281415
END
#################################################################
SECTION3 (Edges Information)
EndPoint0 EndPoint1 Weight
0 1 1.000000
0 9 1.000000
0 10 1.000000
0 90 1.000000
1 0 1.000000
1 2 1.000000
1 11 1.000000
1 91 1.000000
2 1 1.000000
2 3 1.000000
2 12 1.000000
2 92 1.000000
3 2 1.000000
3 4 1.000000
3 13 1.000000
3 93 1.000000
4 3 1.000000
4 5 1.000000
4 14 1.000000
4 94 1.000000
5 4 1.000000
5 6 1.000000
5 15 1.000000
5 95 1.000000
6 5 1.000000
6 7 1.000000
6 16 1.000000
6 96 1.000000
7 6 1.000000
7 8 1.000000
7 17 1.000000
7 97 1.000000
8 7 1.000000
8 9 1.000000
8 18 1.000000
8 98 1.000000
9 0 1.000000
9 8 1.000000
9 19 1.000000
9 99 1.000000
10 0 1.000000
10 11 1.000000
10 19 1.000000
10 20 1.000000
11 1 1.000000
11 10 1.000000
11 12 1.000000
11 21 1.000000
12 2 1.000000
12 11 1.000000
12 13 1.000000
12 22 1.000000
13 3 1.000000
13 12 1.000000
13 14 1.000000
13 23 1.000000
14 4 1.000000
14 13 1.000000
14 15 1.000000
14 24 1.000000
15 5 1.000000
15 14 1.000000
15 16 1.000000
15 25 1.000000
16 6 1.000000
16 15 1.000000
16 17 1.000000
16 26 1.000000
17 7 1.000000
17 16 1.000000
17 18 1.000000
17 27 1.000000
18 8 1.000000
18 17 1.000000
18 19 1.000000
18 28 1.000000
19 9 1.000000
19 10 1.000000
19 18 1.000000
19 29 1.000000
20 10 1.000000
20 21 1.000000
20 29 1.000000
20 30 1.000000
21 11 1.000000
21 20 1.000000
21 22 1.000000
21 31 1.000000
22 12 1.000000
22 21 1.000000
22 23 1.000000
22 32 1.000000
23 13 1.000000
23 22 1.000000
23 24 1.000000
23 33 1.000000
24 14 1.000000
24 23 1.000000
24 25 1.000000
24 34 1.000000
25 15 1.000000
25 24 1.000000
25 26 1.000000
25 35 1.000000
26 16 1.000000
26 25 1.000000
26 27 1.000000
26 36 1.000000
27 17 1.000000
27 26 1.000000
27 28 1.000000
27 37 1.000000
28 18 1.000000
28 27 1.000000
28 29 1.000000
28 38 1.000000
29 19 1.000000
29 20 1.000000
29 28 1.000000
29 39 1.000000
30 20 1.000000
30 31 1.000000
30 39 1.000000
30 40 1.000000
31 21 1.000000
31 30 1.000000
31 32 1.000000
31 41 1.000000
32 22 1.000000
32 31 1.000000
32 33 1.000000
32 42 1.000000
33 23 1.000000
33 32 1.000000
33 34 1.000000
33 43 1.000000
34 24 1.000000
34 33 1.000000
34 35 1.000000
34 44 1.000000
35 25 1.000000
35 34 1.000000
35 36 1.000000
35 45 1.000000
36 26 1.000000
36 35 1.000000
36 37 1.000000
36 46 1.000000
37 27 1.000000
37 36 1.000000
37 38 1.000000
37 47 1.000000
38 28 1.000000
38 37 1.000000
38 39 1.000000
38 48 1.000000
39 29 1.000000
39 30 1.000000
39 38 1.000000
39 49 1.000000
40 30 1.000000
40 41 1.000000
40 49 1.000000
40 50 1.000000
41 31 1.000000
41 40 1.000000
41 42 1.000000
41 51 1.000000
42 32 1.000000
42 41 1.000000
42 43 1.000000
42 52 1.000000
43 33 1.000000
43 42 1.000000
43 44 1.000000
43 53 1.000000
44 34 1.000000
44 43 1.000000
44 45 1.000000
44 54 1.000000
45 35 1.000000
45 44 1.000000
45 46 1.000000
45 55 1.000000
46 36 1.000000
46 45 1.000000
46 47 1.000000
46 56 1.000000
47 37 1.000000
47 46 1.000000
47 48 1.000000
47 57 1.000000
48 38 1.000000
48 47 1.000000
48 49 1.000000
48 58 1.000000
49 39 1.000000
49 40 1.000000
49 48 1.000000
49 59 1.000000
50 40 1.000000
50 51 1.000000
50 59 1.000000
50 60 1.000000
51 41 1.000000
51 50 1.000000
51 52 1.000000
51 61 1.000000
52 42 1.000000
52 51 1.000000
52 53 1.000000
52 62 1.000000
53 43 1.000000
53 52 1.000000
53 54 1.000000
53 63 1.000000
54 44 1.000000
54 53 1.000000
54 55 1.000000
54 64 1.000000
55 45 1.000000
55 54 1.000000
55 56 1.000000
55 65 1.000000
56 46 1.000000
56 55 1.000000
56 57 1.000000
56 66 1.000000
57 47 1.000000
57 56 1.000000
57 58 1.000000
57 67 1.000000
58 48 1.000000
58 57 1.000000
58 59 1.000000
58 68 1.000000
59 49 1.000000
59 50 1.000000
59 58 1.000000
59 69 1.000000
60 50 1.000000
60 61 1.000000
60 69 1.000000
60 70 1.000000
61 51 1.000000
61 60 1.000000
61 62 1.000000
61 71 1.000000
62 52 1.000000
62 61 1.000000
62 63 1.000000
62 72 1.000000
63 53 1.000000
63 62 1.000000
63 64 1.000000
63 73 1.000000
64 54 1.000000
64 63 1.000000
64 65 1.000000
64 74 1.000000
65 55 1.000000
65 64 1.000000
65 66 1.000000
65 75 1.000000
66 56 1.000000
66 65 1.000000
66 67 1.000000
66 76 1.000000
67 57 1.000000
67 66 1.000000
67 68 1.000000
67 77 1.000000
68 58 1.000000
68 67 1.000000
68 69 1.000000
68 78 1.000000
69 59 1.000000
69 60 1.000000
69 68 1.000000
69 79 1.000000
70 60 1.000000
70 71 1.000000
70 79 1.000000
70 80 1.000000
71 61 1.000000
71 70 1.000000
71 72 1.000000
71 81 1.000000
72 62 1.000000
72 71 1.000000
72 73 1.000000
72 82 1.000000
73 63 1.000000
73 72 1.000000
73 74 1.000000
73 83 1.000000
74 64 1.000000
74 73 1.000000
74 75 1.000000
74 84 1.000000
75 65 1.000000
75 74 1.000000
75 76 1.000000
75 85 1.000000
76 66 1.000000
76 75 1.000000
76 77 1.000000
76 86 1.000000
77 67 1.000000
77 76 1.000000
77 78 1.000000
77 87 1.000000
78 68 1.000000
78 77 1.000000
78 79 1.000000
78 88 1.000000
79 69 1.000000
79 70 1.000000
79 78 1.000000
79 89 1.000000
80 70 1.000000
80 81 1.000000
80 89 1.000000
80 90 1.000000
81 71 1.000000
81 80 1.000000
81 82 1.000000
81 91 1.000000
82 72 1.000000
82 81 1.000000
82 83 1.000000
82 92 1.000000
83 73 1.000000
83 82 1.000000
83 84 1.000000
83 93 1.000000
84 74 1.000000
84 83 1.000000
84 85 1.000000
84 94 1.000000
85 75 1.000000
85 84 1.000000
85 86 1.000000
85 95 1.000000
86 76 1.000000
86 85 1.000000
86 87 1.000000
86 96 1.000000
87 77 1.000000
87 86 1.000000
87 88 1.000000
87 97 1.000000
88 78 1.000000
88 87 1.000000
88 89 1.000000
88 98 1.000000
89 79 1.000000
89 80 1.000000
89 88 1.000000
89 99 1.000000
90 0 1.000000
90 80 1.000000
90 91 1.000000
90 99 1.000000
91 1 1.000000
91 81 1.000000
91 90 1.000000
91 92 1.000000
92 2 1.000000
92 82 1.000000
92 91 1.000000
92 93 1.000000
93 3 1.000000
93 83 1.000000
93 92 1.000000
93 94 1.000000
94 4 1.000000
94 84 1.000000
94 93 1.000000
94 95 1.000000
95 5 1.000000
95 85 1.000000
95 94 1.000000
95 96 1.000000
96 6 1.000000
96 86 1.000000
96 95 1.000000
96 97 1.000000
97 7 1.000000
97 87 1.000000
97 96 1.000000
97 98 1.000000
98 8 1.000000
98 88 1.000000
98 97 1.000000
98 99 1.000000
99 9 1.000000
99 89 1.000000
99 90 1.000000
99 98 1.000000
END
#################################################################
SECTION4 (TrueSubGraph Information)
EndPoint0 EndPoint1 Weight
13 14 1.0
14 4 1.0
4 3 1.0
3 13 1.0
13 12 1.0
12 2 1.0
2 92 1.0
92 91 1.0
91 90 1.0
90 80 1.0
END
#################################################################
SECTION5 (Labels Information)
0 1 1 1 0 1 0 0 0 1 1 1 0 0 0 0 0 0 0 1 1 0 0 1 0 1 0 0 0 1 0 0 0 1 1 0 1 0 1 0 1 0 0 0 1 1 0 0 1 0 
END
#################################################################
SECTION6 (bt Information)
-5 5 5 5 -5 5 -5 -5 -5 5 5 5 -5 -5 -5 -5 -5 -5 -5 5 5 -5 -5 5 -5 5 -5 -5 -5 5 -5 -5 -5 5 5 -5 5 -5 5 -5 5 -5 -5 -5 5 5 -5 -5 5 -5 
END
#################################################################
