#################################################################
#APDM Input Graph, this input graph includes 3 sections:
#section1 : general information
#section2 : nodes
#section3 : edges
#section4 : trueSubGraph (Optional)
#
#if nodes haven't information set weight to null
#################################################################
SECTION1 (General Information)
numNodes = 100
numEdges = 200
usedAlgorithm = NULL
dataSource = SimulationData2
END
#################################################################
SECTION2 (Nodes Information)
NodeID Base Counts
0 0.378475 -1.307404 -0.129478 1.086274 0.611235 -1.254697 -0.172443 -0.825369 -1.239873 -0.236375 -1.280925 -1.996735 1.244877 1.430809 0.253876 1.104671 -0.156805 0.839760 -0.608346 1.844241 -2.128165 -1.408273 0.100733 -1.309711 0.933414 1.033861 -0.820237 -0.347334 -0.009518 0.561725 0.445415 -0.176634 1.902435 -1.027961 -1.058450 0.574525 0.996125 1.003196 -0.382259 0.918879 0.179822 -0.726895 -1.140521 0.336933 -2.380729 0.701346 -1.355580 0.503121 1.483176 0.028260
1 -0.722824 0.621758 -0.052549 -0.260263 -0.291808 0.194647 0.057718 -1.315897 0.373047 0.184942 0.102027 1.471386 -0.494104 -0.061100 -0.671660 1.356502 -1.104274 -0.449403 0.619509 -0.561338 0.306597 0.185051 0.695503 -1.719159 -0.781632 -0.178465 0.536590 0.425187 0.385136 -0.687972 0.037776 -0.796358 1.266862 0.971269 -0.888902 -0.683561 0.912850 -0.178752 -0.704894 0.474188 -0.235542 0.625886 0.341876 1.815795 -0.111452 0.575459 -0.022101 -0.574903 -0.021935 -0.944398
2 1.095467 -0.779298 -2.098002 -0.088500 0.518864 -0.043196 -0.762505 0.073472 -0.352573 -0.453815 -0.435471 0.028665 -0.347424 0.128844 0.074083 0.140493 -0.121194 1.112019 -0.206892 1.143726 -1.067281 -0.479618 0.903891 -0.449129 -0.801011 0.461029 -2.029526 -2.116469 0.293412 -0.808330 1.389116 -0.691062 -0.208923 -0.070755 0.061870 -0.777012 2.790594 -1.030054 -1.508428 -1.182394 -0.335730 -0.734851 -0.084730 1.777627 1.224451 1.218196 1.698137 -0.524756 0.633013 0.785257
3 -0.319385 0.996689 0.126824 -0.704087 -1.687261 -0.254695 0.445614 -0.790473 -0.178198 -1.111562 0.986673 1.252566 0.853167 1.709340 -0.327195 -1.277405 1.677601 2.230235 0.311163 -0.038880 0.789427 -0.815317 0.320282 -0.304244 2.454508 0.001082 -0.016619 -0.638785 -0.466613 0.745452 0.138310 -0.966220 0.982905 0.634827 -0.054777 2.246918 -0.006313 -0.600077 0.193690 -0.899733 0.664720 -0.459298 0.650813 2.472453 -0.656447 -0.102300 -0.747545 0.972638 0.500736 0.182418
4 -1.083081 1.035962 -0.056291 1.073492 -0.615399 0.992169 0.283307 -0.059105 0.827312 -0.805220 1.106919 -1.741506 -0.812637 1.839261 -0.182177 -1.072715 0.528933 0.033406 1.067692 -0.399733 0.563941 0.008996 1.293936 -1.109662 0.039756 -0.507830 0.180418 -0.245221 -0.781736 0.120977 0.458080 0.370708 -0.462803 0.871612 -0.064913 0.308260 0.440245 1.264305 -0.420186 0.501484 -1.689590 -0.216156 1.863358 0.110419 0.032815 -1.459866 -0.566372 0.446452 0.749304 0.707712
5 0.380389 0.109312 -0.344631 -1.447776 0.461691 0.067959 0.821510 -0.763533 -0.299084 -1.065363 0.310077 0.043875 -0.940198 -0.580077 0.592176 0.072271 1.901560 -1.348899 -0.160750 0.895936 -1.099458 1.172844 0.322357 -0.444363 1.857620 1.801180 0.971489 -0.375013 -0.154477 1.988510 0.325241 0.064633 -0.480733 0.184014 0.943671 1.449993 -0.118606 -2.826302 0.990754 -0.930092 -1.625636 -1.120194 2.255609 -1.487262 0.869014 0.275754 -1.243667 -1.701692 -0.470532 -1.317039
6 0.089716 -1.431528 0.219679 -1.110297 -0.554119 0.399679 0.923217 0.686632 -0.611206 1.009334 0.644442 -0.384428 1.775749 0.830134 -0.092213 -0.257296 -1.057584 -0.756850 0.960646 -0.163695 0.419085 0.341363 1.477570 -0.128822 -0.431456 1.196753 -0.707434 -2.084797 -0.606505 -1.440659 0.468362 -0.469575 0.973788 -0.089235 -0.900777 0.029811 1.127783 -1.042720 -0.762286 0.660616 2.135164 0.609379 0.097096 -0.631496 0.984834 0.116467 -1.565853 -0.492798 0.525674 -0.829740
7 -0.706361 0.046608 0.737748 -1.736389 0.579900 -0.691565 -0.550677 1.209264 0.466114 0.186600 0.399481 -0.459200 0.141038 -0.690195 0.967545 0.404326 1.777027 -1.322096 -0.939754 1.063439 0.274388 -0.102634 -0.727527 -1.774133 0.254047 -1.718581 0.437462 0.562736 -0.396734 3.561885 -0.158823 -2.630451 0.893660 0.091527 1.414644 -1.393411 -0.358917 1.057264 0.616155 0.183160 -0.321288 -0.149903 -0.083317 -1.800700 1.832943 -1.575840 1.643979 1.348494 0.535801 0.349388
8 0.332414 0.101367 0.424499 0.132379 0.156316 -1.449251 -0.025790 -0.869721 -1.202674 -0.783884 0.265365 0.251336 1.689552 -0.381413 0.417955 -1.167704 0.620018 -0.931506 -0.115014 1.523922 -0.756817 -0.202517 1.584628 -2.124378 -1.174366 0.415229 -0.860453 1.551866 -0.883626 -1.320551 -1.845830 0.840908 -0.727019 0.501524 0.701493 -0.046719 -0.200765 0.130110 -0.569369 0.635828 2.068701 -0.067115 -0.229724 -0.424713 -0.791099 0.640230 0.051307 -0.382797 0.214699 -0.683787
9 0.729395 0.208405 -1.004759 -0.023034 -0.550331 0.081309 0.340569 -0.434722 -1.266544 -0.243269 0.605439 -0.286796 0.887066 -0.635036 -0.885345 0.437946 0.663680 0.370634 -1.711129 -0.828354 1.796737 0.752600 -0.394090 -0.372878 -0.757367 -0.481768 -0.001002 2.696550 -1.471190 -0.132652 -0.553096 -0.967482 -1.100146 0.900693 -0.005121 -1.470751 -0.335933 0.671391 0.504405 -0.620110 0.978712 -0.200136 0.147931 0.898147 2.026778 0.610232 0.340254 -0.638412 -0.198149 0.376856
10 0.148911 -0.762613 0.970689 -0.399475 0.459910 0.469828 -1.070198 -1.278080 -0.257226 0.327927 -0.461751 1.917836 -0.489967 0.744508 -0.434570 0.011434 -0.435668 1.187235 0.376544 1.138083 -0.060000 0.912563 -0.924168 0.169329 -1.890904 0.490218 1.682120 -1.687756 -1.367393 -1.602029 0.198144 -0.922107 -0.520087 -0.002429 0.146105 0.928224 1.043086 0.282008 0.104783 -0.943417 -1.083376 0.045247 -0.085323 -0.641449 -0.195158 -0.380137 -1.058878 -0.887514 1.613669 1.095740
11 0.432572 2.122969 -0.433224 -1.072796 0.711912 -1.144474 -0.353168 0.804653 -0.126884 -0.140132 1.137959 1.342724 -1.322470 -0.675503 0.425766 2.334950 0.968446 -0.745230 -0.906917 -0.434114 1.580785 0.086701 -0.481670 1.720846 -0.396469 -0.993591 -0.391144 -1.013130 0.384484 0.322117 1.429894 1.368596 1.296926 0.730295 0.241961 -1.002134 1.692212 0.591110 -1.163221 0.575332 0.924387 1.438650 -2.106874 1.472939 0.635485 1.125955 0.161129 1.058195 2.176375 -0.555143
12 0.177623 2.469138 0.565093 -1.418612 -0.424428 -0.038562 0.809112 0.941641 -0.867003 0.710596 0.834366 -0.498395 0.252755 1.136797 -2.426061 1.330928 -0.364293 0.392129 1.422429 -0.552398 1.756963 0.441571 0.270358 -1.401278 -1.078560 -0.340563 0.423282 1.595799 -1.838731 -1.145943 0.283912 -1.221355 -0.720293 0.356668 -0.673074 0.678214 -0.167798 -1.939891 0.736831 0.855255 -1.380825 -0.151004 0.440699 -0.265051 0.959316 1.244153 -1.107950 1.525826 -1.946703 -0.627514
13 -0.211978 0.276156 -0.530153 -0.838913 3.003701 0.241302 0.988692 0.718820 -0.728031 -0.246940 0.670355 2.449517 0.260520 1.158679 -0.049959 1.275595 -2.277595 0.183420 0.108865 1.113478 -2.008022 -1.095259 0.191995 0.488561 0.255600 -0.324056 2.238949 2.351592 0.192464 1.382677 0.713928 -0.125155 0.434296 -0.378418 0.007168 1.067322 0.295523 -0.742840 -1.437948 0.193111 0.012772 -0.003088 0.910292 0.863793 -0.562244 -1.029732 -0.385856 2.482286 -0.918347 0.016436
14 -0.158841 0.656623 1.055033 -0.361788 -1.648656 0.155316 1.494818 0.294756 -0.163910 0.819378 -0.961005 -0.811576 1.057242 0.860411 0.829712 0.303005 -0.331770 -1.149114 -1.123552 -0.726138 1.072225 0.978682 -0.929063 -0.228253 -0.823014 0.901655 0.963540 0.996104 2.601792 -0.721137 0.064769 0.058158 -1.134244 -1.700411 1.736218 1.400908 0.907962 0.676761 -0.161748 1.539344 -1.117380 -0.070057 -0.483031 -0.130649 0.696287 -0.404690 -0.793481 1.174508 0.846974 0.310924
15 -0.554828 0.317686 -0.072496 0.636912 -1.062049 0.367321 -0.978501 1.142162 1.235535 0.795894 -0.068121 0.121695 0.265671 0.406144 0.284002 1.622874 0.113027 -0.721458 -1.520661 -0.020808 -0.120102 1.425484 -1.460295 -0.855467 -0.795082 -0.240170 -0.024092 0.965505 0.864560 0.354505 -0.918636 1.038757 1.362297 -0.248659 -0.976707 -0.490375 0.164305 0.370795 0.176251 -0.410989 0.424093 0.028128 -0.543413 1.467937 -0.604376 -0.314993 -1.798809 0.601328 0.670476 0.857544
16 -1.059369 2.438915 -1.236386 -0.310988 1.144448 -0.603894 -0.156227 0.386837 -1.887987 -2.173443 -1.473828 0.279723 -0.204712 -0.590360 1.389260 -0.900063 -0.761403 -1.431138 -0.702921 0.938012 0.736628 1.088692 -0.239680 0.822591 -0.035917 0.576031 -1.677574 1.443517 -1.189535 1.545591 -0.532907 1.319515 1.854059 -0.545480 -0.701945 0.923474 0.133129 -0.388472 0.485347 -0.729012 -0.334778 1.597558 0.130948 0.049947 0.832333 0.130384 -0.724696 1.441013 -0.594262 1.667636
17 -0.265630 0.146783 1.122761 0.583854 -0.255349 0.702069 -1.093515 -0.566996 0.038561 1.639750 0.272231 -1.640471 0.770201 -1.332994 -2.077332 0.499485 1.102123 -0.075497 -1.323212 -0.715611 2.137556 1.003434 -1.553879 -0.203565 -0.331955 -1.755504 0.135480 1.327722 1.087696 0.355886 1.683604 0.517319 0.384880 0.612986 -0.187124 -0.420140 -0.160426 1.812161 2.336641 -0.516654 0.961677 0.213215 1.556093 -1.773751 -0.077395 2.565430 -1.333553 -0.366579 0.578167 -0.677461
18 0.037537 1.597203 0.060364 0.909249 0.673596 -1.742687 1.010190 1.221116 -0.572623 0.100178 -0.119552 -0.266007 0.006285 0.165993 -0.178441 -2.981624 0.198313 -0.125528 -1.775548 -0.129249 -0.533814 -0.059080 -0.187206 -0.334940 -0.355309 -0.891361 1.427439 0.238746 -0.255724 1.072530 -0.556480 -0.645975 0.975146 -0.633174 -0.395821 -0.431759 -0.606717 0.333953 0.340536 0.203510 0.806442 -0.471098 0.671734 1.099616 0.459035 0.267913 -0.519339 -1.154980 -1.286394 1.221823
19 1.220302 -0.720810 -0.882087 -0.075011 1.152298 -0.550160 0.054156 -0.243218 -2.369460 1.227384 2.529928 1.891116 -0.975619 -0.433816 0.023796 -0.120685 0.469873 0.874965 -1.211181 1.899958 -0.024304 1.145875 -0.273257 -0.125069 -0.644036 -3.283071 1.524358 -0.292634 -0.618474 0.510614 -0.404885 -2.292110 0.246400 1.233094 0.551480 1.196987 -1.799952 -0.152154 -0.351744 -0.795966 1.185230 -1.311664 -1.017105 -0.317930 -0.767223 2.156563 -0.128663 -0.139004 -0.832411 -1.620270
20 -1.704517 1.146503 1.151473 1.314608 -0.163325 -1.383181 1.851889 -0.395221 -0.436103 -0.671727 0.522379 -1.365647 0.320314 -1.797750 -0.325675 -1.366083 0.580159 -1.481469 0.086288 -0.928364 -0.053084 1.775478 -0.915255 0.436542 -0.044282 -0.067309 1.169859 -2.612924 -0.742092 -0.537474 0.158223 0.619880 -0.679109 0.764405 -1.082593 -0.657804 2.405190 1.416249 0.064807 -0.483130 -0.109899 -0.160798 -0.667684 -1.085926 -0.123769 1.177076 -0.215642 -0.161188 -1.232880 0.348143
21 -1.265157 -0.276412 -0.348113 1.713636 -0.403148 0.149421 -1.799290 -2.084597 -1.538805 -1.335898 1.993507 0.862792 -0.535621 1.317032 -1.267730 0.633402 0.538557 0.185488 -0.191217 -0.784014 0.849795 -0.182822 2.045628 -1.391883 0.740790 -0.190149 1.499112 0.789108 1.553358 -0.489570 0.627976 0.028364 -0.398014 -0.588512 -1.309257 0.928112 0.433867 0.838205 1.151013 0.827752 -1.712228 1.998565 1.829137 0.181941 0.095338 -0.801710 -1.711089 -1.162004 -0.783282 1.348663
22 -1.195035 -1.102009 -0.986256 0.653113 -1.458867 -1.125981 -0.489843 0.183386 0.141060 -0.960170 -1.843082 1.315970 0.513665 1.871612 -0.560455 1.060221 2.461429 -0.671628 -0.023403 1.808782 0.252482 0.272502 0.331230 0.978193 0.765344 0.429917 1.149754 -0.213275 -0.046149 -0.676170 1.417218 1.442809 -1.078698 -0.131777 -0.477090 0.316033 1.117439 -0.550333 1.206282 -0.519398 2.096900 2.272420 0.538371 0.766627 1.038965 -0.467067 0.159570 -0.020889 0.149157 1.146764
23 0.336551 0.449035 -1.585654 1.613036 -0.158810 -1.683230 0.610968 0.490629 -0.201004 0.331353 -0.314005 -0.030871 1.009783 0.601532 0.221959 -0.432408 -0.696023 1.045247 -0.096843 0.017337 0.109427 0.352642 0.576992 1.738678 1.259036 -0.992692 0.436467 -1.936559 0.599703 -0.288702 0.991994 0.092432 -0.506080 -0.085754 -0.789702 0.062246 0.399947 -1.102015 -0.877606 0.561971 -0.402813 0.072143 -0.471464 0.527272 0.835144 1.127407 0.732019 -1.158333 0.353269 0.755310
24 -0.117485 0.837569 -0.876349 -0.928274 1.137367 -1.457704 0.846838 0.475702 0.106985 -0.003643 -0.378207 -0.407119 0.748607 -2.482081 1.068796 -1.156215 2.155384 -0.239935 -0.236561 0.392789 -0.114403 1.186116 0.115891 -1.528717 0.012932 0.597741 -0.214820 0.914449 -0.825413 -2.373974 -0.055346 1.460486 -1.364399 -0.946436 0.370097 -0.375193 1.165277 -1.132430 -0.329498 0.083649 0.752050 -1.336706 0.479094 -0.311219 -0.386972 -0.785780 0.933021 1.005194 -0.459131 -0.035771
25 -0.249705 0.692597 -0.686369 -0.178999 -0.624041 1.152224 1.079535 -0.661549 -1.574683 0.275513 -0.328853 -0.066967 -1.207174 -1.243380 -0.245848 1.003882 -1.596508 -0.651794 0.290523 -0.132181 0.597744 -0.389451 -0.593112 0.123344 1.125148 -1.149885 0.515405 -0.104267 -1.185961 0.898925 -0.697028 0.281960 -0.530032 0.700205 -1.304813 -1.986224 0.093433 0.812826 0.702436 -0.971866 0.783587 0.889776 -1.659866 -0.453247 0.135128 1.039003 -1.222869 0.540752 0.270888 0.763650
26 -1.658753 -1.183574 1.136389 -1.242570 0.245888 0.353548 -0.631359 0.214908 -1.089551 0.782872 1.451046 -1.865353 -0.778740 0.887304 -3.201607 -0.730629 -0.313664 0.685052 -0.850996 -1.017559 -0.757559 2.596199 2.602210 -1.324677 1.679152 0.578912 -0.471033 -0.732477 0.699129 0.455200 -0.107741 2.068406 1.194485 1.207552 1.642154 -1.442554 0.175622 0.353366 1.565049 0.835360 0.068308 -0.107205 0.987989 0.523981 -0.517682 0.623651 -1.597489 0.934326 0.711915 0.702701
27 0.780978 0.198158 -1.388548 -0.139751 -0.165106 0.543314 -0.372558 0.492728 0.346197 0.555689 0.032423 -1.657094 0.112071 0.805633 0.095803 -1.342358 -0.051103 1.437749 -0.883950 -1.025994 0.808721 1.687637 0.190724 2.243519 -0.212422 -1.171455 0.764252 -2.011294 0.782883 0.514676 1.586455 -0.263729 0.225348 -0.233762 0.088729 1.392161 -0.975869 0.681759 2.297402 1.129515 1.565724 -0.373597 0.382801 -0.633203 1.094795 0.718495 0.382309 0.515211 -0.631789 2.325313
28 -0.028881 -2.280943 -1.005768 0.732489 0.065488 -1.372117 0.876126 -0.306691 1.692286 1.251597 -0.090870 -1.433863 0.454520 0.554518 -0.549466 0.978840 -0.391857 -1.670858 -0.837013 -0.293392 1.852903 0.486213 0.013272 0.391432 1.534056 1.083163 -1.225918 1.037406 -0.812717 0.776389 -1.955322 0.524362 -1.312497 -1.257945 -0.062159 -0.894672 -0.269459 -1.824078 -2.055814 0.003376 -1.498137 -0.487009 -0.027685 1.171430 -1.031475 -0.454996 -1.435294 -1.354497 0.063271 -1.112344
29 -1.887344 -0.545662 -0.190508 -0.490149 1.202451 0.848921 -0.053784 0.330186 1.787376 -1.920345 1.901148 -0.788317 0.470765 -0.279902 2.307545 -1.031451 -0.431695 0.978648 1.332572 0.484547 -1.089628 1.376516 -1.955968 -1.445368 0.819655 1.025083 -0.498001 -0.743085 0.720450 1.419517 1.856714 0.341614 1.299111 -0.360368 0.185095 0.263782 0.366384 1.003665 -1.022208 1.311223 -0.303722 -1.646161 0.436619 -1.249804 -0.403065 1.401960 -0.944321 -1.541265 -0.040985 0.723120
30 -0.197275 -0.023555 -1.561739 -0.414485 -1.167563 0.524650 -1.359376 -1.247689 -0.922144 0.724166 0.072439 0.423182 -1.791837 -0.291415 1.564021 -0.263970 -2.130659 -0.470571 0.356696 -1.126404 -1.378839 1.028616 0.231903 -2.293802 0.248183 -0.353911 0.605571 0.404174 0.317323 -1.789760 0.041988 -1.212432 -0.898023 -1.714529 -0.375232 0.535337 0.285817 -0.540370 -0.806740 0.642541 0.269511 -0.295336 -0.593822 1.403693 0.300891 0.174679 2.088415 0.330503 -0.651769 1.707691
31 -1.442580 -0.716973 0.200836 -0.574978 1.072615 0.533629 -0.114278 1.175500 0.077749 2.105472 -0.026949 0.149667 -0.734683 -0.108017 -1.302740 -0.753206 -1.249227 0.225963 1.159421 -1.236494 -0.633981 2.126903 -1.297559 -0.192810 -0.515589 -1.511592 0.917327 1.303235 0.331009 1.872431 -0.328956 -0.307541 1.233328 1.309857 -0.002389 -1.277312 0.666369 -1.085602 -0.262033 -0.094316 -1.232221 0.909595 -1.162637 -1.521503 -1.513520 -0.005422 1.593181 0.577440 -0.286979 1.140850
32 0.101118 0.210437 0.991090 0.474730 0.116585 0.273216 0.735937 -0.522882 0.520927 1.536500 0.330139 -1.384945 -0.197308 1.391303 0.370522 -0.277923 -0.746533 1.853699 -0.753518 -0.664979 1.274390 -0.922293 0.727324 -2.550716 -0.619368 -0.913939 -0.273264 -0.860965 -1.036304 1.261782 -0.306958 -0.810810 -0.601755 -1.258524 0.182542 -0.466079 1.100047 -0.156797 0.260957 0.438537 -1.063203 0.105619 -0.017692 0.030580 -2.266923 -0.484436 0.640077 1.265942 -1.154709 0.150033
33 -0.652943 -0.521821 1.114788 -0.952564 -0.452191 -0.007844 -0.134383 -1.088280 0.441153 0.252294 1.549333 -1.920719 -1.423899 0.179372 -0.040907 1.320552 0.156821 1.074047 0.295472 0.694611 0.777968 -0.515643 -0.356326 -0.397265 -0.497121 -1.864911 1.479429 -0.384645 0.621341 1.082097 -1.310174 -1.143151 -0.261023 1.045618 -0.254509 -0.379461 0.024119 -0.676224 -1.644633 0.396994 2.556873 0.342708 -0.310263 0.214750 -0.132300 -0.945775 -0.257843 -0.229823 1.112172 -0.784465
34 -0.448829 2.873566 1.142501 -0.992233 0.678863 -1.157224 -0.563893 0.433504 -0.649534 -0.135165 0.469607 -1.812441 1.082831 1.077020 2.084978 -1.134791 -0.681832 0.418400 -0.221750 -0.592344 0.376536 0.250965 -0.721998 0.700525 -0.143492 0.091589 0.291828 2.643452 -0.441047 -0.650520 -1.734679 0.524441 -0.367454 -1.194143 0.578012 0.179576 0.590974 0.950385 0.779065 0.777114 0.953295 0.573278 0.048735 -0.613559 0.575769 0.904272 2.429778 0.801606 -1.067310 1.342035
35 1.210166 2.808690 1.160724 2.356322 1.807416 0.500684 -0.964653 1.097276 0.527404 -0.316511 0.832656 0.968922 0.880319 0.570317 0.571247 -0.242594 0.941670 -0.037688 0.967762 -1.767739 1.980128 -2.095397 -1.467779 -1.130082 -1.375227 1.296897 -1.326897 -1.550585 -0.484550 -0.076937 0.211787 -0.626649 1.610733 0.083942 -0.018170 -0.386011 0.157935 0.963948 1.395596 0.402013 0.845040 0.561360 1.227401 0.815015 -0.663302 0.334840 -0.343649 -0.078062 -1.198293 -0.253532
36 -0.914872 1.376599 -0.433705 -0.159547 -0.622213 -1.803345 -0.204826 -0.661931 -0.876293 1.413680 1.376319 0.183408 1.778985 0.407959 -1.244563 -0.788253 -0.810142 1.210583 0.311883 2.469121 0.614266 -1.571381 0.782451 -2.350149 -0.768125 0.926159 -0.674416 -0.941776 0.834989 -0.064888 0.323504 0.922508 -0.453770 -0.415731 -0.016352 0.434520 1.390784 -0.581112 2.326899 0.242451 -0.474666 0.417072 0.817500 1.562876 0.260214 -2.016160 -1.380602 -0.565905 0.549645 0.396496
37 0.024180 0.036819 0.736869 1.170106 -0.951943 -0.576513 -0.684241 1.058553 -0.840913 -0.914978 0.065189 -0.026108 -0.260462 1.207711 -0.077844 1.338420 0.588426 -0.417132 1.333275 0.390794 -1.238385 -1.808260 1.081104 -1.708382 0.137946 -1.349176 -0.159457 1.051575 0.828105 -0.645609 -0.648853 1.109073 -0.114436 -1.186680 -0.545849 -0.787671 -1.613746 -0.832029 -0.404205 0.835554 0.257203 -0.346176 -1.452001 -1.196099 1.868988 -0.129718 -2.315584 -0.839691 0.121782 -0.317432
38 1.280781 1.918439 -1.103023 -0.319200 -1.290821 1.618473 0.448974 0.205182 0.102750 1.064385 -0.329945 -0.077924 -0.793081 1.871666 -1.246754 -1.427607 -0.076625 -0.444176 0.770620 1.009915 0.231296 -2.730772 -0.515509 0.073173 -0.191181 -1.033725 0.410285 -0.124241 0.190594 -0.106205 -1.065322 -0.570832 0.555619 0.395974 0.946942 1.646893 -1.299281 -0.142010 0.638646 -0.673654 -0.172383 0.595945 0.116406 0.256842 -0.947420 -1.418398 -0.854428 0.895563 0.686108 -2.213416
39 1.838826 0.266143 0.010151 -0.337507 -0.774887 0.727754 0.152250 0.277444 1.093175 0.040739 -0.890184 0.396424 -0.627697 0.454840 -0.403235 -1.155218 -1.341829 0.660268 -1.117360 -0.238441 0.907822 -0.876353 1.051531 -2.577126 -0.196457 0.278582 -0.106337 0.483508 -0.307549 -2.818306 0.312952 0.559797 1.811997 -0.346960 -0.729976 0.571968 0.802179 -1.558790 0.474640 -0.493590 0.608254 -1.239655 -0.165709 1.686886 0.332881 1.502749 -1.236495 0.083578 0.430814 -0.584268
40 -0.584667 0.008080 0.327760 0.622906 0.377884 -0.209653 0.372188 -0.431402 0.299677 0.861373 -0.911893 0.307868 2.307348 -0.149533 0.494193 -0.794597 -0.886649 -1.205855 -0.502445 0.392957 -0.528387 0.601781 1.406161 0.695649 -0.019356 0.529973 0.102807 0.936778 0.226352 -0.532064 2.069679 -1.088237 0.661079 0.002347 0.114941 -0.707717 -1.345711 1.104419 -0.926964 1.360598 0.980746 2.016030 0.190509 -0.736320 -0.685122 0.002399 -0.248766 -1.010984 -0.329063 1.217129
41 -0.382472 0.238368 2.815887 1.418751 0.143640 0.278693 2.130650 1.104333 -1.122646 0.400233 1.304212 3.147840 -0.401382 -0.418998 -1.036950 0.436843 0.203227 -2.566042 0.377870 -0.169151 -0.777521 -2.162071 0.493954 0.336713 -1.124949 -1.841894 1.135356 -1.335914 -0.343388 0.154305 0.976930 -0.470151 0.147545 0.028862 0.104059 0.166065 0.459650 -0.856708 0.058065 0.275272 0.106634 -3.270942 1.358996 0.288415 -0.057309 0.721199 0.008910 -0.461453 -0.628118 -1.021415
42 0.118971 -1.333844 -1.270623 -0.367144 -0.233599 -0.567029 1.474939 0.091444 1.191320 -0.140372 -0.791018 0.152622 0.140778 2.071481 0.240342 -1.505013 0.569303 -0.570622 -0.703233 -1.404003 0.081488 0.398013 2.070128 -0.061207 -1.100284 1.131224 2.630432 1.453776 -1.242899 -0.540399 -0.139724 -1.840165 0.195782 0.555641 1.072521 -0.300523 0.174625 -1.350508 -0.479218 -1.977589 -0.461051 -1.494429 0.346553 0.035145 -0.289009 1.139807 -0.381519 -0.916781 -0.256763 -0.105586
43 -0.349832 -0.015493 0.464430 -0.442064 -1.452161 0.528426 -0.396579 -0.692670 -0.570956 -1.406371 -0.651133 -0.714312 -1.343048 0.352841 2.957820 -0.582222 -0.318313 -0.713237 -2.104383 0.630766 0.646241 0.993639 -0.349564 -0.751112 0.122956 -1.287516 1.967711 -0.631063 -1.345404 1.504540 2.509756 -1.807175 -0.626610 0.338229 2.721323 -0.391542 1.278512 -0.751652 -0.119279 0.277641 -0.479546 -0.510668 -1.313021 0.565819 -0.703491 -0.993373 -1.338846 -1.609368 -1.025923 0.214377
44 1.666701 0.799618 0.108536 0.494810 1.319522 1.400264 1.689542 -0.938149 0.531414 -0.976377 1.260266 -0.623332 0.659881 -0.774855 2.053754 -1.093566 0.458377 0.536146 -0.105725 -0.844313 0.107552 -0.233475 -0.494506 -0.099503 -1.019878 -2.181054 -0.968034 2.286234 -0.130299 0.900465 -1.135143 -0.864169 1.205806 -0.591972 0.348532 -1.287238 0.494184 1.418075 2.044445 2.109538 0.714096 1.383815 1.545482 0.821177 -0.882147 -1.577429 -0.488463 -0.731758 -0.942814 -1.167318
45 1.707628 0.289821 1.346469 -1.246463 0.261696 -0.781127 -0.861482 2.199773 -0.253809 1.193660 -0.281727 -2.432236 0.200367 0.733939 1.422196 -0.093481 0.433506 -0.235717 -0.606864 -0.146366 1.346151 1.296892 1.234129 -0.358166 -0.095032 2.237790 -0.829381 0.954888 -1.290534 -0.640477 0.715019 -0.587685 0.228848 -1.055263 2.144517 1.199103 -0.676135 -0.041457 1.593894 -0.174474 0.217271 0.351968 2.035707 0.252567 -1.009540 0.718699 1.233259 -2.723552 0.184141 -0.734438
46 1.567339 -0.517178 -0.453552 0.178376 0.105612 -1.237519 -0.151657 -0.668423 -1.507109 -1.076003 1.838675 0.002458 -0.632521 1.078178 -0.641050 -1.198019 0.232473 0.592391 0.655025 0.218997 0.997373 -0.788148 0.001293 0.294491 -0.401350 -0.988779 -0.468903 -1.359670 1.271019 -0.128522 1.705610 1.000014 -0.726178 0.123689 1.309031 0.604134 0.956764 0.651426 0.189928 -1.293412 1.523740 0.025564 -1.311879 -1.934645 -1.352265 1.547307 1.611200 2.708534 1.216704 1.622355
47 -0.053136 0.788092 0.883864 -0.089210 1.056464 -2.023729 1.189238 -1.178783 -0.847498 -0.641382 0.873601 -1.041183 -0.823696 0.206980 -0.826547 0.109192 -0.207122 0.230450 0.933827 -1.432118 1.229684 -0.514497 1.335770 -1.697416 0.004616 -0.049346 -0.317832 -0.806105 -0.362535 -0.559583 0.533503 -1.984532 0.820744 -1.878763 -0.385012 -0.042179 -1.087430 0.273542 -0.101415 -0.514904 0.356936 0.653291 -1.089107 -1.026075 0.064496 0.647129 -0.276777 -0.283980 0.474363 -1.440036
48 -0.157876 0.695656 1.423580 0.774293 -0.764138 0.150467 1.183552 0.290494 -1.312401 0.505746 0.445950 -0.240237 -0.350980 -2.056618 -0.818620 -0.129014 0.037609 2.480688 0.189132 -0.959130 -1.241321 0.056804 0.983266 -0.437148 -0.979692 1.580985 1.542234 -0.872213 0.133934 -1.210331 0.841670 0.683342 0.260090 0.449385 0.316962 1.195922 -0.099995 1.333638 -1.433933 0.898365 0.131367 1.418604 -0.702588 0.835138 1.572566 -0.132796 0.094476 1.224045 1.174655 -1.345559
49 -1.330030 0.345700 0.144286 -1.027972 0.515102 -1.283269 0.781999 0.241359 1.265258 0.406169 -1.790666 1.055206 0.119160 1.961687 0.582484 -1.045968 -0.710013 -0.109616 1.216241 0.296177 0.204776 1.682580 1.328883 -1.317174 0.937900 -0.086168 0.472639 1.160703 -1.258270 0.047522 0.555959 0.064683 1.797788 -1.383460 0.833726 -0.094308 0.817137 0.812114 -0.012933 0.139912 0.013891 -0.426714 -0.527289 -0.034696 -1.358548 0.318260 1.117633 -0.347050 -0.383749 0.357608
50 2.195317 -1.831440 -1.228181 -0.791180 -0.551114 -1.993573 0.612286 0.356391 1.192331 -0.197431 0.319866 -0.991105 -1.743622 -0.212752 1.742711 1.299142 1.438483 -0.188635 0.226771 -0.316029 -0.092368 -0.180185 -2.618706 -2.654553 -0.439668 0.644204 -0.857601 0.528209 0.411969 -0.097450 -0.357929 2.285412 -1.161074 -0.374615 1.025300 1.242728 0.045194 -0.175244 -0.289736 1.151473 0.608482 1.466851 1.571693 -0.587358 1.490786 -1.309700 -1.095479 0.450257 -0.497833 0.114098
51 -0.972766 -1.068202 -0.390991 -0.549614 -1.353816 0.146608 0.704557 -0.097709 1.093158 0.120504 1.271688 0.607546 -1.958729 -0.223208 -1.765675 -1.004313 -1.973704 -0.240332 0.033280 0.303984 -0.906219 -0.212205 -1.563203 -1.281566 1.871735 -0.645609 -2.623645 0.059657 0.434647 1.251294 0.575592 0.785061 0.604612 0.759031 -1.487763 -0.735284 0.741468 -0.669429 -0.982859 -0.947769 0.561437 -0.647480 -0.059158 1.259001 0.045465 -0.120750 0.605380 -1.383327 0.042579 -1.579583
52 1.776662 0.266361 0.695827 -0.856550 -1.379317 -1.384626 -0.308888 1.151291 -1.054222 -0.388195 1.555142 -0.498574 1.908780 -0.223078 -0.778666 -2.447103 -0.037134 1.728628 -1.593702 0.220473 -0.904812 -0.570538 -1.907313 -0.036577 0.596177 0.324921 -0.381798 0.306136 0.583058 -0.671307 -0.564602 -0.133786 0.444330 0.596227 -1.391174 -0.334334 1.592958 1.127020 0.046931 -0.192200 1.399402 -1.499714 -0.722235 0.242067 -1.264114 2.746159 -0.594164 0.347852 2.462456 -1.057403
53 -0.266878 0.854211 -1.308023 -0.219630 -1.875103 -0.566028 -0.122648 1.095096 2.368618 -0.349191 -0.816760 0.197794 -0.098964 0.519026 -1.280866 0.798501 0.656965 0.264048 0.775679 -1.276914 -2.072184 0.107368 -0.024490 -0.220453 0.534092 -0.086681 -1.639861 -1.210588 -0.143999 2.080689 0.439283 0.787140 0.411562 -0.756228 -0.488184 -0.819665 0.390566 0.590062 0.159197 1.191554 2.599703 1.005991 1.103520 0.422187 -0.943332 -1.159929 -0.878105 -2.112823 -1.176244 1.601719
54 -0.645927 0.452300 0.976813 0.553560 0.427230 -0.799551 -0.103071 0.513399 -0.404211 1.252107 -1.168191 0.282703 0.831726 1.246053 0.792567 0.805751 1.051283 -0.013174 1.118756 0.073210 -0.963908 -0.480397 -0.075707 0.214537 -0.091034 -0.045884 0.458810 3.993601 -1.960360 0.328098 0.770822 0.296549 0.383512 1.527396 1.859038 0.056637 -0.895037 2.389793 2.096041 2.074568 0.132417 0.833028 0.887970 0.801387 -1.595452 -0.520757 0.588061 0.672291 -0.261298 0.473493
55 -0.553506 -0.960385 -1.242953 -0.491138 0.958727 0.724699 -0.384413 0.591896 1.324984 -0.416940 -0.697799 -1.608174 2.429787 -1.049859 -0.638648 0.222168 -1.573334 1.380247 0.514192 1.251266 0.077898 0.446596 -1.116344 0.855603 0.268125 1.166864 -0.785424 0.231715 -2.773654 0.944477 -0.513798 0.957088 -0.548695 -1.791094 -0.331245 -0.969939 -1.276867 -0.340096 0.327324 -0.805419 -0.846965 -0.134224 -0.149306 1.348935 0.506917 0.723939 0.827488 1.554603 1.311681 0.990686
56 1.904056 -0.825590 -0.304715 0.388208 -2.539867 0.579248 0.906320 -1.837026 -0.449687 -0.229754 -1.020564 1.283503 0.191901 -0.749852 0.512005 -1.946151 0.142359 -0.717108 -0.656851 1.239849 -0.334009 1.195480 -0.715555 -1.463472 1.263143 1.137448 -0.035728 0.750770 -1.695560 1.094380 -0.829956 1.328477 0.957744 -0.073453 -0.842058 1.745344 -0.066385 0.776492 -0.686652 -2.157175 2.639357 0.801104 -1.245378 0.879521 0.027560 -0.603348 -0.377524 0.104438 0.138135 1.007356
57 0.525115 -0.066269 -1.724943 -1.299825 -0.381732 0.608885 0.831372 0.072994 0.898086 -1.530609 -1.233063 1.097212 -1.392666 -1.137552 0.322849 1.208465 2.433453 -0.660306 -0.338907 0.982692 -0.313315 -0.649415 0.548371 1.080246 0.391457 -0.541072 -0.858935 -1.464044 1.143818 -0.091551 1.486018 0.015655 -1.189947 1.011992 -0.238509 -0.224330 0.432642 -0.544593 1.428727 -0.285439 -0.153578 0.775736 -0.741891 0.039766 0.353509 -0.282664 1.091530 -1.097215 1.989516 -2.027064
58 -0.449340 0.345086 0.169738 0.961537 1.136498 -0.905017 -0.229990 -3.201389 0.974879 1.181634 0.480389 -0.997341 0.302979 0.286826 2.370889 -1.080677 -0.057806 -0.225426 -0.149567 0.842873 0.484864 0.899663 0.472339 1.361145 0.886270 0.840366 1.746887 0.068499 -0.637175 0.300179 0.982684 -0.248284 -0.136254 -0.936255 -0.327965 -0.288971 0.197478 0.571915 -0.945030 -1.198827 1.200610 -0.522697 0.531830 -2.641622 1.423023 -0.069139 -1.047515 -0.520733 1.671650 -0.130895
59 0.969999 -0.790035 -0.797408 -0.712908 0.152272 1.434711 -0.787652 -0.861852 -0.933689 -0.093116 0.031946 -1.695191 0.390675 -0.252749 1.176674 -1.447446 2.404377 -0.918834 0.984926 -1.060248 -2.758527 -0.665912 0.453406 0.370337 -0.721412 -1.482144 0.937296 -0.806723 -0.624833 -1.135240 -0.515171 1.333648 -1.526832 -0.054651 0.156071 -1.579022 -0.245427 0.011058 -0.297359 -2.459810 0.687863 0.393807 -0.878588 -0.378715 2.036229 -0.807308 1.193281 -0.755921 -1.780592 0.136954
60 -0.400773 -1.241854 0.950531 1.221954 -1.837771 1.004903 -0.803927 0.489222 -0.343617 -1.471353 -0.488363 0.060448 0.149989 1.262421 0.966229 -0.027070 -0.047834 2.300762 0.326278 0.714425 -0.033802 0.900318 -0.172117 0.029887 -0.350893 0.647078 0.047114 -0.352206 -1.101180 0.269968 0.018071 2.955503 0.743437 1.288633 -0.150852 -1.333520 -0.500951 0.302007 0.054235 -0.122302 0.604496 -0.016503 2.362422 -0.667875 -1.647631 0.788638 -0.376080 0.703797 0.499593 1.404555
61 0.209687 0.586333 -1.802026 -0.212830 0.198214 0.967689 -0.257263 -1.516745 -0.229780 1.846250 -0.792130 -2.498902 0.304779 0.197247 0.206296 0.076639 -0.236929 0.125228 0.532073 0.011322 1.327780 -0.285204 1.409335 1.180719 -0.970919 0.706750 -1.018951 -0.245790 0.089542 1.001994 0.118401 0.989945 0.398826 -0.915229 -1.165354 0.563017 0.518822 0.027570 1.525391 -0.817072 -0.851749 0.141699 0.506190 0.991010 0.122689 0.462638 -1.034962 -1.580037 -0.667086 0.077635
62 0.758807 0.081843 0.704665 1.847986 0.349778 -0.636302 0.730962 0.451876 0.255351 2.034371 0.178758 -1.223344 1.300044 1.345690 -1.126837 -0.062830 -0.489002 -0.487319 1.349020 1.567712 -0.526151 -0.985672 0.845333 -1.432973 -0.180276 -0.560650 -0.784976 0.743291 -0.736227 -0.660911 -0.092863 -0.312777 0.325872 -1.758873 -1.461030 0.091048 0.600322 -1.263689 -0.607371 -1.085827 -0.310176 -1.922627 1.345045 -1.015682 -1.194230 -0.440849 0.128941 0.244341 -0.975898 0.896547
63 0.266845 0.125385 -0.737277 -0.874305 -1.608416 0.135101 -0.006636 -1.060768 -0.626501 -0.142539 -0.453801 -0.892446 0.996419 0.006635 -1.307194 -1.881503 -0.303010 -0.393102 0.013261 0.257475 0.170573 -2.189293 -2.093791 -0.456793 -2.381739 -0.711357 -0.719327 -0.310807 0.812465 0.196544 -1.075577 -0.256045 -0.132147 0.766428 1.335098 2.011135 -0.039328 1.051020 -0.168701 -1.110247 -0.318740 -1.117683 1.029557 -1.218049 0.152181 -0.532872 1.830458 0.429741 -1.794965 0.420248
64 -0.709374 -1.507840 -1.498404 -0.480624 2.063988 0.274804 -1.282971 1.681011 -1.065531 2.340020 -1.785267 -0.057840 -0.292992 0.516402 0.863701 -1.456519 0.339859 -1.919661 2.361338 -0.026694 0.476886 1.021822 -0.811165 1.593185 0.122847 -0.249814 -0.380095 -0.574991 1.030797 -0.560634 -0.522753 -0.925094 0.140044 -1.541336 0.101849 1.203994 -1.168023 -0.927440 0.974567 0.248399 -1.120864 -1.498382 0.458064 -0.678340 -1.271377 0.879264 -0.873261 -0.315824 -0.643042 -0.488839
65 0.784509 -0.347856 1.010279 -1.058017 -0.761676 -0.420914 0.007238 -0.280465 1.233491 -1.547906 -0.824461 0.293253 -0.029898 -0.868404 1.986454 -0.770041 0.305650 -1.680697 0.044528 0.324411 0.741571 0.052007 0.315335 -1.552278 0.165017 1.101375 1.434474 -2.236259 0.789413 0.664850 0.616216 0.086463 0.722716 1.235097 1.651880 -0.467116 -0.247984 0.708567 -0.159068 -0.928414 -0.994084 -1.866365 0.925336 0.193393 -0.155753 -0.905092 -1.313939 -0.146040 -1.464115 -0.663840
66 1.220756 -0.421519 -0.324697 -1.049004 1.164877 -0.033662 0.381322 -1.942612 0.106880 -0.124821 -0.001259 -0.284884 -0.624866 -0.371272 -1.561089 -0.537822 -1.737688 -0.315333 0.582078 -0.918913 -2.338268 -1.903271 1.039163 -1.148710 0.075864 -0.162569 1.066689 0.226925 -0.129823 0.834386 -0.680177 0.339513 -0.538509 0.512084 -1.021941 -0.248563 -0.866171 -0.085599 -0.291522 1.251713 -1.854012 -1.607056 0.423696 0.215067 0.928022 -1.779495 -0.131812 0.790514 2.090526 -0.769160
67 -0.711050 0.729462 -2.159624 -0.831888 1.564998 0.724450 -0.847250 1.278679 0.430224 1.562907 1.496382 -1.450814 -0.449199 0.225861 -0.207723 1.442900 -1.318078 -0.569646 -0.940859 -0.552235 -1.366683 0.640436 2.793775 1.119481 2.124121 0.556284 -0.705110 0.889808 0.332268 0.512450 0.744402 -0.844950 -1.435131 -1.009878 -1.231598 -1.319321 -1.039800 3.833166 0.174402 -1.604561 1.332986 0.150005 0.259987 0.756669 1.190956 0.040890 1.477550 0.825530 -0.452205 1.505114
68 2.487740 -0.217263 0.277865 1.069672 -0.356234 -0.953669 1.593850 0.546459 0.217998 0.559674 0.306120 0.830252 1.042769 -0.788709 -1.972369 -1.330015 -0.977043 0.160298 2.184267 0.610690 -3.210575 -0.549634 0.275033 1.108935 -1.670788 -0.624438 -0.385305 0.305193 0.872847 -0.224775 -1.455151 1.762876 0.173525 0.842858 -0.562665 -0.992785 0.554626 -0.927703 1.019350 -2.024214 -0.148415 1.626117 -0.000406 0.526273 0.517870 1.144088 0.956890 0.548178 1.385826 -0.084316
69 -1.655001 -0.614313 -1.384624 0.593395 1.447208 0.399354 -0.530904 -0.717147 0.314026 0.050817 0.035017 1.496587 0.281325 -0.595937 0.514960 0.426993 0.513059 1.001298 2.006385 1.094831 1.050033 0.806950 0.234129 0.086439 0.984102 0.267958 -0.246736 -0.698554 0.159914 0.411796 0.801153 -1.167948 0.895647 0.500823 0.365517 -1.103556 -0.989618 -0.089690 0.673348 0.695177 0.897376 -1.610309 0.311289 0.583101 2.674757 -0.768485 0.274192 -0.505334 1.114164 0.267795
70 1.048201 0.066832 1.671249 -1.247674 -0.972642 0.560960 -1.458701 -1.104466 -0.171554 1.559574 0.274886 -0.808693 1.269972 2.521112 -1.163826 0.833222 0.505939 0.034986 -0.389640 0.897776 1.521445 -0.156544 0.430089 1.756666 -0.616169 1.575425 -0.019747 0.125804 -1.827766 0.071267 -0.413199 1.290031 -0.629495 1.711099 0.564571 -0.709122 0.809171 1.763348 0.653475 0.342383 -0.977477 -0.152172 0.241121 -0.173917 -0.709551 -1.404238 -1.660373 -1.298495 -1.410993 0.722059
71 0.626768 -0.464353 0.103606 0.175349 0.745161 0.204735 -0.408897 -1.268490 0.097158 1.044170 -1.898946 -0.199217 0.043230 -0.200342 -0.724195 -0.702031 -0.384504 0.716346 0.854209 -0.094635 0.418692 1.232316 -0.910765 0.207245 0.409029 -1.170626 1.899218 0.185663 -1.016380 1.555832 1.161326 0.101678 -0.423641 -0.456784 1.388683 -1.276534 0.030649 2.138758 -0.746635 0.284195 1.880142 -0.443775 0.268226 -0.803361 -1.516506 -0.848764 -0.038035 -0.801011 -0.242342 0.463741
72 0.772583 -1.298543 -0.391206 1.434499 -1.333211 0.812533 0.278578 1.114608 -0.069881 0.008831 -0.933159 -1.445201 -0.863943 1.401319 -0.175570 0.959043 -0.326084 -0.491014 0.055685 -1.146115 -0.515133 0.625508 -0.741450 0.762547 0.028328 -0.112477 -0.587845 -2.172498 -0.836278 0.551165 1.367701 -0.129399 1.458523 -0.789950 1.451822 -1.445431 0.041479 -0.686684 -2.103444 2.754141 0.017035 0.058711 -0.164677 -0.726257 -0.090997 -0.864554 -0.583815 -1.651899 0.325188 -0.820415
73 -0.408886 0.084684 -0.047257 -0.601323 -0.945956 0.943844 1.373817 2.768684 1.903973 -0.032189 -1.358861 0.373105 1.026695 -0.656120 -1.104275 -0.839866 -1.353689 0.283534 0.542336 0.431991 0.742200 1.183692 1.464383 -0.423282 2.211874 -0.070751 0.906530 -0.653781 -2.857015 -0.704028 2.635798 0.106274 -0.251083 -0.708618 -0.190858 -0.767461 -0.834332 -0.656014 0.116788 -0.375485 0.609661 0.506470 0.138544 -2.046926 0.929122 0.685333 0.529749 1.766426 0.303167 1.546227
74 -0.036346 -0.494611 0.317484 1.844990 1.473290 0.554028 -1.221026 -1.357060 0.338595 0.123242 1.214171 0.759212 -1.596122 -0.031546 -0.653595 0.745873 -0.111935 -0.567876 0.726264 -1.214377 0.056730 -0.107524 0.979567 -1.279860 -1.411704 0.295720 -0.304719 -0.600559 2.433515 -0.809912 0.356951 -0.949276 -0.079759 -0.058239 0.048713 1.029122 -0.472374 0.119928 0.638153 0.203561 -0.261001 -1.931902 -0.587541 0.058888 0.837801 0.675184 -0.642953 -0.075470 -0.498189 -0.213309
75 0.622609 -1.178682 1.314162 -1.971266 -0.645345 1.701301 -1.737769 -0.083192 0.525685 1.832800 0.022704 -0.923488 0.367780 0.636567 0.953424 1.565904 -2.340435 -1.344349 -1.827818 -0.754033 -1.371696 0.562794 0.780070 -1.165355 0.299714 -1.019163 -0.930680 -0.385892 0.122724 0.916626 -0.081931 1.770026 0.341987 2.211250 -2.900738 0.209617 -0.528843 -1.045236 -0.395266 -0.068846 0.776971 0.660440 -1.588202 -0.372796 0.638700 -0.819836 0.238477 0.186341 0.076720 1.095357
76 0.178725 -0.225596 -0.542070 0.290208 1.251414 0.045731 0.147522 -2.087096 0.582825 0.122220 -2.419047 -0.497280 -0.149796 -0.586635 -0.647364 -0.540695 -0.318166 0.754419 0.402688 -1.066557 -0.081065 0.005212 0.602421 -0.415658 0.958442 0.469465 -1.577182 -1.932488 -0.096630 0.353330 0.188831 1.604985 1.230854 1.316779 -0.952308 1.039781 -0.398001 0.196021 -2.208394 1.358447 0.535603 1.014008 0.810363 0.425322 2.098827 0.801232 -0.287022 -0.472845 -0.425397 0.120318
77 -0.006622 -0.600583 0.240962 0.073362 -1.451860 0.115634 -1.337574 -2.476324 0.371546 -2.866194 -1.466606 0.308629 0.304848 0.854579 -1.244461 1.767663 0.576431 1.086951 -1.067376 -1.057101 -0.170565 0.530871 1.934572 -0.660868 -0.955724 -0.923992 0.105768 -0.233566 -0.131990 -0.165925 1.045623 -1.430047 1.589648 0.212085 1.269344 2.061049 0.041660 -1.380909 -0.090976 -0.894630 0.971399 -0.567358 -0.376399 0.214475 2.020231 0.432807 -0.517251 -0.968390 0.476121 -0.114564
78 0.356329 2.515323 0.093117 1.064771 -0.734876 2.349142 0.737611 0.863843 -0.553561 0.919158 -0.943571 -0.766757 1.240225 -0.449021 -0.087996 -0.595986 -0.741808 0.557647 -1.644036 -1.600240 -0.356126 -0.252818 -0.627900 0.977093 1.797633 0.138463 1.994814 1.494609 0.048243 -1.367847 -0.103330 -1.082129 -0.314097 0.829023 -0.100646 -0.855408 0.888543 -0.295297 1.039829 -1.268044 1.395019 0.613113 1.407189 -1.063535 0.445370 0.842736 -2.023507 0.749068 0.536386 -0.868790
79 1.689749 -0.888223 -0.918345 -1.369334 0.974867 0.459896 1.032671 0.477892 1.081762 -0.804264 -0.144781 0.139959 -0.598110 0.410381 0.939572 -1.909714 -0.108824 1.828566 -0.763680 -0.542635 1.762914 -0.502399 1.251870 -0.771241 -0.057125 -0.646148 -0.192745 0.099283 -0.460087 -0.401717 -0.609708 -0.879173 0.182792 -0.138320 -0.792244 -1.225435 0.226135 0.276756 1.404102 -0.021294 1.984889 -1.293488 -0.609786 1.009244 -0.755224 -0.239286 0.003455 -1.527456 0.007928 -0.698787
80 1.382133 -0.332659 -1.402090 -1.031179 -0.377867 1.089486 -1.399634 0.553771 -1.094056 0.060876 -0.445106 0.159861 -0.116662 0.634956 1.268774 -1.302243 -0.552347 -0.697269 -0.930200 -0.489345 -0.028552 1.074756 -0.165402 -1.980856 -0.972627 -0.786422 1.984097 -0.938516 0.075290 0.259329 -0.308966 -1.094464 0.055253 -0.350036 -0.450384 -0.760559 -0.029570 0.176929 -0.553836 -0.445303 0.172104 -1.646704 1.153877 -3.195233 0.859945 -0.998677 0.080860 1.623852 0.021414 0.238621
81 -0.548358 0.628772 0.648638 -0.360622 -0.822599 0.986903 -0.821602 -0.734064 0.930845 1.831795 -0.047196 -0.450257 0.866227 -0.115177 -0.810055 -1.303731 -0.394772 0.158083 -0.288379 -1.493560 0.520874 1.503425 1.825935 0.795467 -1.093733 -1.183057 0.024713 0.887535 -0.564238 -0.794207 0.923303 0.280524 0.595698 -0.348438 -0.714846 0.437199 -0.867140 1.700136 -0.979137 -0.240514 1.188883 1.518823 0.303084 -0.646656 -0.151011 -0.276773 1.450482 1.085380 -0.884824 -0.658984
82 -1.609836 0.827507 0.421193 -0.405339 0.405097 -1.793924 2.209604 0.852697 -0.091635 0.487023 1.155107 1.174100 -0.029690 1.052734 -0.684575 -1.084079 0.248647 -0.875287 -1.903987 1.292268 -0.302413 0.224727 2.059034 0.824254 -0.974951 -0.007634 -1.288495 0.974588 -0.521444 -0.661177 -0.140462 -1.132044 2.446887 0.512499 0.345566 0.097469 1.884393 -0.369188 0.137622 0.679362 0.892719 -1.638883 0.135503 0.251838 0.121459 -1.434526 -0.867519 0.141898 -0.839491 0.002259
83 -0.252986 -0.257866 -3.131343 0.864989 0.852649 1.087315 -0.697551 -0.149153 0.032309 0.627399 -0.646388 -0.710385 0.043900 1.652793 2.155396 -0.361591 0.867613 0.507160 1.549002 0.813902 0.187293 -0.646615 -0.669379 -0.424238 0.597916 -0.314698 -0.316798 1.551277 1.216892 -0.070276 -0.094610 0.749160 -1.156537 0.179253 0.215480 -1.973156 0.727383 -2.528783 1.361372 0.880357 -0.663003 -0.715879 -0.956794 -1.380921 -0.314609 1.789160 1.907877 -1.481372 -0.060727 0.553020
84 -0.445812 0.942825 -1.809132 -1.689092 0.133118 0.891035 -1.498821 -0.468824 -0.328597 -0.442609 -0.782527 0.984094 0.188474 1.493601 -0.538220 1.545611 -1.243827 -0.244199 -0.976635 0.160989 0.526078 -0.744429 1.600956 0.883103 0.474776 -0.914762 -1.481001 0.722586 -1.471911 0.183798 1.311925 0.545571 1.063781 0.088442 -1.275519 -1.234437 -0.723568 1.857158 1.261713 0.887047 1.294982 -0.397320 -1.190290 -0.790974 1.109859 -0.106572 0.836088 1.609262 -0.757755 0.818839
85 -0.101963 -0.026787 -1.507696 1.754625 0.607563 0.314355 -1.206436 0.302018 1.459538 0.752338 -0.099026 0.341961 0.479284 -1.050621 0.622800 -1.500834 -0.273812 1.849258 1.772343 -1.033712 -0.420383 -0.846288 -0.163914 0.884539 -0.723297 -0.173715 -0.986927 0.074855 1.411678 0.245157 -1.006518 -0.920044 -1.033521 0.440781 -0.726389 0.927220 0.123916 -1.271450 0.081762 -0.823222 -0.203439 -0.348495 1.893821 -0.008722 0.718503 -0.211272 -0.842930 -0.002528 -0.623363 -0.525611
86 -0.710872 -0.243815 0.183287 -0.534161 -0.072226 0.300975 -1.552501 0.065170 -0.081631 -0.347233 -0.457144 0.708626 -1.449238 -0.343844 -1.432409 -0.296635 -0.606857 -0.566166 -0.934252 -0.546015 0.646575 -0.186778 0.818530 0.230593 -0.687653 -0.987307 0.009718 0.854039 1.016347 1.110277 -1.039163 0.977071 -2.081537 -0.860630 -0.000834 1.482501 -0.306520 -1.699865 -1.468928 1.165409 0.573320 -0.655475 -0.421262 -0.098603 2.577626 -2.149493 0.243859 -2.135167 -1.547600 0.104096
87 -1.687493 1.583903 -0.021411 -1.180866 -0.329289 -0.559047 -0.446678 0.174882 -1.852015 -0.590127 -1.479352 0.346426 -0.226202 -0.127875 -0.492578 -2.631443 -0.075199 0.748432 -0.601940 -0.545193 1.529834 -0.744924 -0.921544 -0.458160 -2.200137 1.984089 0.579302 0.461310 -1.039441 0.822051 0.848155 1.303711 0.218833 -1.677756 -0.191688 -0.047218 0.536961 1.354477 -1.355981 0.965575 -0.785505 -0.591592 0.423364 -0.337615 0.291337 0.347830 0.640873 -0.946113 -1.252411 0.822655
88 -0.575834 -0.104589 0.091904 0.189300 1.341141 1.265350 -0.931729 -0.624579 -1.718842 -0.210043 -0.642396 -0.225842 -0.914578 0.550945 -0.042237 -1.976855 0.569891 -2.534644 1.134141 -1.239910 0.834221 0.094144 0.956540 0.344687 -0.251553 -1.728517 1.161269 2.108242 0.485013 -0.140508 0.432175 -1.630517 -0.288364 1.427458 -2.168769 1.242915 0.251461 -2.386001 -0.057712 -2.670507 -1.446978 1.820774 1.184959 0.841929 -0.226793 -0.281475 1.416822 -0.517164 0.423269 1.178826
89 1.288227 -0.349399 -0.473745 0.298718 -0.230419 1.009506 -1.938583 0.279681 1.228911 -0.830995 -0.187386 0.461120 -1.714277 0.640749 0.059563 0.434278 0.201901 -1.081274 0.975160 -0.208137 0.095581 -0.653408 -0.875628 -0.033793 -0.449813 -0.261953 -0.825987 0.286618 -0.305563 -0.359043 -0.094359 1.022955 1.267205 -0.775428 1.381801 -0.399425 -1.825831 -0.857913 0.269733 -0.327471 0.679041 -0.277198 -0.509137 0.092971 -1.930771 -0.050255 -0.292907 1.641461 0.803543 0.875384
90 1.486740 -0.389491 0.087215 -0.115333 1.834053 0.265358 1.327002 0.177859 -0.764378 -0.523844 0.666662 -1.053631 -0.223541 -0.295227 -1.323817 0.351660 1.194287 -0.261106 0.612004 -0.502141 -0.023458 -0.973056 0.039880 0.109239 -1.847622 -0.015367 -0.085999 1.725539 -0.928335 0.386040 -0.745628 0.090197 -0.097121 -0.410877 1.042665 2.248238 0.692344 -0.671142 -0.384716 -0.757890 -0.638225 -0.114095 -0.457573 -0.869132 0.412238 -0.861358 -2.480756 -0.099743 -0.691913 -0.591423
91 1.122703 0.891318 0.410212 -0.829813 0.918256 1.596607 -1.038143 0.193265 1.066939 -1.407335 0.345568 -0.946125 1.865934 -1.102586 0.761807 -0.241382 2.534927 2.261321 0.475942 1.442472 -0.802133 -0.235841 0.486441 0.938094 -0.722089 0.945068 1.420837 1.548190 -1.177136 0.441478 1.413605 -0.982055 -1.429424 -1.043149 -3.046004 -0.441610 0.474053 1.476011 0.595395 -1.122710 1.014969 -0.109166 0.136384 2.132919 0.781537 0.802788 -0.261285 -0.506202 0.369233 -1.775269
92 -1.557505 0.617725 0.369218 -0.173443 -0.930839 0.194378 -0.375088 0.998413 -0.227826 -0.019743 -0.758947 1.611674 -0.304428 1.023320 -1.463508 0.939481 -0.244982 0.075966 0.277654 0.613940 1.500090 -1.710963 -0.458617 -1.270100 -1.450465 -0.977391 -0.015877 1.181854 1.418696 -0.596922 -1.511026 -0.783016 0.826031 -0.599112 0.630691 1.078743 0.238854 0.754876 -1.034789 -1.383596 0.254536 1.877190 0.174154 2.220756 -0.509090 -1.105614 -0.927679 1.049895 -0.950046 1.305163
93 0.340365 -0.009927 -0.050573 0.044035 -0.633187 1.128296 0.588912 -1.049224 -0.261772 0.542422 0.093807 -0.131139 -0.979375 0.398022 0.428280 0.955385 -1.042643 0.568161 1.485524 0.960344 0.856170 0.455567 0.445356 -0.694947 -2.457376 0.008365 0.167564 -1.422016 -0.032651 -0.154411 -1.146102 -0.613501 -0.896131 0.777100 2.184779 -0.049886 0.401379 -2.029919 1.220952 0.031584 0.472283 1.820194 -1.599440 -0.454536 0.309504 -0.768108 -1.213470 1.783312 0.744741 1.461471
94 -1.097655 -0.148119 0.303313 -0.682139 0.894956 -2.336869 0.070517 -1.032671 -0.117438 0.029991 -0.594287 -2.462081 0.527776 -0.482163 -1.000125 0.226845 0.818260 0.353751 -1.067371 -0.674723 -1.420688 0.225587 0.773069 -2.162989 -0.420342 -1.617132 0.207226 -0.041693 -1.424555 -0.723473 -0.425391 0.365679 0.693092 0.605763 -0.216562 -0.309304 1.277134 -0.400856 0.315939 -2.494742 0.393444 1.926807 0.219699 -0.517267 -0.990089 -0.047510 -1.715277 -0.204818 -0.484152 0.267442
95 -0.589104 0.271592 -1.473194 -0.346913 -1.227974 2.773146 -1.346419 0.507940 -1.809502 -0.773453 1.199019 1.710670 1.419843 -0.262839 0.223196 1.272271 1.498709 -0.538222 1.844826 0.767887 0.182051 1.312166 -0.126540 -0.879102 -0.243932 0.165816 0.607770 -0.565114 1.202290 0.844341 -0.698319 -0.248492 0.160083 1.308144 -1.154328 0.143040 -0.710296 -0.492591 1.113740 -0.413562 0.904865 0.279908 0.965377 -0.324669 -0.090244 0.768121 -0.296051 -0.687169 -0.907111 -0.455017
96 1.229579 0.174658 -0.460936 -0.033647 -0.295797 -1.777519 1.407568 2.366151 -0.726926 -0.174798 -0.087232 1.195202 0.401792 0.241412 -1.081924 0.798594 0.239717 -1.487343 -0.062796 0.418696 -1.511224 -0.472217 0.281873 -0.418752 -0.911318 0.175152 0.864680 2.623298 -0.800815 0.720239 -0.303161 1.138344 2.572683 -1.228776 -1.240873 -0.096721 0.355608 1.746165 0.581236 0.356203 0.485195 0.829879 -1.515701 0.077384 -0.112532 -0.683036 -2.156906 -0.967330 1.266488 -0.181034
97 1.493439 -1.090947 -0.270027 -0.557300 -1.320308 2.077981 0.752066 1.113471 -0.054846 -0.366367 -0.808678 0.539305 -2.096852 0.915910 0.087148 -0.112057 0.219327 0.160248 -1.235655 0.854679 0.052189 0.164721 0.772985 -0.905658 -1.960859 -0.793415 -0.238817 0.834344 0.073514 -0.550010 -0.387691 0.327557 0.881932 -1.346338 0.026917 0.954654 0.187253 0.540250 -0.532141 0.158863 -1.531854 0.062173 0.528518 0.032016 -0.282561 -0.427191 -0.775547 0.163848 -1.088696 -1.015353
98 2.383924 0.366710 -1.255278 1.824717 -1.743346 0.492666 -0.228662 0.487030 -0.962172 2.897148 0.322204 -0.375785 0.670857 -0.396517 0.815633 -0.959356 -0.171828 0.160433 0.423632 -0.240580 -0.098509 0.921122 -0.514555 0.979073 1.022198 -0.595019 -1.300914 -0.322167 -1.785298 0.179692 1.051661 -1.224486 1.830648 0.794782 0.270788 -0.256868 -0.264369 1.907203 1.855842 0.816991 0.039144 0.791594 0.644509 0.164576 1.009749 0.593200 0.354533 -2.064628 0.333127 -0.193542
99 1.040929 -0.343538 1.189791 0.637937 -0.279524 1.617994 -0.670317 0.177749 0.042568 0.878104 -1.774697 2.148867 -0.518528 -0.137251 -1.157343 -0.499543 -0.096214 1.134922 0.246382 -1.234700 -1.199444 0.825107 -1.452378 1.345471 0.868369 -0.863138 -0.226011 -0.501922 -0.460397 -0.464586 1.731626 0.646954 0.118516 1.337303 1.174287 -1.098214 -0.391297 -0.108502 -1.598846 -1.867637 -1.627243 1.696516 -0.759784 -1.026692 -0.765701 0.009706 -0.094512 -1.109738 0.672280 -1.101424
END
#################################################################
SECTION3 (Edges Information)
EndPoint0 EndPoint1 Weight
0 1 1.000000
0 9 1.000000
0 10 1.000000
0 90 1.000000
1 0 1.000000
1 2 1.000000
1 11 1.000000
1 91 1.000000
2 1 1.000000
2 3 1.000000
2 12 1.000000
2 92 1.000000
3 2 1.000000
3 4 1.000000
3 13 1.000000
3 93 1.000000
4 3 1.000000
4 5 1.000000
4 14 1.000000
4 94 1.000000
5 4 1.000000
5 6 1.000000
5 15 1.000000
5 95 1.000000
6 5 1.000000
6 7 1.000000
6 16 1.000000
6 96 1.000000
7 6 1.000000
7 8 1.000000
7 17 1.000000
7 97 1.000000
8 7 1.000000
8 9 1.000000
8 18 1.000000
8 98 1.000000
9 0 1.000000
9 8 1.000000
9 19 1.000000
9 99 1.000000
10 0 1.000000
10 11 1.000000
10 19 1.000000
10 20 1.000000
11 1 1.000000
11 10 1.000000
11 12 1.000000
11 21 1.000000
12 2 1.000000
12 11 1.000000
12 13 1.000000
12 22 1.000000
13 3 1.000000
13 12 1.000000
13 14 1.000000
13 23 1.000000
14 4 1.000000
14 13 1.000000
14 15 1.000000
14 24 1.000000
15 5 1.000000
15 14 1.000000
15 16 1.000000
15 25 1.000000
16 6 1.000000
16 15 1.000000
16 17 1.000000
16 26 1.000000
17 7 1.000000
17 16 1.000000
17 18 1.000000
17 27 1.000000
18 8 1.000000
18 17 1.000000
18 19 1.000000
18 28 1.000000
19 9 1.000000
19 10 1.000000
19 18 1.000000
19 29 1.000000
20 10 1.000000
20 21 1.000000
20 29 1.000000
20 30 1.000000
21 11 1.000000
21 20 1.000000
21 22 1.000000
21 31 1.000000
22 12 1.000000
22 21 1.000000
22 23 1.000000
22 32 1.000000
23 13 1.000000
23 22 1.000000
23 24 1.000000
23 33 1.000000
24 14 1.000000
24 23 1.000000
24 25 1.000000
24 34 1.000000
25 15 1.000000
25 24 1.000000
25 26 1.000000
25 35 1.000000
26 16 1.000000
26 25 1.000000
26 27 1.000000
26 36 1.000000
27 17 1.000000
27 26 1.000000
27 28 1.000000
27 37 1.000000
28 18 1.000000
28 27 1.000000
28 29 1.000000
28 38 1.000000
29 19 1.000000
29 20 1.000000
29 28 1.000000
29 39 1.000000
30 20 1.000000
30 31 1.000000
30 39 1.000000
30 40 1.000000
31 21 1.000000
31 30 1.000000
31 32 1.000000
31 41 1.000000
32 22 1.000000
32 31 1.000000
32 33 1.000000
32 42 1.000000
33 23 1.000000
33 32 1.000000
33 34 1.000000
33 43 1.000000
34 24 1.000000
34 33 1.000000
34 35 1.000000
34 44 1.000000
35 25 1.000000
35 34 1.000000
35 36 1.000000
35 45 1.000000
36 26 1.000000
36 35 1.000000
36 37 1.000000
36 46 1.000000
37 27 1.000000
37 36 1.000000
37 38 1.000000
37 47 1.000000
38 28 1.000000
38 37 1.000000
38 39 1.000000
38 48 1.000000
39 29 1.000000
39 30 1.000000
39 38 1.000000
39 49 1.000000
40 30 1.000000
40 41 1.000000
40 49 1.000000
40 50 1.000000
41 31 1.000000
41 40 1.000000
41 42 1.000000
41 51 1.000000
42 32 1.000000
42 41 1.000000
42 43 1.000000
42 52 1.000000
43 33 1.000000
43 42 1.000000
43 44 1.000000
43 53 1.000000
44 34 1.000000
44 43 1.000000
44 45 1.000000
44 54 1.000000
45 35 1.000000
45 44 1.000000
45 46 1.000000
45 55 1.000000
46 36 1.000000
46 45 1.000000
46 47 1.000000
46 56 1.000000
47 37 1.000000
47 46 1.000000
47 48 1.000000
47 57 1.000000
48 38 1.000000
48 47 1.000000
48 49 1.000000
48 58 1.000000
49 39 1.000000
49 40 1.000000
49 48 1.000000
49 59 1.000000
50 40 1.000000
50 51 1.000000
50 59 1.000000
50 60 1.000000
51 41 1.000000
51 50 1.000000
51 52 1.000000
51 61 1.000000
52 42 1.000000
52 51 1.000000
52 53 1.000000
52 62 1.000000
53 43 1.000000
53 52 1.000000
53 54 1.000000
53 63 1.000000
54 44 1.000000
54 53 1.000000
54 55 1.000000
54 64 1.000000
55 45 1.000000
55 54 1.000000
55 56 1.000000
55 65 1.000000
56 46 1.000000
56 55 1.000000
56 57 1.000000
56 66 1.000000
57 47 1.000000
57 56 1.000000
57 58 1.000000
57 67 1.000000
58 48 1.000000
58 57 1.000000
58 59 1.000000
58 68 1.000000
59 49 1.000000
59 50 1.000000
59 58 1.000000
59 69 1.000000
60 50 1.000000
60 61 1.000000
60 69 1.000000
60 70 1.000000
61 51 1.000000
61 60 1.000000
61 62 1.000000
61 71 1.000000
62 52 1.000000
62 61 1.000000
62 63 1.000000
62 72 1.000000
63 53 1.000000
63 62 1.000000
63 64 1.000000
63 73 1.000000
64 54 1.000000
64 63 1.000000
64 65 1.000000
64 74 1.000000
65 55 1.000000
65 64 1.000000
65 66 1.000000
65 75 1.000000
66 56 1.000000
66 65 1.000000
66 67 1.000000
66 76 1.000000
67 57 1.000000
67 66 1.000000
67 68 1.000000
67 77 1.000000
68 58 1.000000
68 67 1.000000
68 69 1.000000
68 78 1.000000
69 59 1.000000
69 60 1.000000
69 68 1.000000
69 79 1.000000
70 60 1.000000
70 71 1.000000
70 79 1.000000
70 80 1.000000
71 61 1.000000
71 70 1.000000
71 72 1.000000
71 81 1.000000
72 62 1.000000
72 71 1.000000
72 73 1.000000
72 82 1.000000
73 63 1.000000
73 72 1.000000
73 74 1.000000
73 83 1.000000
74 64 1.000000
74 73 1.000000
74 75 1.000000
74 84 1.000000
75 65 1.000000
75 74 1.000000
75 76 1.000000
75 85 1.000000
76 66 1.000000
76 75 1.000000
76 77 1.000000
76 86 1.000000
77 67 1.000000
77 76 1.000000
77 78 1.000000
77 87 1.000000
78 68 1.000000
78 77 1.000000
78 79 1.000000
78 88 1.000000
79 69 1.000000
79 70 1.000000
79 78 1.000000
79 89 1.000000
80 70 1.000000
80 81 1.000000
80 89 1.000000
80 90 1.000000
81 71 1.000000
81 80 1.000000
81 82 1.000000
81 91 1.000000
82 72 1.000000
82 81 1.000000
82 83 1.000000
82 92 1.000000
83 73 1.000000
83 82 1.000000
83 84 1.000000
83 93 1.000000
84 74 1.000000
84 83 1.000000
84 85 1.000000
84 94 1.000000
85 75 1.000000
85 84 1.000000
85 86 1.000000
85 95 1.000000
86 76 1.000000
86 85 1.000000
86 87 1.000000
86 96 1.000000
87 77 1.000000
87 86 1.000000
87 88 1.000000
87 97 1.000000
88 78 1.000000
88 87 1.000000
88 89 1.000000
88 98 1.000000
89 79 1.000000
89 80 1.000000
89 88 1.000000
89 99 1.000000
90 0 1.000000
90 80 1.000000
90 91 1.000000
90 99 1.000000
91 1 1.000000
91 81 1.000000
91 90 1.000000
91 92 1.000000
92 2 1.000000
92 82 1.000000
92 91 1.000000
92 93 1.000000
93 3 1.000000
93 83 1.000000
93 92 1.000000
93 94 1.000000
94 4 1.000000
94 84 1.000000
94 93 1.000000
94 95 1.000000
95 5 1.000000
95 85 1.000000
95 94 1.000000
95 96 1.000000
96 6 1.000000
96 86 1.000000
96 95 1.000000
96 97 1.000000
97 7 1.000000
97 87 1.000000
97 96 1.000000
97 98 1.000000
98 8 1.000000
98 88 1.000000
98 97 1.000000
98 99 1.000000
99 9 1.000000
99 89 1.000000
99 90 1.000000
99 98 1.000000
END
#################################################################
SECTION4 (TrueSubGraph Information)
EndPoint0 EndPoint1 Weight
45 35 1.0
35 34 1.0
34 44 1.0
44 54 1.0
END
#################################################################
SECTION5 (Labels Information)
0 1 1 0 1 0 0 0 0 0 0 0 0 0 1 0 0 0 0 0 0 0 0 0 0 0 0 1 0 0 0 0 0 0 1 0 0 1 1 1 0 0 1 0 0 0 0 0 0 0 
END
#################################################################
SECTION6 (bt Information)
-5 5 5 -5 5 -5 -5 -5 -5 -5 -5 -5 -5 -5 5 -5 -5 -5 -5 -5 -5 -5 -5 -5 -5 -5 -5 5 -5 -5 -5 -5 -5 -5 5 -5 -5 5 5 5 -5 -5 5 -5 -5 -5 -5 -5 -5 -5 
END
#################################################################
