#################################################################
#APDM Input Graph, this input graph includes 3 sections:
#section1 : general information
#section2 : nodes
#section3 : edges
#section4 : trueSubGraph (Optional)
#
#if nodes haven't information set weight to null
#################################################################
SECTION1 (General Information)
numNodes = 100
numEdges = 200
usedAlgorithm = NULL
dataSource = SimulationData2
END
#################################################################
SECTION2 (Nodes Information)
NodeID Base Counts
0 -0.504541 -0.828040 0.054056 -1.018955 0.449170 0.260859 -1.147462 -0.322609 1.039817 0.779370 -1.672905 -0.234844 -0.614849 0.411831 1.033264 1.079284 0.058014 -0.580789 -0.681945 -0.245946 -1.644472 -0.613152 0.693065 1.446494 -0.712445 -0.025380 -1.192875 -0.131975 1.048892 0.833005 1.133693 -0.646611 1.771402 1.992864 1.391010 -0.847177 -0.458379 1.670042 0.465614 0.480862 1.939822 2.353064 0.786900 -0.768846 -0.478414 -1.983905 -0.523387 1.091185 -1.179805 1.311927
1 1.218521 1.451223 1.638165 1.441834 3.518590 1.161655 1.164588 0.708672 0.168817 -0.028562 2.797572 -0.336326 1.826925 -0.123198 1.637832 -0.460381 0.952144 -0.961648 -0.566079 1.844351 0.599247 -0.022400 -0.078728 1.408885 1.847566 2.597337 0.668895 1.152101 -0.421891 -2.292362 1.410213 1.397539 0.281859 2.091956 1.074474 0.596383 0.998430 1.824582 0.800835 1.594047 1.252842 0.073257 2.571669 1.945865 0.151770 1.082065 -0.341535 -0.672187 0.623717 -0.660985
2 -0.037496 -0.088597 1.207219 0.145980 -0.609557 -0.149010 1.111640 -0.446119 1.090578 -0.111042 -1.145976 -0.324258 0.570996 -1.701358 -0.308771 -0.373599 -1.889784 -0.770663 -0.969456 -1.962265 -0.033576 -1.776265 0.759639 0.290283 -1.582714 1.388789 0.563055 -1.266628 0.685474 0.603494 -1.231634 -1.179860 0.649507 0.373329 -0.055871 0.170167 0.415973 -0.519434 0.206350 0.853428 -0.291321 1.612296 0.184254 0.014280 -0.712105 -0.737245 -0.182692 -1.867845 1.514075 0.122849
3 1.497540 -0.479836 0.069113 0.367131 1.624235 -0.094917 -0.905446 0.006383 0.716933 -0.521634 -0.669352 0.258031 0.723931 0.771224 1.313716 -0.224172 -0.787774 0.007630 -0.971092 1.163479 0.293214 -0.424097 2.401436 0.731261 0.391048 2.043097 -1.003849 1.436027 -0.555127 0.199193 -1.233774 -0.487363 -1.238340 0.197426 -0.416960 0.060444 1.066498 1.147296 2.017390 1.076482 -0.693270 -1.697781 -0.925224 0.289051 1.003476 -0.359152 0.987917 0.194163 0.870709 1.773902
4 0.336185 2.021751 -0.322946 0.154495 0.801718 -0.044414 0.204797 -0.830530 0.957713 -1.206874 1.412863 -3.092031 0.270109 -1.579313 -1.305340 -1.772917 -0.998742 0.111986 -0.631324 -1.607150 1.005664 0.480967 -1.720093 0.297536 1.342685 0.481971 -0.796136 0.284540 1.771309 1.048211 0.982479 -1.455354 0.548316 0.252753 0.900836 1.767266 -0.305054 0.100352 -0.077319 -1.292594 -0.880900 1.522530 0.048053 -0.852764 -0.814888 2.023356 1.262971 -0.091370 0.462840 -1.805659
5 1.695076 1.440985 0.270336 1.752470 1.540961 0.599249 3.107187 0.326109 -0.070732 -1.002881 0.335036 -0.709700 0.129979 -0.536502 0.838445 0.211054 1.060784 -0.004139 -0.512990 -1.246514 -0.202387 -0.071438 -1.517408 -0.568823 0.063795 1.777782 1.907399 -2.201283 -0.792067 0.299805 0.282196 0.615046 0.797224 1.328066 0.734163 0.350416 -0.198806 1.255371 -0.232541 -0.088202 1.645364 -0.243289 -0.166444 -0.538462 -0.157506 0.141133 -0.332980 -1.786512 0.825395 -0.365846
6 -0.913444 1.165317 -1.950887 0.016998 0.610934 1.733167 -1.011642 -0.441346 -2.181583 0.916079 -2.240993 2.041088 -1.518280 -0.283057 -0.603661 -0.073828 0.678930 0.966544 -1.472570 -0.313791 -0.257295 -2.204273 -1.882658 -0.587492 1.569268 -0.377927 0.012538 1.668646 0.259007 1.837221 0.387487 -0.934405 -0.139931 0.182877 1.542471 0.851582 1.196922 -0.257227 0.392883 -0.025099 0.245353 -0.117397 0.954194 -0.233121 -0.518241 1.038348 -0.907513 1.962986 0.339569 -0.337519
7 -1.829175 0.614286 0.540994 1.458170 1.633293 0.439148 0.180968 0.612753 2.133259 -0.503493 2.251699 -0.482310 0.914764 -0.226042 1.439357 0.813162 -0.479091 -0.203829 -0.754398 -2.533003 0.282263 -0.443321 -1.667590 0.615888 -0.547719 0.198895 1.393731 -2.576871 2.920434 0.322982 0.034704 -0.622118 -0.168560 0.693616 -0.347610 0.220684 -0.288685 -0.052959 0.310531 -0.484155 0.522164 0.775114 0.406519 -0.941898 0.202332 -2.172374 1.375029 -0.231532 1.661711 0.685115
8 -0.024550 0.650854 -0.368000 0.331142 0.303223 -1.065737 -1.114644 0.016336 0.343458 0.885782 1.558331 1.163315 -0.369638 0.077864 1.286194 2.145702 -1.422861 0.184813 0.513909 -1.319358 -1.927736 -0.612299 0.588827 -2.417919 2.197265 -0.448816 -0.989775 0.698209 0.603032 -0.274664 1.764517 -2.123202 -0.530042 0.918539 -0.347590 -0.276325 -2.116457 -0.309108 -1.269225 0.728818 -0.778120 0.469930 -2.065860 -0.738021 0.608818 -1.014693 -0.815970 1.256248 -0.671456 0.318665
9 -1.129367 -1.467095 -0.713426 -1.097126 -0.300380 -0.248062 1.596550 1.148663 -1.928260 -0.503343 -0.728009 0.412891 0.078876 1.431198 1.390574 1.532102 0.818340 -0.281822 0.533902 1.040892 -0.351351 0.584786 0.442373 0.011884 -0.214543 -0.114964 -1.195783 -0.040244 1.419360 -0.171037 -1.766710 -1.132730 0.853699 -1.507952 -0.149366 -1.554736 0.628121 -1.386015 0.857421 -0.302171 -0.098278 -0.893207 1.541447 0.830968 -0.118569 1.196422 -0.862369 0.368013 -0.036561 -0.451315
10 -1.995016 -0.299645 -0.183678 -1.081236 0.554088 -0.558142 0.447661 0.324024 1.209024 -0.319638 1.632713 -1.846898 -0.364864 0.099344 1.381841 -1.140167 0.282167 1.351872 -0.989657 -0.425029 -0.736720 0.897084 0.019483 0.347112 1.256183 0.859130 -1.021574 0.706332 -0.381630 -1.511937 -0.158452 0.293615 -0.351168 -0.774151 1.338848 -1.970705 -0.875142 0.187113 -0.285577 -0.454921 -0.546980 -0.388102 0.370176 -0.052224 1.527318 0.327848 0.997515 -0.610633 1.056560 -1.028911
11 0.090529 0.633879 -0.343186 0.747371 0.565281 0.194573 -0.533268 -0.870750 2.122463 0.510853 0.405260 1.364916 -0.168031 -0.109969 -1.555970 -1.132268 -0.075268 1.108407 -0.186978 0.579880 0.679452 0.209417 -0.342308 0.020782 -0.811308 -1.176622 -0.411578 0.806275 -2.322046 1.120424 0.036498 0.510450 1.081092 -0.867984 -0.428752 1.419006 0.280821 0.813747 -0.016832 0.999720 -1.162051 0.152200 -0.871370 0.032475 0.440222 1.865255 -1.101882 -0.186260 -1.177136 -1.532403
12 0.826120 0.193039 -1.150931 1.145566 -1.304496 0.319563 -1.047809 1.259310 -1.083127 1.016517 -0.800284 -0.107069 -0.670485 -0.064417 -1.482745 -0.409944 -0.844297 -0.132668 -0.109294 -0.303447 1.380823 0.194653 -0.022411 -0.257270 0.115519 1.047269 0.948929 0.393868 -1.348271 -0.458887 -0.163232 0.526132 0.037015 -0.147538 -0.677605 -0.641281 2.681328 2.456345 0.212760 0.933019 -0.198479 -0.919304 0.856716 0.237106 0.843234 1.490183 1.454617 0.980517 -0.000088 -2.038768
13 -2.015297 -0.907996 0.851124 0.503495 0.781427 0.453904 -0.416021 -0.025744 -0.577329 0.412187 0.076641 0.087891 1.935543 -0.246825 0.385776 -0.224306 -0.914572 0.268035 0.323620 -1.143427 2.115608 -0.420649 0.742300 -0.946635 -0.318888 1.702592 -1.125740 2.898780 0.413110 2.227109 -0.505895 -0.848925 1.548743 -0.088948 0.445095 -0.678963 1.250150 -1.867998 -1.474263 0.028902 0.164281 0.074891 0.299382 0.994040 -0.409743 1.720500 -0.937073 -0.817684 -0.311814 0.224588
14 -0.606533 -0.602121 -0.045561 -0.189803 1.418037 -1.282064 -0.349759 -0.554708 -0.109428 -1.605332 -1.227505 -1.688085 -0.197895 -2.631298 -0.413202 1.053459 0.207683 0.426474 0.018738 0.420280 -0.712711 0.929027 -0.578885 -1.689221 -0.557426 0.055784 1.481677 -1.057889 -0.527549 0.222273 1.047289 -0.134959 -0.369015 0.031514 -0.542401 0.747077 1.378646 -0.405045 -0.548753 -0.265964 -1.843621 1.433214 -1.853959 -1.132878 -0.188438 0.319876 -0.397453 -0.295861 -0.757885 -0.320979
15 -1.847002 -1.119103 -1.261322 -1.115363 -0.398022 -0.402282 -0.404560 1.786046 1.190870 -0.365164 -0.421033 0.674397 -0.394645 -0.376417 -0.440569 0.941148 -0.192386 -0.756288 -0.430025 0.634891 -1.079982 -0.544602 -0.403865 -0.038328 -1.095321 0.090898 0.459833 0.066716 -0.269853 -0.513298 0.267385 0.518371 0.656886 0.834218 0.810135 -1.415464 0.202463 -0.951765 1.003108 -0.024723 -0.818985 -0.008612 -0.553346 -0.032398 -0.297912 -0.438750 0.054865 -2.071379 1.108971 -1.245727
16 -0.254714 -1.494445 -0.051804 0.025595 0.920841 0.433290 -1.586102 -0.013321 -0.433401 -0.228864 -1.720848 0.754763 0.575523 -1.653808 1.199209 -1.551917 -0.987075 0.233890 0.011504 0.933386 -3.235957 0.389525 1.928902 -0.904986 -0.954245 1.405648 -1.124850 1.468555 1.118676 -0.768194 0.547147 0.047653 0.407329 -1.419235 0.083197 -0.395496 0.032445 -0.290628 2.270432 2.092970 0.244232 0.483741 -0.839173 -1.679426 0.513368 -0.213106 -0.411102 -0.750024 0.552583 2.171254
17 0.657353 1.121557 1.125117 -0.993351 -0.627615 -0.318991 -2.148665 0.319148 -0.252926 0.154935 -0.766585 -0.776627 1.078232 0.714850 0.419664 0.840409 -0.400288 -1.113996 -0.725524 -0.591777 -0.640104 0.978610 -1.669717 -2.041150 0.241769 -1.542981 -0.377674 -1.602410 0.501327 -0.056982 -1.705620 -0.338798 -0.520275 -0.418252 0.493563 -0.483677 0.886159 -0.875179 1.567177 -0.472107 -0.089158 0.920415 1.483589 -0.317216 0.748195 0.130599 0.855555 -1.022470 -0.261612 0.375342
18 -0.645010 0.273451 -0.195551 1.130023 0.635018 -0.091746 -0.531434 0.415932 -0.159080 1.061763 -0.341770 -0.559384 0.465648 0.203506 2.450794 0.544462 -0.765327 -1.176386 -1.730229 1.782961 0.525709 -1.701460 1.221360 -0.301749 -0.384624 -1.134500 -1.728291 -1.597882 -0.451334 -0.158792 -0.278064 -0.596394 0.985015 -1.115639 -0.261228 -0.628695 -3.672412 -0.533563 -0.636596 1.184248 0.099727 0.124075 -0.481073 1.743332 -2.610172 -0.492186 0.852432 -0.090121 0.207127 -0.053750
19 1.039102 -0.632392 2.733136 0.116204 1.668889 1.132537 1.073001 0.302745 -1.254859 -1.495314 1.110338 -0.587856 -0.629157 -1.520502 -0.210954 0.097452 2.239278 -0.169673 -1.404345 -1.041445 -1.325786 0.364440 -0.641096 -0.335939 0.159903 0.522855 0.103371 -0.648663 0.732749 -1.419888 -0.784565 -0.586365 0.013531 1.276204 -0.743793 0.907767 0.947960 1.307761 -0.329226 0.702581 -0.374758 -0.165542 -0.961633 -0.264024 0.458568 -0.279184 -0.448187 -0.054608 0.761448 0.353911
20 1.928587 0.143655 -0.645206 1.618602 -1.022382 0.184101 0.612205 -0.617980 -0.372835 2.131319 2.346477 -0.333511 -0.676531 1.500287 0.270323 1.360627 0.252421 -0.855332 -1.747664 0.206006 -1.436850 -0.415307 2.072994 0.609625 0.055246 -0.292320 0.027275 -1.486349 -0.880365 0.147599 0.180114 -0.266298 -2.421156 0.310859 2.064190 -0.725324 -0.515466 -1.564715 3.133550 -0.505557 -0.316926 -1.565706 -1.429417 -0.115498 -0.367227 0.573259 -0.278335 -0.078834 -0.117712 0.439073
21 -1.891592 0.834397 0.306634 1.162192 0.885496 -1.626341 0.577905 1.795420 0.652703 1.079262 0.196156 -0.097742 -0.905427 -0.645335 0.006659 -1.773158 1.463106 -1.625417 -1.215794 1.156972 1.397381 0.175409 1.119123 -0.279333 -0.193044 1.019465 1.407268 0.609481 0.311981 -2.652639 1.067034 0.428235 -0.705377 0.129435 -0.194509 -0.779784 0.302666 0.609594 0.845774 -1.444034 0.575381 -0.359931 2.327569 1.127814 -0.299570 0.687836 -0.128149 -0.030382 -0.074446 -0.885036
22 -0.885756 0.135425 -0.518257 0.337882 -0.109818 -1.025240 0.782648 0.062835 -0.870775 1.526968 -0.189678 -1.182151 1.956122 1.186654 -2.209453 -0.633395 -0.714756 1.356075 0.245067 0.880721 -0.181936 -0.747441 -1.112316 -0.546308 0.516578 -0.749644 -0.443065 1.643583 -0.551972 -1.240252 0.557757 -1.839833 -0.540613 -1.239192 -1.212176 -0.154820 -1.624087 0.480589 -0.499441 -0.426654 0.054855 0.402424 -0.451832 1.718034 0.299218 1.270768 -0.812227 -0.190812 0.221620 -0.137093
23 0.489989 0.787861 1.827765 -0.479348 -0.330506 1.501400 1.345621 0.736665 -0.339959 -0.546120 -2.160859 1.368654 1.282434 -0.155305 -0.102442 0.055613 0.299378 1.627154 1.577453 -1.420292 0.280254 0.255100 1.632337 -0.319928 -1.743284 -1.409032 -1.567735 1.186757 0.666587 0.959878 0.660854 -1.478011 -1.828120 -2.918436 0.991930 0.863448 -1.519045 -0.801561 1.580536 -0.079160 0.087013 -1.325200 -1.326132 -1.651825 -0.360107 0.471098 0.255762 -0.461803 1.686561 -2.447701
24 0.630241 -0.936737 -1.037423 -0.087661 -0.333137 -0.206084 -0.200199 -1.340790 -0.072910 1.116502 -0.317934 -1.955972 0.304530 0.071053 -0.607806 0.814534 -0.287465 -0.669199 -0.764217 0.586201 -0.369047 -0.563537 -0.054665 1.484360 0.617178 -0.933979 -0.441032 -0.011572 0.609504 -0.355223 -1.083546 0.587092 -1.898390 0.318231 -0.220314 0.327279 0.006210 0.060136 -0.403489 -1.239781 -0.786961 0.904147 0.081245 -1.645285 2.268835 -0.127812 -1.353962 -0.099615 0.591455 -0.528246
25 0.032023 1.089210 -1.220818 -0.779305 -0.532177 0.675355 0.430653 -1.048557 -0.632387 0.162487 -1.450845 0.893795 -0.809739 2.498331 -0.508768 0.832597 0.122784 -0.093122 2.056365 -1.236676 -0.414592 0.745451 1.343676 1.460317 0.993569 0.923858 1.998197 -1.205379 -0.889072 0.743919 0.061803 -0.304641 -0.609003 0.716973 0.454011 -0.700609 -0.743790 -1.304584 1.130128 -1.457355 -1.465906 -0.177629 0.468898 -1.730978 -0.214371 -1.093524 1.795699 0.207435 -1.159167 -0.484869
26 -0.730317 1.564395 -0.074465 0.108509 -1.231934 -0.951204 0.914763 -0.174902 -0.297471 0.450434 -0.406392 0.197162 0.458516 0.789719 -1.980451 -1.611908 -1.203985 1.558843 -0.794134 0.562933 0.884667 -0.183321 0.195051 0.697395 1.514056 -1.195128 1.198466 -2.139430 -0.980930 1.730147 0.696186 2.360524 -0.350759 0.408967 2.049884 -0.484060 0.596090 -0.096885 -1.246335 2.066048 -0.258012 -1.245451 0.830664 -0.238219 0.651169 2.244460 -0.079622 0.637510 -0.704464 -0.473679
27 -0.904940 -2.133428 -0.786311 2.855313 1.296102 -0.561900 -0.296630 1.474918 -0.611673 1.067416 2.269073 0.937519 1.493800 -0.675972 -0.039506 2.037615 0.389296 1.857294 2.114477 0.389146 0.077125 -1.278845 -0.765533 0.087631 -0.362181 1.592062 0.555890 0.455391 -0.295718 -0.879667 -1.621879 -0.001164 -1.538309 -0.642591 0.144680 -0.977361 -1.089598 -0.092393 -1.633189 -0.113762 -1.035804 1.167359 0.053553 0.420227 1.554915 -0.422864 1.762621 0.463231 -0.304778 0.051524
28 -1.131153 0.551887 -0.946584 0.879616 -1.416549 0.391804 -0.293178 1.964855 0.947928 0.974200 -0.407087 0.015334 -0.419263 0.343520 0.000193 -0.429423 -1.645005 0.933046 -1.771969 0.419764 0.345436 -1.197427 -0.497013 -0.404599 0.750747 -0.218286 -1.318847 0.864292 -0.852666 0.243568 -0.892195 0.230001 1.462341 1.738211 -0.591503 1.172818 0.173197 -0.388282 1.968537 0.298969 -0.141324 1.123982 -1.100341 0.337284 0.319582 -1.592422 0.149092 0.067068 0.540441 -1.342845
29 -0.309384 -1.966284 -1.179292 0.675064 0.871690 -0.861877 -0.583943 -0.457939 2.379522 1.276872 0.381178 -1.518102 0.474554 -0.051968 0.607973 2.455751 0.887499 -0.224788 0.128597 -0.424849 1.831800 0.973228 0.947216 0.102873 1.848129 0.563668 -0.430712 0.921082 0.054567 -1.124010 0.921850 -0.478675 0.421086 -0.175763 -0.896727 1.622827 -0.031604 -0.596396 1.283901 0.244277 0.558061 0.254462 -0.305354 -1.594306 1.331021 1.766287 0.378552 -0.658020 0.434274 0.585150
30 0.112599 1.695652 -1.849700 0.294016 0.372480 0.599020 -1.101775 0.803024 -0.380318 1.315395 -0.097045 0.785914 1.274714 -1.178460 -0.770772 -0.066137 -0.723821 1.960667 0.741656 -0.138024 0.300040 0.234227 0.271136 -0.510605 0.523171 -0.033617 -2.320874 0.799495 -0.419935 1.356393 0.052868 1.035511 -0.883133 0.190804 2.651764 2.501090 1.938085 -0.966400 2.196424 -1.189333 -0.965083 0.578507 -0.813895 -0.417340 2.448506 0.471243 -0.201483 0.533040 -0.811012 0.523809
31 1.913300 -0.560898 3.056014 0.546026 0.655390 0.211382 -0.192531 -1.437972 0.841857 0.315581 -0.935444 -1.462675 0.832046 0.420832 -0.114097 -0.783101 -0.148626 0.220533 -0.957199 0.069364 -1.262774 0.291754 0.763853 -0.396092 0.929686 1.815018 -0.610589 -1.030249 1.024004 -0.675080 -1.094594 -0.166747 3.965718 -0.435885 3.087854 1.761514 0.732949 1.026181 -1.955472 -0.129681 0.811561 -0.512241 -0.325024 -0.203730 1.416380 1.259786 0.417957 -1.646973 0.027348 1.583183
32 0.718863 0.004779 -1.442798 -0.623650 -0.250097 0.426729 0.507972 -0.086837 0.819612 -1.380576 1.858525 -0.446888 -1.762884 0.452710 0.152683 -0.507104 1.117807 -0.840699 -1.346362 -0.018470 -1.713425 -0.849116 -0.594477 -0.906170 0.599378 -0.691448 0.276714 -0.376754 1.450808 -1.016167 0.452182 0.480183 -1.286700 -0.393843 -1.132412 1.329761 0.208604 0.212849 -1.279405 1.381105 -1.635902 0.220665 -0.648181 0.333566 -1.817659 0.348910 -0.206190 -0.407876 1.731132 0.334925
33 -0.939053 -1.784803 -0.522652 -0.180006 -0.907906 0.894817 0.454678 -0.894297 0.289598 0.830002 0.930877 0.246445 -0.353459 0.172962 -1.418402 1.467242 1.159700 0.309060 -0.092684 0.050122 0.854544 0.419825 0.415812 0.020145 -1.583869 -1.959579 0.179370 0.468743 -0.500869 -1.145276 -0.580417 0.727760 -0.400569 -0.395997 -0.128422 -0.461534 -0.152500 1.935237 -0.978212 0.967991 0.363853 -0.203234 -0.658711 -0.516501 0.081021 0.515068 0.494161 -0.380152 0.361696 -0.892393
34 0.487957 -0.935002 -1.049538 2.329404 0.700410 1.359451 0.997181 1.626280 -0.097564 1.021376 -1.328264 -0.022614 0.836733 -0.136289 -1.926480 0.820293 0.225982 -0.846337 -1.399499 0.031178 2.109223 0.954442 1.442229 1.225109 -0.651825 0.229499 -0.458484 -0.049814 -0.697585 -0.032557 -0.693439 -0.338063 -0.728281 -0.625110 -0.535407 -0.089305 1.457969 0.785498 -0.146664 0.173129 1.256559 1.550119 0.722388 0.622838 -0.431678 1.907598 -0.905190 -1.984080 -0.241166 -0.399740
35 0.474408 1.172608 -0.540479 0.180939 -1.874069 0.424429 -0.465913 -1.301297 -1.969067 0.698906 -0.319017 0.186882 -0.125011 -2.067174 0.393789 0.647885 -0.969512 0.614453 1.376640 -0.264476 0.879011 -0.015641 0.191614 -0.867511 -0.734071 -0.369002 1.890622 0.009780 0.023906 -1.084053 -0.830800 -2.288574 -1.371701 0.967410 -1.158269 -0.719196 -0.660325 -1.400610 -0.433844 -1.527408 0.413600 -1.444887 -1.253786 -0.042759 -0.226487 -2.071295 1.343853 1.318094 -1.970908 -1.028706
36 -0.064928 -0.723280 -0.750662 -1.540736 -2.217220 -1.438690 -0.114532 1.241479 0.815532 -1.338103 1.071120 0.872340 -1.508099 -0.245936 -1.092742 0.677606 -1.210097 -0.352985 0.526940 -0.264659 0.311279 0.477100 -0.918040 0.142976 0.096416 -0.632940 -1.272998 -0.361480 0.105964 -0.477485 -0.374151 -1.167484 -0.547026 -0.196642 0.043627 -0.083876 -0.984420 1.286589 0.684917 -1.579820 -0.328144 -1.507686 -0.671755 0.463261 -1.523338 0.961714 -2.076956 1.179080 0.192054 0.336583
37 1.951368 1.933978 -0.997686 0.561386 0.815871 1.734462 0.609898 0.859313 -1.540158 0.929483 0.900861 -0.092421 -0.692066 -2.521551 1.407121 -1.477220 -0.198592 -0.855881 1.769864 -1.174978 1.253546 -1.514038 2.086625 -0.587304 -1.249918 1.083830 0.153932 1.031185 -1.689508 1.102690 0.387526 -0.929605 -1.359388 0.344340 1.237594 1.674952 -0.443128 -0.748317 0.088365 -0.704595 -0.322479 0.983649 1.015014 0.725746 -0.760186 -0.570473 -0.160547 0.715293 0.672052 -0.885928
38 -0.885248 -1.255274 -0.865063 -0.320496 0.104913 1.356327 0.541111 -0.749730 1.147507 0.556207 -0.840493 0.065540 1.019317 -0.956007 -1.045067 0.086306 0.722777 0.335533 1.216976 -1.949437 -2.290942 -0.614242 -0.182309 0.565140 0.718523 0.338074 -2.044703 1.007164 2.181184 2.348290 -0.648549 -0.180090 0.708257 0.374510 0.148146 -0.015385 -0.925622 -1.415178 -0.297434 0.488773 0.054868 1.023726 1.035783 0.812831 0.900268 0.404902 -2.131638 -0.742765 -0.432159 -1.194910
39 -0.188529 0.738011 0.616627 -0.038385 -0.947409 2.420933 -1.128663 -1.262058 1.086901 0.335807 -1.095447 -0.443480 -1.316094 -0.020588 0.032966 -2.955299 -0.862296 0.236707 1.024309 0.074370 1.456378 0.210576 0.210076 -0.370061 -1.458672 -1.704735 1.605870 -0.119439 0.459577 -0.919998 -0.229304 -0.366945 -0.680135 -0.783910 0.227366 0.128064 -1.196126 0.497855 -0.637383 0.590081 -1.502038 1.342397 1.813722 0.354624 -0.604261 -0.482222 -1.818417 -0.573088 -0.016799 -2.478408
40 1.338886 -1.281030 0.875287 -1.261279 -0.306853 1.052677 1.577866 -1.270886 1.171510 -0.282170 0.474774 1.882732 -0.990238 2.127859 1.164257 -0.058059 0.297577 1.483366 0.427183 1.193232 0.800381 -1.256121 -0.767523 -0.372915 -0.329988 0.227865 1.721750 0.768205 -0.520621 0.586133 -0.305497 1.660941 -0.612351 0.317193 0.152161 2.089532 0.260617 -0.013419 0.589135 -0.148615 -0.245768 0.417676 -0.103101 -1.295138 1.915070 0.705708 1.045788 1.250850 1.979654 -0.522428
41 1.015389 -0.449311 -0.364336 0.275123 -0.804661 -1.885987 0.346920 1.165804 1.503345 -0.845888 0.212949 0.485977 0.776957 0.570894 2.054388 0.349617 0.113031 -0.688506 0.392129 -1.574649 0.106693 -1.618895 -0.987015 -1.089349 0.732232 -0.453044 -0.661733 -1.146546 0.771165 -0.592780 0.334104 0.189721 -1.409852 1.451880 -0.911029 0.035539 0.940495 -0.364960 0.964382 -1.902823 0.425969 0.693239 0.351537 1.078792 1.483673 0.483936 0.850862 -0.325205 -1.658824 -2.571913
42 0.518429 1.025909 0.704579 -1.709650 -0.409112 0.772845 2.040585 1.312675 0.303396 1.395277 -0.351595 2.088735 -0.386114 -0.160542 1.825745 -1.490531 -1.303895 0.403086 -0.723628 -0.442928 1.126441 1.554063 0.204298 0.790816 -0.555741 1.323571 0.288313 -0.262413 1.197936 -0.593859 -1.668967 -0.735646 -0.532081 0.444369 -1.333386 -1.350689 -1.311393 0.143418 0.012725 -0.260225 0.090589 1.429277 1.544686 0.256346 0.393866 -0.505334 0.315633 -1.034416 -0.931401 -0.343057
43 0.028350 1.403219 -2.004982 0.012111 0.111277 0.037273 -1.170776 0.123475 0.247088 -0.962460 1.391916 -0.423190 0.486859 1.869251 -0.157551 1.097983 0.598255 0.198473 1.184932 1.113514 1.003529 -1.297867 -1.069519 -0.438470 -0.208076 0.792746 0.416042 -0.386373 0.588305 1.377954 0.085156 -2.114932 -0.236497 -0.055479 0.706549 1.643909 -0.925233 0.293918 -0.324342 0.129895 0.278189 -1.344099 1.062824 1.508298 -0.547455 -1.941346 0.079248 0.285822 -0.152865 2.487401
44 -0.179999 -0.983232 -0.351143 -1.489335 -0.688769 0.028195 0.958177 -2.061725 0.280940 0.488425 -0.706498 -2.429354 -0.407391 0.839226 -1.304689 0.254982 -1.353344 1.059064 0.880404 -0.671858 -1.093712 -0.284500 0.045487 -0.417935 -0.951655 1.085105 -1.376991 -1.228761 1.029112 -1.121861 0.857418 -1.878666 -0.330495 -0.326475 0.012314 -0.186332 1.266181 -0.424015 -0.173911 -1.588634 0.040298 -2.153993 0.189481 -1.960244 2.224972 0.414054 -0.213342 0.102565 0.318537 0.196566
45 0.750618 -0.542912 -0.058098 -1.162444 -0.063686 -1.102097 -0.430826 0.155275 -1.253521 -2.123526 1.001466 1.183038 0.484918 0.861264 0.311569 -0.335872 -1.146682 -1.010549 -0.328868 -0.883830 1.938241 -1.805832 -0.934525 0.403613 0.834131 -0.551446 -1.139785 0.800351 0.917594 1.697278 0.373177 0.743425 0.399866 -1.926653 -0.060702 0.219814 0.093421 -0.944468 -0.177199 -0.130767 -1.203152 0.245430 -1.491757 -0.044680 0.743462 0.134080 -0.813135 -1.932607 1.842056 -0.782241
46 0.661639 0.832745 0.246884 -0.122099 -1.276808 1.189906 0.341332 0.750869 -0.332917 0.027340 -0.771050 1.593992 0.874773 1.896495 -0.419133 0.689713 -1.717781 0.228057 -0.459331 1.222564 1.653851 -1.044201 0.357360 -0.581785 0.428279 0.905619 2.825550 0.414227 0.248102 -0.243319 -1.432020 0.112903 -1.529825 0.197383 -1.716401 -0.599789 -1.586665 -0.765338 0.764619 1.384290 -0.107119 1.297379 0.568286 0.261317 0.988028 0.346717 0.928108 0.022057 1.945164 -1.614444
47 -1.271900 -0.979358 -0.477009 -1.533835 0.337389 1.015235 -0.918624 1.480084 -0.052510 1.033675 -1.691388 0.437789 -2.216551 -1.083366 -0.965966 0.762440 1.379056 -1.162095 0.115070 0.318564 -0.592839 -0.893233 -0.754137 2.142275 0.502114 -0.240588 0.145203 0.690703 -0.477386 1.078395 0.347631 0.293999 1.133365 -0.041053 0.487409 0.634311 0.246418 0.112726 -1.196572 -1.183502 -0.500939 0.401441 0.879280 1.643862 0.334862 -0.979630 0.994684 0.689114 1.127114 0.360510
48 0.540161 1.973723 -0.226666 0.758599 0.293635 0.563222 -0.913010 -0.664089 1.811630 0.154863 -1.668186 1.392596 -1.611111 0.772405 2.720166 0.826010 -0.505564 -1.436863 -0.549104 1.377366 1.611636 -1.324294 0.742264 -0.979632 -1.174433 -0.835429 -0.316394 1.676390 1.394768 -0.738921 0.493994 -1.409954 -0.167919 -1.083993 0.114979 -1.070970 0.790256 -1.374020 0.077844 -0.823380 -0.352812 -0.217592 0.898724 0.173943 -0.620795 0.583989 0.965593 1.431628 -0.739055 -0.965297
49 1.166998 -0.119143 1.264071 1.186464 -0.084939 1.371854 0.806929 -0.026503 -0.474516 1.238376 -0.921239 0.399642 2.596953 -1.853215 1.241365 0.331326 0.328323 -0.613614 -0.979920 -0.395552 -0.118959 -0.273214 -0.701791 0.543207 1.200438 0.967632 -0.161950 0.272351 -0.578152 1.429276 -0.421180 -0.043177 -1.113308 -1.459423 0.455945 2.415608 -0.437022 -0.475632 0.279850 1.342006 0.101312 0.076717 1.055684 -0.133719 -0.613112 -0.080642 -1.627610 -0.364653 -0.847717 0.408797
50 1.159424 0.461645 -0.413139 -0.613232 0.257781 0.450583 0.423243 0.927049 -0.517078 1.334967 1.671619 -0.577912 0.741837 0.536709 0.647311 0.893430 1.099288 0.646970 0.834350 0.852649 0.732147 0.433610 0.157148 -0.214675 0.397433 0.332320 1.209822 -1.188047 -0.533944 1.956091 -0.567516 0.412946 -1.168162 0.821622 -1.797531 0.852121 0.859951 0.351324 -0.635497 0.638727 -0.114807 -1.434989 -1.307705 1.090760 -1.036007 -0.650547 -0.868804 0.061466 0.785046 -1.202865
51 1.688686 -1.221581 2.466463 1.861420 -0.013208 0.139984 0.209591 0.416298 0.659759 -0.406741 1.149298 0.045102 -0.849083 1.336996 -2.620839 0.906397 -0.093437 -0.267651 -0.154989 -0.875776 -2.031988 -0.179581 -1.656730 -1.312131 -0.479941 -0.483491 0.192730 -0.894420 -0.617688 -1.028139 -0.608880 0.187673 -0.770568 -0.184933 -1.454415 -1.205795 0.539077 1.839946 0.281163 -0.789497 0.032836 0.006186 1.711546 -0.137457 -0.279594 -1.277211 0.254833 -2.009335 -0.050298 0.599319
52 0.279368 0.450448 0.762774 -0.840248 -0.486596 -0.792467 0.091131 -0.949269 0.395125 -1.013369 -1.688137 -0.589285 0.201578 0.057450 0.745732 -0.006086 -0.276753 -0.190011 -0.149215 1.112259 -0.365197 0.050784 -1.373540 -0.159868 2.647872 -0.445691 -0.354767 -1.231293 0.718923 -0.844141 0.702512 -0.030788 -0.635221 1.191965 -0.478846 -0.533231 -1.316045 0.605633 -2.046347 2.906535 -2.045898 -0.272621 0.710299 -0.718028 -0.351182 1.373968 -0.521078 0.292195 -0.123127 1.259682
53 -0.945441 0.902260 -2.045491 1.631976 -0.598586 1.031908 1.244276 -0.671103 -0.424003 -1.779692 -0.330192 1.093241 2.213453 -0.951084 -0.385199 0.643032 0.731013 -0.516502 2.510374 1.563328 1.024640 0.377276 0.730551 -0.237551 0.596304 -0.976967 -0.651239 1.523175 1.163774 -1.042117 -2.005042 1.029214 0.981874 1.158657 0.878465 -0.312511 1.607248 0.901403 0.482029 1.074244 1.231201 0.679920 -0.722088 0.406603 -0.446013 -1.856747 0.420540 1.401040 -1.348622 0.206484
54 0.239603 -1.439263 -1.647956 -0.333925 1.359956 -0.880254 -2.135808 -0.854133 -0.007642 -0.930716 -1.726484 -0.014080 -1.159436 -0.859094 0.190159 -0.504449 0.104795 0.482095 -0.052276 -1.621660 0.690960 -0.423992 -0.042002 -0.142240 0.820335 -0.734838 0.032300 0.052812 0.185325 -0.358336 0.166386 1.218667 -0.418339 -1.864237 0.371049 0.686287 1.080388 -1.186606 1.328164 0.802439 0.069382 0.099622 1.941041 -0.307731 -0.821372 0.501341 1.007871 -0.903853 1.783417 0.142269
55 -0.071965 -0.308460 -0.198324 -1.092390 -0.137501 -1.263465 -0.068757 0.646023 2.907265 -0.709415 0.432120 1.204930 -0.452255 -0.666573 -1.238114 0.107977 -0.279385 1.161482 0.148928 -0.181619 -0.172143 -0.543187 1.830568 -1.300851 -0.184449 -0.176947 -1.184275 -0.563288 0.694331 0.596204 -0.091961 -1.255553 -0.746785 0.245783 0.295597 0.216717 0.808845 0.084986 0.392228 -0.725949 1.766163 0.314957 1.023934 -0.099551 -0.305801 -0.225192 -0.600660 -1.053581 0.139884 0.065012
56 -0.506641 0.315535 -0.470045 -1.057427 0.558652 0.815746 -0.424990 2.136215 -0.488259 0.411233 0.564689 0.238630 -0.020224 -0.317944 -1.959307 -0.407930 0.733995 0.696932 1.396790 -0.305674 -0.994561 -0.215040 0.361277 1.098055 -1.431042 -1.367644 -1.577601 0.072067 1.151411 1.232912 0.232911 -2.367794 2.093130 0.485099 -1.106178 0.590833 -0.889041 0.468054 1.594401 -1.184456 1.785981 -0.046388 -0.273945 -1.274891 -2.582125 0.202932 0.057238 0.266931 -0.237793 -0.879542
57 -0.323194 1.542273 1.766002 -0.227808 1.226366 1.992731 0.035782 0.568083 -0.994508 -0.963815 0.235629 1.239803 -1.059844 0.615100 -0.307840 -0.321413 -0.512968 -0.509329 -0.170885 -1.747857 -0.930232 -0.549692 -1.036943 -0.965946 -1.008725 0.134934 -1.353600 -0.885623 0.034313 1.984197 0.978793 1.652700 0.331290 -0.310129 0.227334 -0.253172 -0.496126 0.516171 -1.640443 1.368265 -0.528555 -0.488362 -0.910526 0.710649 -0.391501 1.996667 -1.402090 -1.529130 0.827891 0.483050
58 -0.863644 -0.957164 -1.031801 0.148604 -1.000890 -0.295483 -0.007755 0.097623 1.390015 -0.315993 0.255746 -2.150285 -1.100887 0.782483 2.386564 -0.445838 0.909078 1.608206 0.407270 -0.376204 1.617352 0.699185 0.028857 -0.537061 0.564522 -1.804006 -0.027951 0.566526 1.733470 -0.088853 -0.318963 1.141563 -0.420726 -0.969109 0.471963 -1.333612 0.104202 1.210906 1.264643 0.509265 0.564252 -0.109832 -0.147627 0.899473 1.070113 0.478857 -0.290984 0.320987 2.191058 -2.583954
59 -0.584329 -2.362420 -0.213696 0.147933 -1.450315 0.158766 -1.255429 0.321242 0.703426 0.708406 -0.088125 0.126843 0.388741 -1.069464 2.413930 0.035647 0.543155 -0.594569 -0.745545 1.021158 -0.417061 -0.813465 -0.456711 -1.015735 -1.373728 0.799129 0.020442 2.042452 -0.359662 0.157397 0.068521 0.696542 -1.509706 -1.145041 3.479543 0.144325 -0.239576 -0.503785 0.092937 0.430828 -1.605998 -0.507604 -1.622307 1.320937 0.256587 -0.573771 -0.235410 1.481595 0.282346 0.443783
60 1.811630 0.637616 1.137198 0.578135 -1.342243 0.385324 -0.299352 0.345946 0.890651 -0.058280 2.223175 0.935584 -0.958520 1.820245 0.753233 1.236196 0.286687 1.880329 -0.653530 1.005404 1.377782 1.323676 1.959947 0.521867 0.988663 2.122217 -0.496864 0.466049 1.769951 2.329000 0.326125 1.039623 0.429483 1.806033 0.954425 0.222264 1.209222 0.699311 1.445579 0.880430 1.314590 1.908245 0.373433 1.690040 0.579601 -0.824296 0.495821 2.261712 1.441189 -0.731656
61 3.069708 0.951041 0.941916 1.220772 -0.149303 1.968193 1.205425 -1.035583 1.167951 -0.008639 1.035484 -0.542233 -1.198105 -0.430282 1.314752 1.366212 0.070835 -0.431504 2.186840 0.882531 -0.189521 0.492666 1.263573 0.290063 0.216135 0.861753 0.223740 0.939918 1.737014 0.254046 1.625136 0.546382 0.656686 3.051375 0.730038 1.395579 2.781541 -0.290273 -0.134894 1.835754 1.205156 -0.703550 0.676117 1.019904 0.897982 1.813469 1.373958 0.998504 1.287686 1.595240
62 1.043538 0.035910 -0.255623 -0.376736 -0.935139 -1.130994 -0.387803 3.168752 -0.172622 -0.010978 -1.238215 0.480171 0.709945 -0.970004 2.253109 0.088395 1.740338 -0.113882 -0.996383 1.777849 0.522480 -0.010007 0.634704 2.187723 1.086634 1.416754 -3.195761 0.929141 -0.035025 -0.707135 1.763811 -0.593334 -1.510766 -1.165409 0.175716 1.564293 0.275017 1.548808 -2.119349 -0.086879 2.024964 0.117825 -0.262838 -1.017451 1.409121 -0.030862 1.249677 -0.953761 1.092438 -1.262610
63 -0.464146 -0.343939 -2.396618 0.063111 1.978681 -0.464808 -1.184598 -1.468151 -0.450587 -0.146307 -0.977267 -1.987012 1.534411 0.370225 -0.253523 2.331470 -0.147749 -0.206444 -0.605716 0.976302 1.523835 0.703138 -1.058695 -0.724162 -0.171055 -0.189130 0.065650 -2.109867 -0.363329 -0.500148 -1.252562 -0.101057 -0.727282 -1.506345 -0.919862 -0.433460 0.391638 0.647328 0.597541 0.967208 -1.621089 -0.794930 0.884231 0.954546 -0.123599 0.814554 -3.341582 0.010513 -0.200628 -0.175504
64 -0.179483 1.150319 -0.266747 -0.301012 -0.883206 0.014778 0.087693 -0.275481 0.181123 -0.569209 0.322491 -0.451783 1.826336 0.626316 -0.693382 -0.498372 0.623868 -0.357248 -1.700738 -0.288456 1.606382 -1.151988 -1.926097 -0.635975 -1.009270 1.528021 1.191819 -0.213630 -1.116258 0.580923 -0.946237 -1.537790 0.575957 -0.130248 -0.518833 -0.416664 0.000970 1.109718 -0.120593 -0.337071 0.101085 0.132923 -0.338192 1.111939 1.987116 -1.468816 -0.319234 -1.348092 -1.386179 -0.402808
65 0.914905 0.453300 -1.057974 -0.054014 -0.802342 -1.121630 -0.303193 -1.366951 0.155986 1.591674 -0.676541 0.002547 0.629384 0.153198 1.368795 -1.687639 -1.812559 2.484730 -0.119086 0.402809 2.036921 0.426087 -0.725171 -0.712708 -0.736627 0.109126 0.261164 -0.803450 -0.503416 0.683936 -0.023172 -0.716239 0.210747 0.889138 -0.106394 0.737484 0.978733 0.222452 0.016964 -0.052863 0.372356 -0.039546 -0.613213 -2.996279 -0.013654 -0.066625 -0.949062 0.202015 1.369478 -0.726236
66 0.181221 -0.017336 1.152935 -2.026449 0.066884 -0.504412 -0.761230 0.250870 0.129299 -0.720316 1.245915 0.252841 0.435687 0.269045 2.037329 0.133338 -0.575143 -0.185063 -0.952756 0.195992 -0.797025 0.962907 -0.817568 -0.094282 -1.083210 -0.177899 -0.172798 -0.112760 0.650505 -0.708844 -0.456615 2.697848 1.303844 -0.175714 1.215288 2.573685 -0.567601 0.445300 0.931647 0.079382 1.701845 1.004417 2.026581 -1.268671 0.207125 0.530697 -1.117359 0.901236 0.554550 -0.384351
67 3.495904 -0.721042 0.573237 -0.586972 0.807376 0.214854 0.246986 0.784807 0.556866 -0.603701 0.411713 -1.076845 0.072205 -1.987755 0.357039 -2.085893 1.315241 0.398763 -2.474023 0.429308 -1.568751 0.193227 -0.505486 -0.406516 0.247259 1.591341 1.105856 1.211492 0.630448 -0.211760 -0.981950 0.132462 0.581320 -1.704010 -1.377751 -0.832521 -0.657921 -0.709777 -0.189065 -0.567949 -1.115998 -0.061217 2.707420 -0.977465 0.481087 -0.317829 0.556856 0.304541 0.706717 0.315724
68 -0.125993 0.859406 -2.295712 0.198115 -2.083949 2.559257 -1.231672 0.786683 -0.438179 0.556517 -0.256356 -0.096278 -1.461419 0.650188 1.320243 1.046966 2.127612 1.163045 0.470213 0.134221 -0.417845 1.421460 -0.076593 0.784176 1.040182 -0.606815 0.012224 -0.650709 -0.851765 -0.796304 0.137649 -0.021538 -1.841043 -0.554861 -1.084520 -0.515468 4.176884 -0.803158 -0.984669 -0.289648 -0.469714 0.375556 -0.216536 0.519057 -2.917593 -0.892069 -0.581778 1.894029 0.369110 0.596057
69 0.447080 -1.542449 0.201903 -0.400671 1.320097 -0.808135 -1.168860 2.079949 -0.405169 0.629388 -0.616857 0.690571 -0.936821 -0.485618 1.323207 -0.018260 1.602109 -0.027028 2.104027 -0.337295 -0.101039 0.125041 1.329035 0.318226 -1.015329 0.398783 -0.059878 -0.764687 -0.086980 -0.989815 -1.174837 -1.109155 -0.253464 -0.274307 0.136845 -0.769106 -0.897514 -0.639186 -0.081577 0.573778 1.452168 1.013647 0.093213 1.059848 -1.395126 -1.164051 -0.149139 -0.200840 0.051449 0.458749
70 1.438515 2.576526 -0.232494 2.098583 1.986007 -0.637785 -0.816148 -0.319117 0.878495 0.280048 1.614566 1.516789 0.971086 1.524132 -0.052482 3.052386 0.639420 -0.065647 2.197739 0.160334 0.957846 1.820995 0.671325 2.709208 1.534184 2.397417 0.019044 0.208306 1.079927 0.261563 1.494802 -0.033120 1.332774 2.055650 -0.070151 1.851566 0.615572 2.701067 1.078183 -0.254304 0.562662 1.454852 -0.016792 -0.340755 2.645912 0.291764 -0.000944 -0.708187 0.721946 0.590903
71 0.740633 0.591566 1.214602 -0.380011 -0.860648 2.160549 0.638116 0.659072 2.551472 -1.589545 1.270192 -0.572087 -0.079974 0.206292 1.341357 1.740189 2.573865 -0.294105 1.252274 2.461548 -0.203623 1.073313 -1.295250 -1.298385 3.207309 1.359640 -0.165321 0.519814 3.157783 1.457947 1.405536 0.223229 1.118546 0.312740 0.753267 2.044884 0.655282 0.774808 0.935433 0.764153 -1.235276 2.112702 -0.935870 0.677263 0.424320 1.780911 2.307260 0.604866 -0.265313 1.332985
72 -0.900964 1.381472 2.287812 -0.672024 0.754211 -1.254896 0.837040 0.404686 1.100708 2.120805 -0.673323 0.429730 1.116476 0.611790 2.260125 1.635669 -0.354937 -0.583353 0.227381 1.308372 2.772096 -1.324864 1.910287 1.064037 -0.840421 0.074119 -1.558283 1.063433 0.940297 1.489991 1.870795 2.079724 1.129016 0.241748 0.390644 1.858617 1.582489 0.623336 0.331589 1.832323 1.440916 -1.010423 -0.764249 1.395390 -0.058093 0.438441 1.653657 2.954423 -0.150071 1.564802
73 -1.227622 -1.602059 -0.468389 2.080422 -0.655107 -0.211622 0.525340 -0.381389 -0.614103 -0.606720 0.453738 0.919191 -0.629032 -2.081080 0.317503 -1.943715 1.051091 -0.249528 0.595263 0.763909 -0.463022 -0.605851 -0.622767 0.344403 -1.048813 1.747716 -0.495978 -0.310487 0.671655 -0.436105 0.484947 0.122349 -1.639343 0.914055 -0.132940 -1.251971 1.799402 0.777136 -1.992824 0.681467 -1.115967 -0.776171 1.940027 0.362656 0.397246 -0.641967 0.977392 1.182323 0.058773 -0.620069
74 0.307579 0.011696 1.144756 0.052622 0.132432 0.768525 1.478943 0.489967 0.823886 0.016081 0.117883 1.527702 -0.446805 0.528963 -1.711927 -0.128071 1.279234 -0.664231 1.130418 0.436869 1.602375 -2.061710 -1.734786 2.791354 -1.391238 -0.268244 -0.752956 -1.237331 -0.271244 0.819497 0.030575 0.717479 -0.887238 -0.712425 1.308873 -1.761147 2.931366 0.407021 0.430945 0.085343 -0.350640 -0.271847 1.238212 1.029838 0.524562 -0.096400 0.235222 -0.503311 -0.418156 -0.380225
75 0.040752 -0.413166 -0.652717 0.616209 -1.173696 0.791579 1.130519 -0.715919 -0.664791 0.507695 -0.007157 -0.688511 0.446308 -0.499183 1.227173 -0.518678 1.165973 -0.632471 0.918177 -0.437584 0.839406 -0.296251 0.446668 -0.225450 0.770129 -0.543735 0.218156 1.262185 0.319068 0.325782 -0.131477 0.356852 1.340537 -1.197110 1.200694 -2.268829 1.039832 -2.548067 0.655151 -0.685353 0.172829 -1.293190 1.090857 2.298520 1.308114 0.901087 2.412317 0.192475 -1.472794 1.195145
76 -0.326286 -0.894749 -0.407521 -0.004178 0.037259 0.267635 -0.077252 -1.021984 -0.507493 -1.629398 0.224260 0.907574 -0.528173 -0.170792 1.941923 0.748579 -0.265142 -1.656624 -1.639392 -0.552497 0.335717 -0.222330 -1.515081 -0.232560 -0.941072 -0.399088 1.516079 -0.086753 0.697965 -0.044256 0.339126 -0.945199 -1.009465 -0.427134 0.888825 1.082593 1.383179 -2.045747 -1.945806 -0.733809 -1.039811 -0.251522 -0.956626 -0.572843 -0.745271 1.414262 0.653459 0.120097 -0.197017 -0.212500
77 0.425565 -0.582786 -1.089082 -1.158085 -0.015324 0.265503 1.170758 0.132709 -0.331640 1.032296 0.070855 -2.013678 0.531619 0.514517 0.959954 0.338520 0.065254 -0.395412 0.514613 1.022995 -1.019823 -0.784812 0.594106 0.912087 1.202825 0.795841 -0.479439 -0.186693 0.531426 -0.026060 1.177212 0.269587 -0.092716 0.530560 1.476622 0.139095 1.167396 -0.701108 1.207668 -1.275880 1.461598 -1.317432 0.350731 1.394549 1.252547 -0.202290 0.196330 -0.422679 -1.737799 0.431667
78 1.693569 0.461040 -1.256362 -0.085322 1.059220 -0.940663 -0.640795 -0.633481 1.417475 0.155637 0.569321 -0.105477 0.162220 -1.212698 0.034049 1.095236 0.394736 -0.543492 0.543672 -1.638272 -0.878920 1.584762 0.155094 1.518034 0.316324 -0.312322 1.297057 0.156137 0.085991 -0.249515 -0.029219 -0.865536 -0.806383 0.082696 -0.037695 0.514014 1.348060 1.016280 0.610617 1.156051 -0.033988 -0.153787 -0.714076 0.766518 -0.838431 -0.010873 -1.293108 1.024009 -0.036318 0.632459
79 -0.739032 0.137231 1.225321 0.229184 1.210872 -1.962831 0.503154 -0.901153 -0.071071 0.874290 -2.672285 0.508040 0.245931 -0.844578 1.195227 -0.178020 0.397953 0.909161 -0.935820 0.943707 0.332014 -0.086056 0.037397 0.750758 -0.735509 0.249508 0.710619 0.212628 -0.641510 -0.566814 0.763484 -0.507517 1.033310 -0.845549 1.317047 0.131859 0.092010 -2.875843 -1.406949 -0.923752 -1.028557 -1.262049 0.280387 -0.482610 1.597219 0.402207 0.355003 0.234672 -0.310200 0.862020
80 0.291643 2.585854 1.696115 1.388548 2.012406 -0.427915 -0.660741 1.232450 2.280267 -0.665914 1.781850 0.260386 -0.498619 1.932384 1.605597 -0.083517 1.807860 -0.278542 2.161771 0.696946 0.746216 1.856765 2.048942 1.689256 0.978102 1.321346 0.321921 1.163069 0.879643 1.999663 1.379828 -0.097611 1.085677 -0.239946 1.648742 -0.541539 0.905575 0.431082 -0.517560 1.332062 0.956498 1.678526 -0.954925 2.320268 3.334026 0.121276 0.410263 -0.144554 1.290456 0.071541
81 -0.528502 0.682282 0.723558 -0.501169 1.641293 0.477966 1.619567 0.587858 2.771636 -0.201415 1.378147 -0.200091 -0.285618 1.409229 2.116664 2.729784 1.030850 -0.187437 -1.085250 -0.881651 0.175431 1.510262 -0.351103 0.707094 1.129016 0.718169 -1.284258 0.932663 -0.381586 0.669296 0.701648 1.813865 -0.090123 1.329098 1.085826 0.361794 1.438806 0.107303 1.843461 0.595913 -0.642204 0.632986 0.377404 2.898368 0.618109 1.036678 0.289993 1.209389 0.974522 -0.103716
82 1.665557 -0.214747 -0.018650 1.609911 0.577715 -0.252623 1.425204 1.482883 0.259541 -1.122286 -0.128640 -0.762918 -0.542540 -0.495855 -0.583435 -1.311124 -1.358041 0.292557 0.763519 -0.046329 -0.066309 0.701075 0.941581 0.174198 -1.061582 -0.260888 0.452150 1.853440 -0.009973 -1.012349 -0.685810 0.763635 -0.302649 0.624110 0.177499 -0.741992 -1.450919 -0.188220 -0.071241 1.642904 -0.370065 1.024773 0.769681 1.868305 -0.943198 1.483772 -0.948813 2.620712 -0.676641 0.675390
83 -1.294379 0.033761 1.878200 -2.077392 0.662831 0.604313 -0.960863 0.197135 0.318341 0.964843 0.180876 0.775586 0.181921 -0.693685 0.658284 -1.942442 0.156814 0.231868 -1.956075 0.337049 -0.525686 0.602715 0.385404 1.432372 -0.210477 -1.781073 -1.204758 -0.342436 -2.073884 -0.084711 -1.623701 2.280536 0.069371 -0.731263 0.681640 0.537607 0.996606 1.910869 -0.277599 1.208104 0.397812 0.594547 0.658964 0.600215 -1.145065 -1.041326 -0.391074 0.952864 -1.048001 2.232296
84 1.306204 -0.036003 0.164380 -0.309937 -1.262424 -0.484217 -0.133235 0.172073 -0.255953 -0.078253 1.371872 -1.581220 2.792045 1.315809 -0.364648 1.376615 -0.205184 -0.679447 -0.054451 -0.711179 0.830435 0.185470 -0.570478 -0.352702 -1.250617 -0.899641 0.251496 1.374578 0.071968 -1.474541 1.240050 -0.527737 -0.618795 -0.120456 -0.804329 0.147489 0.521381 -1.115563 -1.133822 -1.306677 0.623461 -1.004474 -0.731444 0.843115 0.927635 -0.517532 -0.360796 0.396398 0.604565 0.869018
85 -0.980020 0.022898 3.019071 0.913771 -1.349855 1.149338 -0.426107 1.438496 0.564157 1.538784 -0.888459 1.670423 0.052852 -1.834658 -2.023060 0.161868 0.359506 0.251713 0.107244 -0.166624 0.976107 -1.478474 0.689650 -1.674281 0.138107 0.810425 0.958872 0.755075 0.190207 0.862512 -0.380193 0.741684 0.326878 -0.981836 -0.650008 -0.793849 1.697973 0.856649 -0.867093 -0.640202 1.077848 1.009889 0.291079 -0.251535 1.064104 0.328176 -1.419307 -0.224290 0.911775 0.823401
86 1.578183 -1.475983 -0.984407 0.280179 -1.255397 -0.851973 0.851069 1.021884 -0.697917 0.285098 0.286140 -1.614340 0.718770 -1.571714 -2.003754 -0.898919 0.508399 0.382878 -0.932061 0.202135 -0.650989 -0.721742 1.513516 2.611316 -0.627811 -0.732768 0.847725 0.480842 -0.473734 1.075783 0.585560 0.042304 2.030201 2.205377 0.235487 -0.581827 -0.594316 0.483721 0.082761 0.721015 0.839629 -0.662600 0.302388 -1.417755 -0.596824 -0.778428 -0.045506 0.635020 1.548875 0.306490
87 1.453041 -1.619225 -0.373525 1.093416 -0.323583 0.824108 0.138729 -0.778890 -0.534140 0.395278 -0.362440 1.480343 0.778468 0.802534 0.402620 0.099328 -0.146290 -1.452068 -1.082659 -0.752882 -0.758935 0.376796 1.080974 -0.848784 1.055640 0.146516 0.830213 -2.168506 -0.817447 0.018187 0.752694 0.989194 1.032092 -1.787592 0.357469 -0.531354 0.667201 -0.619469 0.804431 1.008421 0.244660 -0.765072 -0.845457 0.545073 -0.243627 0.153615 -0.011986 -0.079566 0.458337 0.090829
88 -0.664409 -0.199974 0.773293 -1.193480 -0.132623 0.686620 1.818413 -0.325896 -0.384257 1.135005 0.973900 -0.317690 0.999746 -0.177490 -0.163403 -0.540872 -1.237939 0.657808 0.030747 1.588147 -0.647529 -0.351221 -1.590831 -0.250778 -0.731494 0.087345 1.779871 0.725271 -1.264299 0.476178 -0.573280 -0.346318 -1.166989 0.396581 -0.019486 -0.118851 0.114308 0.038719 -1.871664 0.160261 0.527138 0.266705 0.730102 -0.345997 0.649940 0.251490 -0.345022 0.454928 -0.450324 0.087412
89 0.934540 0.940269 -0.891147 -0.079573 0.284525 -1.475629 -1.832492 0.117651 1.802517 -0.082507 0.049452 0.398280 1.608887 0.084480 -0.711861 -0.182061 -2.383603 0.726648 0.102674 -1.590819 -0.100011 1.070050 0.650025 0.333962 0.063247 -1.317593 0.847219 0.132636 -1.364460 1.361925 0.267892 -0.128446 0.465910 -1.047834 -0.755773 1.282982 -0.299762 -0.326247 1.138842 0.051528 -0.483128 1.073945 -0.136200 0.497192 -0.598618 -0.552055 0.036299 0.395690 -0.855800 0.357976
90 1.508503 2.519247 1.144542 -0.661579 -0.307201 0.019030 -1.333590 -0.690613 0.471728 -0.206140 1.371410 1.063085 -1.933936 1.377321 1.214665 1.801585 1.036290 0.098120 0.819592 0.401246 1.751368 0.577681 0.215404 1.031565 0.903370 0.488116 0.041508 0.706333 0.953974 2.671615 -0.137148 -0.161429 1.145062 1.788323 1.037461 -0.017251 1.584658 1.806356 0.669310 1.002438 2.979241 -0.401688 1.876193 0.299698 0.034441 0.675342 0.797513 1.321969 0.759031 1.326028
91 1.523350 2.563253 1.324478 -1.200345 0.581678 0.884403 0.990677 0.277319 1.196458 0.519915 0.785831 0.050060 -0.513354 1.690049 1.289252 0.980882 1.532078 -0.432035 -1.202551 2.315218 -1.047424 1.366676 -0.842420 0.394831 1.094947 1.822232 -0.529338 1.544390 2.441884 1.640008 2.150544 2.691944 2.639442 2.721061 0.514822 0.930806 -0.486680 1.758996 -0.789095 0.736009 -0.247764 1.245660 0.304558 -0.952511 0.899522 -0.738982 1.502592 2.676462 0.695382 1.046912
92 1.421909 -1.054853 -0.817102 -0.801064 -1.006016 0.500842 0.926187 1.191337 0.401958 -0.071683 1.337154 -0.263675 -0.337004 2.604458 0.155908 -0.206497 0.490644 -0.196041 1.462837 0.675368 -0.464903 0.786845 0.940018 -1.911918 -0.507429 -0.727937 -0.665786 2.529850 -0.457739 0.485002 -1.051431 1.333615 -2.920073 -2.244124 0.871691 1.005019 -1.535294 -0.200754 -0.481219 -0.901193 1.006426 2.407730 -0.132539 1.097970 1.393910 0.542166 -0.022702 0.501408 -0.323458 -0.956621
93 -0.165935 -0.601210 0.586225 0.477696 0.515281 -1.081335 -1.553507 -0.623982 -0.767788 -0.274156 0.367488 0.178518 -0.537115 -0.515953 0.706441 0.884085 0.433943 -0.983308 0.480566 -0.244116 -1.129939 -0.270697 -0.374091 -0.627582 -0.617145 -0.948631 0.878849 -0.274516 0.464803 -0.899587 0.174073 -1.917860 -1.137316 0.709759 -0.771877 -0.596772 -0.872005 0.924235 0.052637 0.865509 0.579148 -0.198501 0.743133 0.274695 0.801679 0.171742 0.383243 -0.619797 1.331685 1.344522
94 -0.031263 -0.537409 -0.826836 -0.138476 1.428121 -0.407012 0.201397 -1.708457 -0.193863 0.338108 1.001842 0.722839 -0.585447 2.217320 -2.173471 0.610671 -1.606384 -0.031395 1.055621 -2.032295 -2.282525 -1.549949 -0.733609 0.573821 -0.256483 0.481412 -0.702667 1.049570 -3.303850 1.553261 -1.806633 0.418683 0.636678 1.429160 -2.367852 1.057287 0.281775 -0.490720 1.434170 -0.222664 -1.696765 1.527467 0.765949 0.258382 -0.497631 -0.084706 2.992574 0.094912 0.727854 -0.221101
95 0.946326 -1.286883 -1.632331 0.640977 0.419149 -0.653809 0.104419 0.106625 -0.361743 0.508216 1.029585 0.782211 0.312433 -0.936645 -1.080771 0.831662 -0.478503 1.828425 -0.414464 0.321137 -0.871123 0.051931 -1.195965 -0.117077 -0.100398 0.713324 0.062570 -1.402871 -0.009712 1.490352 -0.130264 -1.063197 -0.603089 -1.131723 0.047312 0.190034 -0.509856 -0.532041 1.049956 -0.760638 -1.319901 -0.384410 0.676194 -1.207215 -0.116047 -0.515131 -1.068279 -0.845622 0.270102 -0.456294
96 -0.706472 -0.584520 -0.145268 1.290201 -0.662842 0.892171 -0.059811 1.224682 -1.690592 1.282810 0.500810 -2.221141 -0.232430 0.646901 0.104147 -0.149735 0.957698 0.113664 0.558284 -0.178409 -0.193054 -0.376145 0.803849 -0.677711 -0.553114 0.652493 -0.019238 -1.667896 0.832875 -1.233528 2.115240 -1.073949 0.516258 -0.714031 0.187241 -0.959540 -0.528434 0.644710 -0.483757 -1.249493 -0.138391 0.584217 -0.145240 1.453763 0.586251 -0.406054 -0.349257 0.423058 -0.071724 1.386083
97 0.095915 0.081044 -0.648946 -1.248408 -1.115025 0.544771 -0.876937 -0.023424 2.112613 1.247595 -0.503701 0.034431 0.494511 0.688830 -0.410490 0.497749 0.129443 -0.375839 1.139336 -1.034547 0.808021 0.841080 1.324699 0.998757 0.667306 -0.021839 -0.773267 0.072131 1.208780 -0.224579 -1.371252 -0.343557 1.089002 2.127512 -2.107838 -0.386961 -0.430494 -0.610617 -1.471793 -1.833252 0.168134 0.495122 0.475394 0.270849 -1.444931 0.100525 0.782042 0.938759 0.169068 -0.781098
98 -0.748892 0.436623 0.295858 0.459097 -0.481005 1.696379 0.834466 -1.265687 1.233002 1.049909 -1.680670 -1.491862 -0.954402 0.674492 0.142605 1.465903 -0.196699 0.673644 -1.952949 0.354386 -0.002736 -0.309659 -0.393647 0.323211 0.345025 2.274370 -1.285355 1.149460 -1.669884 -0.373631 -0.192036 1.427881 1.636893 -1.439760 0.449522 -1.152977 0.230170 -0.031033 1.348645 0.353558 0.469843 1.894590 -0.552056 0.853400 1.335948 1.117068 0.320903 -0.597460 -2.201230 -1.334553
99 -1.029937 -1.083134 -0.107912 0.499901 -0.452314 1.147162 -0.309221 0.315477 -0.350359 -0.148248 0.433104 0.397857 1.213919 0.154326 0.009445 0.545270 0.426287 -0.031679 -0.276606 -0.418988 -0.232379 -0.039161 1.102087 2.359634 0.119648 0.716700 1.610232 1.327186 -0.038451 0.414492 0.166175 -0.399355 0.794891 0.373326 -0.654892 -0.640724 0.314092 0.421408 -1.507540 -0.408007 0.197513 1.751537 -1.233989 -1.017375 0.538325 -0.294841 -0.311445 0.768113 0.147005 -0.773147
END
#################################################################
SECTION3 (Edges Information)
EndPoint0 EndPoint1 Weight
0 1 1.000000
0 9 1.000000
0 10 1.000000
0 90 1.000000
1 0 1.000000
1 2 1.000000
1 11 1.000000
1 91 1.000000
2 1 1.000000
2 3 1.000000
2 12 1.000000
2 92 1.000000
3 2 1.000000
3 4 1.000000
3 13 1.000000
3 93 1.000000
4 3 1.000000
4 5 1.000000
4 14 1.000000
4 94 1.000000
5 4 1.000000
5 6 1.000000
5 15 1.000000
5 95 1.000000
6 5 1.000000
6 7 1.000000
6 16 1.000000
6 96 1.000000
7 6 1.000000
7 8 1.000000
7 17 1.000000
7 97 1.000000
8 7 1.000000
8 9 1.000000
8 18 1.000000
8 98 1.000000
9 0 1.000000
9 8 1.000000
9 19 1.000000
9 99 1.000000
10 0 1.000000
10 11 1.000000
10 19 1.000000
10 20 1.000000
11 1 1.000000
11 10 1.000000
11 12 1.000000
11 21 1.000000
12 2 1.000000
12 11 1.000000
12 13 1.000000
12 22 1.000000
13 3 1.000000
13 12 1.000000
13 14 1.000000
13 23 1.000000
14 4 1.000000
14 13 1.000000
14 15 1.000000
14 24 1.000000
15 5 1.000000
15 14 1.000000
15 16 1.000000
15 25 1.000000
16 6 1.000000
16 15 1.000000
16 17 1.000000
16 26 1.000000
17 7 1.000000
17 16 1.000000
17 18 1.000000
17 27 1.000000
18 8 1.000000
18 17 1.000000
18 19 1.000000
18 28 1.000000
19 9 1.000000
19 10 1.000000
19 18 1.000000
19 29 1.000000
20 10 1.000000
20 21 1.000000
20 29 1.000000
20 30 1.000000
21 11 1.000000
21 20 1.000000
21 22 1.000000
21 31 1.000000
22 12 1.000000
22 21 1.000000
22 23 1.000000
22 32 1.000000
23 13 1.000000
23 22 1.000000
23 24 1.000000
23 33 1.000000
24 14 1.000000
24 23 1.000000
24 25 1.000000
24 34 1.000000
25 15 1.000000
25 24 1.000000
25 26 1.000000
25 35 1.000000
26 16 1.000000
26 25 1.000000
26 27 1.000000
26 36 1.000000
27 17 1.000000
27 26 1.000000
27 28 1.000000
27 37 1.000000
28 18 1.000000
28 27 1.000000
28 29 1.000000
28 38 1.000000
29 19 1.000000
29 20 1.000000
29 28 1.000000
29 39 1.000000
30 20 1.000000
30 31 1.000000
30 39 1.000000
30 40 1.000000
31 21 1.000000
31 30 1.000000
31 32 1.000000
31 41 1.000000
32 22 1.000000
32 31 1.000000
32 33 1.000000
32 42 1.000000
33 23 1.000000
33 32 1.000000
33 34 1.000000
33 43 1.000000
34 24 1.000000
34 33 1.000000
34 35 1.000000
34 44 1.000000
35 25 1.000000
35 34 1.000000
35 36 1.000000
35 45 1.000000
36 26 1.000000
36 35 1.000000
36 37 1.000000
36 46 1.000000
37 27 1.000000
37 36 1.000000
37 38 1.000000
37 47 1.000000
38 28 1.000000
38 37 1.000000
38 39 1.000000
38 48 1.000000
39 29 1.000000
39 30 1.000000
39 38 1.000000
39 49 1.000000
40 30 1.000000
40 41 1.000000
40 49 1.000000
40 50 1.000000
41 31 1.000000
41 40 1.000000
41 42 1.000000
41 51 1.000000
42 32 1.000000
42 41 1.000000
42 43 1.000000
42 52 1.000000
43 33 1.000000
43 42 1.000000
43 44 1.000000
43 53 1.000000
44 34 1.000000
44 43 1.000000
44 45 1.000000
44 54 1.000000
45 35 1.000000
45 44 1.000000
45 46 1.000000
45 55 1.000000
46 36 1.000000
46 45 1.000000
46 47 1.000000
46 56 1.000000
47 37 1.000000
47 46 1.000000
47 48 1.000000
47 57 1.000000
48 38 1.000000
48 47 1.000000
48 49 1.000000
48 58 1.000000
49 39 1.000000
49 40 1.000000
49 48 1.000000
49 59 1.000000
50 40 1.000000
50 51 1.000000
50 59 1.000000
50 60 1.000000
51 41 1.000000
51 50 1.000000
51 52 1.000000
51 61 1.000000
52 42 1.000000
52 51 1.000000
52 53 1.000000
52 62 1.000000
53 43 1.000000
53 52 1.000000
53 54 1.000000
53 63 1.000000
54 44 1.000000
54 53 1.000000
54 55 1.000000
54 64 1.000000
55 45 1.000000
55 54 1.000000
55 56 1.000000
55 65 1.000000
56 46 1.000000
56 55 1.000000
56 57 1.000000
56 66 1.000000
57 47 1.000000
57 56 1.000000
57 58 1.000000
57 67 1.000000
58 48 1.000000
58 57 1.000000
58 59 1.000000
58 68 1.000000
59 49 1.000000
59 50 1.000000
59 58 1.000000
59 69 1.000000
60 50 1.000000
60 61 1.000000
60 69 1.000000
60 70 1.000000
61 51 1.000000
61 60 1.000000
61 62 1.000000
61 71 1.000000
62 52 1.000000
62 61 1.000000
62 63 1.000000
62 72 1.000000
63 53 1.000000
63 62 1.000000
63 64 1.000000
63 73 1.000000
64 54 1.000000
64 63 1.000000
64 65 1.000000
64 74 1.000000
65 55 1.000000
65 64 1.000000
65 66 1.000000
65 75 1.000000
66 56 1.000000
66 65 1.000000
66 67 1.000000
66 76 1.000000
67 57 1.000000
67 66 1.000000
67 68 1.000000
67 77 1.000000
68 58 1.000000
68 67 1.000000
68 69 1.000000
68 78 1.000000
69 59 1.000000
69 60 1.000000
69 68 1.000000
69 79 1.000000
70 60 1.000000
70 71 1.000000
70 79 1.000000
70 80 1.000000
71 61 1.000000
71 70 1.000000
71 72 1.000000
71 81 1.000000
72 62 1.000000
72 71 1.000000
72 73 1.000000
72 82 1.000000
73 63 1.000000
73 72 1.000000
73 74 1.000000
73 83 1.000000
74 64 1.000000
74 73 1.000000
74 75 1.000000
74 84 1.000000
75 65 1.000000
75 74 1.000000
75 76 1.000000
75 85 1.000000
76 66 1.000000
76 75 1.000000
76 77 1.000000
76 86 1.000000
77 67 1.000000
77 76 1.000000
77 78 1.000000
77 87 1.000000
78 68 1.000000
78 77 1.000000
78 79 1.000000
78 88 1.000000
79 69 1.000000
79 70 1.000000
79 78 1.000000
79 89 1.000000
80 70 1.000000
80 81 1.000000
80 89 1.000000
80 90 1.000000
81 71 1.000000
81 80 1.000000
81 82 1.000000
81 91 1.000000
82 72 1.000000
82 81 1.000000
82 83 1.000000
82 92 1.000000
83 73 1.000000
83 82 1.000000
83 84 1.000000
83 93 1.000000
84 74 1.000000
84 83 1.000000
84 85 1.000000
84 94 1.000000
85 75 1.000000
85 84 1.000000
85 86 1.000000
85 95 1.000000
86 76 1.000000
86 85 1.000000
86 87 1.000000
86 96 1.000000
87 77 1.000000
87 86 1.000000
87 88 1.000000
87 97 1.000000
88 78 1.000000
88 87 1.000000
88 89 1.000000
88 98 1.000000
89 79 1.000000
89 80 1.000000
89 88 1.000000
89 99 1.000000
90 0 1.000000
90 80 1.000000
90 91 1.000000
90 99 1.000000
91 1 1.000000
91 81 1.000000
91 90 1.000000
91 92 1.000000
92 2 1.000000
92 82 1.000000
92 91 1.000000
92 93 1.000000
93 3 1.000000
93 83 1.000000
93 92 1.000000
93 94 1.000000
94 4 1.000000
94 84 1.000000
94 93 1.000000
94 95 1.000000
95 5 1.000000
95 85 1.000000
95 94 1.000000
95 96 1.000000
96 6 1.000000
96 86 1.000000
96 95 1.000000
96 97 1.000000
97 7 1.000000
97 87 1.000000
97 96 1.000000
97 98 1.000000
98 8 1.000000
98 88 1.000000
98 97 1.000000
98 99 1.000000
99 9 1.000000
99 89 1.000000
99 90 1.000000
99 98 1.000000
END
#################################################################
SECTION4 (TrueSubGraph Information)
EndPoint0 EndPoint1 Weight
80 90 1.0
80 70 1.0
70 60 1.0
60 61 1.0
61 71 1.0
71 81 1.0
71 72 1.0
71 70 1.0
90 91 1.0
91 1 1.0
END
#################################################################
SECTION5 (Labels Information)
1 1 1 0 1 1 0 0 1 0 1 0 0 1 1 1 1 0 1 1 1 1 1 1 1 1 0 1 1 1 1 1 1 1 1 1 1 1 0 1 1 1 0 1 1 1 1 1 1 1 
END
#################################################################
SECTION6 (bt Information)
5 5 5 -5 5 5 -5 -5 5 -5 5 -5 -5 5 5 5 5 -5 5 5 5 5 5 5 5 5 -5 5 5 5 5 5 5 5 5 5 5 5 -5 5 5 5 -5 5 5 5 5 5 5 5 
END
#################################################################
