#################################################################
#APDM Input Graph, this input graph includes 3 sections:
#section1 : general information
#section2 : nodes
#section3 : edges
#section4 : trueSubGraph (Optional)
#
#if nodes haven't information set weight to null
#################################################################
SECTION1 (General Information)
numNodes = 100
numEdges = 200
usedAlgorithm = NULL
dataSource = SimulationData2
END
#################################################################
SECTION2 (Nodes Information)
NodeID Base Counts
0 0.097618 1.666882 0.889102 0.140068 -1.076163 2.501052 0.495253 -0.365993 0.526726 0.521682 1.018881 0.744272 0.493629 0.096903 -0.306280 -0.301912 -0.261090 -1.955381 -0.223045 -1.333105 -0.274471 -1.746458 0.794864 1.550236 0.434228 -0.808605 0.781728 0.551124 -0.877218 -1.350950 -2.250382 1.128416 -1.800359 -0.784773 0.704412 -1.196417 -1.157628 -0.066044 0.790708 0.144566 -0.059907 0.637431 -1.289458 1.331496 -1.141993 -0.545206 0.392817 -1.410474 -0.927244 0.637196
1 1.550117 -0.053496 -0.699521 -0.767607 0.419519 -1.372915 2.083690 -0.898395 0.194015 -1.284695 -0.208630 -1.370170 -1.501763 -0.836766 -0.594498 0.295012 -0.138317 -0.245306 -0.769956 -0.403310 0.505427 0.190107 -0.019590 0.156675 -0.663723 -0.826417 -1.671454 -0.104159 0.968706 -1.422580 -1.610558 -1.491178 -0.452327 0.900955 1.403500 -0.367049 0.516932 -0.400010 -0.775582 -0.662249 1.471279 2.003926 -0.250144 -0.418426 0.603284 -1.568892 -0.668897 1.129390 -0.460334 0.653883
2 0.256657 0.619904 0.517554 1.656797 -2.001074 -1.185259 0.517464 0.619038 1.813866 -1.638975 1.383463 0.581927 0.132083 0.626254 0.209212 -1.434730 -0.377901 0.687446 -0.896112 2.297169 -0.014080 -0.215394 -0.237871 0.817342 1.306205 -1.681620 0.545096 1.093009 1.130390 -0.017814 1.546906 0.226195 0.463106 0.968602 -0.009560 1.615271 -1.754930 0.229490 0.851598 -0.373828 0.176571 0.454151 -0.382263 -0.258149 1.363602 0.452226 -0.080204 -1.469301 1.645913 0.442655
3 -0.192308 -1.572927 0.195494 -0.264637 -1.298741 0.366688 0.196912 0.003455 0.479623 -0.451495 -0.446388 -0.015080 0.415671 0.074539 -0.052219 0.127298 0.321997 0.589597 -0.273541 0.137510 1.113611 -0.203952 -0.178245 0.536101 -0.057956 -0.449390 -0.151676 -0.369504 0.199695 1.805936 1.003883 -0.593143 -0.131126 0.575494 0.023261 -0.610172 -0.725451 0.916376 0.859487 0.334927 0.428587 -2.592661 -0.038347 -0.885089 1.128756 -0.617256 2.144160 0.719986 -0.326810 -0.211480
4 0.146401 -0.484963 -0.820746 -0.031397 1.045397 -0.151372 -1.048586 -1.324685 1.743481 -0.587987 -1.955844 0.863419 0.602618 -0.905628 -0.475550 1.094346 -0.731025 -1.556980 1.612425 -0.438121 1.338215 0.606882 0.575513 -0.662877 1.542160 -0.215745 -0.115401 -1.169207 0.426588 0.816996 1.073861 -0.448035 -0.710720 -2.544681 -0.281250 0.495634 0.915256 0.668186 -0.213862 0.959597 1.180577 1.434258 0.928798 1.426998 0.725488 -1.326296 -0.634743 2.626123 0.429745 1.611085
5 -1.134558 -0.060616 0.640260 -0.569938 0.769520 0.552994 -0.645957 0.489882 -0.540213 0.168528 0.208207 -2.159972 -1.042286 0.356385 0.571163 -1.971626 -0.519197 -0.253529 -0.669001 -0.717152 1.068821 0.221223 -0.978676 1.381316 -1.306603 -1.268493 -0.740562 -0.314244 1.997287 -1.146805 -1.163175 0.365475 -0.187619 0.708068 1.626059 -0.617657 -1.115888 -1.067152 0.109725 1.458642 0.296089 0.962823 -1.052531 1.412327 -1.407374 -0.027973 0.226503 -0.459260 0.484733 -0.358261
6 1.435425 0.637202 0.480374 0.853796 0.572825 -0.660551 -0.074687 0.966567 0.534520 0.608873 0.313874 -0.601768 1.462603 0.154152 0.293889 0.288385 -0.597952 -0.268603 0.833520 0.543449 -1.776534 0.656209 -0.612183 -1.151355 -0.245581 0.745220 1.547197 0.776102 -0.195399 0.667569 1.113312 0.024466 1.407461 0.049557 0.904661 0.693024 -0.014410 0.823066 -0.035528 -0.905926 -0.475718 -0.601499 1.754931 0.333872 -0.541406 0.352991 0.389371 -0.543706 -0.385787 -0.104408
7 0.210966 -0.235261 -0.697603 0.043319 -0.001459 -0.490595 -0.360191 -0.737960 1.738148 0.564379 1.479503 0.424907 -0.663208 -0.243722 0.461286 -0.026578 0.586016 -0.929799 0.686865 -0.399358 0.154713 0.463126 0.949312 1.983540 -1.445828 0.496059 -0.196338 -0.240507 -0.868085 1.133348 -0.996179 -0.414895 0.088301 0.546439 0.897961 -1.458344 0.947785 -0.102885 -1.384629 0.496530 1.619982 0.171397 0.384027 -1.314434 -0.019039 0.372435 -0.316773 2.471615 0.659464 -0.864816
8 0.013242 0.607646 0.529374 -2.200821 0.154852 -1.287114 0.262092 -0.056974 -0.678824 -0.647170 0.245578 -2.197877 -0.383104 0.196757 0.155815 -0.381315 0.734258 -0.929970 0.344069 -0.138067 -0.135218 -1.412387 1.442353 0.198974 1.860732 1.012495 -1.351447 -2.668815 0.748939 0.716955 1.059189 -1.204522 0.144276 -0.534034 0.147419 0.548306 1.446002 -1.637327 1.597544 -1.691982 0.388833 1.339610 -1.386050 0.940278 0.133403 0.359184 -1.190754 0.274138 0.686928 -0.415586
9 -0.114157 -0.752152 1.754800 -0.286334 -0.354277 0.558727 0.216757 -1.207112 0.335021 0.933073 0.555210 -1.489377 -0.497200 -1.117224 0.138125 0.806562 -2.626503 0.288291 -0.355371 0.056238 -0.620880 -0.197165 1.708902 -0.730125 -0.682800 0.064651 -0.114429 -2.580889 0.304950 -0.196112 0.059944 0.403262 -1.921651 -1.340647 0.774729 -1.101340 -0.769766 0.388674 0.202930 -0.352251 0.804336 0.233185 -2.428735 0.860274 0.153508 0.538723 0.484662 -1.148492 -1.541844 2.279617
10 0.279212 0.138017 1.347056 -1.100921 0.753050 -0.160763 -1.122144 -0.029853 -1.248607 -0.649443 1.135993 0.730520 1.304672 0.101560 -1.338175 -0.514388 2.016538 0.658029 2.259460 0.420612 0.966137 0.124882 -0.983061 -0.544123 0.384876 0.354587 -0.139775 -0.251748 -0.265862 1.608414 0.815255 0.066939 0.201328 0.237493 -0.109617 0.440871 -1.508775 0.769724 1.374129 -1.237525 0.972277 1.309970 -0.847783 0.361460 -0.584875 -0.253374 -1.208120 0.700786 -0.550138 -1.308059
11 0.904342 -0.150155 -0.037790 -2.479470 0.214339 -0.259521 -1.455592 -1.041389 0.576476 -0.169117 1.003322 0.240471 0.518644 0.531608 0.590773 -0.176538 -0.312595 0.131781 0.684939 -0.956587 0.856273 0.200788 0.086884 0.861904 0.757930 1.476787 0.463818 0.761839 -1.465285 -0.908759 -0.906192 -0.093441 1.423519 -0.486029 0.672048 -0.086573 1.769489 0.434432 -0.775217 -1.083983 -1.545297 0.117265 0.020809 -0.154418 0.845811 0.331211 0.318139 0.565470 1.083698 0.372068
12 -0.288625 -0.683420 -0.962055 0.674432 -0.744907 -2.026524 -1.995765 0.844178 -0.193690 -2.175968 0.839135 0.220213 -0.159123 1.882936 1.430575 1.657495 -0.977443 -1.537614 0.951701 0.679163 0.613578 -0.178623 -1.225027 0.267734 -1.411424 -1.628796 1.343588 1.985976 0.445603 0.135596 -0.439945 -0.255023 -1.439196 -0.817193 0.750870 1.821244 -0.477334 -0.685178 0.871197 1.310429 0.632574 -0.196032 -0.729749 0.696872 0.101968 -1.294350 -0.964890 0.876058 0.214289 0.810470
13 1.124533 -0.476529 0.678657 -0.018268 -0.377715 -0.511471 1.054738 -0.250089 0.596862 -0.274665 1.154199 -1.457739 0.905736 -1.149292 -2.165269 0.601457 0.494326 1.314452 0.165829 -0.227627 -0.227943 -0.656591 1.276643 -1.411138 -0.609173 0.792105 -0.405552 -0.269742 0.326595 0.667635 0.531355 -2.229061 0.713533 -0.735787 0.641607 -0.466960 1.525170 0.256157 1.262067 0.399052 -0.093243 -2.126153 0.614439 1.864887 -1.064155 2.178179 0.309874 -0.092063 -2.004855 0.181893
14 -0.470472 -0.504801 -0.328070 -1.877026 -0.236810 0.193593 -0.914475 -0.226870 2.943896 0.951286 -0.109715 0.460974 0.079886 -0.202243 -0.399564 0.473593 -0.359088 -0.335138 0.423248 -0.018706 1.196526 1.253853 -0.235082 -0.624921 0.029343 1.659033 0.467982 -0.885251 1.429808 1.533581 -1.505597 -0.326371 0.435572 -1.962218 -0.792051 -1.553347 0.414918 -1.423510 0.846517 -0.701132 -0.580151 -0.425098 -0.978440 0.218445 0.339222 0.388865 0.618669 0.926572 0.205588 0.375719
15 0.979928 0.644580 -0.632697 0.702731 -1.932906 -1.187860 0.649883 -0.257388 -0.881438 0.680628 -0.592109 0.781709 0.880437 -0.005665 -0.727875 1.269637 -0.604451 1.689988 0.443043 1.694956 -1.357585 0.120623 0.080695 0.265896 0.313184 1.177999 0.994506 -0.050664 0.939270 0.577143 0.313380 -0.172789 -0.978892 -0.037070 -0.427172 -0.521393 0.733211 -1.377380 -0.333309 0.241430 -0.023301 1.555479 -0.991564 0.906934 0.692091 -1.833356 0.531507 -2.207612 0.307769 -0.710584
16 -0.414718 -0.613146 0.901445 1.303811 1.221181 -0.212467 0.326188 -1.256363 2.923023 -1.411256 -1.059536 -0.687928 -1.466894 1.930708 -0.737576 -1.168166 1.740681 -1.245366 -0.369480 -1.529071 0.763735 0.289685 -2.128261 -1.761481 -1.097957 -0.426919 2.465490 -0.345852 1.128435 2.257061 -1.250702 -0.121969 2.437771 -1.732210 -1.626097 -0.643728 -1.418912 0.316802 -0.414563 -2.059204 1.805181 0.553949 -1.462577 -0.984124 0.832173 0.513272 0.412110 0.111003 0.914500 0.022795
17 0.518145 -0.507579 0.010360 -1.110563 0.007727 0.116193 -0.716611 -1.039504 -1.420398 -1.187009 0.642624 0.224168 -1.528935 -0.866563 0.862102 -0.438603 -1.642313 0.020004 0.563481 0.459058 -1.032977 0.668427 0.715649 -1.398364 -0.003968 1.185218 -0.928469 -0.727297 -1.738685 0.825652 0.643354 0.094467 -2.184521 0.156405 -0.871818 -0.725263 0.622649 0.074846 -0.759598 -0.972808 0.338760 -0.273303 1.382921 -0.581013 -0.029881 -0.273053 0.293456 -0.621890 -0.173126 -1.596771
18 -1.119191 0.728430 -0.805050 -0.269720 -0.238318 -1.857203 -2.210771 -1.445860 -0.630488 -0.142717 -0.493249 0.092120 0.177729 -0.628621 -0.330039 0.537844 0.731498 -0.503850 0.451937 0.138306 -0.243848 0.733048 -0.113430 -1.056951 -0.317878 0.152555 -1.974673 0.066992 -0.081672 0.356554 1.100134 0.842883 -0.770242 0.280503 -1.833323 -0.438785 -0.027467 -1.011424 0.018546 1.967603 -1.261016 -0.757488 0.402908 0.859313 0.096728 0.225843 0.141985 -1.488360 -1.031505 1.784590
19 1.198606 1.025156 0.574553 -0.603174 -0.509843 0.993977 0.849969 0.162636 -0.012940 1.215505 -1.274972 1.023429 1.042856 -0.108131 -0.092316 -1.347295 -0.821504 -0.387524 0.288716 -1.148135 -1.000559 0.948859 0.547139 -0.114335 -0.252687 1.127129 -0.701935 -0.767693 -0.400735 0.997989 0.222780 -0.936453 -1.038238 0.110709 -0.618642 -0.735819 0.092335 0.616082 -0.899551 1.615165 0.105581 -0.776740 -0.892817 1.126246 1.035888 0.936571 1.079603 1.078446 0.166522 0.284004
20 1.545801 0.483642 0.167801 0.556083 -1.351292 1.044825 0.264948 -0.707102 -1.093176 0.013476 0.161889 -1.515063 -0.399459 -0.411357 0.623737 0.047663 -0.336339 0.058669 -1.141090 0.143015 -1.501952 0.071880 -0.900918 0.044680 0.117522 0.379086 0.746431 0.766874 1.659976 0.997671 1.502445 -0.138843 -0.724519 -0.704118 -0.893471 2.051691 -0.463973 1.040681 0.085652 -0.115333 0.548029 0.308839 -1.067878 -0.290284 1.857049 -1.319219 0.492994 -0.622816 -1.137760 0.453041
21 -0.842911 -0.562939 0.701936 0.078758 1.224259 1.029298 -0.468574 0.587975 -0.584921 -1.083547 -0.814975 -0.558375 -1.319577 1.542351 -1.114085 1.079920 -0.496033 0.508929 1.766268 0.440429 -0.525770 2.523518 -0.495119 -1.260939 -0.795986 0.580532 -0.295720 0.509558 0.212981 0.514893 1.199633 0.127262 0.160151 0.092075 0.478187 -0.689439 1.274692 -0.438892 0.238230 1.763720 0.562061 -1.049336 -1.827019 0.165485 -0.678374 -1.745862 -0.222213 -0.525664 -1.116832 0.220510
22 -0.650955 -2.325498 0.686164 0.573061 0.750157 -1.336849 0.281916 -1.769515 -0.239679 1.096340 0.733242 1.284206 0.844678 1.314544 -0.640578 1.325895 -2.106413 -1.788853 0.662399 -0.890934 -0.511449 1.346693 0.275692 0.763898 0.136147 -1.272539 0.557434 1.310759 -0.282188 -1.815130 0.725014 -1.723125 -0.917419 1.451649 0.176771 0.042152 1.099238 -0.856452 1.450434 0.834015 -0.201180 -0.763042 -0.447358 0.272528 -1.074654 0.648651 1.303209 -0.776902 -0.062459 0.784849
23 -1.628366 -0.678812 -0.062334 0.133728 -2.977394 0.669710 0.823172 2.659906 -0.327134 0.418242 -1.301091 -0.889623 -0.325502 -0.227362 -0.620047 0.996645 1.353544 -0.665214 0.078474 0.166722 -0.996065 -0.745339 1.215981 0.937905 -0.980757 -0.472072 -0.163012 -0.537553 -1.379595 -0.742945 1.049158 1.451938 -0.982396 -0.733977 0.797986 0.073035 -1.407060 1.640856 2.784572 -0.154245 -2.001947 0.986062 0.333226 -0.804416 -0.893407 -0.386550 1.256108 -2.059589 1.669854 -1.033051
24 0.575546 -0.440099 0.508222 -1.090422 -0.147009 -1.513776 -0.681814 -0.703131 -1.308604 -0.860326 -1.095021 -0.321747 -0.664990 1.515074 -0.178446 -0.773205 -0.597008 -1.008340 0.118123 -1.156514 -0.465076 1.508471 -0.388341 0.188765 -0.905394 1.180351 -0.170954 2.311846 -0.904305 0.497251 0.984306 0.436085 -1.819472 0.674628 -0.145028 0.446988 2.002826 -0.650085 0.431480 2.323438 0.102047 0.470901 0.264288 0.131986 1.662920 1.682234 -0.476200 -1.506909 -0.211400 1.183487
25 0.165416 0.475382 -0.173704 1.357109 0.147310 -0.578020 -1.041045 -0.487664 0.361767 -1.681372 -1.005824 0.793974 0.716285 -0.384650 1.446622 -0.697621 -0.466437 -0.175667 -0.773955 1.489708 0.090204 0.455437 -1.107067 -0.276379 0.527966 0.652244 -0.195416 -0.081379 -0.554016 -0.579449 0.524424 -0.026526 -1.121616 -0.219439 -0.537118 0.076282 -1.626287 -1.633728 -0.315669 1.263640 1.113284 -0.765267 0.948388 0.493247 -0.650069 0.650505 -2.448308 0.915433 0.052481 -0.722312
26 0.892111 0.019945 0.996133 1.093689 0.768208 1.471301 0.078644 -0.183720 -0.009708 -1.106228 -0.815730 -0.507528 -0.331035 -1.847218 -0.054839 1.231953 -0.126029 0.403448 1.358814 0.634860 -0.317895 0.066868 1.444142 -0.262053 0.782897 -0.111693 0.006465 0.776507 -1.348354 2.411558 -0.335688 -1.534002 -0.706918 0.083105 -0.589689 1.103807 0.480576 -1.011720 0.078400 0.518135 -0.370071 -0.390786 -0.211975 -0.128495 0.645030 1.924337 0.724424 -0.676148 0.319140 -0.627136
27 1.383911 -0.334135 2.209021 -0.158858 1.539744 0.945302 -0.217300 0.718285 0.313405 -0.799927 -0.499612 0.556230 1.055977 -0.936899 -0.160574 -2.579419 -0.102472 0.049880 -1.332078 0.672609 0.528657 1.439477 -0.504245 -1.170209 -0.879132 0.470920 -1.014624 -0.229621 0.287090 0.015118 0.232317 -0.065936 1.134874 -0.127514 1.743168 1.780883 -0.993106 0.524869 -0.240948 0.091354 -0.243420 -1.803881 -1.517378 -1.710793 -2.153562 0.706308 -0.074671 0.856664 1.431790 -2.127678
28 0.837093 0.396124 0.510187 0.216022 0.179189 -1.278135 -0.780932 -0.489597 -1.754935 -0.739080 0.159638 -1.222516 -0.574957 1.832820 0.469266 -0.143746 -1.086430 1.433010 0.163389 0.319308 -1.425846 -1.025786 -1.189040 1.322182 0.491132 0.241355 0.731232 -1.651901 -0.629130 0.857925 -0.909056 0.878636 0.348203 0.320595 0.427698 0.791284 0.138115 -0.640951 0.197144 0.641964 -0.009176 0.272117 -0.672581 2.209255 -0.358034 0.772865 -0.885934 0.261917 -0.186148 0.491681
29 -0.196821 0.626678 -1.934202 0.820366 0.844468 -0.016149 -0.561677 0.813422 0.015145 -0.362032 -1.881306 -1.216417 -1.368813 1.409754 0.813710 -0.314971 1.200642 -1.512425 1.779275 0.690863 1.267104 0.420651 -1.400657 -1.173672 0.658235 0.541251 0.054121 1.188876 -1.797471 -1.059052 0.486558 -0.331925 -1.075385 -1.077578 1.500572 -0.760469 -0.092877 -1.095377 2.260708 0.519317 0.937111 0.665807 -0.640011 -0.406402 0.518466 2.800540 -1.303937 -0.406043 -0.275147 0.761972
30 0.233936 0.618361 -0.604224 0.263911 0.090902 -0.106183 1.440121 -0.667016 -2.677929 -0.600033 -0.360188 -0.790801 0.206087 -0.785884 1.684434 0.703662 0.453400 -1.146847 1.293975 0.621952 1.274871 -1.803374 0.348763 1.096497 0.169053 0.328331 0.337012 -0.132128 1.912118 -0.333578 1.821123 -1.316932 -0.732273 -0.324240 -0.282179 -0.327824 0.064394 0.586485 0.813343 -0.902732 0.259154 0.828983 0.978094 0.573801 1.082855 1.245549 1.125984 -0.479842 -0.667519 0.628702
31 0.782550 -0.982612 -2.156454 0.481207 -0.357817 1.532445 -1.130817 -0.024980 1.140034 -0.511817 0.896408 0.042531 1.001665 0.818948 0.959776 0.081628 -0.570152 -0.474680 -2.296491 -1.329187 -0.896687 0.621558 -0.763323 -0.485549 -1.384772 -0.234734 0.705938 -0.833641 -1.490369 0.569803 0.301257 -1.837225 0.989939 -0.043340 -0.422830 0.593720 0.528671 0.810971 -0.650228 0.458790 -0.349703 -1.438211 0.590148 -1.519435 -0.318187 -0.218047 0.585033 0.124709 -0.643987 -0.241502
32 1.999365 0.159771 -0.424401 1.269492 -0.604116 1.313321 -0.810275 0.269334 -1.084896 0.697616 -1.357173 0.299490 -0.161058 -1.180498 1.291597 0.142499 -0.265021 -0.365993 -0.718794 1.598753 1.096289 -1.085848 -0.547174 -1.616267 -1.134922 1.674453 -0.231974 -1.252250 -0.254934 1.049675 1.172806 0.240493 0.807263 1.668085 1.749856 -0.189557 0.373040 0.439756 -0.242632 -0.221890 -0.531203 -1.066583 -0.270742 0.754644 -0.390237 -0.498862 2.092129 0.384109 1.709072 1.162080
33 -0.135562 -1.477616 0.962598 0.091498 -0.526126 0.168790 -1.103762 0.735120 0.375477 -0.987071 1.377568 -1.456314 0.066731 1.082975 -0.394001 -0.008833 -1.271983 -0.239888 -0.624359 0.804824 -0.908353 0.246261 -1.028479 0.388824 -1.112894 0.132201 -1.172820 -1.042839 -1.002428 -0.065762 -0.602353 1.347238 -0.416716 0.807151 1.091645 0.736508 -0.310672 -1.434227 0.175168 -0.209936 -0.032973 -0.196414 -1.603775 -0.315491 -0.253676 -0.382504 -0.759772 -0.440027 0.592073 0.904283
34 -0.372154 1.145966 0.346280 1.282389 0.183980 0.178158 0.841722 2.419894 0.019519 -0.121249 -0.734544 0.573645 0.159460 -0.009029 0.563075 -0.469645 -0.006519 0.025737 0.759727 0.443975 2.035338 0.479264 0.654792 -1.364572 -0.917962 1.779985 1.548393 -1.369517 0.823610 -0.625265 -1.648589 -1.074266 -0.855819 -1.889706 -1.179241 1.505389 -2.384529 0.043968 0.034729 -0.590959 1.834437 -0.572104 1.498405 -0.978456 0.967611 0.272780 0.367415 1.024397 -0.218001 -1.055654
35 0.021343 -0.155045 0.929015 0.793852 -1.764276 1.319732 0.904780 -1.114343 0.368287 0.431542 -0.169271 -1.293780 -0.901174 0.062917 -0.778329 -0.706803 0.662191 -0.455963 -0.246467 -1.568719 -0.483299 -1.003073 0.264466 0.196933 -0.913020 -0.991348 -0.016067 -0.203670 0.662316 0.106340 0.087621 1.337373 -0.050063 0.543997 0.434138 -0.748607 -0.986063 0.101791 0.057845 0.564931 0.952112 1.031477 -0.563041 -0.314325 2.918025 1.057957 0.823845 -0.912483 0.212542 -0.384690
36 -0.201589 1.587709 -0.499275 0.918495 0.374867 -1.472473 -0.489923 -0.459125 1.206327 -1.107205 0.965047 0.182487 2.836509 0.087921 0.682916 -0.861373 0.558660 -0.070305 -0.913882 0.587591 0.573847 -0.356546 -0.083338 1.896641 -1.553569 0.917170 0.300029 2.140469 -0.307527 0.927350 0.455634 -0.554193 -1.956106 0.909846 -0.373842 0.406283 0.949068 -1.203510 -1.875072 0.598643 0.519921 0.339734 0.079174 -1.570476 0.349164 -0.115074 0.761217 0.963218 -1.464633 -0.630444
37 -1.507990 -0.771123 0.524504 1.164919 0.002021 0.433569 -0.848318 -1.083242 -0.889141 0.360448 -0.103597 -0.841846 -1.720218 -1.374747 -1.428043 1.740917 -1.174098 1.953106 0.155519 0.574151 0.104540 1.184023 -0.205617 1.018058 -0.129683 -1.505728 -0.655881 -0.414600 0.204334 -1.289026 -0.915864 0.435641 -0.420264 -1.192095 0.905022 -2.264639 0.947383 -1.414895 -0.501465 1.281647 -1.012311 0.062047 1.298760 -1.600363 2.363080 -0.153903 -0.606167 1.100781 -1.854702 1.748985
38 -2.274691 -0.272116 -1.156085 1.612780 0.192533 1.237797 0.927519 0.917662 0.406818 0.460412 0.295464 1.846296 -0.298479 -0.845102 -0.578278 0.476843 1.024071 0.397658 0.309077 -1.508411 -0.349862 2.084918 -1.452394 -1.179141 -1.631539 0.769698 0.990038 0.507006 -0.647457 -1.719028 -0.912487 0.671640 -1.565956 0.123094 1.982350 0.938802 0.580789 1.002685 -0.101182 -0.055340 0.335022 0.510812 0.276028 0.413435 -0.050833 2.283138 1.077800 0.020479 0.799920 0.535920
39 -0.087391 -0.745577 -0.475652 -1.671274 0.459132 -0.302398 0.766181 1.290597 1.166302 0.081556 -1.426371 -0.720999 0.724279 -0.831330 -0.106409 -1.093738 -0.001684 0.235547 0.569039 0.027243 -1.321050 0.299130 -0.454226 1.173254 0.915861 0.725842 0.376008 -1.336103 -1.222852 -0.045545 0.089769 1.068796 -0.946839 0.638663 2.060584 1.298323 -0.963533 0.327886 0.241096 0.628926 -0.000585 -0.420617 -0.219489 0.134469 -0.583046 0.816267 -0.492189 0.160527 0.476321 -0.576437
40 0.918085 0.004114 -0.509627 0.079290 -0.107538 0.731822 0.190245 0.492955 -0.669622 -1.441037 0.052865 1.259782 0.060210 0.700312 1.611773 -1.235199 0.112031 -1.851553 0.413507 1.558071 1.472494 -0.818477 1.170757 -1.315512 0.599469 1.198538 -1.061653 -0.445854 0.716542 -0.287874 0.846140 -0.944590 -0.547240 -0.107429 1.123361 -0.000856 -0.017518 0.951829 -1.043955 0.102917 -0.081595 -0.785610 0.756726 0.830119 0.091692 -0.204490 2.719904 2.236595 -2.514404 0.481364
41 1.377937 2.132808 -0.207614 0.212758 -0.075218 -1.341311 0.126865 -0.300295 -0.763396 -1.334399 -0.429188 2.481786 -1.503247 -0.693182 -0.146962 -1.870397 -0.439678 -0.297370 -1.680375 0.443344 -0.471894 0.349687 -0.959172 -0.590107 1.061710 -0.221644 0.619294 -0.932935 -0.034141 0.865582 0.344675 -0.076269 -0.865261 1.638749 0.504913 -0.249780 -1.134368 0.272068 -2.110602 -0.065288 -0.589400 1.140910 -1.095652 -0.022878 0.611944 0.009708 -1.778385 -0.890816 -1.346152 1.066088
42 0.426501 -0.654779 -0.154885 1.511143 0.203185 -0.622876 -0.718751 0.443607 -0.223340 -0.444471 2.019516 0.394717 0.793743 0.409588 -0.294874 -0.278162 1.194024 -0.670721 0.018096 0.550854 -1.046419 0.055301 -0.560130 0.747089 1.653401 0.655031 0.847894 1.104143 -0.249031 -0.014945 0.190496 0.226584 -1.888435 -0.540944 -0.453141 -0.310240 0.957138 -0.630838 1.068773 0.403721 0.179388 -1.604400 0.583367 0.223098 -2.123408 -0.845468 1.232865 -0.986216 -2.003856 0.008285
43 -0.574891 2.507284 -1.552399 1.322025 2.484208 -0.164758 -0.430961 -1.941667 0.126768 1.530161 1.785785 0.591690 -1.349619 -1.863304 0.736232 0.213402 -1.371835 -0.287146 1.511934 -0.666575 0.722395 1.124275 -0.557448 0.723691 -1.017759 -0.616666 -0.226758 -0.457928 0.557826 0.863771 -1.291194 1.036707 -0.834550 0.989466 0.513080 -0.401090 -0.217564 0.145522 0.599447 0.354892 0.293369 -0.848823 -1.484648 -2.389469 0.336823 0.701811 -1.358686 -1.186949 1.287299 1.976383
44 1.446121 0.236571 -1.187766 0.238939 -1.294678 0.716508 1.430409 2.430024 0.595439 0.409434 1.483688 -1.380086 1.181679 0.756309 1.413198 -0.520751 0.548520 1.343604 0.176412 0.226540 0.069346 0.619388 0.739621 0.178807 -1.111364 0.320195 0.214407 -0.564031 -0.671423 -0.314994 0.624477 0.484442 2.184477 -1.194168 -0.544315 1.344876 0.528741 -0.653081 -0.193885 1.108584 -0.879877 0.753357 0.278891 -2.198137 -0.301220 -0.553631 -0.717675 1.468422 0.175806 0.140653
45 -1.432578 0.284987 0.906883 0.495843 0.965798 -0.648249 -1.595000 -1.202862 2.288461 -1.070127 0.015974 1.239045 0.526187 -0.804867 2.443262 0.184731 0.275469 1.289378 0.448793 -0.856721 0.240870 1.672469 0.785417 -0.158041 1.700515 0.260633 -0.288865 1.403818 -1.210520 0.587300 0.442460 -0.399317 -0.894658 -0.200114 0.195939 -0.745815 1.438430 0.137650 -0.390524 -0.948407 0.047620 0.325769 1.297253 -1.943531 0.375167 -0.326250 1.194614 0.776311 -1.862837 0.029571
46 0.375046 -1.735826 -0.004461 -0.284723 2.241826 -0.206249 1.236221 -0.130299 -1.014468 0.089190 0.166675 1.121847 0.674413 0.033292 0.673930 -0.776989 -0.028161 0.276097 1.313893 -0.941309 -1.323078 -0.601792 0.762989 0.659239 -1.839676 -1.642449 -0.198860 -1.338795 0.167894 -1.180395 -2.026924 -0.493575 -0.180422 -0.152617 0.858780 -2.019797 -0.948913 0.158061 1.409522 0.589500 -0.371163 0.497518 1.735423 -0.006850 -1.204930 1.803682 0.391514 1.753891 -1.793405 -0.974209
47 -0.490704 1.218715 -1.955033 2.029683 -0.637484 -0.240977 0.096290 0.296843 -0.162812 0.849740 -1.348148 -1.688738 1.469254 -0.778588 -0.461884 -1.294576 -0.378375 -0.082800 -1.801672 -0.031822 0.608054 0.028291 0.310917 -1.520798 -0.767186 1.280364 -0.924664 0.450870 -0.735836 1.330092 -1.049927 1.927501 0.511399 -0.126713 0.741052 0.375233 -0.578411 0.346729 0.507881 1.466390 -0.678417 0.439544 -0.593909 0.559878 -2.150426 0.901628 0.895802 -0.158778 -1.008372 0.614491
48 1.134022 0.658083 0.137026 1.728118 0.500790 -0.709939 -2.206461 -0.158471 0.085106 -0.844662 1.449128 0.128211 -1.402728 0.369145 1.372283 0.978929 -0.864108 -0.295371 0.616673 1.229028 -1.007487 -1.346218 -0.781129 -0.307595 0.282569 1.509408 -0.727149 1.094033 -0.463673 1.255935 -1.340103 0.650671 -0.019646 1.002736 -0.250345 -1.129451 -0.564750 -0.562843 0.215940 -0.319428 -2.463730 -0.428090 -0.950079 1.066322 1.733905 -1.883120 -1.069744 0.225591 0.400353 0.772987
49 2.390652 0.741730 1.602794 1.490285 -1.210978 0.009652 1.556535 0.702906 0.590224 -0.148520 -1.480713 0.093618 0.189581 0.243415 -0.614375 1.778103 -0.290612 -0.176844 0.599863 -0.480465 -0.673796 -0.218210 -0.647090 -1.544999 0.847917 -0.098210 -0.536252 -0.090262 0.026273 0.848376 0.782204 -0.223475 0.532955 -1.400216 -0.671940 -0.944417 -0.562448 0.299754 -0.008766 -1.145298 0.569945 -0.085904 1.689895 0.463246 -1.188575 0.497199 -1.431931 0.594519 0.588841 -0.063332
50 -0.562895 1.464710 -1.650316 -1.601717 0.514011 1.572670 -0.982281 1.307656 1.207614 1.391769 -2.731957 2.460393 -1.049824 -0.805990 1.917748 -0.125737 0.731634 1.676970 1.005235 -1.024911 0.727623 0.284356 1.498778 1.398337 0.420789 -1.357960 -1.303777 1.663659 0.987021 0.906482 -0.653109 1.104785 0.088269 1.175369 0.684891 -0.601331 2.001492 -0.524682 0.423451 0.733946 -0.843939 1.403394 0.409454 1.428793 0.471528 1.425108 1.129631 -1.261659 1.015985 1.837627
51 0.732278 0.219385 -1.531120 -0.000606 -0.119066 1.929676 -0.173315 -0.032021 -1.463698 2.424701 0.914219 1.252900 0.198044 -0.978375 -1.617193 -0.844862 0.002865 0.537360 0.456888 2.257321 0.358793 0.028695 -1.452883 0.867761 1.980600 0.553854 0.727740 1.155035 0.295193 0.326607 -0.690663 0.243025 -0.090024 -1.240648 -0.712490 -0.346033 -0.335017 -0.958870 -3.022546 -0.459486 0.619966 -0.358715 -1.146264 -1.717024 -0.246343 0.808314 0.062368 -0.447770 0.016001 -1.055883
52 0.565739 0.474238 -1.545899 -0.077076 -0.937189 -1.301580 1.896764 1.479302 0.113457 0.946683 0.319743 -0.091045 -0.541186 1.536962 1.975333 -1.234441 -0.192740 0.739888 0.602403 0.712270 -2.541684 0.621864 1.098246 0.260737 -0.929934 1.268962 -1.400246 0.468153 -0.147950 -0.724322 -0.143080 0.485085 -0.274512 -0.418170 0.370149 0.876919 -1.962848 -0.063108 1.190939 -1.624359 0.150423 0.222574 1.072211 0.591455 1.344366 -2.335843 0.540327 0.355011 -0.513594 -0.787017
53 -0.093520 -1.168641 -1.580113 -0.420684 -0.583333 -0.291150 0.105423 0.479588 -0.783403 1.668740 -0.402239 0.806133 -0.060018 -0.372859 2.148453 -0.797180 1.784807 -0.002124 -0.152639 -0.155733 1.466867 -0.364485 0.318482 0.586797 1.428433 2.483831 0.130056 0.159325 -0.584615 -0.084109 0.336564 1.169332 -1.250333 -0.071370 1.965452 0.076774 1.006029 0.219740 -0.716363 -0.015980 0.501253 0.847353 0.277795 0.105879 0.505466 1.597326 0.183417 1.052602 0.158781 2.386255
54 0.828373 -0.349155 -0.516412 0.371192 -1.457333 -0.755543 -1.135789 -1.836377 0.353745 1.733439 -0.374087 0.730812 -1.468590 0.745716 1.135825 -0.752791 -0.988595 0.249797 1.543375 0.530473 0.649147 -0.113376 1.328870 0.702268 -0.386055 -0.624705 -0.092671 -0.834123 -1.371776 -0.073895 0.553651 1.074399 1.242665 0.047308 0.926340 0.373689 0.188740 -0.629241 -0.314888 2.531040 0.263685 0.256551 -0.282415 0.762707 -0.971213 0.217697 -0.528940 -0.918275 -0.160337 0.293096
55 0.548664 -1.729120 1.756184 0.412878 0.956121 -0.230063 -0.292754 -1.888554 1.453062 0.073684 -0.024507 -0.823919 0.783462 0.413982 -0.057871 1.107940 -1.500698 0.288298 -1.376914 0.576139 0.436814 -0.803623 -0.079629 0.241034 1.269528 -1.921032 -0.925731 -0.782339 0.682307 0.519548 -0.202633 -0.472926 0.111323 -0.197230 1.350975 -0.378096 0.839663 -0.096074 -2.072980 0.343932 1.129479 -0.063021 -0.536094 1.482727 -1.194983 -2.380907 0.481890 1.019246 -0.032553 -1.068448
56 1.539643 1.828124 1.032909 0.733735 0.519686 -1.543802 -0.020370 0.529451 -0.226347 -0.338901 -1.724939 2.781418 -0.043265 -0.665783 -0.779959 -0.127724 -0.334799 -1.763680 1.835577 -1.789532 1.121363 -1.856627 0.629718 0.474072 -1.473148 -0.302030 0.861541 0.223327 -0.865671 0.117711 0.051986 -0.767934 -0.624332 -0.799479 1.075456 -1.232023 -0.133888 -0.509479 -0.721621 -0.842512 0.978197 -0.103367 -0.287739 -1.050468 1.788780 -0.882629 -0.537382 0.649375 -0.556634 -1.325439
57 0.170781 -1.382702 0.755508 -2.629287 0.778817 0.942380 -0.218891 -0.790153 -0.673471 1.304644 0.111417 -2.381990 0.138730 0.144217 -0.367277 0.004357 0.303599 0.903930 -2.410258 -0.106343 0.360608 -1.370100 -0.267704 -0.092304 -1.398567 -1.328573 0.438434 0.734418 -1.488794 0.559593 1.968507 -0.455230 -0.558267 0.330983 0.215507 0.571360 1.822780 -1.607290 -0.148099 0.427081 -0.142005 -1.486603 -1.129303 -0.619069 -0.745644 1.050048 -0.179666 0.010114 1.309087 -1.123108
58 -0.923919 0.783263 0.404091 0.021557 0.800475 -1.332325 -0.531117 1.063723 -0.746239 0.816797 1.000448 0.567372 -0.245794 -0.141360 -0.295133 0.001666 -1.593388 -2.443732 2.466472 1.850379 -1.907021 -0.070019 -0.655540 1.070936 -0.736924 -0.896839 -0.345207 0.115225 -0.357011 -2.478971 -1.142775 -1.319507 -0.911731 0.564760 -0.406401 -0.323499 0.291622 0.502111 0.135805 -0.066172 1.032877 -1.206646 -0.085611 -0.200543 -2.209975 -1.321976 -0.842011 0.399823 -0.071236 0.797825
59 -2.598590 1.231096 0.246520 0.560106 0.844637 1.732189 0.212279 -0.209892 0.531446 0.883940 0.188681 0.270005 1.037375 1.262432 -1.679403 0.340319 0.502460 0.929105 0.612382 -0.064519 -0.547098 -0.088244 -0.520457 -1.148255 0.058704 0.642334 -0.649116 -0.387278 0.016090 -0.943556 0.183014 1.446086 0.166405 -0.112793 1.658148 -0.709225 0.358109 -1.320994 1.647620 -0.134335 -0.726317 0.194658 -0.923144 -0.399412 -1.412938 1.809212 0.214119 0.144164 -2.128824 1.011633
60 -1.024554 -0.264971 0.559713 -1.432664 0.481247 0.235507 0.160570 -0.005545 1.293457 -0.318351 -0.689184 -0.413705 1.232138 -0.415298 -0.588844 1.131682 -1.197232 -1.993917 0.132550 -0.893218 0.815596 1.363311 0.806026 1.065143 -0.886162 0.816825 -0.061654 1.110158 1.949956 0.284959 1.149839 1.921112 0.085523 -0.174061 0.073347 -0.435408 0.373558 0.872689 0.885422 -1.301567 -1.303915 1.757034 0.931623 1.184131 -0.704668 -0.958484 0.395979 0.620622 -0.523492 -0.414601
61 -0.255067 -2.125817 -0.193822 -0.940834 0.029326 -0.578028 0.474954 -0.522640 0.572713 0.820095 -0.079355 -0.312841 0.370351 -1.147756 -0.379510 0.040151 0.137753 0.726601 0.752581 0.297994 0.649419 1.952686 -0.064870 -1.008742 2.035107 0.200363 -1.322403 0.730861 0.797314 -0.244621 -0.200100 0.996657 0.791411 -1.159972 1.200151 -0.339499 -2.043707 -0.770938 0.584164 -0.653138 -0.710683 0.446916 -0.926842 -1.417115 0.774488 1.782828 -0.212451 1.131865 -0.040679 1.412304
62 1.480902 1.690830 -0.690841 -1.376273 1.327196 -0.925308 0.333896 0.849184 -0.365255 -0.383353 0.051837 -0.876281 -0.097675 0.032056 -1.558455 -0.801918 -0.113844 0.410634 0.676170 -0.702428 -1.672647 -0.462496 1.870657 0.847974 -1.228427 -0.948827 -0.476012 -1.531437 0.049831 -1.117215 -2.163970 0.141615 -0.771897 -0.949224 1.123541 -0.702686 -0.093669 1.311998 -0.575264 2.013939 0.567351 0.604684 -1.072631 -0.794741 1.228910 -0.061427 -1.255400 -0.221067 -1.643280 -0.073697
63 -1.192019 1.661932 0.390362 1.166992 -2.314046 0.033830 1.117118 -1.036771 0.576825 -0.454627 -0.127123 1.575273 1.103191 -0.525058 0.590213 -0.693150 2.203168 -0.119108 -0.362982 -0.824046 -0.099111 -0.318608 -0.108919 1.057437 0.315611 1.078930 -1.087260 -1.804089 -0.698813 -0.545881 1.453620 0.057497 -0.556574 -0.273109 -1.174517 2.361020 -0.427447 0.796043 0.869413 1.443530 0.944699 0.759285 0.080822 -0.902232 2.333049 -1.687447 0.095544 -0.437693 0.726082 1.534883
64 0.147657 0.211526 1.443805 -0.628442 0.184758 1.434447 -1.224047 0.998226 1.347882 0.061549 0.474273 1.120675 1.699162 0.848210 0.122988 -0.180143 0.926697 1.015472 -0.137186 0.673131 -0.762922 0.572633 -2.045890 0.635468 -1.808310 -0.422496 0.736021 -0.320962 -0.190390 -0.294905 -2.690879 -0.478296 1.006296 0.108162 0.734603 0.689397 -1.353060 2.017563 -0.174189 -1.121814 2.165375 -0.160047 -1.683457 0.445217 -0.079643 -0.739526 -1.976248 1.096555 -1.556573 -0.660254
65 -0.683569 0.531775 -1.489023 -1.484992 -0.089421 1.308123 0.006043 0.485980 -1.769340 -0.309008 -0.951856 -0.268166 -0.427720 0.788289 -0.535354 -0.124967 1.005138 0.684711 1.147984 0.635161 -1.608308 0.074767 1.318563 0.046859 1.308142 -1.357184 -1.194987 -0.623340 -1.550663 1.561169 -1.255632 2.580656 -0.536668 2.444058 0.043865 0.564978 0.578219 1.521368 2.084797 -1.875681 -1.080160 -1.648771 -0.123760 2.100607 -0.629129 0.175862 -0.037505 -1.916941 0.581898 -0.465205
66 1.925713 -0.791587 0.400191 0.715684 -0.892160 -0.865310 0.270251 0.235501 1.046521 -0.777574 2.383451 0.009855 0.365992 -0.580257 0.364211 -0.776366 0.561099 -0.855986 0.219189 -1.080595 0.156425 0.192077 -0.611190 0.148145 -1.061760 1.314647 0.966335 1.625018 -0.420108 -0.348760 1.653763 0.771574 0.889773 0.763274 0.431265 -0.643664 0.438468 2.537613 0.424632 0.450492 0.001896 -2.676968 0.575166 -0.112338 -1.794657 -0.636931 -0.193429 2.298301 0.800075 0.817746
67 -0.059397 -0.825687 0.399844 -1.619569 -0.252436 1.316423 -1.168157 -0.077898 0.413825 1.047560 -1.428914 -0.085131 0.584287 0.773109 -0.161890 -0.540791 0.958263 0.258174 -0.725822 1.257810 0.357457 -1.474783 0.353034 0.025890 -1.097821 -1.185967 -0.358125 -1.521901 -0.766660 -0.161174 0.848823 1.363068 -0.031588 0.391202 3.284529 0.339672 -1.887318 1.317574 0.423957 -0.605024 1.767699 -0.021223 -0.417091 0.783554 -1.167024 -0.973663 0.743194 0.039564 0.831447 0.268324
68 -0.357881 -0.590313 -0.320682 0.204216 -2.458139 0.177028 -1.498323 -0.238510 -1.705870 -0.380748 -1.244640 1.157840 1.395803 0.061147 -0.613736 -0.435869 -0.756325 0.608760 0.503493 0.639884 -0.916676 -0.063118 -0.514171 -0.152191 -1.255979 0.113818 2.101746 -0.665655 0.357882 0.577192 0.988943 -0.727462 0.344501 -0.882672 -0.614123 -0.597640 0.690107 -0.602546 -1.287224 -0.003170 0.611021 0.713140 0.357135 -0.782919 0.569705 0.167158 -0.874566 -1.664466 -0.304007 1.520351
69 1.100332 -1.005682 0.167180 1.436897 -0.869423 -1.139096 0.635396 1.640389 0.433931 0.939416 -2.093222 1.494101 -0.729046 -0.009596 -0.673603 0.842415 -0.840746 0.435228 -0.655129 0.509332 0.698780 -0.819422 -0.275450 0.077516 -1.306315 -1.394651 -0.704727 0.754558 0.937176 -0.134210 -0.359257 0.384982 0.317827 0.553686 0.498456 0.523773 -1.485030 -0.758686 -0.792765 -1.788676 0.098599 -0.948206 -0.011920 -0.912912 -0.522685 -0.100085 0.693687 -0.171193 0.312631 -0.124796
70 0.708073 0.592484 0.428288 0.178977 1.445661 2.092660 1.000022 -1.781126 0.526229 -0.961705 1.000299 -1.429126 -0.042972 -0.943953 -0.129536 -1.590493 -0.233207 -0.161697 -0.076915 0.150217 -0.374491 -0.158732 1.508062 0.046891 0.636395 0.693474 -0.579095 1.695184 -1.205338 -0.860579 -1.336075 -0.596076 1.097871 -1.120302 0.150890 0.715105 0.430641 1.495585 1.631086 -0.460717 -0.271950 0.046440 -0.863795 0.503815 0.594657 0.314937 -0.161304 -0.834473 0.455419 0.761071
71 0.165820 -2.017245 0.382052 -0.032655 0.031076 1.177155 0.491032 0.634744 0.281789 -0.666488 -0.076285 -0.781540 -1.157980 0.303916 1.258927 0.092872 -0.050708 -0.827933 -0.468101 1.057184 0.329247 -0.013193 -1.043788 0.932822 -0.098704 0.047114 0.652537 -0.368912 0.510309 1.613789 -0.831764 -1.478865 0.641070 -0.321460 -0.399634 1.482911 -1.019137 0.939221 -0.683187 0.286577 -1.644296 -2.241090 0.732755 -0.338824 -0.676157 -0.540826 0.333248 0.793949 0.261327 3.006350
72 -0.518889 -2.161152 1.320945 -0.352716 0.009802 0.657904 1.202933 0.527800 -0.034907 2.220793 0.650502 0.566445 -0.932148 -0.084485 -0.486925 0.012553 0.999685 -0.994883 -0.006036 0.322502 0.444393 0.749487 -2.026942 -1.923535 0.239929 0.407631 -0.557100 0.456191 -0.508862 0.153754 0.948109 0.753087 0.407731 -2.863467 -0.809700 -0.099377 -0.675693 -0.620221 0.654393 -0.281875 1.163233 2.363118 -0.269032 -0.037451 1.201307 -0.702881 0.156863 1.133751 1.514913 -0.540490
73 -0.665990 0.339937 -0.872745 -0.312215 0.193711 0.981173 -0.372195 1.344361 1.107347 -1.264427 -2.456265 -1.775786 2.042186 0.936878 1.273938 -0.090626 -0.162593 0.000306 -2.087496 -0.209998 -1.941947 1.359957 -0.222989 1.391741 0.831157 0.497964 -0.793105 -0.731953 -0.283246 -0.910188 -2.055823 0.059785 -1.047454 -0.521620 -0.266673 0.352257 -1.147671 -0.285259 -1.302717 -0.793180 1.437337 0.494405 -0.209263 -2.053971 0.221983 0.135131 -0.170876 -0.348881 -0.634157 1.576710
74 0.438872 2.101231 2.026513 -1.923037 -0.965148 -0.779768 0.648388 0.264562 1.552085 -2.128239 -1.284317 0.468273 0.241640 0.374631 0.338165 1.446028 0.911585 0.924842 0.371230 0.314535 -1.176620 -0.494883 -0.737050 -0.167982 0.171255 -0.206132 -0.639593 0.892664 -0.381778 0.877668 1.071572 0.615778 0.312996 0.440013 -0.538809 0.752815 0.318720 -0.132005 1.399499 -0.864839 0.256755 -0.907526 1.814865 0.337428 -0.127563 -1.076859 0.407192 -2.027076 1.235194 0.550866
75 1.544414 -0.026139 0.993668 -0.189531 -0.492179 -2.484271 1.171803 -0.797926 0.370266 -0.116363 -0.108727 1.319817 0.347003 -0.313511 -1.129144 1.104281 0.473954 -1.487535 -1.218379 0.157116 0.664465 1.408958 -1.714963 3.030061 -0.604605 0.807838 1.091090 -0.230132 -0.413890 -1.070603 -1.301274 -0.098647 -1.828174 1.970680 -2.549589 1.488379 1.676792 0.160266 0.956628 -2.978321 -0.091656 1.963246 -0.081273 0.274343 2.373297 2.649451 -1.127775 -0.252362 -0.230045 1.181759
76 -0.589286 -0.863581 -0.546243 0.471232 2.161873 1.255430 -0.080066 -0.779664 1.800319 0.292608 -0.394060 -1.004886 0.903842 1.344002 -1.404984 -0.302634 0.126737 -1.891066 -0.261403 0.695544 -0.430169 -0.076864 -0.127042 0.056563 -0.781558 0.153631 0.554012 -1.322154 -0.052825 -0.291600 0.414891 -0.122868 -1.534873 0.127743 -1.206953 1.146025 0.029146 -1.555101 0.504152 0.125792 0.190283 -1.043835 0.171205 0.627767 -1.537455 -1.767575 0.029072 -1.018116 -1.811412 0.096773
77 1.889965 0.500300 0.018028 -1.383330 -0.446318 -0.405241 -0.201284 -0.040415 1.539688 -0.862957 -0.228319 -2.721253 0.155439 0.909546 0.018067 2.101936 -0.664999 -0.980104 0.481516 -0.531664 1.113350 1.251247 -0.357214 0.993211 -0.943520 -0.541747 -0.667107 0.567548 1.634081 1.008629 2.064031 0.045466 1.755290 -0.729749 -0.490726 2.142959 1.187422 -0.270111 0.296473 -1.037261 -1.903007 -1.001598 -0.068223 0.798455 -1.327793 1.427103 -1.377670 0.471426 -0.654265 -1.084369
78 -0.231768 -1.680335 0.285566 0.578133 -1.842758 -0.393183 -0.344855 -0.210283 2.155980 -0.400893 0.965740 0.752808 -0.343104 -1.051019 0.171254 -0.620835 0.666240 -1.416269 -0.722655 0.202538 -0.289149 -1.383470 0.284505 -0.025543 -1.762903 0.802823 -0.685892 -0.182197 0.982882 1.276065 0.144197 0.136596 0.163736 -0.656604 -1.268554 -1.733036 0.577194 1.102824 -1.285558 -0.454706 -0.121168 -2.298209 0.637013 -0.139091 0.251994 -1.365365 1.460475 -0.102177 0.830918 -0.700960
79 1.779431 1.495280 0.455916 -0.049482 0.275064 -0.615112 -0.200376 -0.595332 0.485774 -0.669000 -0.270171 -0.094669 -0.524024 0.274681 0.050810 -1.575716 -0.340146 0.158101 0.964512 -1.485974 1.556110 -0.781911 0.909002 0.250245 0.680610 0.996213 1.241676 -0.946312 -1.767796 0.196959 0.268748 -0.072001 -0.568773 -0.797685 0.095154 0.230513 1.222454 0.526707 0.669144 0.036605 -2.192199 0.855322 -0.065300 0.116649 -0.705484 -1.547470 1.022029 0.613491 1.350143 1.327486
80 -1.549099 0.554232 0.261001 0.484641 -0.005077 -0.671075 -0.559814 -0.032376 -0.075170 -0.532329 0.367764 2.726466 1.442725 0.118540 0.948891 -0.041140 -0.577696 0.721872 -0.998360 -0.542763 -1.193016 1.047185 0.354581 0.776368 0.265748 -0.793622 0.451029 0.072380 -0.508450 -0.656843 1.227853 -0.778396 -0.934810 0.973937 -0.563509 1.256474 0.384579 0.420631 -2.251983 -0.477720 1.745135 0.265120 -2.043403 1.707099 1.683516 2.025496 -1.096240 -0.037789 -1.942237 1.699737
81 0.534934 1.123168 -0.385237 0.876205 -0.094306 -0.410487 -0.147055 -0.470443 -0.851764 0.167819 0.106545 -0.479665 0.481429 0.570017 0.243609 1.332675 0.486385 -0.892498 0.975321 -0.807112 1.141982 -1.376713 0.654010 1.122652 -0.611892 0.450738 -0.898213 0.284030 -0.067619 -0.356736 2.700519 0.485390 -1.777904 -0.039898 0.546732 0.641091 0.644790 -0.468993 -0.608497 1.309693 0.700224 0.058823 1.588120 1.269009 1.209456 0.639876 0.029042 -0.522149 -0.840709 0.392868
82 1.464263 0.339626 1.430841 1.669987 -0.055606 0.582853 0.257006 1.122022 0.965556 0.987369 -0.089919 0.310897 0.821969 -0.018351 0.408373 -1.400792 -2.020335 0.065046 -2.092708 -0.867122 0.580043 -0.248209 0.151630 0.088579 0.439136 -0.338175 0.872182 0.961064 -0.729348 -0.354527 0.263246 -1.098689 0.923283 0.870855 -1.695373 -1.199419 0.845850 0.038708 -0.658670 -0.366246 0.625524 -0.703242 1.427315 -0.189175 -1.264406 0.231202 0.769869 -0.155355 -0.174147 0.252107
83 -0.108625 -1.274698 -0.782056 1.393257 0.737313 -1.042666 -1.075247 0.491148 -1.001374 -0.081365 1.206335 -0.832590 1.011467 2.337661 -0.016385 -0.369031 1.487311 0.181674 0.733274 -2.077843 0.259286 -0.048394 -0.422119 1.516124 0.455826 0.243014 -1.624416 -3.289712 -1.039869 0.298982 -0.411828 0.546918 -0.855833 -0.757568 -2.163434 -1.056138 -1.052919 0.326374 0.541367 0.211677 0.508053 0.203607 -0.753812 0.059221 0.544793 1.026416 0.797605 1.028459 -1.743093 2.146280
84 2.968994 0.323792 0.039688 -0.353384 -0.139809 -1.280220 3.447111 -0.135191 0.011613 -0.237470 -1.221619 2.614737 -0.316412 1.379534 -0.097889 1.577506 -0.210939 0.283265 0.196514 -0.376561 -2.487239 0.661743 -0.456944 1.418466 0.712006 2.108062 1.501161 0.083902 -0.423975 1.335319 1.492824 0.551196 0.131751 -0.847492 -0.039902 0.864520 -0.697794 0.621526 -1.607412 0.843429 2.003488 1.201888 0.109943 -0.448071 -0.717051 2.515551 -1.937171 -1.095863 0.073687 2.575131
85 1.521221 -2.257135 -0.351590 -0.372682 1.113154 -0.854362 1.514491 1.607682 0.713077 0.200536 -0.567182 2.479412 1.577224 -0.111996 1.514537 0.141280 -0.500996 -0.584852 0.058674 0.226041 1.380661 0.024397 -0.228157 0.904219 -0.385385 1.576274 3.204752 0.647394 -0.739502 2.428608 -0.751173 -0.195016 0.091326 0.032162 0.427045 -1.285517 -1.199498 0.667100 -0.234299 0.278786 0.812636 1.768880 -1.920338 -0.776870 0.349489 1.984297 0.119838 0.462651 1.185545 2.129190
86 -0.169889 -0.983314 0.358284 -1.160376 0.443669 1.018193 0.294638 -0.645751 -0.831648 -0.991107 0.402414 1.281864 2.335148 1.447134 2.113741 -0.207344 -1.366897 -0.499643 2.126599 0.190619 -1.522528 -2.610186 -0.528217 1.160131 -1.419252 -0.762152 1.035686 -0.661400 -1.295914 -1.321599 0.419105 -0.041230 -0.011538 -0.536672 -0.811754 0.003592 -0.858216 -0.214991 -0.496102 0.383412 0.971480 -0.420869 -0.022259 0.340325 -1.286201 -0.362313 0.444067 -1.861731 1.676638 -1.490345
87 0.779448 0.130391 0.689797 0.298954 -1.275118 -1.035531 0.357110 -0.123861 2.209481 2.009600 0.605373 -0.798421 -0.911327 -0.963372 -0.110241 -0.604616 -0.511695 -0.316489 -0.029335 1.195135 0.023263 0.447914 -1.379892 2.045849 0.594137 -0.379705 0.215643 0.905699 -0.481753 -1.744859 0.120447 -0.781667 0.438441 2.043759 -0.669646 -0.309186 2.006011 -0.073977 -1.036774 -0.555345 -0.175007 -0.598004 -0.270918 -2.535764 1.005263 3.143670 -0.060114 2.084011 -1.069247 1.069642
88 -0.938255 -0.669288 0.205139 1.004146 2.502956 -1.154829 0.409717 -0.303638 0.721322 -1.686439 0.639156 -0.609355 0.444028 0.184579 0.486232 -1.215198 0.605849 0.682781 -0.418284 -0.875446 -2.314907 -1.029980 -0.729118 -0.263724 -0.791633 0.523515 0.967095 0.089389 -1.276316 1.233107 -0.792144 -0.893028 0.058080 0.777240 0.573836 -0.903756 0.411055 1.508662 1.136201 -1.276757 1.663834 -0.266485 0.792495 -0.182494 -0.272126 -0.075771 0.513966 2.150065 -1.040976 -0.293282
89 0.757005 -0.034184 0.025860 1.941915 1.093215 -1.734009 2.563024 -0.833537 -0.394504 -0.332523 0.639521 -1.080365 0.301828 -1.525344 0.041281 0.067481 0.148825 1.348010 0.864192 -1.486340 0.659390 -1.068288 -1.344039 1.885296 1.003206 0.654618 -1.552834 -0.009189 0.478355 -1.435412 -0.171984 0.043202 -0.653082 1.407431 1.194833 -1.043661 -0.621142 -0.168311 2.872413 -0.922312 1.434015 -0.564896 0.513310 -0.373185 -1.173746 0.014937 2.515313 -0.124740 -0.961869 -0.398810
90 -0.176483 1.331479 -0.553524 0.243117 -0.444187 1.014124 -0.455919 0.001215 0.417428 0.562278 0.651930 0.562017 -1.082034 -0.106276 -1.735298 -0.943745 -0.307163 -1.265400 -1.938283 -0.029150 -3.137362 1.078069 0.262224 -0.722288 -1.230768 -0.364364 0.301134 0.370859 1.542946 0.063061 0.732065 -0.330020 -1.825909 -1.038452 0.279001 -0.066299 1.679704 1.094144 -1.844242 0.976937 -2.182165 -0.727741 -0.262769 0.841786 -0.856801 -0.577789 -0.667148 -0.383726 0.414820 -1.117763
91 0.823686 -1.951151 0.711091 0.066459 -1.236633 -0.975357 0.869688 1.717516 -0.377567 -0.581499 2.275046 -0.117407 -0.657969 -0.336408 -0.047985 -1.086693 1.165885 -1.049956 1.321864 -1.033039 0.486974 1.368971 0.879338 -0.531065 -1.283545 0.181211 -0.430674 -1.017392 -0.844352 1.473796 -0.714429 0.960082 0.353247 0.818132 -1.277262 -1.341306 0.592314 1.286746 -0.372006 0.086405 0.110765 -0.203933 -0.303881 -0.518472 -1.278766 -0.616404 -1.679869 1.110154 -0.872600 0.552484
92 -0.054704 -0.495589 0.436190 0.735540 -1.403773 -1.783653 0.853689 -0.408447 0.611087 -1.956081 1.219858 -0.860499 0.485663 0.959032 0.271337 -0.098577 0.625479 1.076601 -0.332837 0.645129 -0.076909 -0.505556 -0.716892 -2.207985 1.122814 -0.116384 -1.381959 -1.612936 1.705612 0.392406 -1.650020 -0.896481 0.720702 1.108117 -1.248617 -0.632383 0.403467 -0.908815 -1.630549 -1.631338 -0.472568 -0.747689 0.713907 0.281289 0.005228 1.037696 -0.030788 1.704886 1.615502 -0.549646
93 -0.920924 -0.053916 -0.638594 -1.253394 -1.898046 -0.328463 -1.078112 0.808538 1.946177 -1.020821 0.036290 -0.894522 -1.366314 0.557736 -0.365675 0.968934 0.511915 -0.214717 0.666764 -0.546808 1.253268 1.588807 -0.647818 -0.467824 0.244713 -0.039166 1.613901 -0.273359 0.422792 -0.970068 0.960266 0.144219 -0.373708 -1.844952 -0.436562 0.068412 1.507068 1.351234 0.384930 1.019739 0.604630 -1.517756 0.420264 0.123680 -0.557108 -1.810240 -0.642385 -1.317903 -0.608174 -0.459714
94 0.204959 -0.021528 0.073372 0.755647 1.156620 -0.620596 2.813988 -0.184217 -1.121468 1.893791 0.506851 2.986977 2.399510 -0.102819 0.662882 -0.992760 -1.027501 1.386635 -2.217288 -1.732217 0.518573 -1.578917 0.099763 2.266821 1.714804 0.368813 -0.329359 0.140218 -0.388801 1.153436 -0.072659 -1.042663 0.895406 0.395757 -0.740658 -0.335604 0.839060 -1.497421 -0.201046 1.391536 1.185704 2.551110 1.709186 0.048673 -0.858942 1.680925 -0.574310 -0.098153 -0.566169 2.439481
95 2.531820 -0.396775 0.752865 0.336022 0.139441 -2.578397 1.810664 0.484596 0.256387 2.248002 -0.648777 2.062582 0.252591 -0.378076 0.502377 -0.077428 0.166052 1.205449 -1.348304 0.125867 -0.658185 -0.076867 1.159102 2.907221 -0.677289 2.858028 3.256730 -0.724069 2.026636 0.543911 0.258185 -0.548413 0.041522 -1.467753 0.903064 1.367936 -1.069384 0.313315 0.399383 0.887523 1.299911 4.468133 -0.254696 0.332262 -0.932108 3.106612 1.754529 -0.926364 0.718425 2.815116
96 0.517127 -1.535256 -1.274861 0.624406 -0.408542 1.000818 -0.641426 1.691236 -1.154115 -0.830401 -0.342751 -0.818419 1.641657 1.351298 0.312484 -1.302187 -2.416861 0.633858 0.562005 0.252153 -0.661208 -0.406351 0.405288 -0.803551 -0.257760 -1.495303 -0.156282 -0.093580 -0.861810 -0.796170 0.827126 -1.958430 -0.346502 -0.445605 -2.483250 -0.092637 1.639175 -0.051900 -1.418133 -0.348671 0.143194 -1.074129 0.218476 2.082406 0.387726 -1.189925 0.056600 0.187151 -0.314378 -0.069263
97 -1.320554 -1.046539 -1.090784 -1.366174 1.848810 -0.826796 -0.963160 -0.496739 -0.159673 -1.406349 0.623884 -1.208339 0.210608 -0.645214 -0.842465 1.484906 -1.070817 0.011404 -0.310399 0.612075 0.997566 1.884121 -0.931027 -1.160436 0.287165 -0.380823 0.006720 0.187830 -1.425772 -1.104830 0.208100 1.009171 -2.515244 1.008458 -0.015246 -1.353412 -1.004881 -0.757498 -1.612503 -0.646223 0.011886 0.219833 1.065032 -0.122022 0.628181 0.751230 1.128366 -0.432988 0.917051 0.634921
98 0.851488 -0.596759 -0.010612 -0.986672 1.367841 -1.680032 1.013373 0.751344 0.540562 1.022472 0.084781 1.110143 -0.599229 0.861747 0.583118 -1.711113 -1.349636 -2.304374 -0.472441 -0.805566 -0.781123 1.184027 0.807556 0.708618 0.230119 -0.443367 -1.329754 0.182106 -0.155325 1.505393 -1.549594 -1.908737 -0.102560 1.007492 0.172631 -0.108784 0.708769 0.372111 1.442683 1.072613 0.401319 0.182042 -0.722994 -0.696118 -0.757946 0.893145 -0.370695 -0.740596 0.298738 0.840748
99 0.277091 1.757799 0.379597 0.828859 0.753121 -2.002040 0.310946 1.001133 -2.178098 0.893459 -0.796628 1.061523 -0.428466 0.758072 -1.184973 1.447946 0.257026 0.852702 -0.535388 -0.678648 -0.161460 -0.279243 1.864485 0.244466 -0.758485 -1.246428 -0.098289 -0.266484 0.071276 -1.432025 1.228306 1.396514 -0.923968 -1.003805 0.801950 0.818438 0.027961 1.387641 1.192795 -0.455597 0.167233 1.919600 -2.204095 0.378580 0.878710 -0.422881 -0.629740 -0.723072 0.707483 -0.859826
END
#################################################################
SECTION3 (Edges Information)
EndPoint0 EndPoint1 Weight
0 1 1.000000
0 9 1.000000
0 10 1.000000
0 90 1.000000
1 0 1.000000
1 2 1.000000
1 11 1.000000
1 91 1.000000
2 1 1.000000
2 3 1.000000
2 12 1.000000
2 92 1.000000
3 2 1.000000
3 4 1.000000
3 13 1.000000
3 93 1.000000
4 3 1.000000
4 5 1.000000
4 14 1.000000
4 94 1.000000
5 4 1.000000
5 6 1.000000
5 15 1.000000
5 95 1.000000
6 5 1.000000
6 7 1.000000
6 16 1.000000
6 96 1.000000
7 6 1.000000
7 8 1.000000
7 17 1.000000
7 97 1.000000
8 7 1.000000
8 9 1.000000
8 18 1.000000
8 98 1.000000
9 0 1.000000
9 8 1.000000
9 19 1.000000
9 99 1.000000
10 0 1.000000
10 11 1.000000
10 19 1.000000
10 20 1.000000
11 1 1.000000
11 10 1.000000
11 12 1.000000
11 21 1.000000
12 2 1.000000
12 11 1.000000
12 13 1.000000
12 22 1.000000
13 3 1.000000
13 12 1.000000
13 14 1.000000
13 23 1.000000
14 4 1.000000
14 13 1.000000
14 15 1.000000
14 24 1.000000
15 5 1.000000
15 14 1.000000
15 16 1.000000
15 25 1.000000
16 6 1.000000
16 15 1.000000
16 17 1.000000
16 26 1.000000
17 7 1.000000
17 16 1.000000
17 18 1.000000
17 27 1.000000
18 8 1.000000
18 17 1.000000
18 19 1.000000
18 28 1.000000
19 9 1.000000
19 10 1.000000
19 18 1.000000
19 29 1.000000
20 10 1.000000
20 21 1.000000
20 29 1.000000
20 30 1.000000
21 11 1.000000
21 20 1.000000
21 22 1.000000
21 31 1.000000
22 12 1.000000
22 21 1.000000
22 23 1.000000
22 32 1.000000
23 13 1.000000
23 22 1.000000
23 24 1.000000
23 33 1.000000
24 14 1.000000
24 23 1.000000
24 25 1.000000
24 34 1.000000
25 15 1.000000
25 24 1.000000
25 26 1.000000
25 35 1.000000
26 16 1.000000
26 25 1.000000
26 27 1.000000
26 36 1.000000
27 17 1.000000
27 26 1.000000
27 28 1.000000
27 37 1.000000
28 18 1.000000
28 27 1.000000
28 29 1.000000
28 38 1.000000
29 19 1.000000
29 20 1.000000
29 28 1.000000
29 39 1.000000
30 20 1.000000
30 31 1.000000
30 39 1.000000
30 40 1.000000
31 21 1.000000
31 30 1.000000
31 32 1.000000
31 41 1.000000
32 22 1.000000
32 31 1.000000
32 33 1.000000
32 42 1.000000
33 23 1.000000
33 32 1.000000
33 34 1.000000
33 43 1.000000
34 24 1.000000
34 33 1.000000
34 35 1.000000
34 44 1.000000
35 25 1.000000
35 34 1.000000
35 36 1.000000
35 45 1.000000
36 26 1.000000
36 35 1.000000
36 37 1.000000
36 46 1.000000
37 27 1.000000
37 36 1.000000
37 38 1.000000
37 47 1.000000
38 28 1.000000
38 37 1.000000
38 39 1.000000
38 48 1.000000
39 29 1.000000
39 30 1.000000
39 38 1.000000
39 49 1.000000
40 30 1.000000
40 41 1.000000
40 49 1.000000
40 50 1.000000
41 31 1.000000
41 40 1.000000
41 42 1.000000
41 51 1.000000
42 32 1.000000
42 41 1.000000
42 43 1.000000
42 52 1.000000
43 33 1.000000
43 42 1.000000
43 44 1.000000
43 53 1.000000
44 34 1.000000
44 43 1.000000
44 45 1.000000
44 54 1.000000
45 35 1.000000
45 44 1.000000
45 46 1.000000
45 55 1.000000
46 36 1.000000
46 45 1.000000
46 47 1.000000
46 56 1.000000
47 37 1.000000
47 46 1.000000
47 48 1.000000
47 57 1.000000
48 38 1.000000
48 47 1.000000
48 49 1.000000
48 58 1.000000
49 39 1.000000
49 40 1.000000
49 48 1.000000
49 59 1.000000
50 40 1.000000
50 51 1.000000
50 59 1.000000
50 60 1.000000
51 41 1.000000
51 50 1.000000
51 52 1.000000
51 61 1.000000
52 42 1.000000
52 51 1.000000
52 53 1.000000
52 62 1.000000
53 43 1.000000
53 52 1.000000
53 54 1.000000
53 63 1.000000
54 44 1.000000
54 53 1.000000
54 55 1.000000
54 64 1.000000
55 45 1.000000
55 54 1.000000
55 56 1.000000
55 65 1.000000
56 46 1.000000
56 55 1.000000
56 57 1.000000
56 66 1.000000
57 47 1.000000
57 56 1.000000
57 58 1.000000
57 67 1.000000
58 48 1.000000
58 57 1.000000
58 59 1.000000
58 68 1.000000
59 49 1.000000
59 50 1.000000
59 58 1.000000
59 69 1.000000
60 50 1.000000
60 61 1.000000
60 69 1.000000
60 70 1.000000
61 51 1.000000
61 60 1.000000
61 62 1.000000
61 71 1.000000
62 52 1.000000
62 61 1.000000
62 63 1.000000
62 72 1.000000
63 53 1.000000
63 62 1.000000
63 64 1.000000
63 73 1.000000
64 54 1.000000
64 63 1.000000
64 65 1.000000
64 74 1.000000
65 55 1.000000
65 64 1.000000
65 66 1.000000
65 75 1.000000
66 56 1.000000
66 65 1.000000
66 67 1.000000
66 76 1.000000
67 57 1.000000
67 66 1.000000
67 68 1.000000
67 77 1.000000
68 58 1.000000
68 67 1.000000
68 69 1.000000
68 78 1.000000
69 59 1.000000
69 60 1.000000
69 68 1.000000
69 79 1.000000
70 60 1.000000
70 71 1.000000
70 79 1.000000
70 80 1.000000
71 61 1.000000
71 70 1.000000
71 72 1.000000
71 81 1.000000
72 62 1.000000
72 71 1.000000
72 73 1.000000
72 82 1.000000
73 63 1.000000
73 72 1.000000
73 74 1.000000
73 83 1.000000
74 64 1.000000
74 73 1.000000
74 75 1.000000
74 84 1.000000
75 65 1.000000
75 74 1.000000
75 76 1.000000
75 85 1.000000
76 66 1.000000
76 75 1.000000
76 77 1.000000
76 86 1.000000
77 67 1.000000
77 76 1.000000
77 78 1.000000
77 87 1.000000
78 68 1.000000
78 77 1.000000
78 79 1.000000
78 88 1.000000
79 69 1.000000
79 70 1.000000
79 78 1.000000
79 89 1.000000
80 70 1.000000
80 81 1.000000
80 89 1.000000
80 90 1.000000
81 71 1.000000
81 80 1.000000
81 82 1.000000
81 91 1.000000
82 72 1.000000
82 81 1.000000
82 83 1.000000
82 92 1.000000
83 73 1.000000
83 82 1.000000
83 84 1.000000
83 93 1.000000
84 74 1.000000
84 83 1.000000
84 85 1.000000
84 94 1.000000
85 75 1.000000
85 84 1.000000
85 86 1.000000
85 95 1.000000
86 76 1.000000
86 85 1.000000
86 87 1.000000
86 96 1.000000
87 77 1.000000
87 86 1.000000
87 88 1.000000
87 97 1.000000
88 78 1.000000
88 87 1.000000
88 89 1.000000
88 98 1.000000
89 79 1.000000
89 80 1.000000
89 88 1.000000
89 99 1.000000
90 0 1.000000
90 80 1.000000
90 91 1.000000
90 99 1.000000
91 1 1.000000
91 81 1.000000
91 90 1.000000
91 92 1.000000
92 2 1.000000
92 82 1.000000
92 91 1.000000
92 93 1.000000
93 3 1.000000
93 83 1.000000
93 92 1.000000
93 94 1.000000
94 4 1.000000
94 84 1.000000
94 93 1.000000
94 95 1.000000
95 5 1.000000
95 85 1.000000
95 94 1.000000
95 96 1.000000
96 6 1.000000
96 86 1.000000
96 95 1.000000
96 97 1.000000
97 7 1.000000
97 87 1.000000
97 96 1.000000
97 98 1.000000
98 8 1.000000
98 88 1.000000
98 97 1.000000
98 99 1.000000
99 9 1.000000
99 89 1.000000
99 90 1.000000
99 98 1.000000
END
#################################################################
SECTION4 (TrueSubGraph Information)
EndPoint0 EndPoint1 Weight
75 85 1.0
85 95 1.0
85 84 1.0
84 94 1.0
END
#################################################################
SECTION5 (Labels Information)
1 0 0 0 0 0 1 0 0 0 0 1 0 0 0 0 0 0 0 0 0 0 0 1 0 1 1 0 0 0 0 0 0 0 0 0 0 0 0 0 1 1 0 0 0 1 0 0 0 1 
END
#################################################################
SECTION6 (bt Information)
5 -5 -5 -5 -5 -5 5 -5 -5 -5 -5 5 -5 -5 -5 -5 -5 -5 -5 -5 -5 -5 -5 5 -5 5 5 -5 -5 -5 -5 -5 -5 -5 -5 -5 -5 -5 -5 -5 5 5 -5 -5 -5 5 -5 -5 -5 5 
END
#################################################################
