#################################################################
#APDM Input Graph, this input graph includes 3 sections:
#section1 : general information
#section2 : nodes
#section3 : edges
#section4 : trueSubGraph (Optional)
#
#if nodes haven't information set weight to null
#################################################################
SECTION1 (General Information)
numNodes = 100
numEdges = 200
usedAlgorithm = NULL
dataSource = SimulationData2
END
#################################################################
SECTION2 (Nodes Information)
NodeID Base Counts
0 0.294578 -1.468460 -0.881012 1.409679 0.085514 0.331525 1.472659 -0.665387 -0.769006 1.272150 0.022511 1.591112 -0.550656 0.396046 0.501293 1.399442 -0.857645 0.388017 -0.902342 -1.418643 -0.441348 1.740252 1.362184 -0.032900 -0.221204 -0.748140 0.159783 1.197933 -0.869370 -1.645435 1.667407 -0.989801 1.370421 0.300614 1.822650 0.692452 0.671996 -0.006478 0.621587 -0.355974 -1.659921 0.625032 0.505818 -0.082402 -0.882193 0.771335 -0.448840 -0.523387 0.411783 0.955559
1 -0.719574 0.237769 -0.216436 -0.026363 -2.151145 0.699727 1.319712 0.926219 0.345634 1.200612 1.543640 -0.819280 1.363793 -0.059844 -0.187796 0.506303 -0.137897 -1.342534 0.379663 2.414536 0.651238 -0.915244 -1.177736 0.000153 -0.930806 -0.369780 0.957607 0.621116 0.156819 -0.461846 0.321318 0.265355 1.132538 0.828110 0.378122 -0.258270 0.005469 0.492755 -0.578177 1.089975 0.946859 -0.503824 1.167697 0.767421 0.245279 -0.340947 0.243267 -2.183318 2.029760 -0.242609
2 1.055500 -0.510829 -0.858171 2.618569 0.056560 0.197239 0.076675 0.881741 -0.103026 -0.643986 -0.297077 -0.402528 -1.913346 -2.153726 -0.023282 -1.229067 -1.517063 1.153973 0.461282 1.804894 0.697280 -1.024311 0.757065 1.345062 1.217790 1.803631 -0.584983 0.393847 -0.681887 0.952460 -0.350117 1.150823 0.747224 -0.888779 0.837046 -0.870999 0.765969 0.503191 1.496037 -0.836808 0.343065 1.359487 0.033794 0.700512 1.162145 -1.010993 0.272834 -2.307392 0.807511 0.761008
3 -1.971737 1.598055 -1.015349 -0.493341 -2.479036 -0.306901 -0.191039 -0.463843 -0.804036 -1.058593 0.537142 0.864467 1.333624 1.166345 1.634997 0.174570 -1.559064 0.871109 -0.710834 0.436334 0.284240 -1.223139 2.257203 1.006445 0.884941 -0.289649 0.782849 -0.583601 -0.279672 -1.003801 1.147420 1.988745 0.695350 -0.694331 -0.314649 1.449046 -0.238370 1.752502 0.485619 0.344779 0.579750 0.002987 1.795106 1.011119 1.216988 -0.257914 -0.403184 -0.870558 -1.076828 0.170559
4 -1.907079 -1.305224 -1.026883 0.833083 -2.522392 0.164588 0.016284 -0.855738 0.184987 -0.430687 0.577618 0.642660 -0.917709 -1.001437 0.476578 0.346227 1.750742 0.922082 0.524030 0.392049 -0.886594 1.183550 0.356290 2.006563 0.525593 -1.669319 -0.954516 0.823955 0.681970 1.449543 0.570654 -0.429279 -0.292681 -0.910406 -0.770660 0.265354 -0.312290 0.475000 -1.328418 0.069523 -0.676874 1.015147 -0.037718 -1.196871 0.621740 1.961976 0.328849 1.501588 1.281279 1.037788
5 -1.578520 1.520899 -0.817893 0.086544 0.752991 -0.281204 -1.175048 0.272019 -0.251413 0.210017 0.121186 -0.086995 -0.370593 2.085761 -1.852453 -1.994162 -0.913059 -0.012916 2.052372 1.692317 1.147541 2.681709 0.019500 1.125011 -1.564844 0.629310 0.619382 0.339393 -1.310101 -0.003867 -0.612627 0.216819 -0.488855 -0.641432 2.029679 -0.810913 -0.102829 0.434401 -1.411924 -0.214999 0.054355 0.389960 0.112081 0.049900 0.879837 0.163535 -0.557636 -0.512472 -0.272956 0.263885
6 1.238022 0.147241 -0.465727 -1.511888 -0.218087 0.422308 -0.453633 -1.353182 -0.991511 0.600704 1.526076 -2.811631 -1.203486 -2.595524 -1.757764 -1.165563 -0.872588 -0.455593 1.150898 1.711118 0.130769 -0.663484 0.757500 0.718755 -0.152986 0.303221 -1.815638 -1.095421 0.720871 1.781258 -1.051575 1.073035 0.649793 -0.664680 -0.911522 -1.394668 -0.712657 0.565868 -0.524918 -2.526919 1.251152 -0.846749 -0.470026 -0.693518 -0.484116 2.031222 0.438446 0.339087 2.123816 -1.741986
7 0.233197 -1.157033 0.146088 -0.934256 -1.969544 -1.536735 0.990209 -0.022466 -0.003632 -0.769078 0.429458 0.323173 0.039223 -0.877352 -0.379870 0.943834 0.998319 -0.711345 0.381486 0.820473 0.120837 0.843332 0.637475 0.492500 1.231962 -0.104220 -1.197267 0.794613 -0.198850 -1.412542 -0.041051 -0.022477 -1.302340 -0.190098 -0.565499 0.540573 0.628059 0.189608 1.907306 0.094351 -0.475226 -0.038993 -1.566069 0.341696 0.306063 -0.508003 -0.382049 0.142700 1.361589 0.572653
8 4.302571 0.674117 5.777218 2.192924 -0.629870 5.029557 5.011101 1.150630 5.701052 2.349297 6.486363 5.501558 3.820457 7.455611 1.360406 6.682528 0.978697 3.569852 -0.041913 7.792144 5.432248 -0.218826 2.340131 6.231772 -0.266722 -0.312170 4.638780 4.981959 5.975977 3.668525 -0.907017 4.311836 0.276215 6.276536 0.337036 6.201457 -0.964436 4.881596 4.327205 6.057506 -0.135026 6.712563 -1.907592 4.045656 5.669443 6.127360 1.605896 0.058172 0.993936 -1.020535
9 5.137515 -0.559858 5.283555 5.186827 0.741970 4.484112 4.015497 -0.104291 6.408885 -0.711629 4.792658 4.188670 5.162059 4.632393 -0.374555 5.622880 -0.455246 5.213307 0.209615 3.623692 5.039055 -0.142288 3.457913 4.308288 -0.507600 -0.321104 5.999386 5.210386 6.476082 4.701314 0.577412 5.278129 0.634991 5.979073 -1.291196 5.025683 -2.090790 5.899067 4.989885 6.943664 0.970995 4.928640 0.791848 4.166468 3.943661 2.974727 -0.978971 -1.212165 0.589647 0.453930
10 -0.892105 0.375595 -1.667796 -0.855102 -0.460213 0.664846 0.151968 0.657791 -1.388243 0.527011 0.617531 -0.944603 0.465167 2.083881 -2.008062 -0.990362 2.423112 0.541119 -0.349799 -1.295055 0.543912 0.705576 1.557197 1.137575 -0.614572 0.030481 1.693153 0.462703 1.792504 0.345469 0.278168 0.273525 0.553240 0.520637 0.050681 0.631832 -0.523684 -0.393017 0.197250 -0.484858 1.522195 -0.632276 0.789545 0.116845 -0.568594 0.599627 -0.540807 0.159811 -0.592359 0.442582
11 0.608632 -0.002977 0.531345 1.322981 -2.058403 0.656151 0.875847 0.077708 -0.291099 -0.480560 2.172229 -2.737510 -0.261567 -0.169973 0.232998 -0.619613 0.434598 0.052630 -0.168076 0.994067 0.970946 1.337052 0.083716 -0.182221 -1.167756 1.489815 -1.534158 -0.739738 -1.866180 0.565172 0.532967 0.775620 0.137572 -0.014851 -0.333426 -0.244280 1.129498 0.001862 0.641911 -0.476322 -0.638348 0.812708 -1.029203 -0.049228 -0.783342 0.518230 -2.272816 1.794749 0.319257 0.264064
12 1.433357 0.332413 -0.955699 -0.860987 -0.171970 0.358455 -0.616974 1.192802 -0.094985 1.429232 0.374697 0.888179 -1.025877 0.964358 -1.467628 -0.537834 1.970775 0.889386 -0.712496 0.631490 -2.115380 -2.027117 -1.761621 0.853534 -0.578820 -1.892433 0.527082 -0.332312 -0.095047 -0.259428 0.683044 0.262304 -0.830734 0.497795 -0.405472 0.492492 0.762499 -0.682869 -1.580108 -0.372646 -1.815317 0.298345 0.990200 1.395005 -0.435403 0.381720 -0.416437 0.124809 1.267602 -2.131364
13 -0.193130 0.063835 -1.233842 0.821138 -0.936121 -0.958018 -0.552477 0.872763 0.439376 -0.354161 -0.758594 0.459675 -0.584483 1.939937 -1.735693 -0.039255 0.070447 0.643409 -1.363712 -0.645644 -1.539086 1.012953 0.974984 0.018185 0.268789 1.162389 -1.164243 0.071823 -0.732493 0.216297 1.213038 0.867898 0.131543 -1.592800 0.431766 -0.111838 0.132667 0.741732 -1.711637 -0.057046 -0.860673 0.139184 -0.924028 0.328271 -0.635735 0.798749 -1.302088 0.150989 0.438564 1.044602
14 0.114637 0.550076 0.415123 -0.179376 -1.874916 1.000034 -0.239605 1.402650 1.636021 0.253377 -0.495637 -0.552461 0.587874 2.470889 -2.240878 0.639686 -0.459491 2.666706 1.055693 0.385492 0.962482 1.301138 1.143813 -1.312666 0.373016 -1.431008 0.827231 -0.896062 -0.230372 0.557521 -1.213252 0.426907 -1.440337 0.680786 -0.554214 0.921724 0.594969 -0.651341 0.767156 0.708458 -0.130506 2.049095 -0.470741 0.660912 -0.240672 -1.045220 1.094799 0.047097 -0.866701 -0.829507
15 -0.236650 -0.403622 -0.437469 0.440772 0.349027 -0.080538 0.676531 -0.052733 -0.016148 0.892865 -1.036139 -1.247885 -0.613282 0.441886 -0.209913 -1.295922 0.368846 0.908263 -0.460179 0.415942 -0.034260 0.965025 0.674547 -1.588603 -0.540410 -0.533372 0.231579 0.211255 0.140392 0.232227 -1.100274 0.471120 -1.607113 1.352607 -0.276305 0.918847 -0.160043 1.367497 -0.049958 0.074569 1.645095 0.065845 -1.371589 0.986242 -0.944693 -0.981460 0.392504 -0.110604 -1.291998 0.247962
16 -1.875968 -2.567896 -0.701869 -0.999182 -1.119895 1.027981 0.531767 -0.806062 1.584083 1.127519 0.106913 1.592091 0.421913 -0.815977 -0.025241 -1.683478 0.507984 0.479179 0.788886 1.026384 -1.168004 -0.326947 -0.763239 0.369738 0.402172 -0.350481 -0.750602 -1.364401 1.319581 -1.054035 0.009533 0.725059 -0.973817 -1.039491 -0.195671 -0.281707 -1.329366 -0.409865 -1.172607 -1.331693 -0.169903 0.318735 0.740154 2.244229 -0.933781 -0.047433 -0.459359 0.137896 -0.020636 -0.590311
17 0.502610 -1.426222 -0.691169 -1.131128 -0.650668 -1.711401 1.079152 -1.206599 -0.440348 -0.599033 -0.830385 1.658865 -0.431869 0.768004 0.050774 2.479196 -0.200261 0.642735 -0.725284 -1.498342 -0.873108 -2.362317 -0.822451 0.043772 -0.527021 -0.425200 -2.276938 -0.215906 0.081955 0.318853 -0.134723 -1.073937 1.610929 0.150767 0.907026 1.369690 0.536819 0.126372 0.261244 -0.241481 0.436095 -0.556764 0.017797 -0.146384 0.183343 -0.954543 1.987862 1.314639 -0.576110 1.281903
18 5.742889 1.043856 6.044968 6.280565 -0.767880 4.126707 6.178144 -0.020108 6.043536 0.520369 4.837159 5.178019 6.331509 3.760998 1.453459 4.663815 -0.409889 4.776344 -0.186973 3.963405 4.952462 -0.788793 6.607214 3.787905 -0.291305 -1.010102 4.410120 5.558764 4.167145 5.910656 -1.100790 5.200381 -0.370510 5.114039 1.772157 4.347920 0.201418 6.165380 4.177334 4.283459 -0.319498 4.467453 0.165322 6.838949 1.570888 4.523957 -1.526474 0.694686 -0.392204 0.524678
19 4.208276 1.088739 5.073610 4.540960 0.121936 5.075461 6.250735 -0.739411 3.822867 -0.683587 3.661646 3.877747 4.737465 6.142197 -0.542137 5.665936 -0.258111 6.021913 -0.483561 4.733493 4.502259 0.103806 3.661189 3.972131 0.807467 0.212651 4.828337 4.581284 7.132677 4.966600 -0.641854 3.161694 -0.348892 5.999084 -0.071023 4.084987 1.343254 3.603215 5.861670 6.692429 0.436531 4.611615 1.959233 5.864670 5.183925 4.498582 1.201102 -0.098233 -0.216483 -0.726419
20 0.709847 -0.215792 0.711748 1.232732 0.128459 0.244296 0.227223 0.695367 -0.169723 0.212427 -0.728566 0.693914 -1.181868 0.563743 -1.163304 0.927095 -1.069155 -0.551783 -0.720265 -1.677788 0.834459 -0.989715 0.907153 0.136031 -1.110731 0.028897 -2.338792 1.601508 -0.575638 -0.123932 2.485191 0.930814 -0.455826 0.453648 -0.614255 0.370886 -0.326015 -1.366427 1.068672 -0.442740 -0.530959 0.085849 0.009695 -0.588438 1.972258 -1.458722 -0.363237 0.689850 -0.146605 0.002554
21 0.490122 -2.448334 0.534041 0.055860 0.132247 0.479379 0.570840 0.954539 0.620669 -1.055498 1.827457 -0.629980 1.364675 0.602801 -2.187439 -0.515795 -0.184083 -1.674444 0.138410 -0.322342 0.466352 -0.852453 -1.164812 -0.033227 -0.073866 -1.294272 0.486155 0.523626 -0.447189 2.668609 0.586130 -1.868332 0.583263 -0.006074 0.584517 -0.876861 0.631156 -0.830032 0.421240 -1.253053 2.004216 1.219552 0.780510 -0.532249 0.905537 -0.932342 -0.198796 0.075952 0.597935 -0.693380
22 0.681586 0.058487 0.011605 -0.718104 1.673903 -0.207554 -1.278187 1.759407 0.959686 0.705679 1.834271 -0.032080 -1.166087 0.708458 0.465426 1.450566 0.155837 -0.524606 0.346501 1.077142 -1.048359 1.368836 -0.515583 0.350291 0.796994 -0.060617 0.597060 1.147043 -0.148577 -0.737451 -0.446634 0.420585 1.303542 1.038025 0.773103 -0.819862 0.713481 1.388388 -1.024413 0.357167 1.450842 -0.026634 -0.337359 0.915770 0.843400 0.496551 1.942673 0.352804 -0.647175 -0.227582
23 -0.049204 -0.063816 -0.094767 -0.587581 1.175600 -0.477941 1.192327 -0.719680 0.048012 1.209522 -0.415464 -0.838913 -1.785476 -0.078353 1.945014 -0.947146 0.859474 0.297113 -1.452617 -2.879721 0.266461 0.716341 -0.238941 0.480715 -0.825869 0.598631 0.289212 1.979258 0.950197 0.787641 0.327712 -0.145906 -1.541797 0.016483 0.680471 -1.647677 -0.855481 1.904286 1.047187 0.413160 1.721842 0.240742 0.745539 1.282993 -1.042605 -0.212585 0.922050 -1.563874 -0.461397 -1.929809
24 0.107300 0.488650 -0.679257 -1.891548 -0.611390 -0.378408 -0.083334 -0.284206 0.596551 0.342352 0.315130 0.432793 1.912872 0.941922 0.510585 -0.707657 1.370717 1.562343 -0.324093 0.244463 0.685547 0.178269 1.121128 -0.264259 0.600415 2.021447 0.690211 -0.078620 -1.032890 -0.461438 -0.042470 -0.288159 1.036071 0.051392 -0.336414 -0.036725 -0.003409 -0.852885 0.163042 0.259135 0.889878 -1.001564 -0.705288 0.623797 -0.360095 0.859105 1.554059 0.085906 -0.548316 2.533124
25 1.287108 0.953210 -0.986856 -1.183658 2.631400 -0.805586 0.109863 -0.901215 -0.768457 -1.321604 0.036943 0.963608 -0.223724 -0.584653 0.391138 0.462865 0.448291 -0.386266 -1.146031 1.155497 -0.902293 -0.536348 0.297434 -0.610430 1.244101 2.447345 1.299059 -1.788757 -0.293102 -1.505115 -1.529472 -0.229235 1.688641 -0.242472 -2.423593 -0.327341 0.245994 -1.692658 -3.206029 -0.815383 -1.583356 -0.593525 0.298471 0.476807 -1.242782 0.788843 1.608012 0.442509 -0.064203 -0.356356
26 -0.737957 1.301173 0.029010 -0.389885 2.039188 -0.669618 -0.601195 1.255065 -0.644199 0.496846 -0.632447 -0.258224 -0.947192 -1.070318 -0.936721 -0.694449 0.682071 0.231188 -0.124938 -1.416624 -0.244437 1.237438 2.381929 -0.417360 0.023650 1.352801 -0.214834 1.186081 -0.649556 -1.479847 -0.224404 1.230613 1.650708 0.495235 0.144449 0.354512 1.311618 -0.161396 0.144756 -2.182605 -0.945788 -1.081048 -0.270002 1.666667 1.244818 0.120606 -0.546729 -0.652683 -0.563469 0.517149
27 -1.242232 0.741212 1.099985 0.276096 -0.015123 0.231913 0.576328 1.054280 0.077909 0.249269 -1.685690 0.372610 -0.515728 1.526383 0.815710 -0.694037 0.023218 2.166764 3.053925 -0.890224 0.621812 -0.296242 -0.724495 0.627414 -0.997502 -0.062133 1.745042 -0.592112 1.005688 -1.678517 1.139941 0.127263 0.085993 -0.306059 0.373765 0.894905 -1.408402 0.868594 -0.644251 0.059647 2.088172 0.363687 0.114554 -0.760317 0.476335 2.603270 0.625257 0.731097 -1.455338 -1.466020
28 7.605734 -0.662844 5.627421 4.421074 0.467444 5.781193 5.062567 -0.667673 4.692021 0.010944 4.362189 2.825343 4.893524 5.763618 -1.022332 4.548839 -0.738783 4.388285 -0.530588 3.249024 4.029217 0.054746 5.041845 4.808328 2.102965 0.242410 3.649633 4.213237 4.627405 4.566361 -0.645356 5.709229 0.124594 5.443935 0.503558 6.106792 0.815645 8.197076 3.679312 5.615842 0.609956 5.757645 -1.337991 4.470806 3.457749 2.382323 -1.103499 -0.216574 -0.058492 0.837980
29 0.073278 0.390663 -0.577894 0.550815 -0.169712 -0.880104 -0.149797 -1.302697 -0.344469 0.493328 0.849519 0.926770 1.260790 0.025073 -0.903581 -0.467791 0.209918 -0.107100 -1.599654 -0.678880 -0.617813 0.442065 1.077821 0.056280 0.483080 0.460812 -0.433078 -1.190879 -0.584958 1.040694 1.579041 0.074128 -2.267175 0.351181 -1.398900 -0.016923 -1.116226 0.018711 -0.238159 -2.707409 -0.023426 1.731255 1.401906 2.261710 -0.473841 -0.162833 -0.008917 -1.968566 -0.000215 -1.656545
30 0.195984 -0.435880 -0.085231 -0.839253 0.205929 1.033338 0.433709 -0.845005 -2.044731 -0.066275 -0.125983 -0.049176 -0.298974 2.001767 -1.228978 -0.387016 1.750877 -0.032060 -0.965183 0.988327 1.194413 0.281493 -0.475080 0.707381 2.174115 -0.903516 -1.005389 2.331877 0.285231 1.469172 -0.087737 -1.753655 -0.672488 1.614703 -0.193654 -0.140319 0.293182 1.247011 -0.759651 -0.908783 1.710896 0.433315 -0.434668 0.033011 0.140783 0.658511 -1.402734 0.482309 0.971533 -0.183977
31 -0.143966 -0.084981 1.479416 0.349611 0.241455 2.192328 -0.794341 0.976332 -1.492985 0.487477 -1.575285 0.903900 0.681042 0.316173 0.360035 0.896184 0.739508 -0.732361 0.123399 0.055540 1.806760 0.461599 -0.672348 -1.084197 0.349044 -0.481416 0.369214 0.307692 -1.926846 -0.685811 -1.281193 0.467039 1.244822 0.252813 1.175097 0.426801 0.429999 0.779620 -0.391159 0.147045 -0.693639 1.828712 0.301660 -2.429711 0.242937 1.605771 0.027493 0.822913 0.209051 -2.109526
32 0.240430 0.169182 -0.821040 1.063766 -0.130969 -0.763130 -0.898193 -0.872961 -1.407860 2.241187 0.231895 -0.379027 -1.724024 -0.479826 0.248471 -1.020064 1.128033 0.773999 -0.107781 -1.024043 0.501990 -0.222670 -1.215608 -0.930095 0.479633 -0.389292 -1.687624 2.102277 0.734510 0.484158 1.433986 1.459215 -1.255145 0.680906 0.090869 0.820279 -1.100746 -2.526032 0.320131 -0.438925 -0.085478 -1.228203 -0.620931 -0.095256 0.778912 1.149863 -0.866547 -0.190570 0.131433 1.349757
33 -0.690033 0.855410 -0.618170 -0.539700 -0.085558 0.107952 -1.846873 -1.012107 -1.863737 -1.059704 0.659312 -0.280456 3.207883 -0.105413 1.812795 1.971587 1.252544 0.272463 1.383695 0.839313 1.750878 -0.301571 -0.690723 -0.446767 -0.817459 0.078916 -0.939908 0.602522 0.114598 0.832564 0.651123 -0.457511 0.148483 -2.536501 -0.434484 -0.329207 -0.530020 0.002429 -1.213309 -1.141626 -0.713936 -1.452162 0.463741 0.329529 -0.868484 1.097204 2.075915 0.250478 1.625779 0.515054
34 -0.583761 2.452067 1.509639 0.324442 -0.560448 0.933214 0.928527 -0.282150 0.145594 0.000498 -0.388661 0.069027 0.071382 -0.165388 0.571094 -0.446858 -1.377461 -1.268501 2.372366 -0.229467 0.560301 -0.340816 0.634521 1.942973 -1.258558 2.627779 -0.230445 0.024512 0.841637 0.941896 1.838563 1.066347 -0.847650 -1.097933 -0.572209 -0.586995 -2.507723 1.005422 0.446148 -1.046181 -0.983261 0.378547 -1.874191 1.152421 0.151025 -0.202516 1.466120 -0.881732 -0.800593 0.121709
35 0.757581 -1.532452 0.556313 0.796972 -0.984114 -1.155511 1.087162 -0.923243 0.306099 -0.270405 2.136606 -0.463998 -0.479888 -0.743799 -0.035382 -0.372007 -0.663955 0.812447 1.645727 -0.440181 -2.212561 -0.302394 0.184081 -0.300635 -0.124112 0.659030 -1.002620 -0.903663 0.010674 0.605808 -0.130383 -0.722770 -3.392456 -0.543260 -0.593413 -1.099523 0.883247 -1.079927 0.899734 -0.118745 -0.486346 -0.456362 -0.207987 -0.085722 -0.252314 0.540306 -0.445796 -0.477920 1.314455 0.018393
36 -0.738125 1.388822 0.110016 -2.555096 0.357672 0.198407 1.328431 0.242106 1.035061 -1.092459 1.249306 0.651013 0.011858 1.207719 -0.297552 0.660839 -1.104022 1.642145 -0.019573 -0.939510 -0.126160 -0.512217 0.585792 -0.221830 -0.359563 -0.952733 0.511075 0.169433 1.481017 -1.745097 0.214543 2.146571 0.421695 0.616333 -0.737764 -0.034709 -0.613788 0.624904 -0.866812 1.168210 0.015941 0.671744 1.517746 -0.236417 -1.146352 0.379065 1.078020 0.290637 -2.314711 -0.188943
37 -0.737157 1.026036 -0.231058 1.726228 -2.400380 -0.806771 -0.143309 0.384529 0.264482 -1.197561 0.112465 0.251200 -1.121954 0.309280 -0.169232 1.070599 0.061522 0.849788 1.256868 -1.334994 0.238216 0.403528 -0.831557 -0.306015 -1.418037 0.211265 0.905822 -0.120434 0.133341 -1.248309 0.072137 -0.202616 1.235844 -0.444660 0.313446 1.017492 -0.869401 -0.426595 0.796811 -2.647769 0.019805 1.673632 -2.027186 -0.134683 0.782014 0.274225 -2.126128 0.156772 1.101721 -0.885864
38 5.994788 -1.353680 6.219166 7.402489 0.822114 4.234131 4.059389 -0.691910 5.151536 0.239366 5.135262 4.865913 3.986948 5.921426 -1.438710 6.493960 1.289399 3.758659 -0.831994 4.722564 5.100958 -0.130073 5.142284 4.790326 -0.441261 0.256974 5.510238 4.127369 3.211353 4.160479 0.057708 4.403600 0.469374 5.208945 0.071905 4.512656 -0.304628 2.798462 6.717046 7.859679 0.565492 4.560072 1.076373 4.867414 3.790824 4.885233 -1.123407 1.064347 0.349696 -1.169074
39 5.262487 1.163270 5.212491 5.465507 0.266647 4.788110 3.681414 -0.125984 4.537680 -2.231049 5.952649 4.790563 4.628675 3.304209 0.953686 3.337657 0.591376 4.913762 -0.576240 5.769807 4.321299 -0.985360 6.904434 4.804501 -1.199720 -0.160323 7.146321 6.496075 5.271220 2.874090 1.070411 6.461988 -0.002268 5.667339 -0.309695 4.729644 1.191031 5.494752 4.743027 2.287621 0.839167 5.435384 -1.264680 2.305659 5.693965 5.278074 -0.308313 -0.581336 0.310424 0.019866
40 0.440846 -1.350822 -0.631895 0.712459 0.716916 -0.165107 -0.028823 1.272655 0.510437 -0.111689 -0.129325 1.178755 1.446961 1.505444 1.197037 0.941253 -0.800274 0.779376 -1.063953 0.843725 0.227786 -2.401084 0.937398 -0.161390 0.488914 0.052893 0.629595 -0.778437 -0.103162 -0.041037 1.247954 -1.744448 -0.114769 -1.114100 0.139183 0.764998 0.248003 -0.916112 -0.081178 0.071799 -0.063983 -1.377448 0.387092 0.589296 2.058110 -0.825903 -0.503080 0.735894 -0.265709 0.770537
41 0.388458 -0.891057 -0.990085 -0.010402 2.408153 -0.593612 0.423049 -0.137961 0.864868 0.595934 -1.350981 1.305500 -0.363428 1.209802 -0.351322 -1.222812 0.330615 0.646188 -0.200471 -0.492929 0.384039 1.235612 0.343925 -1.592614 1.211668 1.009132 -1.345073 0.974308 0.447428 -0.928070 0.873768 1.244529 0.583611 0.398115 1.301248 -0.503643 -0.217959 -0.831871 0.804752 1.020342 1.383090 -2.068481 0.489922 0.402648 -1.180617 0.879903 1.216944 0.591691 0.333725 -0.510198
42 -1.192924 -1.235535 -0.735448 0.443303 -0.666128 -1.845547 2.230245 -0.281340 0.776109 0.176577 -0.048124 2.651487 -0.195273 -0.279359 1.719283 1.699598 0.102440 -1.897721 -0.127812 0.603351 1.168940 -0.738501 -1.478199 -1.488437 -0.464872 -0.132589 -0.240642 -1.070472 0.195370 1.846799 1.567209 -0.154071 0.746061 -1.792118 -0.101309 1.032072 0.118076 -1.524070 0.535962 -0.584335 -1.334954 0.358540 1.400950 -1.204629 -0.638237 0.555927 -0.480911 2.494170 -0.605158 1.625153
43 -0.612286 0.160359 -0.730957 -0.485095 0.491785 -0.105492 2.085563 -0.407508 -1.030796 0.764251 -1.683071 1.020631 2.150950 0.219683 0.581472 1.617185 -1.803967 -0.099640 0.390791 2.242574 -0.551988 1.030291 1.306484 0.898910 -0.245137 -0.244467 -0.162728 -0.746824 -0.306208 -1.275094 0.132954 -0.309267 0.603761 0.451187 -0.150585 -1.273986 -0.764984 1.531595 -0.369250 -0.844156 0.763462 2.249624 0.001211 -0.786220 1.151794 1.901160 -0.725941 0.022072 0.158456 0.774733
44 -0.403208 -0.326490 -0.565329 0.726620 -0.301449 0.818582 -1.229040 1.738950 1.054040 -0.280535 0.181263 0.829980 -0.114124 0.071138 1.291767 0.318043 0.256645 0.834124 -1.363768 -0.783516 -0.474564 -0.872083 0.659858 -1.479343 0.210631 0.205467 0.834921 -0.777138 0.413161 -1.055817 2.422413 -1.051430 -0.783184 0.995088 1.111810 1.205269 -0.557895 0.248429 -0.132686 0.369957 -0.716847 0.733242 2.001495 0.088863 2.173685 -0.143504 -0.266803 -0.195767 -1.057697 0.995349
45 -0.099980 -0.591804 -0.579042 1.096415 -1.269001 -1.999287 0.378689 -0.870511 0.579027 -1.973565 -0.526389 -2.286572 0.703921 1.193592 -0.001739 -0.064120 -0.881746 0.172829 -1.588832 -0.666300 -0.846211 1.808344 0.524505 -0.679240 1.966134 1.435810 -0.311824 1.033638 0.847262 -1.345884 1.095281 1.748479 -0.232244 -0.938012 0.637082 0.183919 0.795929 -0.446275 1.301939 1.145100 1.151241 0.037617 -0.310722 -1.035244 -0.853053 -0.285236 0.071294 -1.273927 1.928185 0.047363
46 -0.429962 -0.909012 -0.734825 -1.396306 1.878017 0.884183 0.219671 1.191408 -1.494823 -1.446304 0.178092 0.531624 0.990296 1.064768 0.314791 -0.187529 -1.423022 0.690962 1.055841 -0.143201 0.778931 -1.535814 0.686776 -0.145654 0.009542 0.538412 1.211459 -0.313555 0.309162 1.391189 1.535049 -1.481560 0.638741 -1.153171 -1.227788 -0.433094 0.904383 -0.644869 1.108488 0.653623 2.125038 0.326413 1.366881 0.284263 0.104881 0.488593 0.061226 -0.734250 0.202605 -1.106846
47 0.827070 -2.025154 -1.134776 0.048626 -0.990518 -0.847985 -0.597568 0.147786 0.581364 -1.612873 0.959714 -0.404945 2.395959 -2.209394 -0.661341 0.115575 0.278581 0.990168 1.126800 1.069613 -0.136463 -0.868309 2.113923 -1.516285 -0.785081 -0.786167 -0.830171 -1.008451 0.841901 0.724227 0.410607 1.244418 -0.875462 0.700347 1.614943 2.238773 0.438668 -0.404018 -0.465551 -1.694349 -0.231662 -0.646267 0.675139 0.121569 -0.085977 -0.176395 -1.325069 -0.073932 -1.477711 0.077198
48 0.680916 -1.748201 -0.855218 1.422161 1.858268 -0.086786 0.199629 -0.289842 0.568175 -0.378350 -1.767843 0.649063 0.873328 0.892528 0.973794 1.050699 0.248455 2.837582 0.068925 0.408694 1.315701 -0.256275 -0.117725 1.370533 0.942680 1.055861 0.163044 -1.197725 0.487564 -0.863012 1.077639 -0.629277 -0.826017 -0.910789 0.721931 1.347059 1.301552 1.637802 0.822638 1.244927 1.272231 -0.469344 -0.220687 -2.021092 0.336077 -0.692227 -0.407511 1.352540 -1.653920 -0.963630
49 -1.716562 0.941501 -0.342874 -0.610028 0.872783 -1.004431 1.241834 1.045927 0.473351 1.105400 1.140003 0.000639 -1.332253 0.884806 1.489368 -0.331133 -1.955564 0.019527 -0.161646 1.547591 -0.327409 -0.032446 0.616975 0.723786 0.188541 -0.182960 -1.034255 0.082436 -0.422217 0.290303 0.939110 0.769903 0.490865 -0.224267 -1.167131 -0.894731 1.213978 -0.635190 0.116540 1.195846 0.217754 -2.191388 -1.386371 -0.674776 -0.312588 -0.385381 -1.161036 0.922820 -0.072692 0.601260
50 -0.776906 1.172405 -1.352913 -0.304809 0.256583 0.341802 -1.403749 0.369989 -1.535539 1.056941 1.805725 0.398545 -0.273772 -0.763816 -1.621856 1.444898 -0.144790 -1.926013 -1.138506 0.860080 -0.041131 0.920829 -2.393972 0.543753 -0.437840 -0.206125 -0.156158 -1.573751 1.070431 1.685894 -1.577011 -1.350097 0.654833 0.842907 0.202112 0.066030 0.450274 0.233262 0.179611 0.436778 0.493225 -0.643856 1.063497 1.002984 0.484463 -0.909638 0.645251 -0.725868 0.193223 0.241581
51 -1.011569 0.380996 1.365656 -0.327039 0.732074 -0.487559 1.811751 0.236159 -0.769856 0.317628 -0.063557 0.940490 0.117215 0.314010 0.217454 -2.184734 -0.899425 0.136523 0.052277 1.445412 0.328005 0.065349 0.969525 -2.540252 0.292642 -0.876495 0.985144 -1.351338 -0.612227 -0.046537 -0.724296 -0.723798 -0.122561 -0.531088 1.247094 -1.041277 -0.752081 0.201980 1.416975 0.754228 0.297685 0.238050 1.968371 0.346045 0.738988 0.024666 -0.659406 -0.311840 -0.756352 -1.612634
52 0.166183 -0.328079 2.269898 0.371562 0.906971 0.733720 0.010179 1.888478 -0.673433 1.080640 -1.466694 -0.537271 0.129596 0.151853 -0.470781 -0.478360 0.846740 -1.250826 0.611235 -0.549658 0.639425 0.813834 0.047196 0.042628 -0.334412 -0.742158 0.587795 0.677737 1.395397 2.465615 -2.796197 -1.274128 0.457715 -0.568316 0.526481 -0.287242 0.479095 -0.143892 -0.938185 -0.463262 0.900886 0.907181 0.755622 0.576608 0.091484 -1.549144 -0.662312 -0.395341 -0.729603 0.513664
53 0.036212 0.427729 1.427406 -2.272174 -0.120211 2.596484 1.733509 -1.117174 2.093572 -0.324005 0.200302 -0.324843 1.177863 0.169153 -0.669315 0.066177 -0.292352 0.271041 -1.083193 0.932213 -0.574362 -0.291271 -0.136500 -1.213238 -0.759594 2.556775 1.241636 -0.284012 2.075478 -1.144037 -0.822369 0.129319 -0.208285 1.254369 0.415242 0.936168 0.745753 -0.062952 -1.096067 0.808075 -0.819006 0.128261 -0.361206 -0.753020 0.300981 1.198690 0.662131 0.677671 -0.074339 -0.774639
54 0.707000 1.216814 0.108095 -1.134141 -0.734151 -0.319315 -0.870753 -1.882644 1.665281 -1.238754 -0.594503 -0.842983 -0.044028 0.491094 1.447617 0.406341 -0.751961 -2.405020 -0.047376 -1.077046 -1.508602 -1.210115 0.803176 1.156567 -0.531513 0.567325 0.701080 0.025015 -0.788259 -1.962521 -1.707395 0.690357 -0.569381 1.268391 -0.032640 0.669525 -0.108757 -0.034648 0.554202 -0.266210 -0.240326 0.772736 0.799632 -0.315503 -0.365646 -0.734165 0.542283 -0.426895 -0.959601 -0.403615
55 -1.461505 0.076212 -0.711053 -1.207206 -0.859032 -0.403356 1.731524 0.734268 -0.096224 0.349932 -1.635762 -0.239930 0.634620 -1.327079 -0.665416 -0.834204 0.229981 -0.390392 0.532222 0.499839 1.692689 -0.634703 -0.283732 1.175153 0.283318 -0.627963 0.843891 -0.466989 -1.787910 0.569588 1.176641 -0.223522 1.207297 0.942916 -1.317069 1.754938 -2.049080 -0.994273 -0.845422 1.858487 -0.253654 -1.232809 -1.682856 -0.000947 -0.049560 0.223372 1.776484 0.107481 -0.644411 0.420355
56 -0.230073 -1.264531 -0.638035 0.273982 0.107440 -1.401258 0.700756 -1.373020 0.992933 -0.427382 -1.210976 0.701641 0.625853 1.078822 -0.045080 0.123110 -1.648791 1.092215 0.294785 -1.469535 -1.525525 -0.684477 0.294182 -0.042331 0.501652 0.709151 -0.527315 1.600250 -0.278051 1.059792 0.621201 -0.099094 -0.334351 1.297455 -0.700422 -0.650832 -0.333062 0.012230 -1.015861 0.508817 0.503841 -1.243153 -1.389350 -0.032977 0.632285 0.286039 -0.744950 0.639991 -2.587546 0.841238
57 1.034298 1.324875 -0.749897 -0.632504 -0.531443 -0.433593 -0.004092 -0.021966 -1.185517 0.288946 0.730689 0.294711 -0.522060 1.298083 -0.659719 0.746394 0.252739 0.090375 1.181880 0.272876 -0.427450 0.042386 -0.039065 1.052687 -0.354228 1.527176 0.554127 -1.394856 -0.156439 0.504618 0.239316 -0.838809 1.272358 -2.868545 -1.267195 -0.045437 -0.845722 0.428813 -2.504669 -1.532006 0.870058 1.273884 -0.340290 -0.070536 -1.561515 0.218565 0.590219 -1.161905 -1.003209 0.015235
58 -0.471332 0.343546 -0.185015 3.120552 0.562031 0.625069 -0.635144 -0.027940 0.750601 0.329212 0.951121 2.165494 -0.948601 -0.227293 0.178529 -0.543112 0.602811 1.284281 0.312103 -0.816684 -0.357069 -0.466272 -0.298779 -0.568410 -1.734644 2.113306 -1.354940 -0.743267 0.573256 1.583017 -1.200567 1.502202 0.609735 0.243691 0.359156 1.406983 -0.489511 -0.436326 0.413118 0.810006 0.345764 -1.629868 0.931583 0.706532 0.618081 1.637519 0.935727 1.427129 -0.783137 -1.829969
59 -0.040534 -2.101652 0.106050 -0.091707 1.331940 1.869997 -0.049128 0.735379 0.042449 0.481665 -0.611168 1.960700 0.681561 -0.670895 -0.608308 2.333407 0.734949 -0.544537 -1.811340 0.487438 0.173969 1.026967 2.301590 -0.436203 -1.051253 -0.724909 0.005982 1.007207 -2.409954 1.108806 -1.320205 -1.992878 -0.608826 -0.555156 -0.934747 1.099857 0.071249 -1.051365 0.433910 1.910476 1.709497 0.554397 0.559209 -0.885464 -0.723003 -0.892575 -0.588363 0.948718 -0.310734 -0.791129
60 -1.577964 -1.750593 -0.496143 0.336009 0.746509 0.797541 0.531654 0.916339 0.172203 -0.080672 1.423638 -0.076455 -0.218090 0.817422 -0.631459 0.074784 -0.378660 -0.222252 -1.893488 0.219341 0.399052 0.966071 0.109289 0.388004 0.627370 0.229063 0.555766 0.752459 0.093618 0.950669 -0.159464 -0.800740 -1.766905 -1.156241 1.239602 -1.085558 -1.180979 -0.626056 -1.050763 0.777424 0.179722 -0.124753 0.623325 0.049101 -0.795824 -0.217832 -1.217807 0.023098 0.130724 0.576030
61 0.162207 -1.192195 -0.509898 -0.211996 -1.343430 -0.264201 -0.324602 -0.336957 0.721214 -0.269016 0.261294 -0.074125 0.587491 0.583493 0.258954 -0.154287 0.796931 0.317803 -0.228457 -0.209660 0.174804 1.679934 -1.328169 0.320119 -1.239947 0.806153 -1.554000 -1.029450 -0.293226 -1.018646 0.835621 -0.204882 0.459407 -1.654610 -0.405177 0.418149 -0.133860 0.566564 0.914447 0.122573 0.253976 0.957669 -0.836381 1.480409 0.561645 0.012558 -0.863697 0.842701 0.443386 0.216954
62 -0.270068 1.627520 -1.459355 -0.581529 -0.382870 0.592182 -0.256649 -1.448790 0.193359 -1.393653 0.539098 0.765340 -0.512919 -0.736114 0.040184 -2.270385 -0.987518 1.977781 0.246375 -1.585452 -1.388131 0.971401 -0.533936 -0.230472 1.230895 -0.781984 0.799675 -0.215453 0.015450 2.094912 0.429055 -0.982139 0.297287 -0.530744 0.191257 -0.857486 -0.576270 -0.476277 -1.692825 0.306189 0.251334 -0.747952 0.149398 -1.165069 -0.641209 0.829842 -0.957589 0.178068 -0.685298 -1.502618
63 -0.106616 0.854041 0.081727 -0.373651 -0.391156 -2.120536 2.029219 0.653471 0.068604 1.235138 0.093414 -1.494358 -0.506282 -0.482287 -0.493190 0.953101 0.982094 -1.565241 0.469518 0.419902 -0.553592 -1.420464 -0.284587 0.259255 0.771185 -0.892642 -0.665466 -0.666670 0.144863 -0.203784 -0.924733 -0.895105 -1.306553 0.758843 -0.853166 -1.331709 -0.508456 0.285912 1.191128 -0.009257 0.641302 0.362052 0.255990 -0.232495 -0.733929 0.153123 0.394506 1.026235 -0.052906 0.122952
64 0.749089 -0.049825 1.906771 0.764788 -2.109634 1.161276 0.057747 -0.773727 0.767497 -1.598194 1.573155 0.358159 1.110751 0.074641 -0.936789 0.043748 0.222651 -0.582969 0.500645 0.036944 -0.808852 -0.458354 -0.482575 0.100879 1.008304 0.942167 0.436546 0.010941 1.215474 0.117690 -2.011688 -2.362293 -0.923189 0.347911 0.669297 0.514625 0.127339 -0.175821 0.395015 1.307828 0.060936 -0.401610 -2.012678 -0.917946 -0.812586 -1.492903 -0.259013 0.923166 -0.786103 0.137237
65 1.016881 -0.821892 -0.421894 0.479091 0.997796 -0.416738 -1.067512 0.456499 2.120543 1.103584 -0.551504 1.797692 -1.218313 -0.737518 1.010515 0.530658 0.636691 0.974080 0.907128 -0.968505 -0.325852 -1.884959 -0.633597 -0.752467 1.794782 -0.259823 -0.218571 0.242725 0.951313 -0.217180 -0.612068 0.148989 -0.109661 -1.415020 -0.707895 0.048708 1.363943 1.590459 0.784773 -0.596329 -0.641072 1.531077 0.064876 1.131676 -0.215220 0.068269 -0.515476 -0.915779 0.412536 1.457391
66 -0.603033 0.402763 0.279919 -1.570295 0.851751 0.564415 -0.027011 0.128579 -0.047565 -0.658885 0.450594 0.529501 -0.281171 -0.385692 0.695645 0.083973 0.688927 -0.952852 0.847977 0.986502 0.459319 -0.295347 -2.147720 1.083347 0.428513 0.459352 0.917664 0.029239 -0.837258 -0.258633 -0.064063 -0.127153 0.824979 0.559826 -1.608983 1.056546 0.414314 -0.388458 -0.488892 0.289384 -0.299050 0.271109 -2.251518 1.078619 -0.121416 1.525357 -1.152004 -0.325551 0.863148 -0.535232
67 1.715213 0.452142 0.871734 -0.913131 1.409601 1.774664 -0.406303 0.406187 -1.422623 -0.505772 -2.064609 -0.429090 1.024328 0.809159 0.146555 -0.198567 -0.125992 0.985875 -0.288180 -1.532447 0.167336 0.052149 -0.683573 1.812660 0.546786 -1.737686 -1.003685 -1.207822 2.797744 -1.371818 0.378957 0.307554 1.109484 0.461492 -0.462063 -0.218855 -0.117026 2.053052 2.034733 0.014637 -0.989576 -1.766528 0.034864 1.262437 1.288561 -1.115033 -0.592263 -0.204842 0.840167 1.693724
68 -0.185655 -0.932047 -0.095282 1.721637 -1.018603 0.687240 1.362495 -0.873511 -0.783821 -1.301858 0.526935 1.210678 1.765487 1.628348 -0.422092 0.733753 -1.434819 -0.661206 0.036916 -0.386147 0.149467 -1.621640 -0.243403 0.665500 -0.972116 0.104670 -0.341208 0.331319 -0.388381 -0.582374 0.666890 -0.735910 0.528150 0.422828 -0.827161 -1.744109 1.202535 -0.543905 -1.010713 1.112222 0.485785 -0.752189 -0.100277 1.187740 0.442325 0.796960 0.816804 -0.855866 0.557230 0.836616
69 1.206825 0.654416 -0.052235 0.150764 2.066204 -1.166500 -0.536634 2.516495 -0.073763 0.299118 0.804355 0.209802 2.086596 0.367492 -0.026880 1.089457 -0.649579 -0.796262 1.015412 1.178174 0.362946 0.053389 -0.692924 -0.015615 1.577244 0.264620 -0.391560 -0.271913 -0.490025 -1.112387 -0.243524 -0.561510 -0.421114 -0.950376 0.458734 0.714117 0.946848 -0.173750 0.798010 -0.199260 0.044351 -0.030437 -0.356980 -0.584114 0.028222 0.580249 0.714976 -2.156268 -2.047559 0.206318
70 -0.579799 -0.429543 1.479153 -0.247329 -0.254987 -0.297758 1.241741 0.071365 0.352799 0.282883 1.109741 -0.041556 1.199225 0.587129 -1.903494 0.370823 0.729137 0.100361 0.083097 -0.088240 -0.798272 1.651390 0.935360 0.185169 -1.562047 0.031764 0.962924 0.568348 0.067984 -0.974949 -0.070579 -2.364522 0.265956 -0.200218 -0.798606 -0.095326 -1.444469 0.742988 0.052410 -1.192478 1.327150 2.015691 0.531534 0.389611 0.398579 0.385116 0.417980 0.156364 -0.888105 1.673041
71 -1.359797 -0.673934 0.106865 -0.359484 -0.182368 0.075634 -0.148990 -1.172650 0.456330 -0.179702 0.175985 -0.066688 -0.193928 0.109328 -1.629844 -0.420588 -0.670925 -1.070662 0.199065 -0.333540 -0.816481 -0.069029 0.788518 0.813788 0.642366 0.896343 0.975813 0.058340 -0.699187 0.925324 0.940822 -0.001385 -2.651882 -1.271112 -1.077121 1.515384 -1.467134 -0.628633 0.582846 -0.608735 -0.869591 0.122797 0.334857 -0.901379 2.530686 -0.165810 2.129821 -0.253231 1.253930 -1.162402
72 0.846935 1.141959 0.336621 -0.962274 -2.184275 -0.526744 0.613967 -0.299113 0.439969 0.944134 -0.479235 0.301062 -0.425782 -0.733103 -0.417735 -2.050323 0.657172 0.260209 0.242241 -0.736637 0.148956 -1.078387 0.606553 1.153634 0.362320 1.794962 -0.816675 -0.737248 0.063873 1.106153 1.876667 0.473653 0.063856 1.098428 -1.083072 0.983498 -0.182003 0.303402 -1.378799 0.142896 0.742182 -1.404823 -0.991097 -1.230740 0.436780 -1.683611 -0.372761 1.159239 -1.274807 0.851192
73 0.005525 1.189030 1.578676 0.424764 -0.691637 0.955519 -0.075229 -0.932203 0.651621 0.882265 0.105147 -0.836988 -1.233199 0.768862 -0.711568 -0.757009 1.147647 1.552266 -0.595209 1.247598 1.623277 0.994748 -0.623402 -0.082047 0.986823 -0.841673 -0.787265 0.549969 -0.296500 -1.637765 -0.777477 1.226940 -0.346331 0.480142 -0.687354 -1.481209 -1.145164 0.238018 0.687462 -0.478445 -0.449186 0.730717 0.453283 -0.434061 0.449368 0.060398 0.460262 0.424681 -1.601406 0.521622
74 0.944632 0.501631 -1.315480 0.553178 -0.480919 -0.037811 -0.142382 0.363663 0.338498 0.621303 0.036251 0.485614 1.466774 -1.581319 -0.332579 0.699923 -2.146330 0.858928 0.719450 -1.974907 0.951337 0.961837 0.438200 1.006642 -0.680032 1.040104 1.612291 0.476841 0.627083 -0.083591 0.247328 -0.871424 -0.014184 -0.429535 -0.209504 1.088213 1.924923 -2.074913 0.964789 0.935382 -0.655781 0.180625 0.164933 -0.217173 -0.415725 0.367442 -0.097871 -0.936373 -0.582044 -0.839064
75 -0.892667 -1.642541 -1.654941 -0.920481 -0.629367 -0.622067 -0.966190 0.585252 -0.414833 -0.533348 1.104735 -0.184227 1.656745 0.464135 -0.077908 -0.431432 0.013827 0.504794 1.229875 0.022992 -1.023997 0.074520 -0.416932 -0.500091 -1.130712 0.103093 -0.168046 0.395703 1.106183 -0.395442 1.280156 -0.625632 -0.925262 -1.699381 0.175008 1.614332 1.105445 -0.057435 1.694806 -0.844884 -0.620599 -0.391340 0.542273 -1.276492 1.106521 -1.533556 1.396267 0.110661 1.201514 0.293327
76 -1.432133 -2.254265 -0.926152 0.773682 0.091803 -0.734377 1.496232 -0.844976 1.222286 0.440703 0.144297 0.047080 1.314348 -0.638224 2.357989 0.032653 -0.066708 -0.404953 -0.325477 0.634732 -0.173096 -2.643944 -0.652245 -0.918495 0.102357 0.264090 -2.060832 -0.372906 -0.943619 0.641856 0.525458 1.094096 -1.299184 0.190099 -0.000607 -0.550949 -1.034259 0.126986 1.079019 0.560335 1.165607 0.394458 -0.105428 -0.718599 -0.284097 -0.116233 -0.859907 0.132340 1.306943 -0.052673
77 -0.649956 1.186356 -0.210459 -2.150153 -1.458423 -0.852021 1.185391 1.005996 -0.994362 0.389767 -0.155294 1.287125 1.166493 -1.561871 -0.225990 0.418495 0.722958 -0.220670 -1.298173 -1.601394 -0.745984 -0.976568 0.292633 0.172550 0.067404 0.663497 1.144959 1.123308 -0.817933 -0.634675 0.041159 -2.399559 2.360036 -1.597986 1.943193 -0.451159 -0.178228 -0.835888 0.516553 -1.807429 0.227626 0.623135 0.964041 -0.479144 -0.869346 0.770575 -0.221887 0.012590 0.005511 -1.002030
78 -0.275726 0.882905 0.041859 2.440074 0.773996 0.234041 -0.797779 0.028437 0.731803 1.024929 -0.737556 0.807680 -0.819281 2.628990 -1.718732 -1.126787 0.958949 -1.298624 0.202507 -0.089557 -0.558155 -0.494255 0.818770 -0.721920 3.158214 -1.649232 -0.157781 -0.235083 0.700687 -0.124773 -2.119488 0.600321 0.104629 0.317742 -0.612459 0.457374 0.965580 -0.981232 0.035859 0.892212 0.666655 0.126403 -1.653598 0.667699 0.613834 0.433119 1.384445 0.079486 -0.812475 0.481891
79 0.243124 0.251534 1.160109 1.981375 0.416452 0.701334 0.201533 -0.634492 1.381607 -0.723364 -0.318555 -0.043165 -0.527655 1.422471 -1.087210 0.751549 0.502266 -2.029107 1.534831 0.249461 0.929925 -1.612205 -0.200875 2.327555 -0.153649 0.476545 -0.025897 -0.981345 -0.152075 -0.504810 0.451340 1.742705 1.577263 -0.730746 0.416222 -0.688936 -0.405725 0.568050 -1.159257 0.111636 0.990121 1.011196 -0.012653 -0.191240 -0.215130 -0.427114 -1.959719 -0.172553 -0.643687 -0.622216
80 -0.010531 0.945015 -0.313352 0.600220 1.315580 -0.286030 0.919291 0.467566 0.327568 -2.279563 0.906923 0.185932 -0.791943 0.243056 1.725080 1.039423 -2.133534 -0.912904 -0.868782 -0.374782 0.735637 -0.483151 0.209568 0.438068 -0.687883 -0.309960 0.289428 1.153295 0.351371 0.536653 0.572081 -1.053416 -0.634693 -1.188006 -0.845621 -0.196645 0.962331 1.871573 -0.740555 -0.159315 0.066857 1.083851 -0.079022 0.693448 0.455722 0.879272 1.151234 0.094655 -0.411703 0.702941
81 -0.656210 2.056618 0.757221 -0.833873 -1.089918 1.507473 0.081641 -1.489894 0.045748 -0.639642 -1.528495 0.696913 0.514295 0.093609 -0.058031 0.651440 0.282270 -1.646629 0.727597 0.736922 -1.260516 0.194384 -0.256689 0.821223 1.946557 -0.571827 0.272823 -0.254496 0.638955 -0.084610 0.173848 -1.205741 1.191847 -0.861368 -1.026338 -0.211133 -0.666830 -0.680854 0.626821 -0.872206 -0.308352 -1.237902 1.158851 0.189608 1.858569 0.020021 1.238776 1.900094 -1.122162 -0.206229
82 0.307606 0.994213 0.776698 0.967458 2.147812 0.251948 -0.111928 1.515436 -0.282659 1.729444 -1.159565 1.308992 -0.020633 -0.655625 0.375394 -0.195885 1.671834 1.008942 1.280844 -1.054037 -2.102598 -0.227539 0.272556 0.895021 -0.293835 1.678367 -0.803227 -0.037964 -2.013241 0.168024 0.894438 0.569161 0.895988 -0.100226 -0.297869 2.669530 1.083708 -0.549101 -1.324055 0.425084 -0.180710 0.386258 0.368763 1.282084 -1.954270 -1.793510 0.821661 -1.227837 -3.059550 0.737799
83 0.052036 -0.280803 -1.215004 -0.969157 0.199411 1.117334 2.169632 1.011442 -0.296589 2.007394 1.344317 -0.540662 -0.192623 1.418819 -0.090444 1.611478 -1.129504 1.043403 0.805382 -1.208192 0.179742 -0.868709 1.171417 -0.258937 0.703088 -0.485709 0.179898 -0.414981 -1.618566 -1.677457 -0.889451 -1.459163 -1.244393 -0.116897 0.842716 -0.874778 0.038704 0.171534 -0.724610 -0.632254 -0.182190 -0.943694 0.077332 -2.679916 0.503764 1.020341 1.266641 -1.480015 1.278758 1.418323
84 0.647664 0.617326 -1.680741 -0.862398 -0.475887 1.393693 -0.475548 1.390611 -0.249461 0.326782 -1.436685 -1.031195 -0.102555 -0.747088 -0.343654 -1.105808 -0.164706 -0.488825 1.667301 0.513512 1.124184 -1.803941 0.669893 -0.779898 -2.103562 -0.238191 2.022792 -0.828149 0.094878 1.506202 -1.109841 1.252060 1.190713 0.024188 0.429909 1.095490 0.034571 0.192616 -0.581265 -0.486313 -0.370674 1.086441 0.108150 0.130814 2.734331 1.621654 2.264236 -0.581798 -0.418822 0.320117
85 1.438620 0.157967 -0.938269 -1.175312 -0.629102 1.514998 -0.246212 -1.496550 -0.783532 -0.005260 0.958087 1.661259 -0.126131 1.315281 0.657346 0.749549 -1.710191 -1.708188 -0.715293 0.514269 -0.615305 -0.099189 -0.503345 0.590414 -0.049648 -0.468865 -1.198352 0.294210 0.684213 1.252581 -0.249342 1.048270 -0.585522 -2.415426 1.441415 1.955799 -0.610953 0.093374 -0.656673 0.091309 -0.116086 1.165250 0.874564 -0.308373 0.710517 -0.680635 -1.154466 -1.383401 0.267682 -0.123601
86 -0.408797 0.274134 -1.488264 1.745283 0.400793 1.851932 0.447842 0.292305 0.286405 -0.276224 -1.417872 1.228872 0.806649 1.692730 1.272502 -0.379206 0.135428 -0.325997 -0.068551 0.564890 0.245872 -0.324316 0.661416 0.598981 -0.268886 -1.359814 -0.451563 -0.657768 -0.397112 -1.100959 -0.400773 1.090103 -0.622859 1.420765 1.065221 -1.194601 -2.105575 -1.323418 0.327788 -0.227111 0.172310 0.348560 0.822816 0.745334 1.340862 -0.636371 -0.719589 0.016124 -0.713289 -0.956986
87 -0.449956 -0.818762 0.028659 -0.398817 0.844677 0.195550 2.187260 1.255679 0.757986 1.513261 -0.033660 0.677318 1.455524 -0.828572 0.214974 0.464313 1.209446 0.427742 0.865619 -0.683467 -0.778135 -1.288832 0.219214 -0.795996 -0.183898 0.763263 -1.060229 -0.547287 -1.536064 -1.027369 -0.950472 1.852263 -1.192874 1.596362 0.246862 0.487368 -1.410624 -0.358639 0.878183 -0.509544 0.370188 0.002547 0.639954 -0.913883 0.318513 -0.568524 -0.952557 -0.647420 0.572025 0.241365
88 4.880473 0.518853 5.635732 3.824665 0.073442 2.936974 5.615210 1.459284 6.627499 0.231973 5.809004 4.370835 4.496920 4.990094 0.267413 5.412699 0.769651 3.390715 -2.575662 5.170356 4.776572 1.613071 5.069074 5.076660 -2.169890 0.356691 4.355695 3.751865 4.170145 6.067225 -0.808260 3.849070 -1.278151 4.141654 -0.401683 2.012009 0.485571 3.471218 5.175113 6.122702 -0.316095 5.227180 -0.023910 5.094583 5.180116 5.258242 0.090698 0.810967 0.680554 0.172818
89 1.140238 1.240864 0.820316 2.189962 -0.683090 -0.540902 1.416685 -0.237519 1.715181 -0.592593 -0.891075 0.349011 -0.967028 -1.430142 -1.790187 1.744881 0.092324 0.984222 0.490199 -0.779319 0.926823 1.043176 0.869928 1.413541 -1.126716 0.082272 -0.548820 0.549689 -1.078251 -0.329261 -1.722746 -1.617376 -1.174415 -0.318274 -0.104534 1.089739 1.515874 0.260329 -1.729811 0.541124 0.631309 -0.305299 -0.721051 -0.643992 -0.661332 1.113273 -1.329834 -2.442955 -2.015722 -0.068555
90 -0.242344 -0.739499 -1.019529 -0.575339 0.992969 -1.575437 0.812835 -1.513063 2.237528 0.776228 -2.094287 -0.907678 -1.005814 0.568645 -0.487951 -1.028903 0.167474 -0.670777 0.755275 0.027616 0.602593 -0.285149 1.040255 0.768996 -1.511115 -1.468016 0.172535 1.781729 0.475143 0.589350 -1.293161 0.160637 0.096255 -1.375231 -0.811229 -0.915579 2.158384 -1.532257 1.196629 0.131635 -0.470727 -1.503616 -0.085027 0.564228 0.695420 1.307534 -1.154258 0.559470 -0.236411 0.775620
91 -1.119056 1.329752 -0.432453 0.684057 0.571164 1.391896 1.120850 0.694785 0.444146 -1.308416 1.012406 0.636747 -0.592494 1.341750 -0.057687 1.524017 1.293238 -0.744106 1.625396 1.711784 -1.111096 -0.933196 -0.594451 0.928339 0.128430 -0.245726 0.496860 -1.229383 0.315011 0.377156 -0.155067 -0.200255 1.230893 -0.743676 0.134497 1.126171 -0.956743 -2.559135 0.416074 0.149254 -1.285501 -0.425209 -0.536425 -1.177087 -0.417530 0.057636 0.286985 -0.104914 0.598216 0.386272
92 -0.985169 0.868658 0.542800 -1.710048 -0.471392 0.063489 0.109622 -0.831565 -0.024243 -0.460973 0.409825 -0.832938 0.219212 -1.526902 2.512614 -1.917957 -1.016232 0.441690 1.136089 -0.335304 -0.262474 -0.770438 -1.606405 -0.606334 1.571838 1.460165 0.357543 0.974332 -0.526955 0.107934 0.975919 -0.286314 -0.137361 0.392053 0.541318 -0.005740 -0.241912 -1.274964 1.150836 -0.251895 -0.514775 -1.655184 -0.577606 1.321428 -0.229917 0.942193 0.215178 0.718648 0.142154 0.193153
93 -0.376739 0.587595 0.226728 2.078904 0.345962 -1.722928 -0.225187 0.783965 0.899492 -0.892138 -0.850281 0.027722 1.227279 -0.041641 -1.689719 -0.048291 1.172430 -0.333802 1.695359 1.262989 0.557033 1.246564 0.170644 1.170164 -1.179710 -1.166678 -0.762117 0.695137 -1.084613 1.760241 0.814501 1.045048 0.602476 -0.098736 0.441977 -0.198425 -0.897753 -0.159742 -0.869897 0.595330 1.165458 -0.792516 0.819273 1.565091 1.428914 -0.414247 0.440471 1.747477 0.024117 -1.191034
94 -1.406158 0.488504 -1.331049 -1.506866 -1.757274 -1.197128 -1.708559 1.678380 -1.022475 0.184519 0.447895 -0.642062 0.605841 -0.109061 1.704213 1.964160 -0.611833 -1.276986 -2.010061 -0.307685 -0.232031 -2.118788 0.142335 0.516067 -1.512553 -0.447750 1.540149 -1.115634 -1.719165 0.230755 -1.308515 -0.818540 -0.326801 -0.100147 -0.786867 -0.863413 -0.186444 -1.134878 -0.099171 0.390120 1.579979 -0.504373 -0.718538 0.064013 -1.077156 -0.251979 0.102810 0.150803 0.142096 0.110247
95 0.369931 -0.579907 -0.913665 0.922509 -0.275238 -0.443740 1.786385 -0.217517 -0.812351 -0.976710 -2.037521 0.931424 -1.041775 -0.110371 0.177164 -0.638752 0.484876 0.022769 -0.443045 -1.626033 1.032847 1.174955 1.692868 -1.186859 -0.645355 -0.538151 0.562999 0.052026 -0.404731 0.488586 -0.968495 0.264517 -1.319605 -0.338974 -1.905020 1.801382 -0.428706 1.260889 2.242992 -2.684738 2.066043 1.227837 1.455464 -2.466394 -0.028243 -0.734881 -1.309960 0.487671 -0.866622 0.422771
96 -0.910815 1.586507 1.331158 1.624769 -1.311372 -0.061504 0.040706 0.291394 0.695791 0.962672 -0.840352 0.760511 -1.486794 -1.010514 -0.092668 0.476850 0.371450 0.534850 2.213826 -0.267974 1.418131 1.856349 0.236764 -1.373271 0.602799 0.781983 -1.600892 0.658823 0.763934 1.505278 0.048755 1.203228 -0.634736 -0.630951 -2.452704 -0.062535 1.010412 1.084929 0.409870 -0.166813 0.802467 -0.830777 0.636635 0.452520 -0.892425 1.865404 0.927794 -0.125600 -1.329821 0.578388
97 1.216988 2.397116 2.520665 0.922857 -0.591597 -0.278915 2.131809 1.467460 0.396514 -0.110496 -1.040460 -0.744794 0.655875 2.105805 -0.292481 -2.144686 -1.304993 -1.210436 -0.130071 0.499727 1.237757 0.830124 -0.007519 0.779713 -1.462453 -1.081271 -0.323788 -0.071647 -1.330083 -0.455197 -0.659958 0.433658 0.644388 0.284203 2.030278 0.979624 1.842604 1.062659 0.151923 0.870321 -1.147447 -1.659844 0.964933 0.907545 -1.902115 -0.222594 0.137421 -1.145913 1.754007 0.995366
98 4.438420 -2.023482 3.980509 5.403798 0.341633 5.767033 4.245578 0.110769 4.598005 -0.887021 4.993003 3.344377 5.710257 5.213333 0.582970 4.266000 -0.070629 7.097050 -0.807614 4.958129 5.710797 -1.356722 4.358354 5.355123 1.406466 0.458034 5.655567 5.649158 5.205260 5.971861 0.927625 4.426309 -2.445607 4.721846 0.840985 4.049140 0.296866 5.362508 4.188442 6.254087 0.919966 5.139609 0.332796 5.731561 5.261745 2.806391 -0.285688 -0.051243 0.840710 0.610300
99 5.903020 0.362371 7.175381 5.442417 0.130949 6.340641 3.151781 -0.830668 5.545983 -0.872907 4.600544 6.396511 4.753089 3.979651 -0.542439 4.094972 1.394809 4.490481 1.164198 5.456761 4.651536 0.290303 5.358120 4.387687 1.001638 -1.526464 3.874782 5.394220 4.782837 5.327252 0.750035 4.416302 -0.295068 6.224502 -0.261850 3.529622 1.854977 6.720166 3.677671 4.081153 0.517770 5.092772 1.309134 4.027623 4.247288 6.391741 -0.042464 0.853854 -1.435021 -0.974527
END
#################################################################
SECTION3 (Edges Information)
EndPoint0 EndPoint1 Weight
0 1 1.000000
0 9 1.000000
0 10 1.000000
0 90 1.000000
1 0 1.000000
1 2 1.000000
1 11 1.000000
1 91 1.000000
2 1 1.000000
2 3 1.000000
2 12 1.000000
2 92 1.000000
3 2 1.000000
3 4 1.000000
3 13 1.000000
3 93 1.000000
4 3 1.000000
4 5 1.000000
4 14 1.000000
4 94 1.000000
5 4 1.000000
5 6 1.000000
5 15 1.000000
5 95 1.000000
6 5 1.000000
6 7 1.000000
6 16 1.000000
6 96 1.000000
7 6 1.000000
7 8 1.000000
7 17 1.000000
7 97 1.000000
8 7 1.000000
8 9 1.000000
8 18 1.000000
8 98 1.000000
9 0 1.000000
9 8 1.000000
9 19 1.000000
9 99 1.000000
10 0 1.000000
10 11 1.000000
10 19 1.000000
10 20 1.000000
11 1 1.000000
11 10 1.000000
11 12 1.000000
11 21 1.000000
12 2 1.000000
12 11 1.000000
12 13 1.000000
12 22 1.000000
13 3 1.000000
13 12 1.000000
13 14 1.000000
13 23 1.000000
14 4 1.000000
14 13 1.000000
14 15 1.000000
14 24 1.000000
15 5 1.000000
15 14 1.000000
15 16 1.000000
15 25 1.000000
16 6 1.000000
16 15 1.000000
16 17 1.000000
16 26 1.000000
17 7 1.000000
17 16 1.000000
17 18 1.000000
17 27 1.000000
18 8 1.000000
18 17 1.000000
18 19 1.000000
18 28 1.000000
19 9 1.000000
19 10 1.000000
19 18 1.000000
19 29 1.000000
20 10 1.000000
20 21 1.000000
20 29 1.000000
20 30 1.000000
21 11 1.000000
21 20 1.000000
21 22 1.000000
21 31 1.000000
22 12 1.000000
22 21 1.000000
22 23 1.000000
22 32 1.000000
23 13 1.000000
23 22 1.000000
23 24 1.000000
23 33 1.000000
24 14 1.000000
24 23 1.000000
24 25 1.000000
24 34 1.000000
25 15 1.000000
25 24 1.000000
25 26 1.000000
25 35 1.000000
26 16 1.000000
26 25 1.000000
26 27 1.000000
26 36 1.000000
27 17 1.000000
27 26 1.000000
27 28 1.000000
27 37 1.000000
28 18 1.000000
28 27 1.000000
28 29 1.000000
28 38 1.000000
29 19 1.000000
29 20 1.000000
29 28 1.000000
29 39 1.000000
30 20 1.000000
30 31 1.000000
30 39 1.000000
30 40 1.000000
31 21 1.000000
31 30 1.000000
31 32 1.000000
31 41 1.000000
32 22 1.000000
32 31 1.000000
32 33 1.000000
32 42 1.000000
33 23 1.000000
33 32 1.000000
33 34 1.000000
33 43 1.000000
34 24 1.000000
34 33 1.000000
34 35 1.000000
34 44 1.000000
35 25 1.000000
35 34 1.000000
35 36 1.000000
35 45 1.000000
36 26 1.000000
36 35 1.000000
36 37 1.000000
36 46 1.000000
37 27 1.000000
37 36 1.000000
37 38 1.000000
37 47 1.000000
38 28 1.000000
38 37 1.000000
38 39 1.000000
38 48 1.000000
39 29 1.000000
39 30 1.000000
39 38 1.000000
39 49 1.000000
40 30 1.000000
40 41 1.000000
40 49 1.000000
40 50 1.000000
41 31 1.000000
41 40 1.000000
41 42 1.000000
41 51 1.000000
42 32 1.000000
42 41 1.000000
42 43 1.000000
42 52 1.000000
43 33 1.000000
43 42 1.000000
43 44 1.000000
43 53 1.000000
44 34 1.000000
44 43 1.000000
44 45 1.000000
44 54 1.000000
45 35 1.000000
45 44 1.000000
45 46 1.000000
45 55 1.000000
46 36 1.000000
46 45 1.000000
46 47 1.000000
46 56 1.000000
47 37 1.000000
47 46 1.000000
47 48 1.000000
47 57 1.000000
48 38 1.000000
48 47 1.000000
48 49 1.000000
48 58 1.000000
49 39 1.000000
49 40 1.000000
49 48 1.000000
49 59 1.000000
50 40 1.000000
50 51 1.000000
50 59 1.000000
50 60 1.000000
51 41 1.000000
51 50 1.000000
51 52 1.000000
51 61 1.000000
52 42 1.000000
52 51 1.000000
52 53 1.000000
52 62 1.000000
53 43 1.000000
53 52 1.000000
53 54 1.000000
53 63 1.000000
54 44 1.000000
54 53 1.000000
54 55 1.000000
54 64 1.000000
55 45 1.000000
55 54 1.000000
55 56 1.000000
55 65 1.000000
56 46 1.000000
56 55 1.000000
56 57 1.000000
56 66 1.000000
57 47 1.000000
57 56 1.000000
57 58 1.000000
57 67 1.000000
58 48 1.000000
58 57 1.000000
58 59 1.000000
58 68 1.000000
59 49 1.000000
59 50 1.000000
59 58 1.000000
59 69 1.000000
60 50 1.000000
60 61 1.000000
60 69 1.000000
60 70 1.000000
61 51 1.000000
61 60 1.000000
61 62 1.000000
61 71 1.000000
62 52 1.000000
62 61 1.000000
62 63 1.000000
62 72 1.000000
63 53 1.000000
63 62 1.000000
63 64 1.000000
63 73 1.000000
64 54 1.000000
64 63 1.000000
64 65 1.000000
64 74 1.000000
65 55 1.000000
65 64 1.000000
65 66 1.000000
65 75 1.000000
66 56 1.000000
66 65 1.000000
66 67 1.000000
66 76 1.000000
67 57 1.000000
67 66 1.000000
67 68 1.000000
67 77 1.000000
68 58 1.000000
68 67 1.000000
68 69 1.000000
68 78 1.000000
69 59 1.000000
69 60 1.000000
69 68 1.000000
69 79 1.000000
70 60 1.000000
70 71 1.000000
70 79 1.000000
70 80 1.000000
71 61 1.000000
71 70 1.000000
71 72 1.000000
71 81 1.000000
72 62 1.000000
72 71 1.000000
72 73 1.000000
72 82 1.000000
73 63 1.000000
73 72 1.000000
73 74 1.000000
73 83 1.000000
74 64 1.000000
74 73 1.000000
74 75 1.000000
74 84 1.000000
75 65 1.000000
75 74 1.000000
75 76 1.000000
75 85 1.000000
76 66 1.000000
76 75 1.000000
76 77 1.000000
76 86 1.000000
77 67 1.000000
77 76 1.000000
77 78 1.000000
77 87 1.000000
78 68 1.000000
78 77 1.000000
78 79 1.000000
78 88 1.000000
79 69 1.000000
79 70 1.000000
79 78 1.000000
79 89 1.000000
80 70 1.000000
80 81 1.000000
80 89 1.000000
80 90 1.000000
81 71 1.000000
81 80 1.000000
81 82 1.000000
81 91 1.000000
82 72 1.000000
82 81 1.000000
82 83 1.000000
82 92 1.000000
83 73 1.000000
83 82 1.000000
83 84 1.000000
83 93 1.000000
84 74 1.000000
84 83 1.000000
84 85 1.000000
84 94 1.000000
85 75 1.000000
85 84 1.000000
85 86 1.000000
85 95 1.000000
86 76 1.000000
86 85 1.000000
86 87 1.000000
86 96 1.000000
87 77 1.000000
87 86 1.000000
87 88 1.000000
87 97 1.000000
88 78 1.000000
88 87 1.000000
88 89 1.000000
88 98 1.000000
89 79 1.000000
89 80 1.000000
89 88 1.000000
89 99 1.000000
90 0 1.000000
90 80 1.000000
90 91 1.000000
90 99 1.000000
91 1 1.000000
91 81 1.000000
91 90 1.000000
91 92 1.000000
92 2 1.000000
92 82 1.000000
92 91 1.000000
92 93 1.000000
93 3 1.000000
93 83 1.000000
93 92 1.000000
93 94 1.000000
94 4 1.000000
94 84 1.000000
94 93 1.000000
94 95 1.000000
95 5 1.000000
95 85 1.000000
95 94 1.000000
95 96 1.000000
96 6 1.000000
96 86 1.000000
96 95 1.000000
96 97 1.000000
97 7 1.000000
97 87 1.000000
97 96 1.000000
97 98 1.000000
98 8 1.000000
98 88 1.000000
98 97 1.000000
98 99 1.000000
99 9 1.000000
99 89 1.000000
99 90 1.000000
99 98 1.000000
END
#################################################################
SECTION4 (TrueSubGraph Information)
EndPoint0 EndPoint1 Weight
9 8 1.0
8 98 1.0
98 88 1.0
98 99 1.0
99 9 1.0
9 19 1.0
19 18 1.0
18 28 1.0
28 38 1.0
38 39 1.0
END
#################################################################
SECTION5 (Labels Information)
1 0 1 1 0 1 1 0 1 0 1 1 1 1 0 1 0 1 0 1 1 0 1 1 0 0 1 1 1 1 0 1 0 1 0 1 0 1 1 1 0 1 0 1 1 1 0 0 0 0 
END
#################################################################
SECTION6 (bt Information)
5 -5 5 5 -5 5 5 -5 5 -5 5 5 5 5 -5 5 -5 5 -5 5 5 -5 5 5 -5 -5 5 5 5 5 -5 5 -5 5 -5 5 -5 5 5 5 -5 5 -5 5 5 5 -5 -5 -5 -5 
END
#################################################################
