#################################################################
#APDM Input Graph, this input graph includes 3 sections:
#section1 : general information
#section2 : nodes
#section3 : edges
#section4 : trueSubGraph (Optional)
#
#if nodes haven't information set weight to null
#################################################################
SECTION1 (General Information)
numNodes = 100
numEdges = 200
usedAlgorithm = NULL
dataSource = SimulationData2
END
#################################################################
SECTION2 (Nodes Information)
NodeID Base Counts
0 -0.318660 -0.270613 -1.169466 -0.812639 1.879806 -1.040627 -0.818281 1.234504 -0.454512 0.077123 -1.344691 0.026378 0.638054 0.328162 -1.370123 0.537824 0.087473 -1.078608 1.631361 0.377169 1.234923 0.890051 -1.134637 -1.820266 0.425767 -0.602418 -0.769716 -1.056857 1.279682 1.717256 0.861838 2.192292 0.280939 -0.422005 -0.834163 -0.247778 -1.820741 0.903766 0.929698 -0.641542 -0.945123 -1.416412 -1.521558 -0.333765 2.229573 -0.322483 -1.329844 -1.800843 -0.123711 -0.679333
1 -1.014657 0.071728 0.121085 1.065856 -1.143242 -0.967379 1.269523 0.509105 -0.296256 1.585513 -1.389251 -0.524465 0.098944 -1.285818 0.226208 1.404533 -0.177800 0.127227 0.294590 1.187764 -0.309837 -0.288458 -1.241613 0.284719 0.486763 0.236568 0.070131 0.214872 1.290638 -0.330746 0.381759 0.226768 0.937370 -0.742763 -1.507923 0.380012 0.839911 -3.494551 1.398150 -0.454513 -0.217074 -0.114258 -1.038686 0.888423 0.099136 -0.248243 -0.546796 0.321083 1.028840 0.567742
2 1.925876 0.023414 2.546907 1.848246 0.698700 0.060552 0.852130 0.419919 0.766870 0.904394 0.285209 -1.115515 -0.410242 -0.021019 -0.870378 -1.295548 1.147194 -0.850962 0.194612 0.030798 -0.420715 0.141103 -0.438377 -1.257200 -0.977633 0.216002 0.085575 0.704953 -0.036872 0.400888 0.208573 -0.310863 0.206721 0.328545 1.221891 -1.911543 1.695334 0.049726 -0.107219 0.439243 0.404780 0.483263 0.043207 0.577426 -0.442197 1.021831 -0.383895 1.322615 -0.262237 0.026614
3 0.147684 0.486420 1.182644 0.468096 0.150798 1.130315 -0.593076 0.998365 -0.394471 2.611944 -2.662539 0.288209 1.499462 1.164829 -0.180355 -0.025381 -0.351284 -0.966602 2.820616 0.194246 0.384272 -0.398106 -1.490796 0.076527 0.810176 0.766441 -1.506980 0.145561 -1.027246 -0.512784 -0.958122 -0.917141 0.442085 -0.128570 -0.585333 0.851897 -0.234594 -0.086411 1.367100 0.261653 -2.003914 0.379645 0.778187 -0.851348 1.974137 0.382046 -1.062003 0.726342 -0.333843 -0.022867
4 0.258286 0.305996 1.028335 -0.830441 0.811774 -1.306243 -0.875761 0.429158 -1.719654 -0.641622 -0.238645 -0.240823 0.055784 -1.100347 -0.372913 -0.595508 -0.366771 0.498645 -0.026318 0.110760 -1.691566 -0.304924 -0.761367 0.862569 -0.483935 0.587883 -1.517496 -0.350620 -1.049501 0.984320 0.502355 0.764138 0.628627 -0.061840 0.572008 -0.578110 0.211331 -1.481267 0.654738 -0.139280 -1.751446 -0.777232 0.793397 -1.593975 -0.303401 0.711547 -0.315898 -0.329516 -0.673085 -0.572538
5 1.702686 1.841317 0.426065 0.438456 0.506268 0.162506 -0.372404 -0.906573 -0.419551 0.097307 0.692970 -0.311991 0.440034 -2.914637 0.585489 -2.091896 -0.453592 1.162199 0.371539 -1.204395 -0.567890 -1.981717 -0.054226 -2.165180 1.330698 0.123194 1.039007 -0.042205 1.713586 -0.279184 0.800335 0.387588 -2.086161 0.506082 0.247081 1.081245 0.284913 1.962003 -0.351339 -0.346036 1.045785 0.384884 -0.136353 0.410021 0.645879 0.627376 0.658880 -2.385468 1.921706 -0.361686
6 -0.600064 -0.076539 -0.640974 0.483370 -0.137169 0.131582 2.975998 3.756083 -0.719189 0.834754 0.185392 -0.353364 1.527540 0.477736 2.631386 0.620240 0.772436 -0.489473 0.882056 -0.558187 0.953559 -0.156027 0.047988 0.764466 -0.288454 -2.345586 -0.159590 -0.152445 0.149232 -2.219327 -0.260082 -1.983493 -1.380965 0.952630 0.453357 0.887212 -1.170843 -0.195986 -0.611293 -0.411929 -1.223821 -0.786341 0.218924 1.035267 2.843878 -1.106003 -0.661434 -0.547913 -0.829387 -0.295966
7 4.366421 5.517569 5.631200 -1.734982 0.682293 5.319018 4.734187 5.601854 6.708936 4.864461 6.606909 5.474471 6.530590 1.735464 6.281614 4.364441 4.740857 6.012701 4.727292 5.439399 5.808734 6.088151 5.543459 4.575932 3.883922 6.587339 4.911735 4.565913 3.523840 5.978362 4.017938 6.018273 6.208104 5.835065 6.710336 3.331620 3.997830 2.683587 3.834938 4.724070 3.458822 5.691373 4.083579 3.834585 5.630968 4.344937 7.182367 6.255706 4.080354 3.061825
8 5.825086 3.441221 5.142109 0.362406 0.738196 5.774207 5.283007 6.442990 4.837281 7.264796 4.863739 6.792272 6.767471 -1.437154 5.181856 3.178090 4.284325 4.191067 5.256600 5.725317 4.293734 2.957067 5.967955 5.975245 6.107305 5.989774 4.812847 5.475340 5.217131 4.648113 7.442900 5.052053 4.240799 5.139123 2.984527 4.450653 6.343923 5.749086 5.944358 4.807453 3.442928 3.338931 4.533866 6.284898 5.613812 5.772901 4.292408 5.716869 5.721938 4.454584
9 -1.258919 0.594219 0.784801 -1.060205 0.673027 -0.215945 -0.110579 -1.336833 -0.541509 -1.095080 -0.659615 2.305387 0.707467 -1.082477 -0.789492 0.602026 -2.247049 1.452275 0.455315 -0.652034 -1.396705 -0.033838 0.211691 -0.364871 1.059447 -1.567835 0.107307 1.376701 0.029503 -0.153790 -1.684937 -0.386994 0.414563 -1.278381 -2.350421 -1.283139 0.911880 0.745261 -0.848643 1.610015 -0.981905 -0.930843 -1.594234 -0.366643 -0.165754 -0.936004 -0.836119 0.937050 0.462899 -0.691049
10 0.534752 -0.585087 0.004510 -0.647596 0.330185 0.855314 -0.653495 -1.559734 0.370173 -1.100476 -1.252157 -0.236266 1.071789 -0.693548 -0.441948 -0.652009 -0.576409 -0.006631 -0.601782 0.913539 -0.794225 1.866973 1.558614 0.179831 -0.519510 0.161048 1.345081 -0.339708 0.886193 0.648279 0.541925 1.267684 0.031409 0.858679 -1.070512 -2.084846 -1.018520 0.290394 0.426157 -0.985810 0.500514 1.111097 0.010856 -0.449666 0.567500 -1.132230 -0.098362 -0.152500 0.056171 -0.627955
11 -0.911259 0.734018 -1.166133 0.796383 -0.981602 0.353928 0.725067 0.881718 -0.855169 0.362665 -0.257536 0.106911 -0.239917 -0.158180 -1.200802 -0.894608 0.042770 -0.644813 0.372765 0.218841 0.021599 1.274019 -1.041414 -0.201408 0.632894 0.009377 -0.002043 -0.743778 1.681665 0.036411 1.497406 0.847140 -0.967078 -0.630163 -2.014183 -0.281866 0.489199 -0.538942 0.594385 -0.687408 -0.074172 -0.139445 -2.057554 -0.718783 1.100597 -0.517857 -0.400954 1.411570 0.738920 0.288813
12 -0.656225 -0.232068 0.754051 0.925828 0.507753 -0.511157 -0.011548 1.400899 -0.662230 0.064699 -1.285060 -0.402500 0.357734 0.501649 0.931783 -0.095438 -1.017358 -0.440268 0.517852 1.413266 0.208406 -0.524729 0.282378 -0.524295 0.797234 0.440369 -1.133158 2.139051 0.632433 0.546059 0.328440 0.669113 0.311257 -1.665054 -1.970272 -1.199476 1.927105 -0.776361 0.255428 0.078698 -0.955647 0.309070 1.324889 -0.284214 0.170994 0.972178 -0.959534 -0.125227 0.532881 0.537312
13 -0.182823 0.417374 1.011687 -0.071407 -0.293495 0.573906 -0.494322 0.605537 2.517097 0.660165 -0.179729 0.559713 1.049904 0.565969 -0.657947 1.721161 -0.148389 0.613113 -0.858694 0.735017 -0.848809 0.427461 -1.601700 0.647515 1.659755 -0.695242 -0.474504 -0.338249 0.709990 -1.332322 -1.860751 -0.758846 -0.415926 -0.082400 -1.766699 -0.640774 0.480561 0.175264 0.164076 0.667731 1.408860 0.524224 1.216350 1.061221 1.716394 -0.504088 0.679368 1.376408 0.078976 -1.354153
14 1.744525 -1.702764 -0.905752 0.264739 0.787349 -0.121107 -0.458218 -0.295961 0.796849 -1.075495 0.232159 0.290609 0.674331 0.070162 -2.297071 1.253942 0.463025 0.769906 1.319305 -1.331835 0.559299 -0.014689 -0.588888 -0.261035 0.598724 -0.154853 -0.755404 -1.474361 1.878797 -0.472213 -0.552912 -0.134386 0.732958 -0.100494 -1.383528 0.210816 2.133015 -0.958895 0.684865 0.175798 -0.138682 0.233222 -0.284362 -1.425598 -0.366673 -1.539182 1.920711 0.469720 -0.997926 1.840757
15 -0.394516 -0.260739 -0.092145 -1.259180 -0.349161 0.695026 2.220516 0.589258 0.038352 -0.413564 -0.167652 -0.891091 0.438205 -1.762940 0.288193 -0.944943 -0.844911 -0.510699 0.168623 1.828814 0.855971 -0.175563 -1.568327 0.437687 -0.349217 -1.122498 -0.511485 0.019699 0.055163 -0.659063 -1.237904 2.612206 -0.428464 1.116898 -0.152826 0.873953 -0.504310 0.796110 -0.605338 -0.733543 0.657229 0.038810 -0.817950 -0.953347 -0.464023 0.905306 -1.310064 -2.130471 -0.664082 0.666653
16 -1.596897 0.317531 1.422277 0.108550 -0.324571 -0.205694 -1.241331 -1.258688 0.594417 -1.653491 0.535756 0.721093 0.496049 -1.923562 -0.822015 0.213896 0.217142 0.714636 -0.848569 -0.454143 -0.365428 0.553775 1.207890 1.696006 -2.559270 -0.537570 -0.842141 -1.137885 -1.840408 0.596629 0.244731 -0.512176 1.187482 -0.281341 -1.896113 -0.325050 -1.411502 -0.552401 -1.226263 -1.693210 -0.455953 -0.525790 -1.755602 -1.030053 -1.861764 -0.103805 1.897115 -0.100527 0.422378 1.065571
17 0.779540 1.039403 -1.027474 0.839209 -0.357287 1.144651 0.299528 -2.497593 0.264870 1.928622 0.110120 -0.715402 1.262132 -0.941111 -0.240162 -1.003297 -0.147581 0.222155 -1.185579 0.018487 -0.531026 -2.002361 0.289191 -0.121174 2.008195 0.098204 0.676599 -0.594047 -2.410694 -0.978937 0.298744 -0.188949 -0.347715 -0.861738 -0.723715 -0.041975 0.433739 1.179675 0.829495 -2.245969 0.701785 0.970701 0.210205 0.369872 -0.343452 0.180882 -1.220217 -2.133489 -0.335829 1.550288
18 1.399366 1.002707 -0.118614 0.917621 -1.862483 -0.023183 -0.391052 -0.518387 0.679536 1.602068 -1.078826 -0.274717 -0.235130 0.933205 -0.838126 -0.886902 -2.596102 -0.402013 1.431928 -0.297378 -0.266936 0.806567 -3.146798 -0.016673 -1.214673 0.691705 1.867094 1.568962 -1.336412 1.260485 0.035551 0.197905 -0.141330 0.375652 0.092880 1.436170 0.257941 0.081232 0.004664 1.228573 0.239222 -0.032574 1.719334 -0.412681 1.472691 0.018802 -0.385637 -1.101964 -0.037170 -0.088701
19 -1.240517 0.335961 -0.417429 -1.321485 0.938300 1.274330 0.536291 1.220147 1.692896 0.343321 0.495538 -2.152836 -0.064641 0.408317 1.824601 0.079640 -0.428806 0.657005 -1.511990 -0.915394 -0.655532 -0.794729 3.010535 -1.245432 0.079257 -2.209182 -0.139266 -0.296830 1.035741 0.012427 1.026328 -1.210681 1.324735 0.255556 -0.760667 1.505947 0.634123 -1.343718 0.281570 -0.735235 0.335045 2.530289 0.578020 2.347213 -0.224401 -1.571230 0.119561 -0.872727 0.590746 -0.273545
20 -0.820258 0.485159 0.590212 1.417600 -0.125832 0.158965 -1.073026 -0.161268 -0.230881 -0.309573 -0.184810 1.035853 0.211739 0.266093 0.281643 -1.594666 1.835862 -2.242231 -1.162234 -2.802055 -1.502729 -1.512090 -0.178817 -0.080977 -1.103684 0.823660 1.080301 0.023017 0.487065 -1.421853 0.506916 0.075602 0.524569 0.908848 -1.690045 -0.243579 1.320844 0.047377 0.511191 -0.342301 -0.792048 0.186035 0.693753 0.384499 -0.797790 0.269070 0.737607 1.155782 -2.067286 0.561165
21 -0.733740 -1.165034 0.540686 0.403014 1.812226 1.318976 1.326942 -0.655136 -0.267645 0.114750 -0.010195 -0.213099 -1.209924 0.164059 0.606187 2.410295 0.888076 0.158221 -1.710522 0.272156 1.693708 1.031120 0.418804 1.386268 1.725331 0.448863 0.876717 -0.538178 1.281643 -0.859927 -1.281821 0.896916 1.903275 -0.513977 0.237649 0.983736 -0.705705 -0.305062 -1.118013 0.157753 -0.924789 0.176929 -0.927731 -0.496823 -0.950176 -0.018318 -0.034164 0.856633 -0.754217 -0.338328
22 1.429274 0.655765 0.068728 0.147805 1.381457 0.169669 -2.872704 -1.342664 -1.504002 0.316548 -1.048767 -0.096818 -0.597053 -0.430137 -0.347144 0.368964 1.934637 1.082098 -1.122032 1.055217 0.018839 0.932779 -0.743826 0.596156 -1.173779 1.889672 0.394251 -0.722909 0.710441 -0.033309 -0.731955 1.267384 0.545639 1.761783 -0.241299 -0.818323 -0.501235 -0.924832 0.390363 1.134994 1.060747 1.340927 -0.709241 0.171629 0.367025 1.030663 -0.370439 -0.484571 -0.821939 0.681752
23 1.769705 0.502195 0.862085 -0.308199 -0.609465 -0.141730 -0.114832 -0.624357 0.276725 -1.002565 -0.353826 -0.897056 -0.769149 -0.679546 0.082593 0.279643 1.213687 -1.308674 0.824450 -0.432238 0.486572 -0.793402 0.757243 -0.659007 -0.562752 0.425171 1.432460 -1.506349 0.779646 -0.920017 1.126355 0.050520 0.195197 0.740067 -0.087672 -3.171745 -1.464603 -0.234289 0.846162 0.332131 0.102397 -1.503769 0.328543 0.022063 -0.542980 -1.086171 0.395817 0.697694 -0.998884 -1.980121
24 1.194215 -0.706179 0.682180 0.381034 0.899028 -0.367835 -0.713296 -0.461067 -0.013762 0.452042 0.490588 0.715034 0.394637 -0.866143 -0.946866 0.941131 0.245170 -0.271407 1.123860 -0.064010 0.962595 -0.867420 -0.705007 0.119432 -0.988806 1.455794 0.862323 -0.493056 0.733725 -1.045658 1.210770 -0.355270 -0.517174 -0.662568 -1.025359 -0.628437 1.994316 -1.165456 -1.887067 -0.558650 0.230698 -1.082871 -0.687255 -1.261418 -0.643319 0.370956 -0.246583 -0.770025 0.259772 0.272135
25 -0.653864 0.596528 1.282281 -1.246193 0.374408 0.392589 0.110559 0.069190 -0.056636 0.316561 0.668629 -2.076336 -0.577694 -0.022332 -0.703384 1.276441 0.621324 -1.565894 -0.708718 -1.112183 0.536709 -0.506195 -0.062417 -0.751647 -0.061480 0.509034 -1.514547 1.139378 -0.026493 0.032361 -0.414918 -1.423575 -1.656584 1.089330 -1.030333 -1.375711 -0.103765 0.842012 0.587690 0.765073 0.397857 1.117658 -1.227624 0.862141 0.295048 0.051762 -0.958735 0.439061 -0.151965 -0.736853
26 0.058581 -0.135909 0.948592 0.550758 0.921260 0.343292 0.636563 2.498219 0.089046 0.628478 0.542115 -0.041921 -0.084274 -0.839060 1.723136 2.268884 -0.445958 -0.988430 -0.622983 1.194209 -0.662979 0.199619 -0.120935 -0.513951 -0.535066 -0.022739 1.348923 -0.586327 -0.936926 -0.441069 -0.046818 -0.583345 -1.198687 0.857419 0.337927 1.380873 -0.419864 1.445402 -1.306535 -0.382880 0.400164 -0.065841 -0.513341 -1.123030 -0.294103 0.101599 -0.259416 -2.872558 -1.558406 0.378883
27 -0.892447 -0.237166 0.162994 0.391992 0.756625 0.081709 1.178897 -0.253867 1.188116 -1.411224 -0.805180 0.853400 -0.521685 0.932883 1.228793 -0.512812 1.071677 -1.594798 0.162109 0.577343 -0.043953 -0.934289 1.237082 -0.212210 -0.742075 -1.879940 0.691897 -1.850703 0.492157 -0.722938 -0.554511 0.644004 1.512385 -1.975945 -1.415275 -1.449321 1.091325 1.390367 -0.623635 0.175190 0.453103 1.234156 1.197670 -0.816064 -0.272164 2.388705 -0.355189 -0.939778 -1.520356 2.200378
28 2.937947 -0.526952 1.704395 0.695676 0.901565 -1.232003 2.737484 -1.832388 -0.389702 -0.213660 -1.638108 -2.282448 -1.663690 -0.421142 0.911882 0.629586 -0.342758 -0.988560 0.070533 -0.462618 -0.190120 -1.425398 -2.113851 0.560961 -0.744927 0.418797 0.040902 -0.379048 0.171605 0.756385 0.650211 -1.105628 0.893229 -0.760006 0.529029 0.144483 0.351767 0.309507 -1.943723 -0.453311 1.028381 -1.413580 0.535157 -0.653171 1.270138 -1.355190 -0.779692 0.584267 -0.942101 -1.822308
29 -0.285839 0.531726 0.579285 -0.537497 0.898895 -0.571241 0.214675 -1.824763 -0.730550 -1.116399 0.500478 -0.689388 0.093717 0.555598 -1.295409 -1.664284 -0.419760 -0.247876 0.600616 1.621475 -1.732102 -0.155739 0.457487 1.709711 -0.321126 -1.136324 -1.135742 1.566941 -0.441397 0.383537 1.087847 0.668672 -0.774280 -0.167389 -0.612871 -1.514484 0.294787 -0.469033 1.715416 -0.666778 0.067167 -0.055247 -0.318860 0.322258 0.155174 0.148028 0.479205 -0.590781 -0.189116 0.517241
30 -0.040553 0.551454 0.540245 -0.020330 0.763831 0.121294 0.606425 0.403086 -1.403519 -1.493144 0.225977 0.456041 -1.135657 -0.748408 0.275959 0.615853 1.210431 -1.422720 2.281727 0.251622 -0.776637 0.375289 0.003058 -0.829058 2.288064 0.204839 -0.008578 1.338041 0.329585 -0.217347 0.300992 0.922645 -0.727298 0.494599 -0.131153 1.970941 1.113928 1.467013 -1.410029 1.101166 0.751459 0.706976 -0.111495 -0.095233 -0.180340 0.356073 -0.805597 0.163191 -1.393371 -0.710417
31 -0.049909 0.733460 1.861912 1.230489 0.852337 0.121040 -1.319431 0.304666 -0.175544 -1.718303 -1.289172 -0.129508 -0.998872 0.879562 0.624801 0.746248 1.102964 -0.222788 -0.449371 -0.477259 0.896349 0.255907 0.966956 -0.446957 -0.335442 -0.207676 -1.947975 0.945529 -0.442479 0.620779 -1.363067 0.035312 -0.960224 0.433033 1.529065 -1.126349 -1.240652 0.434760 -0.384757 1.641702 0.397836 -0.447653 -0.492998 -0.041184 0.401155 -2.498693 0.286067 -0.038931 -0.617796 0.313082
32 1.151900 -0.874167 0.629904 0.976588 -1.597811 -1.797518 -0.427991 -0.576718 -0.629268 1.178901 -1.188641 0.227550 0.185751 0.203241 -1.544749 -1.514645 1.379651 -1.436108 0.759653 -1.598841 2.638957 -1.620301 -0.432299 -0.981569 0.451696 0.156514 0.761180 0.181156 0.464858 0.358502 -1.257571 -0.941459 1.850083 0.126133 -0.227769 -0.291986 0.282765 -0.660148 0.948621 -0.144363 0.002557 0.274759 -0.608653 -0.898310 0.963255 0.489044 0.045079 -1.312800 1.820581 0.338331
33 0.552087 -0.433689 1.540916 2.138020 0.048969 -0.764231 -0.289551 0.121526 -1.272248 -1.511062 0.457710 -3.085937 -0.656691 -1.332633 0.020388 -0.365656 -0.956938 0.621230 -0.000843 0.387652 0.280207 -1.949800 -0.264085 0.054062 -0.775764 -1.330264 -0.416059 -1.500296 -0.177134 0.462363 0.586742 -0.018712 -0.580802 0.641599 -0.099439 -0.427918 0.616011 0.522341 1.173443 0.390613 0.704629 2.302297 -1.092809 -1.710866 2.055894 0.278662 0.183762 -1.331083 0.670583 0.067071
34 -0.294521 -1.036716 -0.535009 -0.078108 -0.897607 0.159961 -0.828452 0.144142 -1.283526 -0.368651 -0.867748 0.752460 0.246050 0.588847 -0.216300 0.090038 1.541011 0.987710 -0.912820 -0.027169 -1.747901 -0.555206 1.408065 -1.585886 -0.430614 -0.357884 -0.011001 -1.390311 0.312117 -0.862699 1.650992 -0.556039 -0.452326 -0.412020 0.062695 -1.409153 -1.513805 -0.806660 -0.212373 1.316521 -0.150942 -0.328954 0.964764 0.794714 1.520687 -0.114639 -1.198004 0.412968 0.817901 -0.756671
35 0.161293 -0.947965 0.536649 0.688178 -0.275611 1.971037 0.461333 0.195547 -1.599047 0.770827 1.420713 -1.668055 -0.929106 0.124783 -1.097759 0.222731 0.442052 0.773424 -0.488894 -1.094389 -0.668457 -0.295886 -0.203788 1.561383 0.691371 -2.131609 -0.241081 0.391814 -0.525603 -0.331133 -0.570006 1.007936 -0.327974 -0.299936 1.504556 -0.913356 -1.088899 0.837695 -0.439411 0.521560 -0.366003 -1.866677 -0.468259 1.703640 0.439960 1.527089 0.152304 1.525660 -2.419319 1.129971
36 -0.731766 -1.085300 -0.057947 0.367094 -0.364440 -0.308771 0.324310 -0.478890 -1.975350 -0.170499 0.884744 1.627821 -1.185483 2.124834 0.093527 1.368155 1.119288 -0.288670 0.687655 -0.149020 -1.369747 -2.127925 0.882697 -0.137399 0.690771 -1.498385 -0.059153 0.550085 -0.503795 -0.713049 2.071039 0.320357 1.111411 0.245524 -0.803269 -0.005325 0.103397 -1.352923 -0.874912 -1.066668 -0.167205 0.392914 -0.250750 -0.496557 -0.298617 -2.261684 0.884945 -0.533140 0.147652 -0.494884
37 -0.306900 -0.536102 0.794039 0.236314 -0.540916 -0.443435 -1.560960 0.057716 -2.180113 -0.096366 -0.391043 0.489469 0.015356 2.035529 0.382625 -1.454442 -0.630520 0.096616 -0.674648 -1.371982 -0.843833 -1.337056 0.196897 0.750050 -0.190810 -0.401426 0.048965 -1.565624 0.087460 0.839342 0.761761 1.619110 0.913006 -0.106831 0.280054 0.131537 1.927863 0.551997 -0.079108 0.278991 1.073604 -0.090233 1.212889 0.854323 0.860899 1.607278 -1.568916 -0.034169 1.794032 1.615084
38 -0.971850 -0.358279 -0.958715 0.820158 0.450794 -0.943801 0.420069 -0.226844 -1.894763 0.045675 -1.045648 -0.836258 1.425927 0.816427 1.206176 -0.531503 1.691089 0.300158 -0.272844 0.801764 0.260751 0.955669 -0.923442 -0.662479 -1.232040 -0.020461 -0.456124 -0.504657 -0.353323 0.470507 -1.882668 -0.076924 -0.121123 0.885602 -0.138073 -0.711045 -1.171526 -0.898857 -1.057454 0.427059 -0.608394 0.059772 0.222843 -0.799188 -0.858716 -1.870290 1.554551 -1.148648 -0.277337 -0.500790
39 -1.671784 -0.571803 0.332777 -0.375597 0.206481 0.073214 0.400076 0.997281 -0.896507 0.589768 1.630864 -1.029731 1.001473 0.380571 1.270760 0.554321 1.264200 -0.033938 -0.957937 0.308247 1.756189 -0.995293 -3.509240 -1.026679 0.036285 -0.469520 0.415008 0.400183 -1.757549 0.792657 0.669609 -0.818901 0.067789 0.123288 0.372402 -0.320150 -0.278415 0.138720 -1.070802 -0.758188 -1.665017 -1.503379 2.412556 -1.198325 1.307087 -0.282277 -0.502149 -1.045958 0.252870 0.765919
40 2.068412 -1.538648 -0.806928 1.570815 0.480434 -0.922061 1.176707 0.295483 -0.100109 0.783568 -1.266639 -0.561578 0.838916 -0.702037 -0.235554 -1.302042 -0.206492 1.183376 -0.004322 0.132471 -2.074359 -0.488335 0.620475 0.673994 -1.351818 -1.079437 -0.649541 0.646125 -1.007364 -0.416284 -0.594183 1.555481 0.982296 1.227347 -0.009050 1.414031 -0.869511 -0.821000 -0.427555 0.229684 1.281399 -0.438290 -0.068696 -0.026077 -1.042674 -0.247126 -0.388961 1.934865 2.489996 -0.317903
41 -0.802447 -0.907833 1.376968 2.966260 -0.417124 -0.009174 -1.055474 -0.649667 -0.761179 0.217297 0.957648 0.592976 -1.589293 0.454151 -0.011635 0.195576 -0.558319 1.017504 -0.285645 -1.216185 1.060402 0.147906 0.596332 -0.359437 -1.919657 1.066357 0.221261 0.653964 0.776746 0.181604 0.634786 0.600655 0.358436 -0.255984 0.281916 -0.254011 -0.537928 -0.432080 -1.213767 0.329471 -1.456731 0.553725 0.426116 1.976629 -0.140251 0.976331 -0.118615 -0.069393 0.995231 -0.318836
42 -1.931799 -0.296407 -2.362226 -0.027341 0.620090 0.336727 -0.578260 0.542107 2.016326 0.050736 -0.291689 1.038288 0.404262 -0.561371 -0.015654 0.068062 1.408659 -0.973862 1.079578 1.439570 0.472894 0.222090 0.616179 -0.345428 -0.028538 -0.375139 -1.227975 -1.317458 0.135532 -0.061741 -2.345687 -0.778736 0.404157 0.614375 -1.715209 -0.814330 0.394514 2.033491 0.170007 -1.367157 0.034068 0.846420 -0.262476 -1.319314 -3.163832 -0.143976 -0.381119 1.541689 -0.818997 1.106368
43 0.128016 1.096795 -0.107756 0.245809 1.157354 1.150771 -0.977555 0.577649 0.129451 1.178349 -1.291113 -1.502369 -2.235729 -0.008845 0.984072 0.124239 -1.971595 -0.384838 1.533589 -2.247144 -0.075399 1.550926 1.099175 -1.519566 0.929769 -1.466178 -1.360479 1.650872 0.400920 1.891740 1.347926 0.344255 -1.708282 0.580234 0.054018 -1.363153 -0.676451 1.569945 0.529562 -0.211520 -0.013030 -0.342977 0.514452 -1.061136 -1.100999 0.887211 0.397847 0.589085 -0.188736 1.674018
44 0.160559 -0.887787 -0.916838 0.064430 -1.203160 0.565423 -1.238204 -0.360411 0.786588 0.469375 -1.372923 -0.389685 0.990836 0.914631 -0.233476 0.585824 2.055836 -0.951772 -0.047094 -1.212113 2.855043 0.084500 0.405928 -1.120081 0.336695 2.398376 -1.627624 -1.161510 0.150179 0.636480 -0.331663 0.029254 -0.179889 -2.659544 0.376262 1.834685 -0.074817 -0.755966 2.038199 -0.303341 1.436286 -2.533812 0.731390 1.278264 -0.513608 0.182655 0.618190 0.555671 0.539979 -0.275312
45 -0.702624 -0.892087 0.706205 -0.672220 -0.637279 -0.307523 -0.778218 1.333588 1.726499 -2.798491 0.650346 0.764738 -0.293650 -2.455715 -2.065269 0.303639 -0.728390 0.432431 0.022764 1.629542 1.323843 0.279408 0.747546 -2.158465 0.973446 -0.032273 1.170470 0.124560 0.956644 1.344417 0.551106 -0.607406 -0.103594 1.093392 -0.081317 -0.177772 0.189318 -0.087890 -0.213033 1.330984 0.047811 1.153326 -1.707742 -0.225939 0.390425 0.349397 -0.787669 0.505177 0.699345 -0.212514
46 0.859396 -0.340701 1.183528 -0.701256 0.341036 0.226178 -0.885301 0.512854 0.163644 1.031645 1.174702 -0.169237 0.255655 -0.350479 -1.130780 0.505299 -0.333014 -0.087008 -0.182368 -1.724691 -0.673535 0.696947 -1.571088 1.105648 -0.933622 -0.462098 0.668907 -0.076194 0.167145 -0.415974 0.862021 0.707937 -0.620143 0.765279 0.547376 0.198705 0.643746 -0.263528 1.879595 1.269074 0.912977 0.749761 -0.912434 -0.562374 -0.250112 -1.082740 -0.450527 0.676574 -0.601995 0.187222
47 -0.461190 -0.615760 -1.607567 0.100858 0.971462 -0.278349 -0.062839 0.932452 0.703571 -0.106934 0.427612 0.285613 -0.561994 -0.335200 0.079022 0.130617 -0.836887 1.432143 0.216211 0.953373 1.184796 -3.771766 -0.713505 -1.466794 -0.009405 -0.625228 0.083833 -0.682290 0.289615 1.273172 0.601092 0.217203 -1.111210 -0.314552 0.005625 -0.073287 -0.630511 -0.385876 0.334063 -0.251066 0.799079 0.107977 -1.750279 -0.133271 -0.561072 0.159189 2.535995 1.233787 -0.301326 -0.340762
48 0.551062 1.055482 -0.717595 -1.230678 -1.223059 -0.217070 -0.396965 -0.114338 0.876200 -0.900508 1.018017 -0.136698 0.214411 -0.266461 -1.121184 -0.198499 1.351917 -0.810416 1.211992 -0.307531 -0.807647 1.654342 0.264631 -0.922581 -0.845924 0.806222 0.021204 0.845438 1.193157 0.394834 1.152049 -0.560875 -1.422685 -0.131614 -0.699649 -1.984881 1.211465 -0.151715 0.940808 -0.055155 1.750208 0.291415 -0.723898 -0.540747 0.417825 -0.244306 -0.840244 -0.063693 -0.890428 0.134501
49 -0.336546 -0.818970 0.337389 0.365470 -1.086950 1.924622 -0.007388 0.674606 -0.467683 -0.077582 1.990737 0.458620 0.139238 -0.194645 0.244842 -0.227562 1.446252 -0.227916 -0.517466 -0.224493 1.169593 2.394205 1.614420 -0.361003 0.478696 0.565532 0.066646 0.012315 -0.179916 0.943636 -0.259078 -1.009879 1.091937 -0.184542 -0.097435 2.154772 0.704558 0.900426 -1.092908 0.350944 1.360586 -0.717817 0.105292 -0.727283 0.500558 -1.937409 -0.653410 0.284220 -0.259092 -1.087830
50 -0.084094 -1.727406 0.997083 1.529767 0.175707 -0.415498 -0.490510 -0.340748 -0.400614 -0.709336 -0.184608 0.730033 0.665034 -1.093214 1.982763 1.958048 -0.188863 1.545613 -0.672347 1.259745 -1.164377 1.014997 1.844918 -0.628689 1.002047 -0.656012 0.961133 1.220853 -0.269407 -0.912452 -0.657784 0.218973 -1.759805 -1.301718 -0.008221 0.323113 0.161085 0.368617 1.454729 -0.693286 -0.367399 0.425556 1.437518 1.385860 1.323043 0.645514 -0.512464 -1.065523 1.038237 0.124324
51 1.948643 0.007746 -1.269281 -1.022146 0.648199 -0.826490 -0.166818 -0.497963 -1.031301 0.721328 -1.328512 0.270330 -0.726430 1.343622 -1.854119 1.753267 0.743594 0.347921 0.640930 0.058379 -0.040932 -0.097593 -1.655767 -0.002908 -1.088533 0.751059 2.080533 -0.309267 0.148735 1.826273 -1.070762 0.035902 0.730191 1.165685 -1.343503 -0.694104 0.023772 -1.278448 2.843217 -1.385987 -0.788261 0.422747 -0.316188 -1.105056 0.359159 2.464164 0.084598 -0.284717 -0.030897 -0.099489
52 -1.236219 -0.252674 1.541630 -0.756937 -0.229432 -0.254890 1.056178 1.221777 -0.010582 -0.042657 0.936217 0.113928 -1.199979 -0.307390 0.816230 -0.549565 -1.843959 0.828178 -0.554157 -1.189753 1.622463 -0.068773 -1.784982 0.775887 -0.313267 -0.690443 -0.105197 -1.093555 -1.005301 -0.085976 1.599102 -0.713874 0.204781 0.149117 -0.421323 0.020257 0.425181 -1.853092 -0.467927 0.396219 -0.463902 0.602215 0.406716 -1.515224 0.357565 -1.608477 0.107178 2.300865 -0.948196 -0.123518
53 0.526220 1.414503 0.711842 1.202613 -0.427343 0.532178 -1.026316 0.199664 -0.142017 0.378326 -0.984384 -0.253453 0.915965 1.249440 -0.736825 -0.341006 1.565763 0.986293 0.560270 0.615143 -2.534670 -0.422449 -0.741040 -1.238169 -0.943574 -0.748022 0.450170 0.107746 -0.637539 -0.028366 -0.375545 0.637488 0.694067 0.394340 -0.005190 -0.754524 0.524403 0.161043 0.883590 0.379475 0.059534 1.030324 0.708129 3.948229 1.041649 0.808185 1.365205 0.590967 1.643390 -1.419342
54 0.739539 -0.251713 -0.147902 0.292889 0.373899 -1.585472 0.030307 -0.011880 -1.174019 1.092097 0.602049 0.542649 0.805254 -0.949851 -0.453740 -0.650985 -1.073076 0.832755 -1.222107 0.327127 2.029872 0.278499 0.175364 -0.072203 -0.998434 0.067454 -0.643989 0.560380 -0.905973 -2.220144 -1.227660 0.478294 -0.535560 0.333326 -2.231168 -0.245027 -0.705689 -0.365326 -0.354007 0.227426 -0.831190 0.425277 -1.247450 -0.802558 0.172709 -0.179332 -0.795983 0.797515 0.388144 1.678745
55 -1.215919 -0.548585 0.060762 -0.260035 -0.136330 -1.718274 -0.130398 0.413895 -0.939016 -0.400394 0.125401 -1.019781 -0.075758 0.622625 -0.148001 -0.344554 0.025629 0.624557 -0.265565 1.098382 0.888745 1.540235 -0.641460 -0.201004 -0.191753 0.617030 -1.867465 -1.331364 0.982249 0.528596 1.166379 -0.255451 -0.917222 0.931809 1.060735 1.017201 -0.572470 -1.662057 -1.937724 1.010608 1.087088 -0.561681 -1.533249 0.271722 -1.127706 -0.463097 -0.027506 -2.201029 0.042174 -0.304706
56 0.975564 0.976237 -1.337628 1.516791 0.754991 -0.911866 -0.231367 0.147024 -0.145265 -1.015620 1.188892 0.628680 0.546205 0.532941 -0.116056 -1.092075 0.556086 1.057257 0.156062 0.329166 -0.236364 1.227629 -0.256103 1.402188 -0.306543 0.460055 -0.465069 1.431635 -0.732628 -0.383585 -0.792554 0.989050 0.783032 0.157466 -0.413838 1.342827 0.263866 -0.714622 1.235335 -1.739845 0.216737 -0.629769 -0.154709 -0.513594 1.193868 -0.645197 -0.013992 0.135664 0.238521 1.598692
57 0.484567 0.425235 1.099003 -0.390634 2.393704 -0.164841 -2.370370 -0.550507 -0.832585 1.213480 -0.136798 -1.345867 2.077221 1.048119 -1.027707 0.895701 -0.270630 0.942382 -1.470961 1.106855 0.169876 0.866423 0.924538 -1.189602 -1.599502 0.073652 -0.606265 0.151186 0.997551 2.490073 -0.178802 1.927563 -2.786446 0.868683 -0.493197 1.163146 -0.803099 1.422594 0.245085 0.482567 -1.666196 0.171037 2.075788 1.601433 -2.131155 -0.281388 -0.190496 1.336538 -1.447498 1.132459
58 -0.764681 -1.008193 0.673134 0.463234 -0.303410 1.749422 0.948176 0.121168 0.746224 -1.393322 -0.336808 0.147503 -0.884447 0.262766 2.007015 -0.230057 0.338725 1.236947 -0.458350 0.979310 1.034022 -1.100528 0.383800 0.067731 1.482510 0.868866 -1.819402 -0.024044 -0.069148 -0.718078 -0.235803 0.649364 -0.832798 1.544874 -1.799374 1.107767 0.453439 0.092701 0.100828 0.062771 -2.120415 0.177231 -0.032559 1.439019 0.582764 0.543062 -0.204486 -0.291718 1.024350 1.490629
59 0.332192 1.398617 0.058362 0.269121 0.711579 -0.269750 1.813830 0.198108 -0.498047 -0.656190 1.591073 1.514228 -0.673344 0.871376 -0.784407 0.029876 -0.507031 1.332604 0.111791 0.456612 0.246284 1.267323 -1.079980 2.134304 1.086438 1.966604 2.061909 -0.853859 1.560304 0.064046 0.433537 0.282853 0.726808 -0.362015 0.366625 -0.424576 -0.758883 -1.160293 -0.048606 0.294800 0.120428 -0.455198 1.543780 -0.311574 0.123224 -0.988295 -0.829082 -0.481810 1.317378 0.070305
60 6.462135 4.282203 8.215295 -0.779703 0.706030 3.471093 4.703110 5.089277 4.224384 4.604453 4.521132 3.866433 7.182091 1.254241 5.894322 6.044066 4.771044 3.848981 4.724104 3.310580 3.876328 3.443275 5.322133 7.135956 3.748720 5.858676 3.717042 3.331372 5.406672 4.956421 5.229703 5.908716 3.823171 6.961357 4.285633 4.177702 4.466507 3.915122 4.853461 3.998909 4.475668 5.032172 4.701980 5.810125 5.288708 6.234077 5.228646 5.182257 4.943770 5.214125
61 -0.318924 -0.134850 -1.394030 0.504316 -1.727703 0.492581 0.585313 0.919924 -1.740107 0.941007 -1.022916 0.064905 2.543477 1.224154 0.711248 0.794417 -2.762132 -1.613560 -0.351803 0.157352 0.251828 1.020529 1.676683 1.178126 -0.593167 0.258739 1.248020 0.754230 -0.728386 -1.593024 -0.158561 0.183166 0.490762 -0.308253 1.060527 0.593647 -0.503641 -0.196113 1.118953 0.797640 -1.438396 -0.114028 0.422561 -1.406029 -1.612513 0.749564 1.003150 -0.346994 -1.411667 2.427792
62 -0.255756 -0.967424 -0.060640 1.083649 0.355269 -0.026523 -0.904537 0.091535 0.435441 0.211537 -1.969206 -3.330681 1.918620 0.254355 -1.205600 -0.526368 1.386594 0.853890 -0.312193 -0.570627 -0.660220 -0.185431 -0.256268 -1.201604 -0.805789 0.282774 1.292407 1.065885 -1.005827 -0.086939 0.458430 0.187609 0.856155 -0.084127 0.580766 0.183439 -0.695266 0.182048 2.072361 0.566549 -0.233363 -1.519892 0.631380 0.463536 0.518031 -1.099753 0.809868 0.476570 -0.078325 1.379309
63 -0.868207 -0.584766 -0.065981 0.616004 0.071065 0.607718 2.517195 -0.079094 -1.514772 1.381807 0.330759 -0.115583 2.479842 -0.017805 -1.274120 0.298933 -1.802236 0.585766 0.488549 0.509166 -0.035855 -0.513082 -0.216788 -0.548240 -0.710533 0.777709 0.921259 -0.785324 -0.924723 -0.067283 -0.130146 0.395718 0.077260 -0.068878 -0.863593 -0.411286 -0.268512 0.237539 -0.873248 0.062800 2.199395 -0.839786 0.788485 -0.576489 0.436386 0.845054 0.909348 -0.437276 0.176809 -0.429451
64 0.710856 1.202579 0.973377 -0.109516 1.750612 -0.801347 -1.253684 -0.524348 0.082238 -0.607824 0.600299 1.775264 -0.160621 0.130159 -1.481374 0.775390 0.874770 1.292732 -0.039609 -0.430657 0.591067 -0.211619 0.547994 0.288477 -0.436932 -0.705285 1.501244 0.308837 0.486568 -0.965853 1.280757 0.154017 -0.112222 -0.002467 2.015629 -0.675704 -0.888568 0.754540 -2.431029 -0.010567 0.008633 -1.150509 -0.472609 0.075436 -0.612067 0.604850 -1.334709 -1.871878 -2.225848 0.680187
65 1.953245 -1.810163 0.367733 -0.621661 -1.997020 -0.219680 1.141585 -1.777342 0.221328 -0.503012 -0.245822 -0.538616 0.959431 -1.621700 -0.926166 -0.741064 1.504583 0.570191 1.093438 0.259207 0.768849 0.203318 0.464418 0.077356 -1.433802 -0.578355 1.632288 -1.142231 -0.642732 -0.647683 0.972459 0.459573 0.187893 -1.940995 1.273710 -1.649175 -1.597542 -0.740461 0.703954 1.291017 -0.575381 0.739179 -0.177740 -0.563074 0.442109 -0.207862 0.503695 0.109560 0.622715 0.538778
66 0.167063 0.653693 0.081312 -0.263671 -0.747173 0.294313 0.393198 -1.282062 0.719622 -1.062677 -0.081765 0.292560 0.996442 -0.848102 -0.985669 -0.190668 -1.581805 -0.277194 1.629825 1.590908 0.304915 0.051632 -0.075180 0.686335 -1.210245 0.565983 1.420033 0.273140 0.527550 1.299190 -0.998770 -0.244849 1.303829 0.522933 -0.639625 -0.695027 0.283788 -0.686807 -1.769943 0.703281 -2.865024 -0.417893 -2.084374 -0.109311 -0.345193 -1.821834 0.318243 -0.437376 0.436975 1.130667
67 -1.035568 -1.047826 0.065652 0.994512 1.158646 -1.407043 -0.621565 0.370407 0.325482 -2.333310 -2.184299 -0.844517 1.000115 0.093444 -0.158864 -0.787847 -0.025344 1.831293 -0.367590 -1.393845 -1.314909 -1.246584 1.028783 -1.719319 -1.346899 -0.153339 -0.140625 1.755933 0.465551 0.736703 1.160488 -0.122716 0.789757 1.621824 -0.500229 -0.676853 0.572992 1.146083 -0.722775 1.832612 -0.146831 -1.401292 -0.659336 1.269388 -1.345867 0.453333 -1.563201 1.446476 0.258937 -1.065952
68 -0.133263 0.414725 0.839882 1.779071 1.028613 -0.703248 -0.778297 0.407580 0.643503 0.693446 0.233546 0.915332 -0.434751 1.787562 1.888910 2.061778 -0.787442 -0.243975 0.620210 0.696167 0.967620 0.447026 -2.105701 0.536266 -0.064506 2.912474 0.093400 -0.713296 -0.001540 -0.162159 -0.876107 1.514934 -2.128834 -0.939546 1.215510 -1.130959 -0.797701 1.046134 -0.765913 -1.721049 -0.298965 -1.864650 0.562966 1.329586 -0.151796 -0.153467 -0.262001 -0.175027 -0.933909 1.653762
69 0.435983 0.087169 -0.917037 0.729262 -1.305685 -2.365355 0.806819 0.206948 0.202095 -1.860909 0.551482 -1.623981 1.571417 -0.553692 -0.160659 1.223997 1.328250 -0.814857 0.167679 -0.365840 0.961821 0.021239 0.253546 -0.957948 0.310981 -1.473099 0.868299 -0.923300 -1.434563 0.199438 -1.027357 0.846190 -0.586396 -1.496242 0.317686 0.300372 0.019796 0.590979 0.853347 0.013340 0.014540 1.333863 1.201645 0.042906 0.318561 -1.091363 -0.017852 0.143467 -0.290103 -2.077765
70 2.836454 5.018886 4.843216 -0.540867 -1.246974 4.718747 3.909147 4.427351 5.440882 5.031344 5.295340 4.407252 5.051350 -1.238703 5.970183 5.669397 5.095867 4.463616 4.245246 4.455637 5.253382 5.157258 4.402924 4.635617 5.186669 7.526389 6.493699 5.227398 3.645762 4.833952 4.538024 4.707121 6.286851 4.006095 5.841800 5.546658 3.994077 5.767621 6.033410 3.212855 4.718172 5.514282 2.902468 4.522995 2.950481 5.358918 4.955037 3.796886 5.446569 5.272734
71 2.148777 -0.791176 -1.206518 -0.498311 1.717200 -0.388955 -0.408914 0.333039 0.697959 -0.020831 1.082094 0.518928 0.321556 -1.543800 -0.384263 -0.698128 1.098030 -2.774595 1.093672 -1.653546 0.027202 0.053394 2.589904 -1.980946 1.865588 -0.594071 0.474731 0.396444 -1.559356 -1.536151 -0.404169 -1.335578 2.835618 -0.828824 -1.295030 -0.587238 -0.971924 -0.163119 0.643270 0.647527 1.405076 -0.650102 -1.499952 -1.189747 -0.226012 0.828169 -0.578343 -0.083293 -1.846463 0.423012
72 -1.714239 -1.108202 0.045737 -0.458385 -1.325682 -0.840804 -1.355094 -0.933236 0.906304 0.877714 -0.483178 -0.175486 0.668419 -0.684049 -0.444118 1.080638 1.615354 -0.385366 1.547406 0.748090 1.265480 0.721451 -1.826117 -1.420362 0.787907 0.311575 -0.361872 0.532806 0.483717 1.712709 -1.936981 -1.095690 0.572498 -0.172162 -1.176658 0.860876 -0.585089 -1.292678 -1.176315 -0.660773 1.175803 -1.037634 0.271974 0.709384 1.586457 -1.252518 -1.016379 -0.459502 -0.320209 -0.712391
73 1.622985 -1.755661 -0.235597 0.061132 1.169002 -1.334218 -1.875701 -0.629254 0.034011 0.315141 0.541483 -0.271085 1.186212 0.138301 0.088744 0.245060 -0.033552 0.697530 0.307155 1.664363 1.142759 0.490980 -0.978454 1.130835 0.115074 -1.006254 -0.129509 0.681142 -1.448165 -2.963657 -0.828667 1.328955 -0.069789 -0.106306 0.849145 -0.112428 -1.921072 -0.231654 -1.135236 0.542291 -2.362490 -0.736332 0.904204 0.106392 -1.054945 0.571518 1.027667 -0.590494 -1.879695 0.473125
74 -0.240578 1.645584 0.356815 1.334897 -0.107764 0.287397 -1.670057 -1.096646 -0.142077 -1.619468 -2.003338 -0.708784 -1.109299 -1.848567 -1.145582 -1.123587 -0.447730 0.610350 0.873635 0.911676 -0.451416 0.509749 -0.822452 -0.047831 1.229193 0.594703 -0.917914 -0.486067 -1.082174 1.000084 -1.578400 -1.227834 -0.829788 0.958413 0.143527 1.974029 2.434022 1.739212 -1.162194 -0.047861 1.744025 0.057855 -0.368766 0.280439 -0.793692 2.006894 -0.458432 -0.854269 -0.213577 -0.581742
75 -1.426553 -0.003306 1.201497 0.484271 0.549634 0.376252 1.615352 -0.211852 0.601512 -0.070355 0.719120 -1.623612 -0.090363 -1.593015 1.080689 -2.212522 2.713971 -1.684047 -1.199883 0.596103 1.170791 0.646540 -0.738218 0.400941 2.960662 0.535876 -1.913151 -0.455990 -0.785892 0.700654 0.692482 0.153843 -0.801075 -0.100017 -1.341775 1.599453 -0.096268 0.299060 0.152111 0.721040 1.345402 0.706350 -0.828079 -1.741006 0.057230 -1.361956 0.505362 -0.326821 0.290336 0.546248
76 0.754211 0.050963 -0.486535 -0.026646 0.980470 -1.213556 1.145376 0.185158 1.340759 1.235598 -0.206324 0.354194 0.502405 0.968953 1.333473 -3.070660 -1.718897 -1.932315 0.846905 -1.449868 -0.367021 -0.032011 1.318683 0.023121 0.232228 1.044433 -2.794302 0.283394 0.127869 1.046988 0.404262 -0.455952 0.243471 -1.229604 1.295257 0.558564 -0.291312 -0.135541 0.546752 0.779288 1.042684 0.927391 -0.396166 0.312069 1.678450 -1.010073 2.668484 -1.246921 0.049963 0.382349
77 0.660986 -1.044672 0.561327 1.234720 0.050529 2.441936 0.385676 -0.162007 -0.663766 0.097081 -1.137184 -0.039836 0.859945 1.468674 -0.860735 -1.292176 0.048651 0.081237 0.035908 1.828897 1.266370 0.242922 2.605810 1.714787 0.884411 -2.206909 -0.129663 1.500637 0.609998 0.725904 -0.880597 -0.250097 -0.064991 0.322382 0.667315 -0.370927 1.135339 0.532194 1.062991 1.688477 0.049003 0.302764 0.956873 0.773535 0.354554 -0.078365 -0.042890 -0.814645 0.886307 1.211053
78 -1.254483 0.664418 0.542109 0.560170 0.155929 -0.159755 2.157774 0.821378 -2.022157 0.780489 -0.007326 -0.030695 0.287156 -0.654349 -0.234766 -0.681547 -0.049116 1.279578 0.975153 0.726535 0.957372 -0.178326 0.565882 0.151575 -0.231519 -0.366775 0.109071 -1.907537 -1.275444 -0.805458 0.139100 2.402001 -0.102750 0.898530 -1.687526 -0.305462 -0.023528 0.781111 1.242402 0.279004 -0.045608 -1.107305 1.404282 -1.272669 -0.335896 -0.221386 0.574095 -1.211385 -0.194097 1.260546
79 4.941825 5.017776 6.619839 1.385594 -0.153440 4.687877 3.940360 4.872489 5.162094 4.244731 5.171486 4.812442 5.777424 0.867813 5.038817 3.553033 4.608993 5.422071 4.486204 4.475567 5.386726 5.487568 5.075401 4.709610 3.512377 4.694919 3.818794 5.149868 4.858141 5.157870 5.162136 4.674919 4.831132 3.670611 5.267416 6.568506 4.535919 5.921548 5.006930 5.203895 5.900396 4.750058 5.538173 4.119454 4.767122 4.344541 3.170209 5.009702 5.462756 4.769650
80 3.466500 2.293321 6.322616 -0.304954 0.171763 4.683754 6.634358 5.494159 5.065764 6.804017 6.646699 5.398322 4.160421 2.075314 3.188868 5.744149 4.525673 4.249504 5.973162 5.461142 4.586021 3.411517 4.647039 4.173314 4.853213 5.306798 5.342136 5.419996 4.498665 4.504579 4.341459 5.497730 5.229646 3.485529 6.781804 4.175584 6.070411 5.649954 5.725069 6.117130 3.413163 4.225431 5.275016 4.622311 6.459492 6.445918 5.800525 5.023424 6.429010 3.229191
81 -1.416308 -1.062846 -0.090292 1.749975 0.547292 1.688800 0.106974 -0.828682 1.008228 0.412202 0.290962 -0.120541 -1.223441 -0.822128 -1.223494 -0.133239 0.289411 1.777403 -1.293757 -0.856536 0.710163 -1.165506 -1.425062 0.121920 0.296159 0.702746 0.296547 -0.477253 -0.922605 -0.164667 1.397120 -0.721799 -0.894408 -0.919371 -0.461890 -0.547137 0.945382 1.123165 -0.311410 1.841358 -0.729270 -0.769908 0.421808 1.043657 0.878492 -1.271489 -1.220155 1.078000 -0.262020 1.024064
82 -0.907562 -0.618456 -0.230563 0.656382 0.218221 -0.402808 0.343695 -1.170205 0.832722 1.033235 -0.756491 0.524892 -0.969271 -1.116352 -0.081794 -0.814977 0.518829 1.782450 -1.075764 1.343999 0.360965 -0.706456 -0.517734 -0.062964 -0.673539 0.522099 1.094886 -2.108959 0.089468 0.282713 -1.031246 -0.168337 -0.178917 -1.138498 0.704820 0.223851 -1.829175 0.193093 -1.752594 -1.356782 -0.375764 -0.548511 0.213372 1.047169 0.628644 0.333317 0.603943 3.544469 1.373783 0.326544
83 1.582089 -2.029921 -1.714363 1.290547 1.436252 -0.267230 -2.577026 0.256771 -0.433349 0.192449 0.419380 0.672944 0.024657 -0.311222 -0.796396 0.784910 -0.980080 0.636736 -0.805429 1.382638 -1.781734 -0.812808 0.360248 1.601761 -1.743017 1.178106 0.443848 -0.490878 -2.135675 -2.827032 -1.577272 0.152057 0.108122 -0.410786 -1.028020 -0.958005 1.021779 -0.406361 1.892181 -0.465188 0.858775 1.491954 0.807014 0.301152 0.400737 0.820512 -1.699851 0.574785 -0.088098 -0.600915
84 0.539923 -0.164749 -1.825351 0.514068 0.253586 0.402916 -0.951562 -0.890560 0.048297 0.401691 -0.817760 0.229302 -0.304778 1.101952 0.001139 0.451194 1.071946 -0.201381 0.668175 -2.460932 0.381752 0.849673 0.911349 2.760047 -0.960680 1.340005 0.486991 1.911559 1.032427 -1.269086 -1.205298 1.418551 1.228091 -2.602627 0.858153 0.884195 -0.819115 -0.521322 -2.669119 -2.418943 0.444571 -0.424824 0.123955 0.313742 0.943015 0.371934 1.529279 1.519565 0.669870 -3.017769
85 -0.432364 -1.084277 0.839569 0.721060 -1.190937 0.306736 0.176439 0.432254 -1.399805 2.104974 -0.142165 1.326947 0.281890 -0.039602 -0.423041 1.279139 -0.188762 -0.432071 -1.025553 0.917874 -0.214577 0.067986 -0.022878 -0.180173 0.271309 1.060325 1.071750 1.635590 -0.260341 0.983801 -0.212925 -0.307528 1.488716 1.741714 -0.190129 -0.119120 1.228175 1.890801 1.669120 1.624440 -0.063208 -0.712705 -0.328395 -0.562871 1.742031 0.515874 -0.289440 -0.363242 1.314615 0.848305
86 0.694934 0.804316 -0.069152 -0.591907 -0.111021 1.136379 -0.008636 -0.314505 0.155266 -0.023546 -1.204179 1.117149 -1.006078 -1.130046 -0.739036 0.270223 2.130575 0.130744 0.177729 -0.737645 1.124191 0.871318 -0.425096 -1.695073 1.125675 -1.269392 -1.129958 0.661620 -2.003559 0.169634 -0.111788 0.613801 -0.780648 -0.354624 0.176774 0.793823 0.337723 -0.371246 0.629020 -1.753959 1.857973 -1.313767 -0.343877 0.987430 0.630596 -0.457764 -0.616629 -0.271715 -1.083870 0.622337
87 1.031389 -1.015051 -0.543896 1.115518 -0.491209 0.486478 0.720612 -1.202747 -0.162056 -0.516386 0.020352 -0.068366 -0.842210 -2.559948 0.689713 -2.139814 -1.219478 0.249267 0.997375 -0.244428 0.009952 -0.322542 0.288363 0.829636 0.486963 -2.182932 0.653657 1.852608 1.040284 -0.637186 -0.561769 1.520929 -0.532397 2.199686 0.301592 0.790064 -1.033781 0.896556 0.586704 -0.083720 -0.765443 -1.323539 0.471194 -0.040406 0.397360 -0.055900 0.521897 -0.505527 0.605821 -1.781233
88 4.030176 2.988524 6.930777 0.560033 1.217394 3.741776 5.030358 4.384062 5.212015 6.167137 4.620120 5.616846 4.779790 -0.961999 4.964858 3.724984 3.293701 6.159693 4.908297 5.403754 7.363568 5.768403 6.516206 5.077301 4.410259 6.783630 4.153558 4.615250 5.183385 5.154632 5.110824 4.890092 3.104081 3.100229 4.828569 4.535582 5.191859 8.036472 5.000724 3.856280 5.484351 5.325559 4.388033 4.778769 4.560254 5.037133 4.581641 5.861730 5.083952 5.478028
89 5.635244 5.141244 4.642399 0.616312 -0.621165 6.128267 4.851551 4.863224 3.608864 4.417214 4.913278 4.835494 5.626806 1.056031 5.576848 5.381021 5.137415 5.290677 6.267564 4.179305 5.237086 6.729778 4.476012 4.503685 3.569266 6.514288 3.351056 2.812487 4.322575 4.538503 3.524059 5.372248 4.132728 6.880461 4.777426 2.773613 3.927440 5.031838 3.612858 5.335986 4.838151 2.867580 5.006013 4.289006 4.179269 5.073013 5.290274 6.464134 5.356376 4.340055
90 -0.809428 -0.740130 -1.648678 -1.815202 -1.033300 0.588260 2.570980 -0.122604 -0.724651 -0.804256 -0.622589 0.424922 -2.582977 0.556906 -2.277700 -0.834228 -0.364464 1.554361 -0.734955 -0.974321 0.605988 0.082541 -1.109478 0.199027 0.504133 0.228275 -0.812292 -0.201898 0.161248 0.229237 1.130366 0.306273 0.581480 -0.248674 -1.489789 0.689664 0.484709 0.715717 -0.429664 -0.889405 -1.740169 -0.464344 1.921810 0.387587 0.302148 0.027469 0.807765 0.749410 -0.457775 -0.469819
91 -0.572283 -0.585225 -0.726688 0.045666 0.159105 0.469569 -0.008778 0.610824 -0.946981 -2.884220 -0.976852 -0.376784 -1.176672 1.261324 -1.300479 0.347082 1.179813 -0.329456 -1.474221 0.362609 -1.749739 0.442185 -1.140850 -0.771228 -2.463812 -1.575974 -0.007815 0.836037 0.707764 1.338020 -0.999465 2.416858 -0.923544 -0.317071 1.295894 0.631284 0.939266 1.515962 0.421773 1.084792 0.836061 -0.179492 -0.468751 1.812482 3.267685 0.219021 -0.473372 -0.139555 0.668325 -0.059641
92 0.096564 -0.322537 1.404259 0.844168 -0.856466 0.035236 0.509408 -1.724332 1.622089 0.860536 -0.546743 0.133884 1.113854 -0.595541 0.187973 0.844293 -0.631523 -0.415706 0.637715 1.137190 -0.152370 1.984355 0.004711 -0.218525 2.324653 0.650746 -0.221050 0.321308 -1.341417 0.961288 1.480891 0.245353 0.809367 0.223592 -0.068207 0.596244 0.656900 0.218762 -0.229039 0.195104 0.906129 -0.123896 0.416571 -2.216791 0.843680 0.912943 0.873581 0.190579 0.942358 0.664645
93 0.548238 -1.265197 0.704161 -1.687606 -0.186698 0.763662 -2.062192 0.359040 0.648562 0.213553 0.372189 0.762717 -1.174145 -1.049849 -0.577206 1.753712 0.142151 -0.423142 -0.847618 1.030622 0.296745 -1.932477 -1.566944 0.640066 -0.453965 1.296760 0.717454 -1.614384 1.094798 -0.419246 0.477906 -1.098756 -0.735644 1.840614 -0.093536 -0.067531 0.276176 -0.694392 0.483845 -0.912207 1.380609 -1.836331 -0.592341 -0.080206 -0.086978 -0.092634 -0.944704 0.179068 0.453335 -0.836085
94 -1.936794 -0.888831 0.709137 -0.691595 -1.225373 -1.457878 -0.103100 0.282944 0.680448 -1.432451 -0.469162 0.764893 -1.124009 -0.327925 0.645072 0.031248 -0.413854 0.557985 0.305289 -1.297062 0.770980 0.548005 0.120910 0.331906 -0.614032 1.401641 0.867890 0.198280 -1.038753 -0.434838 -0.684530 -0.407916 0.781075 0.487940 0.734974 0.216985 -0.445713 -1.242577 0.662134 -0.394938 -0.329299 -1.006099 -1.281776 -0.015796 -2.324243 0.827165 1.346740 0.377695 -0.695752 -0.418806
95 -0.738773 -0.173457 0.490319 -1.585045 0.951962 1.422562 -1.460923 0.713691 -1.032098 -0.535053 -0.476279 -1.872917 0.447654 0.999722 -1.494121 -0.194858 1.095875 -1.467974 -0.457198 0.664515 1.583480 0.667302 -0.577441 1.199641 0.836591 0.425061 -0.470878 -1.742357 -0.295266 0.453551 -0.819150 -0.556782 -0.016167 -0.463914 -1.123103 -0.505582 -0.304849 -1.288322 -0.050610 0.357400 0.447466 -0.455861 1.095379 0.044168 -0.022698 -1.407117 0.928602 0.270366 -0.535662 0.373895
96 -0.081761 -1.383333 0.759114 -0.184348 -1.529956 -1.279329 0.404545 -1.109658 -0.944408 0.345930 1.171097 -0.843648 0.012248 -0.744590 0.619342 -0.207839 2.029128 0.714658 1.041890 -0.416913 -0.125408 1.476974 -0.353614 0.822781 -0.110528 0.097483 -1.527060 -0.870409 0.632061 0.672915 -0.027302 0.384146 -0.537120 0.467298 0.220115 0.379094 0.309114 0.908202 1.024602 -1.383900 -1.065612 0.993135 -0.257986 -1.152326 -0.557390 -0.582070 -0.173144 0.158327 -0.030754 0.782533
97 5.680518 5.119731 5.861678 -0.842035 2.349707 3.452456 5.600685 3.057125 3.328745 4.353878 4.364868 5.291879 5.311301 1.165395 3.956071 5.615707 4.664441 3.548425 5.965800 4.021336 6.106256 5.933435 5.000568 5.354788 7.366217 5.780211 5.702053 4.368682 4.713144 5.023403 4.336801 6.172373 7.021294 4.166060 4.870356 5.066491 5.731599 5.509105 6.268321 3.236963 4.448804 5.357497 4.190369 3.939571 4.908886 4.717776 4.360380 5.931175 3.163927 5.864177
98 6.384823 6.937333 5.111395 0.991860 1.482080 6.299612 6.095409 6.196705 5.940454 3.271600 5.836307 4.337718 6.182403 -1.391882 4.070928 3.365257 6.048306 6.244197 5.967401 5.718153 4.977704 5.539913 5.384357 5.751618 3.830097 5.626113 4.391123 7.351272 5.053317 5.060943 5.262334 5.649698 6.077185 5.275519 5.985799 4.806726 2.738228 6.480520 3.982523 4.140613 4.951348 5.641324 5.307925 6.872575 6.143721 3.438342 5.854533 3.889164 5.451121 3.108886
99 -0.858281 0.843884 0.349500 -0.431572 0.186121 -0.508399 0.032143 1.061449 -0.451351 -0.004586 0.812817 0.446115 -0.838399 0.082402 -0.648387 -0.698931 -0.950230 -0.850939 0.795108 -0.210266 2.157507 -0.962089 0.008619 0.992420 -2.077456 0.363991 0.867817 0.588029 -0.543267 -1.102302 -0.266050 0.064432 1.529549 0.088360 -0.199462 -0.633221 -0.000446 -0.460203 0.173030 0.872180 -1.359456 1.925489 -0.695276 -0.353421 0.551953 0.533784 0.896988 0.278012 2.133875 0.326228
END
#################################################################
SECTION3 (Edges Information)
EndPoint0 EndPoint1 Weight
0 1 1.000000
0 9 1.000000
0 10 1.000000
0 90 1.000000
1 0 1.000000
1 2 1.000000
1 11 1.000000
1 91 1.000000
2 1 1.000000
2 3 1.000000
2 12 1.000000
2 92 1.000000
3 2 1.000000
3 4 1.000000
3 13 1.000000
3 93 1.000000
4 3 1.000000
4 5 1.000000
4 14 1.000000
4 94 1.000000
5 4 1.000000
5 6 1.000000
5 15 1.000000
5 95 1.000000
6 5 1.000000
6 7 1.000000
6 16 1.000000
6 96 1.000000
7 6 1.000000
7 8 1.000000
7 17 1.000000
7 97 1.000000
8 7 1.000000
8 9 1.000000
8 18 1.000000
8 98 1.000000
9 0 1.000000
9 8 1.000000
9 19 1.000000
9 99 1.000000
10 0 1.000000
10 11 1.000000
10 19 1.000000
10 20 1.000000
11 1 1.000000
11 10 1.000000
11 12 1.000000
11 21 1.000000
12 2 1.000000
12 11 1.000000
12 13 1.000000
12 22 1.000000
13 3 1.000000
13 12 1.000000
13 14 1.000000
13 23 1.000000
14 4 1.000000
14 13 1.000000
14 15 1.000000
14 24 1.000000
15 5 1.000000
15 14 1.000000
15 16 1.000000
15 25 1.000000
16 6 1.000000
16 15 1.000000
16 17 1.000000
16 26 1.000000
17 7 1.000000
17 16 1.000000
17 18 1.000000
17 27 1.000000
18 8 1.000000
18 17 1.000000
18 19 1.000000
18 28 1.000000
19 9 1.000000
19 10 1.000000
19 18 1.000000
19 29 1.000000
20 10 1.000000
20 21 1.000000
20 29 1.000000
20 30 1.000000
21 11 1.000000
21 20 1.000000
21 22 1.000000
21 31 1.000000
22 12 1.000000
22 21 1.000000
22 23 1.000000
22 32 1.000000
23 13 1.000000
23 22 1.000000
23 24 1.000000
23 33 1.000000
24 14 1.000000
24 23 1.000000
24 25 1.000000
24 34 1.000000
25 15 1.000000
25 24 1.000000
25 26 1.000000
25 35 1.000000
26 16 1.000000
26 25 1.000000
26 27 1.000000
26 36 1.000000
27 17 1.000000
27 26 1.000000
27 28 1.000000
27 37 1.000000
28 18 1.000000
28 27 1.000000
28 29 1.000000
28 38 1.000000
29 19 1.000000
29 20 1.000000
29 28 1.000000
29 39 1.000000
30 20 1.000000
30 31 1.000000
30 39 1.000000
30 40 1.000000
31 21 1.000000
31 30 1.000000
31 32 1.000000
31 41 1.000000
32 22 1.000000
32 31 1.000000
32 33 1.000000
32 42 1.000000
33 23 1.000000
33 32 1.000000
33 34 1.000000
33 43 1.000000
34 24 1.000000
34 33 1.000000
34 35 1.000000
34 44 1.000000
35 25 1.000000
35 34 1.000000
35 36 1.000000
35 45 1.000000
36 26 1.000000
36 35 1.000000
36 37 1.000000
36 46 1.000000
37 27 1.000000
37 36 1.000000
37 38 1.000000
37 47 1.000000
38 28 1.000000
38 37 1.000000
38 39 1.000000
38 48 1.000000
39 29 1.000000
39 30 1.000000
39 38 1.000000
39 49 1.000000
40 30 1.000000
40 41 1.000000
40 49 1.000000
40 50 1.000000
41 31 1.000000
41 40 1.000000
41 42 1.000000
41 51 1.000000
42 32 1.000000
42 41 1.000000
42 43 1.000000
42 52 1.000000
43 33 1.000000
43 42 1.000000
43 44 1.000000
43 53 1.000000
44 34 1.000000
44 43 1.000000
44 45 1.000000
44 54 1.000000
45 35 1.000000
45 44 1.000000
45 46 1.000000
45 55 1.000000
46 36 1.000000
46 45 1.000000
46 47 1.000000
46 56 1.000000
47 37 1.000000
47 46 1.000000
47 48 1.000000
47 57 1.000000
48 38 1.000000
48 47 1.000000
48 49 1.000000
48 58 1.000000
49 39 1.000000
49 40 1.000000
49 48 1.000000
49 59 1.000000
50 40 1.000000
50 51 1.000000
50 59 1.000000
50 60 1.000000
51 41 1.000000
51 50 1.000000
51 52 1.000000
51 61 1.000000
52 42 1.000000
52 51 1.000000
52 53 1.000000
52 62 1.000000
53 43 1.000000
53 52 1.000000
53 54 1.000000
53 63 1.000000
54 44 1.000000
54 53 1.000000
54 55 1.000000
54 64 1.000000
55 45 1.000000
55 54 1.000000
55 56 1.000000
55 65 1.000000
56 46 1.000000
56 55 1.000000
56 57 1.000000
56 66 1.000000
57 47 1.000000
57 56 1.000000
57 58 1.000000
57 67 1.000000
58 48 1.000000
58 57 1.000000
58 59 1.000000
58 68 1.000000
59 49 1.000000
59 50 1.000000
59 58 1.000000
59 69 1.000000
60 50 1.000000
60 61 1.000000
60 69 1.000000
60 70 1.000000
61 51 1.000000
61 60 1.000000
61 62 1.000000
61 71 1.000000
62 52 1.000000
62 61 1.000000
62 63 1.000000
62 72 1.000000
63 53 1.000000
63 62 1.000000
63 64 1.000000
63 73 1.000000
64 54 1.000000
64 63 1.000000
64 65 1.000000
64 74 1.000000
65 55 1.000000
65 64 1.000000
65 66 1.000000
65 75 1.000000
66 56 1.000000
66 65 1.000000
66 67 1.000000
66 76 1.000000
67 57 1.000000
67 66 1.000000
67 68 1.000000
67 77 1.000000
68 58 1.000000
68 67 1.000000
68 69 1.000000
68 78 1.000000
69 59 1.000000
69 60 1.000000
69 68 1.000000
69 79 1.000000
70 60 1.000000
70 71 1.000000
70 79 1.000000
70 80 1.000000
71 61 1.000000
71 70 1.000000
71 72 1.000000
71 81 1.000000
72 62 1.000000
72 71 1.000000
72 73 1.000000
72 82 1.000000
73 63 1.000000
73 72 1.000000
73 74 1.000000
73 83 1.000000
74 64 1.000000
74 73 1.000000
74 75 1.000000
74 84 1.000000
75 65 1.000000
75 74 1.000000
75 76 1.000000
75 85 1.000000
76 66 1.000000
76 75 1.000000
76 77 1.000000
76 86 1.000000
77 67 1.000000
77 76 1.000000
77 78 1.000000
77 87 1.000000
78 68 1.000000
78 77 1.000000
78 79 1.000000
78 88 1.000000
79 69 1.000000
79 70 1.000000
79 78 1.000000
79 89 1.000000
80 70 1.000000
80 81 1.000000
80 89 1.000000
80 90 1.000000
81 71 1.000000
81 80 1.000000
81 82 1.000000
81 91 1.000000
82 72 1.000000
82 81 1.000000
82 83 1.000000
82 92 1.000000
83 73 1.000000
83 82 1.000000
83 84 1.000000
83 93 1.000000
84 74 1.000000
84 83 1.000000
84 85 1.000000
84 94 1.000000
85 75 1.000000
85 84 1.000000
85 86 1.000000
85 95 1.000000
86 76 1.000000
86 85 1.000000
86 87 1.000000
86 96 1.000000
87 77 1.000000
87 86 1.000000
87 88 1.000000
87 97 1.000000
88 78 1.000000
88 87 1.000000
88 89 1.000000
88 98 1.000000
89 79 1.000000
89 80 1.000000
89 88 1.000000
89 99 1.000000
90 0 1.000000
90 80 1.000000
90 91 1.000000
90 99 1.000000
91 1 1.000000
91 81 1.000000
91 90 1.000000
91 92 1.000000
92 2 1.000000
92 82 1.000000
92 91 1.000000
92 93 1.000000
93 3 1.000000
93 83 1.000000
93 92 1.000000
93 94 1.000000
94 4 1.000000
94 84 1.000000
94 93 1.000000
94 95 1.000000
95 5 1.000000
95 85 1.000000
95 94 1.000000
95 96 1.000000
96 6 1.000000
96 86 1.000000
96 95 1.000000
96 97 1.000000
97 7 1.000000
97 87 1.000000
97 96 1.000000
97 98 1.000000
98 8 1.000000
98 88 1.000000
98 97 1.000000
98 99 1.000000
99 9 1.000000
99 89 1.000000
99 90 1.000000
99 98 1.000000
END
#################################################################
SECTION4 (TrueSubGraph Information)
EndPoint0 EndPoint1 Weight
98 8 1.0
98 97 1.0
97 7 1.0
98 88 1.0
88 89 1.0
89 80 1.0
80 70 1.0
70 79 1.0
70 60 1.0
END
#################################################################
SECTION5 (Labels Information)
1 1 1 0 0 1 1 1 1 1 1 1 1 0 1 1 1 1 1 1 1 1 1 1 1 1 1 1 1 1 1 1 1 1 1 1 1 1 1 1 1 1 1 1 1 1 1 1 1 1 
END
#################################################################
SECTION6 (bt Information)
5 5 5 -5 -5 5 5 5 5 5 5 5 5 -5 5 5 5 5 5 5 5 5 5 5 5 5 5 5 5 5 5 5 5 5 5 5 5 5 5 5 5 5 5 5 5 5 5 5 5 5 
END
#################################################################
