#################################################################
#APDM Input Graph, this input graph includes 3 sections:
#section1 : general information
#section2 : nodes
#section3 : edges
#section4 : trueSubGraph (Optional)
#
#if nodes haven't information set weight to null
#################################################################
SECTION1 (General Information)
numNodes = 100
numEdges = 200
usedAlgorithm = NULL
dataSource = SimulationData2
END
#################################################################
SECTION2 (Nodes Information)
NodeID Base Counts
0 0.907379 0.697935 0.919521 0.089145 -0.736904 -0.727171 0.488089 0.596183 1.474349 -0.900267 -1.967460 0.217104 0.333031 1.019143 1.014711 0.100200 0.408143 0.955557 -0.380121 -0.271536 -0.913335 -0.521708 -0.415802 0.098447 -1.125802 0.800145 0.741798 0.719124 -1.313388 0.699384 -0.027723 -1.161805 -1.180276 0.760737 0.852104 -0.114409 -1.783377 1.298166 0.641859 0.940218 -0.307819 -0.094037 1.233336 -0.094833 -1.349060 0.193022 1.155637 0.439321 0.323190 -1.272538
1 1.438918 1.372676 0.744622 -0.438289 1.428232 0.904677 1.091306 -2.110904 -0.518609 0.245770 0.366824 0.057429 1.028423 -0.934565 -1.508867 -0.937287 -1.512295 0.584585 -0.544550 -0.934517 0.225974 0.627879 -0.005217 0.326312 -0.682706 -0.363805 0.141499 -0.426424 -1.194209 -0.951916 -1.164625 -0.688299 0.029560 0.260616 0.291506 -0.890332 -0.277196 -1.298549 -0.642320 -0.792932 -0.891587 -1.201168 -0.131871 -1.171882 -0.930368 -0.328820 1.819955 1.985297 0.327599 -0.818391
2 -0.219492 0.307823 -0.563295 0.407917 1.843899 -0.687568 -0.485037 1.456690 0.214178 0.703596 0.740876 0.009350 1.187955 -0.612277 -1.858522 0.134449 -0.456132 -1.840881 1.365899 0.259433 -0.031988 0.725364 0.908156 1.699243 0.238848 0.032744 0.618444 0.535974 -0.608003 2.325729 2.212994 0.761143 -0.109778 -1.357335 -1.473948 0.412070 -0.250715 -0.069036 0.842850 -1.706996 -0.217763 -1.115666 2.041417 2.062901 0.693522 -1.885901 0.732853 1.921564 -1.093903 -0.303889
3 0.473506 -1.343308 -1.491588 0.419189 -1.530763 1.373974 -0.772356 1.180892 -1.493423 -1.159461 0.078674 -1.548700 0.173232 -0.281443 -0.371288 -0.259512 -0.826069 0.566335 0.482240 -0.945191 -0.359012 0.807112 -0.798132 -0.779728 0.333139 -0.259095 0.959898 0.472547 -0.481702 -0.675160 1.071077 -1.084336 -0.375950 0.544956 -1.327676 2.516962 0.659119 2.179579 -1.105806 0.329278 0.372142 0.100955 0.526889 -1.212726 0.619047 -0.661406 1.928084 -1.138066 0.841043 -0.631587
4 1.111927 -0.968732 -0.751977 0.859676 -1.718249 -0.949598 0.592697 -1.768205 0.187226 0.584176 0.660030 -0.739650 -0.079211 -0.456114 -0.546144 0.919112 1.398074 1.426259 -0.495400 -1.885205 0.279142 -1.044965 -1.413483 -0.680391 0.453776 0.287498 -0.167356 0.947055 -0.490194 -0.231914 0.317817 0.460954 -2.591044 -1.572417 -1.300829 1.190482 -0.064344 1.490531 -0.588348 -0.679643 0.227314 -0.235241 1.826514 0.375856 -0.097928 -0.352712 -0.567891 0.314059 -1.278463 1.380523
5 1.133456 1.002446 -1.154259 0.434754 0.364360 -0.346789 0.703564 1.033760 0.968425 -0.962643 -0.812275 -0.438696 -0.282435 1.224380 0.020374 -0.573256 -1.265544 -0.294057 0.629417 0.037018 -0.498045 1.820241 -0.682222 -0.302275 -0.081879 -0.486807 -1.172305 0.283767 -1.120251 -0.390252 -0.174657 -0.741380 0.089864 -0.823346 0.589688 -0.144013 -1.712837 2.513406 -1.104122 0.765866 0.508806 -0.763535 0.660434 -0.776681 -0.715926 -0.236365 -0.096480 0.527995 0.562084 0.261761
6 0.513296 2.215232 0.692057 0.519640 -0.935293 -1.157386 -3.059700 0.997347 -0.303165 -1.324586 1.346794 -1.621052 0.740540 0.028339 -0.065614 -0.804666 -3.004419 1.562322 2.076441 1.955494 1.474314 0.964437 0.303030 0.031131 -0.010135 -2.209267 1.604587 -2.526065 -1.219921 0.677303 -1.947717 -2.267919 -0.982853 0.017210 0.509745 -0.117171 0.263118 0.499179 0.947674 0.533357 2.107874 -2.574411 0.104044 0.725583 -0.184430 0.808900 -0.422583 0.016364 0.460025 1.049095
7 -0.402631 -1.905776 0.647590 1.146063 0.232192 -1.519858 -1.023272 -0.156518 1.323781 -0.628697 -1.961244 -1.582091 -0.130741 -1.324963 1.399968 -1.714308 0.718303 -0.213654 -0.810658 1.159124 -0.418855 -2.819978 -0.441368 -1.749112 -0.718391 1.231421 0.134221 0.727844 0.971247 0.603416 0.068627 -0.498722 1.931826 -1.788785 -0.370861 -1.232143 1.306952 -1.242911 -0.781780 -0.038342 -0.016432 -0.907393 1.739265 -0.098968 -1.521188 0.106635 1.143897 -0.512668 0.737805 0.105392
8 -0.632049 -2.152421 0.989438 -0.363097 -0.206727 0.489538 -0.277293 -0.386422 -1.064122 0.407744 -0.362382 1.582368 -0.080924 -1.392003 1.204203 0.779606 0.568198 -0.820808 -0.781235 2.031906 -0.259730 -0.852078 0.617155 -1.305608 -0.103805 -0.812588 -1.476697 0.519730 -0.051563 1.176380 -0.303162 -1.525410 0.495856 -1.381659 -1.192913 0.313273 0.701042 0.396582 1.433320 -1.497092 -1.489554 0.284967 -0.587914 -0.111837 -0.239663 -1.695060 -1.206630 0.708983 -1.230556 1.057958
9 -0.102292 -0.198256 0.537991 0.073864 0.156828 0.259534 0.099561 0.404309 1.341847 0.844863 -0.111293 -0.923907 -1.093616 -1.801690 -1.628563 0.178193 0.209423 0.939548 0.214339 0.662359 -1.871074 0.010074 0.618303 -0.069084 0.666825 -0.042831 1.932114 0.667187 -0.079199 -0.271780 0.720948 -0.844549 2.391995 -0.870278 -0.232929 -1.234177 -0.092649 -0.956543 -1.133431 -0.037243 1.013820 -1.666882 -0.483089 -1.838876 -1.247407 -0.919250 -2.157596 0.830087 0.320164 2.449286
10 0.006492 1.018919 -1.535725 -0.093480 0.588932 -1.379886 -1.042790 1.051736 1.939453 -0.184089 -0.849935 -0.982326 1.450403 0.031207 0.241950 -0.675658 -1.577676 -0.684384 -1.701581 1.220640 -0.426341 -0.017189 0.008019 0.436767 -2.014383 1.329677 0.885571 -0.077576 -0.654054 2.143414 -0.388402 0.461476 2.174717 1.964951 0.237552 1.294691 -0.398238 -0.275731 0.420787 0.767797 -0.297339 1.069442 0.413531 -0.357183 -0.668686 0.973450 -0.921623 0.645436 -0.489032 1.712691
11 0.628688 -1.844941 0.572668 0.060146 0.693719 0.653270 0.841785 -0.518372 1.180656 0.271695 -0.099683 0.843365 -0.630305 0.761408 -0.318033 0.555230 -0.549740 -0.706955 0.504010 0.195815 -2.260717 -1.135544 -0.058513 1.037500 1.208501 -0.269567 -1.115434 -0.725905 0.496217 -0.087387 -1.154012 0.669461 0.660400 -1.473771 -0.081637 0.423541 0.373763 -0.532772 0.664982 -0.356002 -0.058595 0.314582 -0.382936 0.440117 -2.014157 -1.150995 -0.037558 -0.108494 0.185620 1.100341
12 -2.058898 -0.408176 -1.047796 -0.706458 0.371278 -0.335827 1.368525 -0.841162 0.061178 1.206630 0.131680 -0.277151 -0.636894 -0.809414 -0.914563 -0.220612 -0.331448 -1.769365 0.334031 -0.314692 -0.797096 0.066172 -0.850907 0.023552 -0.893799 -0.422239 -0.340979 0.510136 -0.014521 -0.973072 0.434899 -2.582851 0.372668 0.145669 0.165548 1.259442 0.379869 -0.302901 0.610870 -0.341690 -0.040092 -1.388187 1.037341 0.867550 -0.848228 -0.565676 -0.074062 -1.060105 -1.084043 3.104620
13 0.045765 0.284353 1.104318 -1.551761 -0.423932 1.632068 -0.609249 -1.303800 0.566172 0.807419 0.659305 0.101107 -1.318406 -0.265757 -0.107338 0.151574 0.904376 0.272007 0.192456 0.005448 0.149603 -1.160363 -1.015652 -0.166809 0.156069 -0.421051 0.364661 0.795141 -0.190795 0.604028 0.974437 -2.025290 1.335587 1.548685 0.971099 0.874995 0.607292 -0.864202 1.942591 -0.125588 -2.048917 -0.460788 1.081258 0.167936 -0.328427 1.495103 -0.351813 0.724091 0.136179 -0.837470
14 0.478488 0.531167 -2.299193 -0.906694 -0.017948 0.476960 -0.824608 -0.771543 0.689396 0.181761 0.282977 1.573645 0.158854 1.105632 1.561315 -0.899379 0.814874 -0.683757 3.031699 -0.869614 0.270568 -0.047904 -2.360300 -0.313059 0.496101 0.915736 -1.290656 -2.124938 1.092980 1.127304 -1.880973 -2.259574 -0.068119 -1.407234 -0.135658 -0.629509 -0.434364 -0.693378 1.276526 -0.493151 -0.624361 -0.314512 -0.032374 0.191420 1.679094 1.129899 0.002665 -0.579920 -0.531307 -0.477806
15 0.656917 -1.246669 -0.569437 -0.957266 1.033483 0.438936 0.332338 0.891121 0.811178 -1.269646 1.006384 -0.956064 -0.732508 0.118371 1.202573 1.145610 -0.092031 -0.532036 0.120950 0.169561 -0.312963 -0.472022 -0.039558 -0.310358 -0.086174 0.457821 0.167202 -0.639499 0.801489 -1.340071 0.049268 1.159674 -0.715042 0.189099 0.527108 0.445989 -2.111556 0.822856 -0.622575 1.052330 0.730699 0.383945 1.743366 -0.136278 0.162214 0.194696 -1.581530 -0.529071 0.861173 -0.572799
16 -0.248257 1.050145 -1.485166 0.350457 -0.137450 0.269053 -1.660175 -0.916974 0.351687 -0.876062 -2.415443 -0.096846 -2.600248 3.230710 -0.586905 -1.162746 -0.881007 -0.062467 0.163101 -0.925697 0.813537 0.116095 -1.347577 -1.036746 0.999553 2.780150 -1.432620 -0.977372 -0.149045 0.846037 -0.224686 0.308596 -0.533317 0.478578 -2.291981 -0.504459 0.465903 0.277334 -1.355858 0.071600 -1.314847 -0.337401 -1.080265 -0.055614 -1.456917 -0.298002 -1.810728 1.665750 -1.002230 -1.180354
17 -0.392389 -0.153443 0.673370 -1.437440 0.386056 0.655726 -1.187569 0.984061 -0.440097 0.148172 -0.256521 0.572589 1.818500 -1.374480 0.558406 0.105167 -0.648300 -0.110356 -0.446228 0.960199 -0.106134 0.042130 -0.052587 -0.777793 1.997871 -1.688837 -0.660178 0.907411 0.938394 0.867076 0.535964 0.953633 0.896798 -1.307075 0.781078 1.906592 -1.102088 1.294524 -0.059598 -1.554744 -0.405644 0.001048 -0.007769 1.849421 -1.037168 -0.041289 -0.553080 -1.639618 0.062026 -1.462858
18 -0.555899 -1.256822 -0.281711 -0.275729 0.061425 -0.842414 0.103341 1.046853 1.186488 -1.041923 1.492585 0.974112 -0.761550 -0.492877 -0.907910 0.571406 -0.732205 0.797859 -0.421064 -0.847707 -0.139782 0.619022 1.295433 -0.001560 -0.402744 -0.744191 -0.193456 -1.484677 0.316155 0.841020 0.798249 1.363345 0.455270 0.668645 -2.240342 1.568822 0.035510 -0.163580 1.055598 -0.720750 -0.085458 -0.850641 -1.728014 -1.257702 0.248224 -0.510697 -1.711146 -1.605167 0.385367 -0.686021
19 0.295676 1.346514 -0.415745 -1.029345 -0.154375 -1.018777 -0.210875 -0.134357 0.076965 0.842358 -1.601255 -0.129961 -0.053115 -0.982774 -0.060460 -1.196921 0.295019 -0.951239 -0.512816 -0.645537 -1.455800 0.330587 -0.150480 -2.629171 1.225253 -1.240405 -0.557438 -0.159477 -1.021436 -0.647727 -0.141031 1.449326 -0.590529 -0.207924 -0.256380 0.737224 -1.348755 -1.022048 0.934518 -1.787864 -0.080000 0.328335 1.351008 -0.218694 -0.049656 0.327395 0.479327 -0.787086 -1.142260 0.472777
20 0.005394 0.387569 -0.491522 0.969635 1.452177 1.118362 -0.196978 2.012022 0.071761 0.076434 0.394813 -0.868913 -1.789254 0.696399 -0.305044 1.113768 -0.162489 -1.789813 1.985794 1.328932 0.031721 0.174279 -0.692962 0.443115 -0.097025 -0.102613 0.445964 -1.378063 0.309651 0.115255 0.029112 0.763717 -0.735943 0.031982 -0.360570 1.006420 0.323096 1.003119 -1.297760 1.436787 1.386340 -1.099944 0.167870 2.092130 0.015416 0.979951 -0.843816 -0.765814 0.700736 0.712359
21 1.945745 -1.148343 1.424095 -0.758684 -1.452881 -1.216071 0.245302 0.375412 -0.907960 0.263654 0.352983 -0.209812 1.873064 0.723271 -2.152056 -0.920962 0.258945 -0.599465 -0.132726 0.670787 1.164030 1.168578 -0.248774 0.592043 -0.424270 -1.011395 -0.329824 0.312557 0.693434 0.226191 0.536127 -0.823031 1.512704 -0.293451 -1.917949 -0.613344 -0.149089 1.292854 0.001670 -1.689001 -1.208566 1.854088 0.327127 -0.614853 -1.630001 -0.092170 -0.015863 -1.938017 0.421825 -1.119304
22 -0.053749 0.508206 0.600419 1.028007 -0.904001 0.800260 -1.379228 -0.162192 -1.725973 1.273388 -1.006429 -0.143481 0.785678 0.135551 1.931409 0.670376 -0.308895 -1.188628 -0.092932 0.919404 -1.583374 -1.075247 -0.581713 -0.667424 1.361322 0.870350 2.128866 1.174051 0.692918 0.023305 -1.257379 -0.111217 0.486113 -1.233683 0.483941 0.396292 0.029439 2.053314 0.283066 0.798753 -0.769648 0.278308 -0.440215 -0.375368 -1.389777 0.457502 0.091346 0.096535 -1.657732 1.945476
23 0.113270 1.581992 2.583461 -1.022972 0.471982 -0.966160 0.334094 0.037713 0.539085 0.143829 0.304428 -1.151127 -0.291908 -0.144825 1.401056 -0.941599 -1.117121 -1.229658 0.734689 1.567068 0.834552 1.621990 -0.423614 -0.573454 -0.503866 -0.610247 0.990827 1.023968 -0.258634 0.969605 0.298777 -1.606962 -0.636573 0.424055 0.623295 -0.503694 0.449177 1.009758 0.899122 -0.766021 -0.274183 0.119602 -0.806749 1.106888 -0.544448 -0.338364 0.975528 0.855871 -0.282636 0.922036
24 0.802256 0.395521 1.914263 -1.031314 1.562211 -0.488864 0.255385 -0.649802 -0.536736 -0.762707 -1.455576 0.408813 -0.899273 1.217929 -1.225403 -0.310736 2.410884 -0.415562 -1.160620 0.624530 -0.769451 0.064303 0.004502 -0.576765 -1.011923 -0.479768 0.098335 -0.046043 -0.024281 -1.333794 1.863956 0.315676 0.753832 -2.034636 -1.081765 1.317106 -0.497848 -0.216766 -0.145104 -0.193579 -0.491222 0.696133 -0.533864 -0.013987 -0.375585 -0.674094 -0.110102 -0.654445 -0.462625 -0.641587
25 -1.001174 0.115355 0.063460 -0.414356 -1.047317 2.076714 -0.544010 0.304123 0.093732 0.607333 0.828384 -0.265947 -1.665968 1.253176 -0.529595 -1.259854 0.988718 0.315992 -0.478718 -1.153749 0.023038 -0.941920 -0.211196 -0.136999 1.163949 0.100599 0.625020 1.053335 0.505108 -1.046484 0.603417 -0.862043 -0.810278 0.031302 -1.243064 -1.200667 0.757145 0.091748 -0.895614 0.034595 1.050601 -0.359122 -0.024014 -0.361852 -1.432380 -1.234664 1.727496 0.652876 1.354954 -1.273414
26 0.584074 0.008996 1.132116 -0.476941 -0.386830 0.183664 0.444874 -1.604907 0.380006 -0.649872 -0.724205 -0.010069 -1.080687 -2.505972 -0.085364 -1.128885 0.115660 0.947485 -0.191876 1.146478 1.075822 -0.708528 -0.300988 0.445318 1.188634 0.219790 0.863123 -0.046266 -1.063065 0.102370 -0.864518 -0.364624 -0.549037 -1.156266 1.059507 0.977106 0.399135 0.241768 -0.436993 0.812433 -0.008090 -0.691038 -0.803795 0.077095 -0.835103 -0.985515 1.129592 0.275148 -0.780812 -0.290364
27 0.196823 0.947425 0.262587 -1.519848 -0.414006 -0.650558 -0.618508 -0.617713 -2.581303 0.963629 0.551798 0.097137 -0.409602 -0.984764 1.297195 1.999934 0.354797 -1.022970 -0.439285 -0.167714 -0.752823 -0.483263 -1.336219 0.546711 0.056650 0.387296 -0.314839 1.304001 1.688833 -0.723268 -0.822497 1.305699 -0.159894 0.008057 -0.640710 0.245741 -0.714653 1.310297 -0.742638 0.572753 0.673008 0.645614 1.522015 -0.169385 0.611255 0.867540 0.300992 -0.670454 0.483212 -1.079050
28 -0.298637 -1.372048 -0.519967 1.235780 -0.731803 1.200450 0.468862 0.230069 0.712418 -1.980830 1.970688 0.239018 1.746228 0.210206 0.839765 -0.299309 -1.451441 -1.107716 -2.210330 0.467054 -0.681737 -0.425532 0.318724 -0.288120 1.664834 1.272226 -0.500309 1.322079 -1.170300 1.001607 2.099706 -2.060575 0.297508 1.167008 -0.713807 -0.299339 0.101060 0.518474 1.513539 -1.418040 1.527928 0.187837 -0.433512 -1.324939 0.212808 -2.604956 -0.352618 -0.436567 -1.787107 -0.769592
29 0.507941 -0.678822 1.031896 -0.535784 -1.973159 -0.492163 -0.076550 0.915704 0.772752 0.401302 0.319144 -0.957073 1.785947 -1.001557 1.174945 0.195167 0.121446 -1.258522 0.350519 -1.429392 0.031941 -1.658398 -1.241772 0.780271 1.263744 0.009849 0.292157 -0.647336 0.082337 1.244750 -0.809587 0.608905 0.020208 0.158969 1.812118 0.365948 0.085729 -0.305260 0.352358 1.069216 0.173965 2.255828 -0.559046 -0.572458 1.311329 0.959645 2.112465 -0.363498 -0.886519 0.004054
30 0.586163 0.074062 0.632200 -0.428152 0.182183 -1.930523 0.101055 1.005566 1.146785 1.329773 0.311776 -0.537842 0.722644 0.261544 -0.507623 2.057415 -1.362621 0.776557 0.876124 -0.028824 -0.315022 -1.079260 -0.722762 0.548409 0.803533 0.398950 -1.155968 -0.398861 -1.534155 0.741589 0.467843 0.388751 1.029041 -1.044671 -0.960287 0.636891 0.143550 -0.654827 -1.349088 0.234369 -1.677218 1.219759 -0.493433 -0.324632 0.547433 -0.713194 0.859506 1.583761 -0.306595 1.207860
31 3.573263 3.320562 3.269550 4.302251 4.406954 2.876951 4.330168 1.338756 4.602332 3.113257 -0.238709 4.464915 -1.395217 -0.275668 3.748987 4.095154 3.908256 4.608323 4.992055 -0.147088 2.980463 -0.670003 3.089919 4.285352 4.946800 3.233660 -1.344442 4.599990 5.133631 3.486071 4.812437 -0.699796 0.989582 3.956439 1.043877 3.007006 4.584834 2.990859 4.996139 1.289853 2.123596 4.107753 2.998244 3.684684 3.545327 3.166307 2.861625 3.744487 4.799988 2.891205
32 5.027919 5.162693 4.444429 6.284582 3.333589 3.038192 5.804689 2.628880 4.053931 1.453154 0.230932 3.396793 -1.282573 0.896657 1.751150 4.306388 4.082174 3.354378 5.147189 1.022588 5.329491 -1.940216 5.214412 3.875924 3.098978 3.496117 0.667171 4.978884 3.566226 5.096976 4.883065 0.633230 1.314953 4.192184 0.027140 3.562823 3.297766 4.821173 4.641118 3.654637 5.242885 3.547456 -0.512008 4.849854 4.601535 2.968665 4.228638 3.521222 4.477948 3.384253
33 0.416024 1.146993 0.564552 0.317585 -0.532313 -0.216278 -2.125214 -0.307367 -0.174022 -0.511580 1.145928 -1.147004 1.078387 0.371118 -0.395739 -1.736113 -0.859953 -1.077898 0.062181 0.663173 -0.245654 -0.387892 -2.215859 -1.677424 0.248407 0.432357 0.567940 0.580495 -1.654540 -0.239373 -1.251182 -0.823305 -0.563504 1.610797 0.108627 -0.863537 1.332623 2.187671 -0.964491 1.412138 -0.901676 0.689117 -2.787569 0.574574 1.007052 -0.570674 -3.191642 -0.478029 -1.572326 -0.037736
34 0.407667 -0.601245 -0.472360 0.861178 -1.723467 0.994646 -0.646145 -0.720432 -0.924613 1.081529 -1.033349 0.478967 0.001966 -0.662588 -0.104550 -0.300511 -0.523562 -0.623012 -0.273942 -1.294184 0.562206 1.389630 1.520303 0.815246 0.373759 -0.208991 -1.636852 -1.360331 0.601134 -1.658716 0.347596 0.602071 -1.214876 -0.069831 0.155217 0.638084 0.381584 1.176657 -0.232864 0.265939 0.532176 0.502901 0.905035 -1.453681 0.041491 1.336597 -0.987243 2.380255 1.040669 0.964225
35 1.163068 0.903930 0.204209 -1.969229 0.601700 -0.110600 -0.305449 1.238756 -1.921222 -1.056568 1.000801 1.067285 -0.190764 0.767079 -0.730927 1.162125 0.695405 -0.681146 -0.367298 -0.049208 -0.434193 -1.421513 -0.108168 0.258199 1.503884 -1.053734 -0.623534 -0.241330 -0.020110 -1.108407 0.457487 -0.753550 -0.740220 0.859425 -0.896696 0.542404 0.038816 -0.126380 0.646352 1.242390 -0.457176 0.257930 0.231331 0.049239 -0.228223 0.432318 -0.503922 -0.522882 0.214538 -1.075722
36 0.019743 0.538586 -0.909464 0.599153 0.225837 -0.844459 0.326922 1.081260 1.073093 0.622347 0.645719 0.875304 1.292905 -0.529707 -2.513844 -0.202686 0.338914 0.491597 1.026976 1.468310 -0.434405 -0.934828 0.029338 -1.501461 -0.788922 -0.588502 -1.444175 0.971579 -0.908450 1.470837 0.602471 -0.804065 -0.244955 -0.442004 -0.974830 -1.631187 0.721409 0.144921 3.171696 0.243365 0.561896 0.725786 1.079192 -1.757986 -0.715440 -0.249344 0.540127 0.548937 0.402346 0.434622
37 1.077747 0.147382 0.124324 -0.526732 -0.554085 -0.037944 0.130923 0.476134 -0.366932 -0.004446 -0.029529 0.566227 -0.901542 -1.251165 0.263806 -0.897733 -0.528129 -0.378504 -0.166604 0.299967 -0.009225 -0.171623 0.684037 -1.089678 0.010381 0.201466 0.707065 1.645433 0.205537 -0.013908 0.995245 0.612108 1.212648 0.110683 -0.723289 1.508822 -0.186163 -1.202275 -0.801029 1.299862 0.661529 0.085379 0.637393 -1.077040 -0.619019 -0.098077 -1.582355 -0.488744 -0.134731 -0.426113
38 0.531782 0.568879 -0.248774 1.187808 -0.096836 -1.284515 1.785347 -0.373509 -1.002181 -0.053193 0.401683 0.993555 -1.117661 0.265243 -1.377201 0.157772 -0.398189 0.649592 -1.378980 -1.376802 0.239234 -0.637680 2.320355 -0.806037 0.140893 -2.826446 1.057987 0.489074 -0.524823 -0.672339 1.658740 -0.055623 -0.045758 0.064676 -0.231016 -0.161794 -0.079074 -1.318026 -1.941449 0.076905 0.460969 0.084659 -0.590918 1.628880 0.223231 1.422004 -1.329987 0.392069 1.610319 -0.892278
39 1.096086 0.056731 1.888984 -0.552664 -0.900027 -0.112807 -0.169032 -0.277953 0.047993 2.365185 0.853419 0.250980 0.818407 -0.686599 0.458210 -0.068177 1.189367 -0.060001 -0.657232 -0.726708 0.214797 0.807638 -0.432707 -0.137036 -0.931987 0.066895 -1.882109 1.211998 1.035424 0.710856 0.055556 2.514182 1.449030 0.408707 -0.587912 -0.553850 -0.039037 0.041722 -1.001534 0.725801 0.743137 -0.202356 -1.747040 -0.631980 -0.292988 0.171746 -0.319350 -0.089085 1.715298 0.936870
40 3.344492 5.337640 3.399432 4.915692 3.132203 5.329004 3.821627 6.405584 1.912497 2.906687 0.146778 3.305207 -0.513752 -0.074780 2.786221 5.115125 3.408741 3.568458 6.201512 0.199617 4.125670 0.487299 3.165102 6.769119 6.493524 4.215850 0.063281 5.276332 5.816185 4.039891 4.970059 -1.052358 -0.446347 2.974696 -0.561348 3.511016 3.854068 4.846814 3.359539 4.553479 5.026545 4.108709 -0.210272 3.997331 5.313021 5.046229 3.859099 3.266276 4.641820 3.218783
41 2.362169 2.880596 3.404339 4.434473 5.278741 4.972579 3.895147 4.923560 2.796919 2.920981 -0.406012 5.802025 -0.669439 0.110811 3.239988 5.728000 4.637688 4.960253 2.075825 -0.063062 2.819211 -1.051938 3.034238 4.613769 4.717213 3.085328 1.286467 3.170183 3.762015 4.018222 2.978662 -0.016304 0.147601 4.481473 -1.074963 4.262782 4.465604 3.921564 3.211706 5.391342 2.507003 3.640340 -1.023099 3.717934 3.442574 4.472829 5.985073 5.019076 3.120967 4.990865
42 2.752398 2.647953 4.075302 4.247748 3.245315 6.247649 4.913727 4.990337 2.995750 4.507523 0.297081 3.408268 -1.244798 1.797507 3.714544 4.823648 5.580278 2.865743 4.468241 -0.124605 5.225222 1.080061 5.035212 3.331590 3.815081 4.651792 -0.836201 3.001210 3.317513 5.214525 4.247829 1.055863 -0.167347 4.306614 0.258059 5.054125 3.011538 3.484420 4.505147 4.452494 4.932998 3.340823 -2.191477 5.459794 4.944977 4.599837 4.805558 3.362767 5.037848 4.827577
43 -1.486137 -0.530901 0.257687 -0.008597 -0.488652 -1.404462 2.684911 0.592818 1.670202 -0.446580 -0.912147 -1.513005 -0.159817 -0.781811 0.584781 -0.700808 -1.208105 0.926233 0.045412 -0.718522 -0.936374 0.669405 -0.989831 0.939446 1.403304 0.770631 0.803113 0.562141 -1.646384 1.434949 -1.372177 0.592263 -0.298063 2.412299 -1.660210 0.842561 0.982775 -0.721345 -0.601985 -0.330337 0.168189 0.217042 0.291901 -1.306664 0.139304 0.774414 -0.618692 -0.655230 -0.109170 -0.929671
44 0.327107 -0.207920 1.145218 1.537235 -0.429465 0.560792 -0.071835 -0.186522 1.191177 -0.916718 -0.077500 0.926848 -0.945188 1.199688 0.129132 -0.282377 0.545671 -0.195744 0.631026 1.246127 1.000297 -1.443950 1.674579 -0.333022 2.147001 1.046191 0.573873 -0.367363 -1.419235 0.344336 1.643946 0.544458 0.082007 -0.457799 0.047953 -0.758154 1.046297 0.770120 -0.050663 1.140714 0.222433 -0.479669 0.464409 0.156972 0.143751 0.156358 0.361503 0.523370 0.316690 0.789177
45 0.401973 -0.270829 -0.199324 -1.789268 0.829528 -0.451560 0.662312 1.842791 -0.325934 -0.060796 1.152401 -0.028190 0.548508 -0.000915 1.030192 0.771180 0.390915 -0.689731 0.188673 1.301144 -0.233225 0.851003 0.501460 0.758662 2.391287 -0.620750 0.538300 -0.764935 0.040051 -0.503003 -0.434828 1.795769 0.147175 1.024312 -0.152106 -0.337931 0.258287 -1.490616 -0.354288 1.213255 -0.039196 0.251309 0.016017 -0.288056 -0.044404 -2.325363 0.244182 0.686157 0.114256 -0.616925
46 0.964232 -1.958749 -0.736651 -0.102631 -0.117978 -0.257676 -0.867803 -0.967934 -0.455186 -0.717692 -1.566722 0.168625 2.153037 -0.356189 1.326416 0.453758 -0.680239 0.649909 0.359955 -0.542535 0.313102 0.381321 -0.715154 0.329571 0.321165 -1.728470 0.832937 0.791291 -0.760930 1.265220 -1.223061 -1.154460 1.023346 -0.513149 0.597280 -0.524535 -0.173766 0.564706 -0.542048 1.169461 -0.489123 0.165170 -0.767455 0.286295 1.052313 1.360137 -0.861039 -1.561840 0.386093 -0.374502
47 1.448239 1.294490 0.246744 1.555298 0.544305 0.168336 -0.734570 -1.971910 -0.376396 -0.995625 -0.216568 -0.673659 0.386609 0.272101 -1.423833 0.732644 -1.583965 -0.315852 0.628896 -1.397002 1.682890 -0.860653 0.308677 0.460341 1.118800 -0.767790 0.229582 0.648609 -0.079647 -0.229649 -0.902906 1.322102 3.145007 1.728917 -0.232909 -0.162211 -0.465182 0.129869 0.989773 0.819290 1.310735 0.808822 -0.045610 -0.902660 -0.003849 -0.270146 -0.147292 1.216972 2.352568 -0.097554
48 0.866247 2.471997 -0.047560 -0.219938 0.800327 -1.490723 2.018158 0.128895 -0.224148 -1.165344 -0.435634 0.548513 -0.623959 -0.512954 -0.047668 0.116648 -0.413351 1.450654 0.451953 -0.514860 1.327094 1.317764 2.888425 0.048870 -0.026225 -1.004801 -0.610390 0.636988 -0.695915 -1.338468 0.186489 1.026375 0.845371 -1.383954 0.009807 -0.112453 0.722533 0.532331 0.274573 1.138428 -0.601956 -0.741617 -0.119108 -0.312084 -0.205678 0.177184 -1.540853 -0.798624 -0.602548 -0.103745
49 0.204085 -1.612142 -0.867906 -0.057305 1.705976 -0.047862 0.949471 1.367335 -0.337713 0.441043 1.405711 1.233454 -1.093144 0.983372 0.087856 -0.219859 -0.612560 0.809797 0.210899 0.692696 -0.459370 -0.120668 2.455055 -0.009866 -0.572238 -0.072941 -0.552828 0.337873 -1.124737 0.589767 -0.732274 -1.233204 0.263059 2.423593 -1.046698 -0.828037 0.174633 0.586491 0.002668 -1.038154 -0.679282 -0.434063 3.188587 -1.337212 0.358583 0.705878 -0.395757 -1.285338 1.701876 -0.374514
50 1.362527 0.945679 0.378691 -2.670774 -1.092674 0.633331 -0.226207 -1.445742 0.715752 0.410690 0.321587 0.469947 0.287412 -0.923918 -1.505717 -1.642555 0.484761 0.032001 0.426199 -0.991446 -0.674911 0.036969 -0.588446 0.314040 -1.232994 -1.301151 -0.469785 2.505191 0.062162 0.259366 -0.594741 1.054494 -0.972138 0.277928 -2.551421 0.055883 0.577070 0.967270 -0.990465 -0.386759 -1.028928 -1.518803 -0.432406 -0.134216 -0.175764 0.163476 0.073492 -2.957524 0.563932 -0.293596
51 -1.158721 0.330893 -0.372637 -0.584315 0.769683 0.910311 0.927153 0.777201 -0.038420 -0.477285 -0.990908 -1.432220 1.568089 0.250629 -0.565004 -0.010962 -0.323745 -0.245350 -1.445801 -0.283896 0.143521 1.770041 0.868242 0.856794 0.694601 -0.054231 0.125993 -1.193863 -0.501181 1.820762 2.608068 -0.919329 -0.274213 -0.038081 -0.455139 1.263907 -0.222614 -0.593790 0.967953 -0.446544 -0.346851 1.376289 -0.965224 2.903192 -1.107512 0.039039 -0.703778 -1.048872 -0.625245 1.202111
52 1.824630 0.476503 0.003642 1.412662 -1.755368 1.094517 -1.135719 0.982505 -1.557019 -1.958752 1.770798 1.048849 -1.611023 -0.071460 -1.410189 -0.825934 -0.959939 0.155320 1.638799 1.575558 -1.905158 -0.178150 0.162033 -0.125049 1.908911 -0.349705 -0.131752 -1.406119 -1.076646 -0.884500 -1.133799 1.385775 0.066282 0.147231 0.739622 -0.740610 -1.107842 1.804901 -0.099193 0.020981 -0.528376 1.236898 0.451496 -0.567143 0.789254 -0.579139 0.464325 -1.239115 -0.787874 -0.307886
53 -0.480172 -0.182545 0.358646 -0.815414 0.506932 1.332793 -0.985151 0.116538 -1.119416 -1.027709 0.900432 -0.063315 1.041930 1.098261 -2.488124 -0.036406 -0.020779 0.568355 0.414782 -1.333472 0.215159 0.530268 0.145190 0.714631 -0.178991 -1.876326 0.266606 0.430188 0.365209 -0.903447 -0.225487 1.644334 -1.884201 0.988701 -0.393587 -0.410765 -0.984914 -1.413683 0.970319 -1.817770 0.414222 0.183292 -0.647602 -0.872007 0.650541 1.220011 0.249642 -0.147954 0.231685 0.412368
54 0.305875 0.909370 -0.396319 0.459446 0.205927 0.210705 0.565176 -0.915815 -0.475577 -1.086868 -1.254106 -0.636073 2.132747 -0.963968 0.954172 2.897879 1.361759 1.855029 -0.456365 -0.236461 0.656620 0.250672 0.294797 1.429685 -0.424056 1.729538 0.238896 0.176615 -0.805213 0.936149 -0.654434 0.543057 -0.105415 -1.817369 -1.082791 -1.104436 -1.679210 0.298410 -0.311839 0.481591 0.622977 1.656657 -2.607897 0.162078 1.235042 -0.702457 -0.316378 0.220229 -0.622914 1.154517
55 -0.332433 -1.148807 1.036809 0.231531 -0.024347 -0.413670 -1.506928 -0.526052 -2.031627 0.451985 0.652804 -0.315370 -1.783765 -1.036535 0.894766 -0.044823 1.934983 0.925684 -0.211116 -0.817763 -0.400590 -0.311120 -0.720846 0.152466 1.269100 1.983025 -1.234853 0.558889 -0.297150 0.049970 -0.604515 1.087100 1.702257 -0.336830 0.340815 1.262532 0.732914 0.325878 0.039801 -0.274489 1.385035 0.056450 0.497251 0.265125 -1.814644 -1.946088 -0.977908 -0.310581 0.745280 -1.168541
56 -0.205793 -0.120579 0.175411 -0.310457 0.644059 -0.555269 1.476198 -1.420628 -1.904292 1.660034 -0.438065 -0.120437 -0.910479 0.622436 -0.790635 1.034009 0.856611 1.785138 0.293600 -0.380006 0.433174 1.124020 0.530827 0.940884 0.534472 -1.021047 0.144171 -0.909771 -0.162829 -1.378499 0.216475 0.769076 0.629719 -0.179624 -0.144651 0.191159 0.457276 -0.166982 -0.185762 -0.996319 -0.531129 -1.062956 -0.062193 -1.252136 0.246010 0.516998 0.311811 0.749971 1.448833 0.366164
57 0.581967 0.692645 -0.932447 0.306114 -0.513215 -0.052455 -2.561406 0.158271 -0.553385 1.017126 -0.973446 0.334442 -0.118593 -0.237173 0.502342 -0.850474 0.379174 1.373088 1.624363 -0.520872 0.316049 -2.137585 -0.115385 2.431305 -0.642582 -0.994413 0.174728 0.922638 -0.513139 -0.718625 -0.706704 0.488443 0.716801 1.628020 0.498580 1.552201 -0.718612 0.464519 0.610918 0.385611 0.179743 -0.055377 0.016301 0.677773 0.910587 0.826995 -0.157717 1.313664 0.481271 0.085616
58 0.829103 0.785250 -1.381017 -0.275445 -0.803124 0.793526 -1.361866 -0.761432 -0.847727 -0.105753 -1.082653 -1.322012 0.596733 0.966707 0.477248 1.331581 0.504827 0.888029 0.002244 0.242338 0.411424 0.479315 -1.387865 0.107008 0.426345 -0.744428 1.415379 -1.262881 -0.073158 -0.424674 -0.336602 -1.352820 0.957626 -0.442321 0.409664 -0.337119 -0.740855 -2.824077 0.725126 0.701990 -1.302937 -0.386604 0.413885 0.277551 -0.150627 -0.335690 -0.094350 -1.228331 1.039234 1.001033
59 1.497757 -0.717322 0.213465 -1.268903 2.165758 -1.587331 0.726790 1.165773 -0.486393 1.313831 -1.502309 0.168011 -2.056680 1.231558 0.371565 -1.727046 1.257417 1.169836 -1.031001 1.139039 2.315163 0.384841 -0.090401 -0.808524 0.659095 -0.247776 -0.145035 -1.393269 -0.088315 1.157850 -0.770491 -0.471088 -0.972903 0.711573 0.021163 0.763469 0.806266 -0.472835 0.433110 1.070544 -0.319037 0.465432 -0.498064 0.738403 -0.034756 -1.915518 -1.471322 -0.389892 0.770383 0.840781
60 0.950443 0.128657 0.988719 -0.548425 -0.806904 -0.640534 0.487860 -1.145603 0.242177 0.344229 0.339231 0.866472 2.351630 -0.507001 -0.052579 -0.951008 -1.499532 0.893037 -0.016202 -0.363918 0.263746 1.203168 -0.089297 0.576395 0.018006 -0.751700 1.277625 -0.475894 -0.189787 0.009773 -1.438994 1.106956 1.915657 2.082308 0.355611 0.280507 0.721012 0.599731 1.443716 -0.104784 0.866451 0.727830 -2.034542 -1.246612 -0.669658 -1.962416 -0.509854 -1.994137 -1.648002 2.068706
61 -0.431224 0.057096 -0.972653 -1.387291 1.683614 -1.516572 0.323144 -0.217286 -0.878162 -2.026540 0.291677 1.756195 0.067553 1.174533 -1.149094 1.643805 1.189060 -0.687758 0.882440 0.279536 -0.681716 0.599197 -1.659539 -0.027434 1.422428 0.417269 2.193574 -1.120643 -0.191968 -0.504726 -0.343207 0.871819 0.518600 0.728844 0.132377 0.841122 0.908541 1.400353 -1.716401 0.621734 1.970383 0.951759 -0.825089 -0.228822 -0.489864 0.107690 2.060429 0.713612 -1.406882 -0.265872
62 0.501316 -0.436340 1.683705 0.908381 -0.321939 -2.022326 1.271058 -0.651128 -2.190572 1.471898 0.379468 0.522025 -0.249667 1.045542 -0.972230 1.349494 -1.309711 0.619156 -0.393052 -0.295939 -0.324567 1.721134 1.284290 -0.927761 1.037903 0.312536 -0.550596 -1.055741 -0.863102 0.174873 1.938470 -0.518619 0.147083 -0.513655 -0.212217 0.274182 -0.009672 1.435665 -0.975133 0.003209 -0.229940 -0.015368 2.428233 -0.815535 -1.174895 0.849593 0.704989 -0.134686 -0.653145 -1.568360
63 0.468906 0.047704 0.267797 0.243416 2.619549 -0.923354 -0.208065 2.639867 4.309632 0.747602 1.713951 0.040439 0.121990 -0.997234 -1.813057 0.384147 -0.042958 0.481944 1.983968 -0.585684 -1.193150 0.588982 -1.206518 -1.363125 -2.446784 -0.183510 1.048695 -0.446304 0.791889 -0.802554 2.003831 -0.027339 -0.805044 -1.715379 1.095835 0.190492 0.734139 -0.001197 -1.891251 0.610101 1.148088 -1.035841 0.108533 0.572578 0.897871 -0.715197 -0.983535 -0.573295 -0.238185 -0.764399
64 -2.761451 0.537888 0.304016 0.300642 0.178135 1.002066 0.982902 1.496238 -0.987612 1.002876 -1.035613 0.842736 -0.706689 1.853703 0.623455 1.803220 -0.788179 1.095339 -0.147632 -0.462096 1.903319 2.422377 -1.363923 0.420900 0.243828 0.065582 0.713646 -0.371962 0.562295 0.034471 -0.281730 0.310977 0.089013 -0.596945 2.009036 -0.501780 1.065018 0.928888 -1.164143 0.643989 -1.381261 0.497062 -0.659829 -0.269823 -0.897701 1.943952 -0.039787 -1.225745 0.533439 1.334889
65 0.014705 0.304358 -0.182941 1.455680 -0.079722 0.952579 0.068249 -1.854751 -0.678404 0.375939 -0.160519 -0.988590 2.132701 -0.366068 -1.748373 -1.792709 0.206481 1.066715 0.018195 -1.208957 -0.417926 0.638941 -1.943895 -0.763712 0.199133 0.236891 -0.850222 0.280375 -0.857049 -0.454999 0.036989 0.207954 -0.410629 -1.712485 -0.799323 0.126329 0.281099 0.094371 0.687690 0.965593 2.414955 0.917698 -0.168510 -0.505367 0.011600 -3.054071 0.604906 1.032365 1.282266 0.048132
66 -0.331593 -0.992349 -1.687218 0.083124 0.261024 -0.754894 -0.277607 -0.973553 -0.058382 2.405126 1.669242 1.127664 -1.261807 -0.594873 -0.013119 1.995877 -2.592851 0.063992 -0.780463 1.529441 2.957256 -1.022168 0.093575 -0.515332 0.227892 0.755180 -0.120276 0.590293 0.345263 0.398232 -1.802216 -1.318668 1.270294 0.201751 0.383868 -0.715200 1.299321 0.306490 -0.391264 0.006229 1.991540 -0.177799 -1.895225 -0.945588 -0.736779 -1.921826 -0.493628 -0.631077 0.853934 -1.396166
67 0.421339 -1.097675 -1.886812 0.698799 0.274838 -0.692043 0.091740 1.477065 0.618032 0.721960 1.340414 2.579686 0.562621 0.257471 2.523256 0.013971 -0.060976 -1.970845 1.557410 -0.927958 -0.016630 -0.752278 0.334597 -0.463349 2.220046 0.233197 -0.536155 0.571547 0.967686 2.325854 0.734011 -0.212776 0.882212 -3.069818 0.075839 -0.910864 0.941293 -0.450125 -1.118768 0.905599 0.781365 2.156822 -1.378665 -0.491211 -0.062681 -0.554688 0.426877 0.368016 -3.394221 0.907405
68 0.168501 -1.388607 -0.514448 1.134053 0.141718 -0.331193 0.078134 -2.395388 0.753198 -0.864006 -0.958908 2.153803 -1.058107 -2.085184 -0.597006 1.559444 -1.664872 -0.317898 -0.362189 -0.151369 -0.617960 0.049011 -1.248673 2.055716 1.065199 0.126897 -0.469630 -1.458471 -1.781678 -0.371364 -0.531060 -1.063471 0.784864 -0.324321 -0.760530 -2.026732 -0.008040 0.299944 0.535726 1.766468 -1.116109 1.343627 1.745066 1.460317 -0.941881 0.727047 0.493817 0.801537 0.433628 1.716759
69 0.244425 2.218922 2.635284 -0.765788 2.319351 2.487317 -0.834068 0.518223 -0.764432 0.531917 0.756809 -0.302285 1.009017 0.236928 0.062317 -1.160651 0.959530 -0.924751 0.177879 -1.763026 2.200360 0.077586 -0.539761 -0.845276 0.630730 -0.493851 -2.531424 -1.728357 -1.871431 -0.140693 0.210848 -0.132891 0.946972 -0.234788 2.052260 2.297662 -0.408965 0.894165 1.748652 -0.577141 1.719404 -0.230936 1.798014 0.874707 1.406218 0.608755 0.507740 -0.251128 0.208489 1.538763
70 -2.263475 0.514396 2.202395 -0.267198 1.808896 0.059776 -0.452246 -0.965093 0.207826 -0.648012 -1.353661 1.366723 0.611272 -1.704800 1.320627 1.067008 -1.204479 -0.984676 -1.043492 0.446294 -2.209473 -0.867830 -0.043975 1.334407 -1.238112 0.218786 -0.327763 0.312249 -0.019380 -0.459440 -0.348184 -1.188956 0.603173 -0.309300 -1.829002 -0.037382 0.115004 0.121004 0.862714 0.951350 0.772073 -0.311329 1.062962 0.567835 0.959432 0.840588 2.072684 0.637693 1.635034 0.808862
71 2.203090 1.031947 -0.775741 -0.580905 0.292957 2.892772 -0.528381 -0.479615 -0.537452 0.079152 -1.585055 1.005866 -1.957843 0.170348 0.158085 -0.767683 2.507163 0.048615 -1.998956 -0.401674 0.123131 -0.351322 0.317420 1.552349 0.276069 0.578851 1.370211 2.347285 0.665765 2.768981 -1.080566 0.203053 -0.008900 0.261081 0.624865 -0.531334 0.268885 0.072218 0.378892 0.459004 -0.026925 1.333800 -0.493776 0.004377 1.377625 1.986826 -0.561793 -1.013678 1.115462 -1.240701
72 0.735513 -0.909010 -0.041547 -1.300307 -0.418414 -0.074286 -1.486147 0.403366 0.156027 -0.280389 0.336803 0.998507 -1.119961 -2.172686 0.101833 -0.293857 -0.069436 -0.017926 -0.209220 -0.891574 1.251110 0.678651 -0.917891 1.393399 0.644884 -0.569254 -0.347327 2.181443 -0.835292 0.265147 -1.073926 -0.063509 0.950289 1.447175 0.264328 -0.979049 1.329107 -0.779652 -1.206925 0.205676 -0.261584 -1.006751 0.476624 0.034670 -1.058921 -0.166917 -0.607663 0.205589 -0.682058 -0.331230
73 0.691675 -0.466967 -1.917588 -1.270868 -1.303086 0.493912 -0.071976 0.230667 0.765694 1.935069 0.027278 0.600829 0.043968 -0.031887 -0.028620 1.012447 -1.213903 -0.078284 2.054688 0.778289 0.659094 2.130389 -0.000299 -0.884206 0.768892 -1.890682 1.469975 0.099757 0.267552 0.228135 -0.128716 -0.368073 -0.343731 -2.583520 -1.298613 0.054080 -0.059143 1.581491 0.892657 -1.516070 1.118113 0.446992 0.879225 -0.222736 0.238155 0.816654 -0.748170 0.757996 -0.248402 -0.500940
74 0.753028 1.044137 0.386560 1.105727 -0.473186 -1.192256 0.009064 0.310474 -0.174586 0.370266 -0.267150 1.320212 -0.103122 -0.190190 1.047170 -0.353501 0.140452 -0.206182 0.603100 0.162929 0.973878 0.626297 -0.046559 -2.028928 -0.576918 0.183620 -0.350211 0.097823 -0.459950 -0.338265 -0.915706 0.104960 0.719545 0.122608 0.179840 -1.146170 -0.620524 1.477906 1.537903 0.663062 -0.836488 -3.112464 1.277182 -0.480782 0.824682 0.551765 0.482926 -2.072995 -0.772951 -0.205495
75 0.548442 0.287202 -0.160455 -0.287113 0.077828 0.050058 -0.197848 0.220252 -1.636308 -1.366541 -1.370611 -0.296201 -0.243132 -2.072326 -0.223032 -0.108875 0.660104 1.036564 -0.167974 -1.090598 -0.667149 0.581301 0.223522 -0.141977 -1.271316 -0.454564 -1.069279 -0.060326 1.207544 -1.410729 -0.837651 0.549348 0.568938 2.012401 0.314479 0.983647 1.293209 -0.841976 -1.004993 0.472365 -0.854460 0.144099 -0.249939 0.055710 -1.683105 -0.248580 0.559883 -0.904949 0.705605 -1.855830
76 -0.334879 -1.005018 1.030467 -0.943443 0.666799 -0.123894 -0.065801 -1.262198 -0.644172 0.380905 0.853111 -1.012331 0.594483 0.204741 -0.506370 0.778291 0.931247 0.205851 1.021477 -0.435793 2.429550 -0.711930 0.277529 -0.441846 -1.239810 0.396235 1.092582 -0.247447 2.060185 -1.438767 0.744041 -0.347663 1.247954 -0.329130 0.559059 0.178535 1.600122 -1.041933 0.191309 1.592437 -1.281122 -0.998229 1.405268 -0.021882 0.772936 1.330386 -0.405873 -0.777066 -0.021118 2.787851
77 0.284720 1.386464 0.060403 -1.275086 -0.883254 1.290186 2.417562 1.185630 1.020823 0.546578 0.163823 1.808733 1.086364 0.834224 -0.198561 0.613046 0.473397 -0.118914 -0.651520 -1.259572 0.559857 1.400836 -0.727519 0.827268 -0.035685 -0.069986 0.824120 0.105577 0.635011 0.595892 -1.735655 -1.394266 -0.010208 -0.856439 1.436975 -1.341826 0.462941 0.143395 -1.857953 0.130737 -0.559859 -0.051403 0.476115 0.089054 -0.451376 0.074607 0.803575 0.237262 -0.055503 -1.299533
78 -0.491363 0.050771 0.574703 -1.096341 0.154333 -0.382946 0.130378 1.526589 1.571266 1.344879 -0.921924 0.763867 -1.360804 -1.965438 -0.635529 -0.172714 0.606644 -0.818399 -1.895419 -0.079808 -0.332833 -0.415365 0.069630 -0.094373 -0.834134 0.006720 -0.924719 0.459810 0.470480 0.448705 -0.307379 -0.795537 0.854249 0.059212 -1.478559 -0.228430 -0.549679 -1.356632 0.739451 -1.451209 0.636663 -1.124472 -0.500068 1.568405 1.340781 0.243168 -2.202361 -0.638015 -0.504604 0.230105
79 -0.896602 0.018947 0.719650 -0.899693 -0.447968 0.928082 0.782937 0.411296 1.800363 1.633440 0.131851 1.572401 -0.499900 -0.077105 -0.282729 0.377546 -0.066790 -0.756080 0.407733 -0.689152 1.972684 0.823177 -0.926269 0.084966 -0.444080 -0.855183 -0.867698 -1.369992 0.066394 0.598302 1.471573 1.306320 -1.411548 -1.005689 -0.737368 -1.260184 0.326692 -0.236462 -1.404668 -0.030746 -0.050242 1.512115 -1.256200 2.081899 1.090438 -1.038960 0.535163 0.598373 -0.862493 1.420386
80 -1.328531 0.767079 0.478436 1.063407 0.271929 2.944737 -1.386854 0.074357 -0.992658 0.398947 0.487803 -0.012775 -1.458641 0.130388 1.409162 -0.650969 0.038013 -0.976351 -0.193004 -0.087920 -0.467469 -2.125459 -1.950473 -1.625629 0.416935 1.118763 0.339983 1.471031 0.259378 -0.056093 0.165057 -0.481676 0.992801 -0.357961 -0.938267 -1.251627 -0.035187 -0.513654 -0.238773 -0.259986 -0.038780 -2.336120 -0.066654 -0.483091 0.620838 0.912093 -0.844629 0.971130 1.596747 -1.122009
81 -1.296953 -0.651461 0.725430 0.626781 -0.231074 -2.072537 -1.542421 0.312251 0.278035 -0.221032 -0.918879 -0.902991 -0.045611 1.040656 -0.178125 -0.715723 -1.032874 1.088419 0.265684 -0.579092 1.246362 -0.509901 0.977359 -1.318151 0.399150 1.257639 0.372754 -0.098281 -0.445261 -0.604020 -0.352248 0.537393 -0.878337 0.293352 0.343437 1.032023 1.003081 0.413644 -1.310982 0.456106 -0.943849 -0.489772 0.407294 -0.817315 0.080246 0.287605 1.147388 -0.367565 1.203190 -0.628537
82 1.204061 1.486060 -0.400886 -0.046672 0.357377 1.896121 0.005400 -1.594290 -0.108045 -0.935468 1.051338 0.666219 -0.407923 0.063628 0.593957 -0.133674 -1.088944 -1.878021 0.022261 0.989104 2.348501 0.153968 -0.490479 0.117830 -0.199298 0.131429 -0.937704 0.755355 0.766948 -0.577633 0.860215 -0.206582 -0.393202 -0.134012 -1.005798 0.147219 -1.813233 0.336922 -0.229689 0.305998 -0.845169 1.313014 0.666710 -2.261787 -1.040476 1.095090 -2.196898 -0.865831 -0.679839 -0.068105
83 -0.484801 -0.009727 1.257108 -0.812431 -1.642510 -1.246434 1.991067 0.941471 -1.278154 0.348806 0.257095 -1.088690 -0.376968 0.864387 -0.147132 0.193994 -0.360003 0.044789 -0.180784 -0.473249 -1.818482 -0.993314 0.312680 -1.435367 -1.054461 0.075307 -0.175089 0.391502 -1.434475 1.024553 -1.092552 -0.328368 -1.773313 -1.484328 1.710647 -0.644560 0.029393 1.445643 -1.115606 -0.264989 -0.843576 -1.150423 1.837381 0.216876 1.075089 1.106311 0.782203 0.952743 0.031138 0.413888
84 -0.485462 -0.919158 0.218133 -0.241323 -0.237551 -0.617392 -2.009451 1.323423 -1.683768 -0.517932 0.580070 -0.308020 -1.021223 1.489354 -0.709909 -0.877409 1.654975 0.454186 0.223258 -0.963436 0.931857 -0.227074 -0.693983 0.720788 -1.467567 -0.822517 -0.444290 -1.127960 0.163403 0.907368 0.520039 0.439834 -0.920073 0.270397 0.415153 -0.567505 -0.875778 -0.046046 -0.834130 -0.034025 0.047894 1.717934 0.181124 0.419512 -1.509610 2.175258 0.360793 -0.452902 -0.860904 -0.915671
85 0.893425 -1.855149 -0.764855 0.209557 0.784411 0.461147 -1.385454 -1.080288 0.843575 -0.115420 -2.730702 -3.097893 0.599785 0.400183 -1.296182 -0.436871 0.914943 -0.899233 -0.483588 -1.417269 0.477567 0.635380 0.908580 -1.088792 0.821686 -0.359240 0.856397 -0.575571 0.604312 0.411290 -0.148764 -0.501140 0.019743 -0.552722 -1.165740 0.939483 -0.688798 -1.127453 2.237279 0.986713 -0.915880 -3.060644 -0.195833 -0.254609 1.620317 -1.249655 0.388389 0.505652 -0.754609 0.303318
86 -0.539127 -2.494623 0.545322 -0.308431 -0.069267 0.576857 0.595105 0.284711 -0.170897 1.346639 -0.171703 -0.472331 0.019025 0.347974 1.791924 -0.099196 -0.430675 -0.514488 1.699514 -2.213619 0.750957 -0.431415 1.358108 0.963011 0.349070 0.039735 0.815167 -2.243937 0.401893 0.968403 2.490613 0.388239 0.015727 0.326967 1.259595 0.820458 -1.014074 -0.026892 -0.784365 0.651295 0.524646 -0.903632 0.927892 -0.033079 0.207887 -0.116275 0.271934 0.397272 1.680360 -0.781620
87 0.928767 0.294859 0.975589 0.635727 1.944352 1.189959 0.877681 -0.990935 -0.212522 2.231293 0.816138 0.717134 0.629942 -0.705678 0.140136 -0.118497 -0.258213 0.732351 -0.945001 -1.722800 0.531581 1.638403 0.790425 0.798475 0.136115 -1.265538 -0.045610 -0.953729 1.544296 -0.419283 1.338021 0.086806 0.502587 -1.390076 -0.772331 -1.191827 2.706555 -1.304031 0.115535 0.847276 -1.188239 0.817745 -1.927848 0.100138 -0.591858 -1.968512 0.250784 0.051196 1.900328 0.709639
88 -0.654636 -0.705603 1.601495 -1.466571 0.381852 0.930859 -0.018620 0.099393 -0.747980 1.874146 -1.939258 0.080283 0.547679 -0.356269 -1.340622 0.159221 0.836642 1.099938 -1.782465 0.923413 0.237040 -0.965426 -1.915074 -1.174879 2.223718 1.009144 1.289809 0.620721 -0.347019 0.270975 0.258180 -0.309291 1.156448 -1.132472 0.726900 0.032414 1.894390 -1.253549 1.046621 1.430451 -1.453827 0.965562 -0.786339 -0.660172 0.383955 0.215747 -0.273870 0.522717 0.291252 -0.478130
89 -1.612088 0.557060 -0.302827 0.166137 -0.951772 -0.086121 0.259326 -1.984513 -0.245453 0.038935 -0.446348 -0.086926 0.249335 0.108073 2.240735 0.073329 -1.368045 -0.715058 -0.231141 0.158877 -1.487898 -1.369414 0.831631 0.250181 0.665733 2.120971 -1.316378 -0.849788 1.556230 -0.740565 1.176434 0.006427 1.007507 0.187618 -0.311109 -1.859287 0.475768 0.145775 1.147140 0.498271 1.530944 1.507834 -0.164644 -0.592169 -0.253618 0.557641 -0.546250 -0.957395 -1.933280 0.393659
90 -0.584126 2.666842 -0.752599 -0.126245 -0.758314 0.251546 1.438282 0.398295 1.104684 -0.885876 0.298438 0.439782 -1.114381 -0.090848 -0.805166 0.185624 1.403043 -1.406662 -0.452280 1.187780 -1.548583 -0.232424 -0.550031 -0.372832 -0.739698 1.945143 1.207327 -0.746255 0.967424 -0.764159 0.281202 -1.325962 0.269595 0.994614 2.034609 -1.032419 -0.741164 -0.456961 -1.079374 1.770940 0.472468 -0.581477 -2.323215 -0.065406 -0.255215 0.239828 1.182242 -0.305195 -0.070632 -0.026896
91 -0.906799 0.080474 -0.734811 -1.021339 1.153883 0.044424 -1.455112 -1.836615 -1.000200 -0.840952 -1.002665 0.018337 0.081392 -1.157158 0.667874 -0.359667 -0.460597 -0.456314 -1.274644 0.601782 0.733971 -1.318328 -1.349825 0.165576 0.999734 -0.007325 -0.110436 -1.906851 -1.985522 -0.100071 -0.433663 -0.961508 -0.584245 0.789277 -1.072025 1.062600 0.193995 -0.453908 0.151841 1.241188 1.265426 -1.081943 -0.316267 -0.999818 -0.770849 0.237869 1.779828 -0.479434 0.023521 0.233211
92 1.055774 -0.828187 1.049447 -0.171866 0.276512 0.661750 -0.317118 -1.859100 1.668520 -0.382197 -1.910884 0.429267 -0.340907 0.795735 0.468241 -1.305872 -1.714255 -0.586410 -0.181358 -0.483044 1.310372 -0.113738 0.765632 0.824249 0.459565 -0.897694 0.331723 0.103252 2.125542 0.258888 0.920700 0.745335 -0.312674 -0.534141 0.295390 2.309989 0.194006 -0.324174 0.611703 -0.803826 -0.505289 -0.134475 -1.514899 1.214947 -0.600908 0.919620 -1.688518 0.387679 0.717913 0.584972
93 0.504086 -1.971054 -0.246271 -0.770002 -0.681980 1.744870 0.074916 0.842994 2.997262 1.463150 0.757653 1.392463 0.322539 0.732012 -0.992473 0.850650 0.033771 0.431406 -0.803636 1.211893 -1.483293 -0.001851 -0.623270 -0.864083 -1.208056 0.785263 -0.069849 -0.110649 -0.187715 -0.561359 0.763346 0.175325 0.167660 -0.859483 -1.084894 -2.886825 -0.128489 0.571633 -0.418672 -1.179578 0.826755 0.573955 0.503492 -0.861658 -0.866687 -0.433443 0.414080 -2.071710 1.174636 -0.713415
94 -0.408133 -1.186569 -1.242902 -1.856653 0.665690 -0.861929 -1.460422 -0.171925 -1.193184 -0.620324 0.059153 0.266298 1.677552 0.281875 0.196910 0.088264 0.591457 0.574669 -0.628040 -0.412454 -0.261807 -0.421872 0.580381 0.700992 0.064077 -2.335838 -0.994517 -0.331440 -1.819286 0.252595 1.304531 -0.675155 -1.312739 0.810205 0.596716 -0.702040 -0.095393 1.076086 1.012038 0.408183 0.057979 0.720987 2.341305 -2.408865 0.090079 -1.027119 -0.137051 -0.414577 0.855496 0.577656
95 -1.321683 0.673127 1.119375 -0.748296 -1.657351 -0.048458 -0.790573 -0.453381 1.203896 -1.538232 -0.511085 -1.668528 -1.295590 1.702756 -1.072117 1.417808 -0.524471 -0.859806 -1.411129 0.090109 0.309404 -1.049686 0.741215 0.745119 -0.196328 -1.562769 1.357712 -1.741275 0.584825 -1.455451 -0.552933 -1.464932 0.567490 0.698953 1.568502 0.954434 1.695705 0.742772 0.903142 1.700243 0.771240 -0.928768 -0.541724 0.397531 -0.872451 -0.035037 0.718758 0.428396 -0.744855 -0.530266
96 0.294101 1.100279 0.409673 0.342008 0.176448 0.767611 -0.768631 -0.511346 -1.975168 0.190782 0.763767 -0.360914 -0.120649 -0.667517 0.166867 -0.720450 -0.321598 -0.037590 0.558430 -0.212777 0.196535 -0.028989 0.466214 -1.211234 -0.370983 0.358896 -1.271295 -0.180563 -0.283580 -1.344195 -1.956113 1.070526 -2.054100 0.264981 -1.178727 2.188268 -0.805253 -0.944286 -0.982184 -0.260137 -0.770272 -0.030932 1.648584 0.018708 -0.918573 0.513757 0.886520 1.589785 -0.389146 0.021011
97 2.453078 -1.010162 0.426093 0.513017 0.155326 0.253949 -0.437417 1.137170 0.278143 1.930122 -0.186154 -0.350188 0.144093 0.803741 1.025881 0.274192 -0.074850 2.246044 1.674150 -1.072007 -0.935025 0.825172 -0.375759 -0.022117 0.207914 0.322652 0.960480 1.790063 0.406133 1.476821 -0.295535 -0.046134 -1.532998 -0.058821 0.188395 0.726193 -0.169322 -0.260041 -0.113210 -1.096777 0.966317 -0.666075 -1.241769 -1.352956 -0.417128 -1.443641 0.398731 -0.526439 -0.852296 -0.632953
98 -0.708116 0.866031 -2.045467 -0.984925 1.327388 1.017973 -1.240225 -0.842316 0.499733 1.335181 1.174308 -0.239535 -0.041186 -1.087033 1.025915 -1.517672 0.154255 0.052883 0.955455 0.237729 0.366537 -0.266671 -0.200266 -1.154957 0.472768 -1.753069 -0.237047 -0.982108 0.608056 -0.684878 -0.524802 -0.287646 -2.985756 -1.965788 -1.444012 -0.476060 0.106058 0.345874 -0.209848 -1.691634 -0.239558 -0.175219 -0.660983 0.314286 -0.651725 -1.530154 -0.112115 -0.223431 0.556704 -1.150967
99 -0.061702 -1.422363 -0.556888 0.597153 2.723039 -0.249372 0.508995 0.529606 0.341573 -0.956905 -0.715471 -0.652472 1.140435 1.512710 -1.614726 -0.180888 0.409718 -0.427036 -0.594807 0.447850 -1.193060 -0.870332 -2.546775 1.279342 0.711195 -1.031211 -0.202624 0.634056 -0.779371 1.541800 -0.161727 -0.351335 -1.450008 1.304071 0.168404 0.374581 -0.506639 1.039104 -0.369123 2.197457 -0.160323 -0.286183 0.011488 0.388847 -1.262879 -0.480629 0.353606 1.568660 0.470188 -0.895588
END
#################################################################
SECTION3 (Edges Information)
EndPoint0 EndPoint1 Weight
0 1 1.000000
0 9 1.000000
0 10 1.000000
0 90 1.000000
1 0 1.000000
1 2 1.000000
1 11 1.000000
1 91 1.000000
2 1 1.000000
2 3 1.000000
2 12 1.000000
2 92 1.000000
3 2 1.000000
3 4 1.000000
3 13 1.000000
3 93 1.000000
4 3 1.000000
4 5 1.000000
4 14 1.000000
4 94 1.000000
5 4 1.000000
5 6 1.000000
5 15 1.000000
5 95 1.000000
6 5 1.000000
6 7 1.000000
6 16 1.000000
6 96 1.000000
7 6 1.000000
7 8 1.000000
7 17 1.000000
7 97 1.000000
8 7 1.000000
8 9 1.000000
8 18 1.000000
8 98 1.000000
9 0 1.000000
9 8 1.000000
9 19 1.000000
9 99 1.000000
10 0 1.000000
10 11 1.000000
10 19 1.000000
10 20 1.000000
11 1 1.000000
11 10 1.000000
11 12 1.000000
11 21 1.000000
12 2 1.000000
12 11 1.000000
12 13 1.000000
12 22 1.000000
13 3 1.000000
13 12 1.000000
13 14 1.000000
13 23 1.000000
14 4 1.000000
14 13 1.000000
14 15 1.000000
14 24 1.000000
15 5 1.000000
15 14 1.000000
15 16 1.000000
15 25 1.000000
16 6 1.000000
16 15 1.000000
16 17 1.000000
16 26 1.000000
17 7 1.000000
17 16 1.000000
17 18 1.000000
17 27 1.000000
18 8 1.000000
18 17 1.000000
18 19 1.000000
18 28 1.000000
19 9 1.000000
19 10 1.000000
19 18 1.000000
19 29 1.000000
20 10 1.000000
20 21 1.000000
20 29 1.000000
20 30 1.000000
21 11 1.000000
21 20 1.000000
21 22 1.000000
21 31 1.000000
22 12 1.000000
22 21 1.000000
22 23 1.000000
22 32 1.000000
23 13 1.000000
23 22 1.000000
23 24 1.000000
23 33 1.000000
24 14 1.000000
24 23 1.000000
24 25 1.000000
24 34 1.000000
25 15 1.000000
25 24 1.000000
25 26 1.000000
25 35 1.000000
26 16 1.000000
26 25 1.000000
26 27 1.000000
26 36 1.000000
27 17 1.000000
27 26 1.000000
27 28 1.000000
27 37 1.000000
28 18 1.000000
28 27 1.000000
28 29 1.000000
28 38 1.000000
29 19 1.000000
29 20 1.000000
29 28 1.000000
29 39 1.000000
30 20 1.000000
30 31 1.000000
30 39 1.000000
30 40 1.000000
31 21 1.000000
31 30 1.000000
31 32 1.000000
31 41 1.000000
32 22 1.000000
32 31 1.000000
32 33 1.000000
32 42 1.000000
33 23 1.000000
33 32 1.000000
33 34 1.000000
33 43 1.000000
34 24 1.000000
34 33 1.000000
34 35 1.000000
34 44 1.000000
35 25 1.000000
35 34 1.000000
35 36 1.000000
35 45 1.000000
36 26 1.000000
36 35 1.000000
36 37 1.000000
36 46 1.000000
37 27 1.000000
37 36 1.000000
37 38 1.000000
37 47 1.000000
38 28 1.000000
38 37 1.000000
38 39 1.000000
38 48 1.000000
39 29 1.000000
39 30 1.000000
39 38 1.000000
39 49 1.000000
40 30 1.000000
40 41 1.000000
40 49 1.000000
40 50 1.000000
41 31 1.000000
41 40 1.000000
41 42 1.000000
41 51 1.000000
42 32 1.000000
42 41 1.000000
42 43 1.000000
42 52 1.000000
43 33 1.000000
43 42 1.000000
43 44 1.000000
43 53 1.000000
44 34 1.000000
44 43 1.000000
44 45 1.000000
44 54 1.000000
45 35 1.000000
45 44 1.000000
45 46 1.000000
45 55 1.000000
46 36 1.000000
46 45 1.000000
46 47 1.000000
46 56 1.000000
47 37 1.000000
47 46 1.000000
47 48 1.000000
47 57 1.000000
48 38 1.000000
48 47 1.000000
48 49 1.000000
48 58 1.000000
49 39 1.000000
49 40 1.000000
49 48 1.000000
49 59 1.000000
50 40 1.000000
50 51 1.000000
50 59 1.000000
50 60 1.000000
51 41 1.000000
51 50 1.000000
51 52 1.000000
51 61 1.000000
52 42 1.000000
52 51 1.000000
52 53 1.000000
52 62 1.000000
53 43 1.000000
53 52 1.000000
53 54 1.000000
53 63 1.000000
54 44 1.000000
54 53 1.000000
54 55 1.000000
54 64 1.000000
55 45 1.000000
55 54 1.000000
55 56 1.000000
55 65 1.000000
56 46 1.000000
56 55 1.000000
56 57 1.000000
56 66 1.000000
57 47 1.000000
57 56 1.000000
57 58 1.000000
57 67 1.000000
58 48 1.000000
58 57 1.000000
58 59 1.000000
58 68 1.000000
59 49 1.000000
59 50 1.000000
59 58 1.000000
59 69 1.000000
60 50 1.000000
60 61 1.000000
60 69 1.000000
60 70 1.000000
61 51 1.000000
61 60 1.000000
61 62 1.000000
61 71 1.000000
62 52 1.000000
62 61 1.000000
62 63 1.000000
62 72 1.000000
63 53 1.000000
63 62 1.000000
63 64 1.000000
63 73 1.000000
64 54 1.000000
64 63 1.000000
64 65 1.000000
64 74 1.000000
65 55 1.000000
65 64 1.000000
65 66 1.000000
65 75 1.000000
66 56 1.000000
66 65 1.000000
66 67 1.000000
66 76 1.000000
67 57 1.000000
67 66 1.000000
67 68 1.000000
67 77 1.000000
68 58 1.000000
68 67 1.000000
68 69 1.000000
68 78 1.000000
69 59 1.000000
69 60 1.000000
69 68 1.000000
69 79 1.000000
70 60 1.000000
70 71 1.000000
70 79 1.000000
70 80 1.000000
71 61 1.000000
71 70 1.000000
71 72 1.000000
71 81 1.000000
72 62 1.000000
72 71 1.000000
72 73 1.000000
72 82 1.000000
73 63 1.000000
73 72 1.000000
73 74 1.000000
73 83 1.000000
74 64 1.000000
74 73 1.000000
74 75 1.000000
74 84 1.000000
75 65 1.000000
75 74 1.000000
75 76 1.000000
75 85 1.000000
76 66 1.000000
76 75 1.000000
76 77 1.000000
76 86 1.000000
77 67 1.000000
77 76 1.000000
77 78 1.000000
77 87 1.000000
78 68 1.000000
78 77 1.000000
78 79 1.000000
78 88 1.000000
79 69 1.000000
79 70 1.000000
79 78 1.000000
79 89 1.000000
80 70 1.000000
80 81 1.000000
80 89 1.000000
80 90 1.000000
81 71 1.000000
81 80 1.000000
81 82 1.000000
81 91 1.000000
82 72 1.000000
82 81 1.000000
82 83 1.000000
82 92 1.000000
83 73 1.000000
83 82 1.000000
83 84 1.000000
83 93 1.000000
84 74 1.000000
84 83 1.000000
84 85 1.000000
84 94 1.000000
85 75 1.000000
85 84 1.000000
85 86 1.000000
85 95 1.000000
86 76 1.000000
86 85 1.000000
86 87 1.000000
86 96 1.000000
87 77 1.000000
87 86 1.000000
87 88 1.000000
87 97 1.000000
88 78 1.000000
88 87 1.000000
88 89 1.000000
88 98 1.000000
89 79 1.000000
89 80 1.000000
89 88 1.000000
89 99 1.000000
90 0 1.000000
90 80 1.000000
90 91 1.000000
90 99 1.000000
91 1 1.000000
91 81 1.000000
91 90 1.000000
91 92 1.000000
92 2 1.000000
92 82 1.000000
92 91 1.000000
92 93 1.000000
93 3 1.000000
93 83 1.000000
93 92 1.000000
93 94 1.000000
94 4 1.000000
94 84 1.000000
94 93 1.000000
94 95 1.000000
95 5 1.000000
95 85 1.000000
95 94 1.000000
95 96 1.000000
96 6 1.000000
96 86 1.000000
96 95 1.000000
96 97 1.000000
97 7 1.000000
97 87 1.000000
97 96 1.000000
97 98 1.000000
98 8 1.000000
98 88 1.000000
98 97 1.000000
98 99 1.000000
99 9 1.000000
99 89 1.000000
99 90 1.000000
99 98 1.000000
END
#################################################################
SECTION4 (TrueSubGraph Information)
EndPoint0 EndPoint1 Weight
31 32 1.0
32 42 1.0
42 41 1.0
41 40 1.0
END
#################################################################
SECTION5 (Labels Information)
1 1 1 1 1 1 1 1 1 1 0 1 0 0 1 1 1 1 1 0 1 0 1 1 1 1 0 1 1 1 1 0 0 1 0 1 1 1 1 1 1 1 0 1 1 1 1 1 1 1 
END
#################################################################
SECTION6 (bt Information)
5 5 5 5 5 5 5 5 5 5 -5 5 -5 -5 5 5 5 5 5 -5 5 -5 5 5 5 5 -5 5 5 5 5 -5 -5 5 -5 5 5 5 5 5 5 5 -5 5 5 5 5 5 5 5 
END
#################################################################
