#################################################################
#APDM Input Graph, this input graph includes 3 sections:
#section1 : general information
#section2 : nodes
#section3 : edges
#section4 : trueSubGraph (Optional)
#
#if nodes haven't information set weight to null
#################################################################
SECTION1 (General Information)
numNodes = 100
numEdges = 200
usedAlgorithm = NULL
dataSource = SimulationData2
END
#################################################################
SECTION2 (Nodes Information)
NodeID Base Counts
0 0.307412 -0.496281 -0.176008 -0.284089 -0.001502 0.826956 0.461068 -0.452802 0.182308 -0.707162 -0.421766 -1.277735 0.892531 1.366880 0.454815 0.907794 0.424886 1.151760 -0.627286 0.238270 0.253542 -0.136985 -0.848734 2.235735 -2.136557 -0.225357 0.356489 0.337307 -0.246934 0.039460 1.306080 -2.417824 0.361493 -0.424736 -2.303350 -1.019856 0.986373 -1.190548 0.290277 -0.616256 0.029939 0.390501 -1.464456 1.786890 -0.522010 -1.934134 0.342006 -0.783018 -0.552591 0.523889
1 -0.195414 -1.243410 -0.158998 0.303804 -0.774796 0.895918 1.073772 -1.461723 1.278568 -1.178552 0.809444 1.177169 0.754909 0.835093 -1.015972 0.492495 -0.125248 1.127287 1.273497 0.928857 -0.695331 0.674470 0.414656 0.184458 -0.615395 2.097194 0.865917 0.353945 -0.191799 0.360930 0.885461 -0.047001 -1.237013 -0.026911 -0.567044 -1.896283 0.351170 -0.429212 0.095963 1.085475 1.280717 -1.429442 0.664680 0.468251 -1.896242 -1.321916 1.118576 -0.235241 -1.313868 1.407513
2 10.004715 8.970705 11.439545 9.022434 10.990501 11.714526 11.825473 9.790045 10.365307 8.747762 10.567059 10.977774 8.570057 9.244394 9.998450 10.781268 10.755031 10.306412 9.232916 9.105313 12.103223 9.181212 10.165219 9.699875 10.005122 9.598841 12.177112 9.245340 9.018383 12.188088 10.991465 10.820256 9.179128 10.957686 8.995495 9.885914 10.558210 11.578376 8.461399 9.196170 11.062059 11.337465 9.148491 10.839999 8.830006 9.692515 10.791861 10.686686 10.225965 10.855282
3 -1.109899 -2.074492 0.052007 -0.146102 0.037979 -0.065746 1.439569 1.043518 0.288750 1.757075 -0.401240 -0.615489 -1.536506 0.745637 -2.247782 1.870111 -1.342999 0.219264 -0.756100 0.232844 0.031611 0.915560 -0.061858 0.298099 0.668885 0.281147 -0.471559 -0.522436 -0.694910 -0.300988 0.483361 -2.033582 0.348895 -1.294240 1.005700 1.174605 0.055693 -1.067900 -0.106418 0.158562 0.012319 0.764819 -1.187654 0.570776 -1.549442 0.836709 0.890897 0.961004 0.120136 1.116659
4 -0.594400 0.492581 2.272991 1.156144 -0.113956 0.808742 1.181411 -1.496255 1.490658 0.680608 -0.453823 -1.117039 -0.341009 -0.433582 -0.400216 0.150913 0.010578 1.652203 1.077321 0.687296 -0.651592 -0.069014 -2.345055 -1.421877 0.641928 -0.089303 0.857044 -0.900749 -0.628718 -0.566649 2.241168 0.472240 0.534919 -1.171162 0.581533 -0.119641 -0.340691 0.371248 0.797393 -0.019011 0.257783 -1.113798 -0.370577 -0.468158 0.326516 -1.162278 1.980671 -1.901474 -0.806553 -2.262751
5 0.164700 0.220802 -0.095527 -1.068497 -0.967121 1.222939 0.381708 -1.004917 -0.233920 -1.564714 -0.044914 -0.547350 -0.258765 -0.314281 0.210580 0.990960 -0.504078 -0.602043 1.023669 0.386811 0.700224 0.630409 0.698878 0.384737 -0.044375 -0.877095 -0.122448 -1.373718 -0.434117 -0.319829 -1.037388 -0.852602 0.369182 0.013739 1.108521 -0.358937 0.883376 -0.698532 0.366993 -0.133358 -0.881327 -2.407918 -0.148143 -0.142834 0.397482 1.709062 0.183370 0.169384 1.361205 0.851361
6 0.393121 -0.461456 -0.057568 0.429128 0.377913 -0.686256 0.787093 -0.708810 0.016531 -0.729155 -0.325800 -1.602549 1.943422 -0.513131 -0.297898 -1.161998 -1.034767 -0.556318 0.419670 0.033016 -0.141667 -0.413607 2.031634 0.170614 0.277986 0.055188 1.252998 -0.830653 -0.295359 0.522432 -0.854259 2.571168 -3.061976 -1.421903 0.510035 0.747718 -0.062713 -0.026738 -0.076917 -1.394971 1.219995 -0.185732 -0.691248 0.676276 0.573628 -2.155522 0.490930 -0.322407 -0.348528 0.303905
7 -1.312275 1.655309 0.698805 -0.641646 -0.098239 -0.069059 0.368894 -0.940904 0.398873 0.984245 0.295788 -1.099639 0.592723 0.639290 0.575322 -1.743207 0.840047 0.205468 0.050092 -0.713840 -0.889344 0.793501 -1.468458 -0.434545 -0.290006 3.432579 0.109714 -0.367975 -1.323774 -1.171538 0.919927 -0.060982 -0.470581 1.366195 0.085498 0.221037 -0.994735 -0.089907 1.903852 1.006749 -0.372485 0.422930 1.534592 -0.637112 1.102999 0.200711 -0.225388 1.609094 1.609080 1.233973
8 0.039752 -0.121412 1.288763 -0.772138 0.405690 0.132967 -0.518051 0.541077 0.513118 0.348958 0.857262 -0.194319 -0.651836 0.028353 0.247364 0.405586 0.494994 1.557866 -0.440070 2.177134 0.057306 -1.168682 0.499159 1.108415 0.887795 -2.245522 -1.510302 -0.998234 -1.522972 -0.603479 -0.849136 0.810421 0.124505 -0.424257 -0.186321 -0.720530 -1.414149 0.037347 -0.427224 0.733946 -0.955941 -0.880350 -0.347729 -0.702429 0.358704 -0.376920 2.531916 1.460518 -0.377552 -0.610587
9 0.737185 1.518287 0.270598 -1.292881 -0.294812 0.972200 -0.205262 -0.889268 -0.950179 0.708854 1.040952 -0.948745 -0.333576 -1.743588 0.791654 0.022455 -0.894109 1.538409 -1.893610 0.621092 1.083002 -0.549402 1.169050 1.067909 -0.738661 0.742831 -0.444393 -1.155230 -0.850190 0.293571 -0.170378 -1.031987 0.342832 -0.633516 1.614219 1.200275 0.795014 0.098477 -0.574091 -0.574675 0.468552 -0.511484 1.392793 -0.691969 -0.101998 -0.196396 1.776653 0.236978 -1.124969 -0.477491
10 10.838191 8.500110 10.808208 10.509883 9.975112 9.812034 10.704437 8.526846 10.734702 9.300663 9.196740 9.229310 10.294096 10.274766 11.568498 10.529742 11.268335 11.766426 9.068240 9.776570 9.072651 9.283508 12.802416 10.759993 10.443326 8.690394 8.971280 10.677250 10.865517 9.159376 10.477088 9.161264 11.182268 10.126087 8.548833 9.177730 10.108995 10.479889 8.565289 8.211270 10.000436 7.295092 9.077812 8.552482 10.258139 11.470094 8.261007 10.707853 11.484768 9.269418
11 -0.352652 -1.309378 0.052951 -0.035408 0.266941 -0.649076 -0.367947 1.098518 -0.640084 0.440687 -0.100492 0.030714 -0.223426 0.361230 -1.112491 0.327521 -0.345052 0.569874 0.075879 -0.437721 1.249099 -0.766526 -0.473686 -0.486618 -1.165983 -0.821927 0.997055 -0.983957 0.575466 -0.248721 1.539358 1.336153 -1.599529 0.904524 -0.160940 0.528915 1.382747 -0.218179 -0.019520 -1.507543 -1.507757 1.569365 0.640329 0.189560 1.080845 -0.126714 0.573649 1.110490 1.622524 1.197329
12 8.717842 10.339346 10.737493 8.583060 9.130481 10.715925 8.187966 10.830130 9.855104 11.397890 10.047194 8.676846 10.327662 10.241578 9.355922 11.188945 9.687428 8.260855 11.633081 9.705585 8.867825 10.660930 10.814942 9.325648 12.059068 10.725754 11.261329 10.084352 8.699537 10.246115 10.073110 9.452175 9.275598 11.136282 11.119516 10.997016 10.160371 12.575409 10.335893 10.878111 11.224280 10.911763 8.695228 8.752834 10.395243 11.866418 10.225370 10.136831 10.257075 9.622444
13 9.672221 9.867605 11.456932 8.529953 10.239544 8.700034 9.103696 10.618551 8.422405 9.277158 13.368190 11.063816 10.795839 11.286742 10.421859 9.570856 9.674205 10.395503 8.564615 10.791640 11.672872 10.849542 10.749059 8.745985 10.572886 8.378791 9.733982 10.937408 8.989279 9.450341 8.817191 11.419759 11.021878 11.017211 10.788924 10.177437 10.171312 10.977748 10.565081 10.523765 10.088733 11.593338 10.199042 10.697149 10.628552 10.390487 9.615035 9.916757 8.319628 7.301433
14 0.745810 -0.959052 1.557359 0.569173 0.061798 -1.665041 1.074730 -1.218706 -0.401303 0.244993 0.372453 -1.346789 -0.322382 -2.107424 0.814495 -0.586201 -0.619889 -2.586119 0.016798 1.849676 0.939016 -1.730753 -0.140710 -0.023847 -0.291346 -1.150938 -0.340451 -0.164916 -1.653904 -0.665458 0.833406 0.369444 -0.446893 0.658451 0.107863 0.987057 0.693668 1.699781 -0.387757 -0.673856 -0.688999 -1.035226 0.482352 -0.922918 -1.181485 -0.215098 -1.627126 -0.461498 -0.532598 0.298895
15 0.529721 2.058314 -2.122900 -1.372852 1.780736 -0.715816 0.450412 -1.053430 -0.382648 -0.928072 -0.177433 -0.619818 -0.800007 -1.245881 0.011493 0.421430 -0.243028 2.541697 -0.940856 0.776262 0.067031 0.088017 0.096599 -0.441214 0.027732 -0.713151 -0.874261 0.316118 0.408156 -0.210868 1.097169 0.793107 -0.800002 -0.549305 -2.203720 1.072659 1.990688 0.565810 0.449810 2.494988 -0.362794 0.784482 0.163250 -0.805809 -1.031834 -0.004254 0.190509 0.134595 0.022327 -0.831100
16 -1.390060 -0.002004 0.520803 0.690446 0.659889 -0.956037 1.081872 0.630910 -0.712964 1.239284 -0.990504 -1.826233 2.170832 -0.665989 -1.330206 -1.068151 0.651209 0.743273 0.098100 -0.622862 0.511365 1.136893 -0.468714 -0.357626 -0.120026 -0.377538 2.103726 -0.607217 1.233348 -0.561916 -2.240712 -0.253274 0.378289 0.141136 0.015610 -0.545475 -0.133825 1.883540 -1.949903 -0.563319 0.582295 1.213542 -1.091873 -1.708749 0.729356 0.715188 0.981353 -0.757886 2.344699 -0.973051
17 -2.285966 1.505082 0.264265 -0.134273 0.155606 -0.324974 -1.413564 0.998012 0.539597 -1.006439 0.958700 -0.114166 -0.162506 -0.922115 -1.082273 -0.670588 0.338342 -1.498316 -0.672528 -1.749921 -0.024893 0.626753 -0.278363 0.227989 -0.343825 -2.124983 -0.134739 -0.882469 -2.395039 0.189006 -0.010672 0.807346 -1.702464 0.598562 -0.101476 0.707642 1.590210 -1.051550 -0.139721 -0.980414 0.128677 0.443253 0.183315 -0.453862 1.261936 0.008447 0.061569 0.887632 -2.511529 -0.130529
18 -0.663832 0.150369 -0.495067 -1.487804 0.487654 0.088489 0.543761 2.250541 0.142800 0.751922 0.443510 0.766549 0.880676 1.658180 0.658958 -0.096288 0.659279 -0.223645 -0.105219 -1.049694 0.771650 0.886922 -0.199068 -0.723715 0.369470 0.061292 -2.473788 -0.855831 0.141578 1.222484 -0.536822 0.646590 0.632722 0.092765 -1.293568 -1.369790 0.005797 -0.735838 -0.703532 1.957789 0.477590 0.682755 1.132932 -0.599233 0.040023 0.884493 0.987966 0.194063 0.439736 -0.139112
19 -1.043764 -0.725135 -0.135643 0.763329 -0.481226 -1.210998 2.194993 -0.611799 -0.400128 -1.600492 -1.026729 1.525806 0.972667 0.053335 0.953826 1.879104 1.475610 -0.734317 1.154617 0.748261 -0.694617 -0.638520 1.174428 -1.014541 1.295564 -0.111998 0.500888 -1.071806 0.139015 0.666655 -0.460451 0.587902 -0.009309 -1.102291 0.893102 2.424450 -0.239462 1.723038 0.523829 -1.551247 -0.003499 -2.447368 -0.667572 0.253511 0.867489 0.961105 -1.484571 -1.463671 -0.386178 -0.428188
20 9.449686 8.062204 11.322493 8.421178 7.924655 10.201249 9.502769 9.809004 8.854623 10.134356 10.309683 9.257308 8.131809 9.396483 11.715629 10.779810 8.009177 8.360143 9.493709 10.252224 8.925139 9.601964 9.487724 9.178656 10.765094 11.800326 12.219659 9.231083 9.115855 10.092064 10.427912 9.372560 9.972131 9.168022 10.785505 10.007635 10.940053 9.494708 10.412513 10.757218 10.334913 9.411785 12.273403 10.665497 10.143185 9.389656 10.513238 10.461018 9.870765 9.591587
21 10.666939 10.225578 8.436975 10.220621 10.519577 11.523021 9.940801 8.298952 8.662897 10.747528 10.812746 9.715311 9.573679 8.941825 8.911885 10.210302 11.412360 7.731020 7.764803 8.689763 9.242596 9.363902 8.342919 9.829143 9.427858 10.513822 8.481411 10.164131 10.703596 11.273900 9.881426 10.190151 8.819418 10.256164 9.177276 11.401331 10.780224 11.488754 9.151975 10.395002 10.958003 9.191898 9.226426 10.589689 10.682966 9.576464 8.699731 8.547552 7.737287 10.556246
22 8.491883 10.799557 10.903495 11.087791 9.580479 8.666207 9.121320 10.122666 8.374699 10.005263 9.794150 10.899510 12.044744 10.308387 10.006982 10.280130 11.288117 9.950845 9.404428 8.967210 10.577112 8.934446 8.179186 10.061443 8.480882 10.001197 10.673586 8.445677 10.779166 9.014560 8.521230 12.409373 10.527940 8.775994 10.221493 7.893768 12.084538 9.593912 9.895056 9.578891 9.349381 11.113973 9.436780 9.857837 11.201605 10.515665 9.519182 10.837666 11.072044 8.647159
23 9.179972 9.733636 8.550842 9.743189 9.872553 12.481016 9.797364 10.509147 10.696424 10.580297 10.303806 9.807977 10.421042 8.325058 12.629245 10.137215 10.590771 10.079743 10.671720 9.928030 9.689596 9.470528 9.586877 9.702623 7.661564 9.567530 10.910466 10.662744 8.873242 10.179746 11.608838 9.843378 11.595564 10.693838 11.854503 9.814849 9.320476 10.979612 9.905167 9.869317 11.051109 10.504555 9.803904 10.658864 9.689034 9.315525 10.273812 11.418271 10.477548 10.782795
24 -0.458673 -0.534305 0.522920 1.619616 0.775125 -0.662791 0.461687 0.098150 -0.256596 -0.865553 -0.259499 0.085780 0.241442 -1.185082 -0.892987 -1.097681 0.463976 -0.545404 0.564320 -1.752942 -0.452813 -0.391370 -1.645643 0.062295 -2.207442 0.780849 1.839369 -1.735329 0.639251 -0.547923 -0.609452 1.515793 1.045249 -0.529792 -0.807969 0.501322 2.728606 0.054734 -0.482171 2.041533 0.169618 -0.784265 1.050564 -0.488779 -0.002336 0.258019 -1.047432 -0.202999 -1.153534 1.259813
25 -0.878888 -0.226327 0.876844 0.981856 -0.544661 0.337465 0.454085 -0.526643 0.235972 0.069354 -0.964672 0.997958 0.427391 -0.107529 -0.686698 -0.396769 -0.457225 -1.802971 -0.379975 0.320578 0.230911 -0.043486 2.699898 0.950183 0.938887 -0.890883 0.044371 -0.340969 -0.119448 0.442183 -1.552788 1.483093 -0.533193 -1.571309 0.183543 -0.872252 0.422385 -1.301205 0.157983 0.014746 -1.300170 0.830744 -0.178195 0.727463 -2.277251 -0.124397 -0.608009 0.913315 1.538769 -0.336248
26 0.870981 1.520620 -0.209559 -0.554883 -0.768829 1.662373 0.210570 0.704365 -0.209512 0.510203 -0.576035 0.530233 1.996177 0.205712 0.560971 -0.338635 1.093305 -0.101378 0.684986 0.598437 -0.575420 0.531933 1.183518 1.615415 0.881439 0.845327 0.349571 0.547222 -1.386750 -0.908473 0.082389 0.398109 -0.281972 0.548477 -0.884314 -0.337975 1.888491 0.054709 1.025778 -0.843786 -0.730692 0.707844 -1.034789 0.633843 -0.450708 -1.305090 -0.645321 1.103676 -0.605879 -0.231006
27 -2.643249 -0.516417 0.469037 -1.133144 1.098171 -0.180481 -0.235245 0.995582 -1.488528 -1.765646 -0.011790 0.073216 0.678732 -0.045665 0.328806 1.108808 1.275552 0.879698 -0.764030 -1.248730 -0.751781 0.672418 0.812425 0.582735 0.402999 1.065447 -0.549700 -1.726362 -2.100965 -0.416902 -0.433471 0.172418 0.702339 2.427946 -0.228954 1.233803 0.027823 1.948944 0.402951 -1.417095 -0.048503 -0.919633 -0.798440 0.609006 1.265513 0.672293 0.156128 1.171827 -1.802181 -1.832277
28 1.946945 -0.607064 -1.042705 -0.397658 0.116788 1.476360 -1.495463 -0.812920 -0.208575 0.839923 0.180691 1.092294 -0.866029 -1.018532 -0.750943 -1.907187 -0.484973 -0.057412 0.190054 -0.521956 -1.398058 -0.688587 -2.108601 -0.185382 -2.710951 -1.039825 -0.975066 1.961681 0.285961 0.826874 0.326721 0.724768 0.204488 1.469698 0.365640 0.080219 1.227158 -0.070075 -1.024193 -0.659268 -0.200906 -0.834522 1.482905 0.075496 -0.785853 0.465748 -0.474562 1.591362 0.831992 -0.267044
29 0.066366 -0.545939 -1.084094 -1.324328 1.250438 0.133078 0.288728 0.701403 -0.313011 0.003425 0.432740 -0.624015 -0.776234 -0.443063 1.723346 0.273492 -0.584404 2.691989 0.920622 1.549946 0.579385 2.078180 -0.339989 1.388545 -2.355198 -0.956187 -0.154153 0.173700 -0.234562 -0.785712 1.826401 -0.077499 -0.430879 -1.882225 0.488667 -0.874094 -1.476157 -1.854189 0.361275 -1.940189 -0.231824 0.563019 0.134815 0.088590 0.050329 0.047178 0.449762 0.481332 -0.095092 1.559093
30 0.617984 -1.121166 0.568582 0.202108 0.137647 0.474447 2.162230 0.531741 -1.320419 0.237891 0.425402 -1.451758 -2.048625 0.020613 -1.098732 -0.535361 0.652715 -0.522673 1.227837 1.587905 0.738620 1.176536 1.510745 -0.522209 -0.495258 0.747991 -0.164091 1.538444 -1.173987 0.852397 0.375688 0.539728 -0.985004 -1.140447 -0.037383 -0.350123 1.736514 -0.848894 -0.085073 1.069959 1.043239 0.031179 -1.758917 0.062234 -0.730471 -0.407419 2.056455 -0.787473 0.089166 0.965921
31 -0.451988 0.144592 -0.508255 0.255684 -0.673148 0.321689 -0.333619 -1.206056 -0.928350 -0.269596 0.948193 -0.472487 0.275101 -0.234574 1.678422 1.083322 0.620571 0.368562 0.377877 -2.135776 -1.531957 -0.276078 -2.667573 0.743487 -0.026603 0.883254 0.722693 0.244979 0.787879 -0.576962 0.127704 1.206282 -1.523288 0.523701 -0.294613 -2.162672 -0.223791 -0.257928 -1.709105 -0.696468 -1.190941 0.010028 -2.915616 -0.320818 -0.437700 0.332060 -0.793546 -0.225459 -1.383075 -2.085329
32 -0.920260 0.614590 0.806852 -0.668843 1.161940 0.678798 0.776704 0.357135 1.076157 0.776184 0.682791 0.912132 1.023230 -0.538915 -0.368095 -0.670191 -0.475344 -0.997515 -0.710598 -0.275331 0.642179 -1.508970 -0.193670 -0.479965 1.291585 0.682661 0.577964 0.603263 -0.430002 -1.099235 0.405926 -0.377721 -0.246129 -1.425985 0.084177 0.170280 0.155179 -0.366104 -1.769275 0.653335 -0.123214 -0.857994 -0.016726 0.720374 -0.605162 1.081847 -0.083848 -1.320199 1.249930 0.246239
33 9.089229 9.013588 10.158478 10.594261 10.367491 11.865019 10.040512 8.422305 8.728109 10.355149 11.254842 10.473150 8.302469 10.652991 10.179305 10.694071 8.107094 9.680755 10.376748 10.975402 11.574674 10.301974 9.968209 10.732698 9.648926 11.701093 9.532942 10.385550 9.737409 10.335951 10.334589 8.918086 9.647177 10.485652 8.851159 8.790471 9.282213 8.797359 9.505197 10.773764 9.860941 9.860327 9.930769 10.711729 9.563975 11.359925 10.279167 10.071443 9.281986 9.948899
34 0.467714 0.977657 1.650226 1.647554 0.517704 0.386045 -1.356894 -1.018397 0.235625 0.266705 -0.074837 -1.282886 -1.116746 0.209704 0.024158 0.086872 1.456696 -0.797261 -0.575101 0.635183 -0.678692 -1.920287 1.611763 -0.310946 0.212104 -0.879034 0.133254 -0.515880 -0.198497 0.101163 -0.046487 0.188272 -1.247337 -0.860590 0.836472 0.902614 0.212475 -0.508797 -0.148069 1.151128 0.609387 -1.121557 2.573609 0.114179 -0.561552 0.327630 1.333766 -2.943329 0.512453 0.719137
35 0.530056 1.086699 0.015306 -0.621225 0.314437 0.343319 -2.345378 0.637913 -1.164428 1.516805 -0.706516 0.684033 -1.242393 -0.224077 2.491407 1.930032 0.344384 -1.594063 -0.690107 -0.894274 0.419911 -0.698161 1.892289 0.113774 0.338598 -1.447007 0.189973 -0.348330 -0.951977 0.759846 -0.928034 -1.166756 1.282833 -0.576267 0.557676 -0.035999 -1.720683 0.884656 -1.560239 -0.801466 1.907649 -1.288521 0.498532 -0.279518 -0.424903 0.346723 -0.189860 -0.725328 0.455185 -0.486045
36 -1.629419 0.252150 -0.386333 -0.807559 0.481444 0.349912 -1.870159 1.008432 0.861363 0.149337 1.000300 1.985522 0.039596 -1.942941 1.009316 1.420177 -1.484511 -0.116938 -1.800478 -0.302301 -0.797180 1.162723 -0.378021 1.111537 0.996098 1.341286 0.460351 -0.354102 0.192260 -1.484983 -0.270314 0.701592 0.270301 1.252878 -0.034301 -2.245845 -0.821109 0.175172 -0.959648 -0.414132 -0.546577 0.189415 3.471346 -2.063767 -0.811182 -0.488639 -0.392892 -1.271010 0.787056 -0.109325
37 0.964899 -1.142378 -0.818832 -0.346666 -0.721838 1.102600 0.980376 -1.390196 -0.121704 -1.015025 2.254962 0.288188 -0.540938 1.227713 0.478415 -1.062628 -1.532145 -0.179937 1.189489 0.028899 -1.683875 0.829729 0.024276 0.609926 1.023118 -0.316650 1.399803 0.140359 1.195884 -1.301995 0.661987 0.205092 -1.546670 -0.236378 0.208753 -1.925899 -1.274656 0.974089 0.176197 -0.861596 0.243571 0.685822 0.001483 -1.104528 1.073616 -1.493451 1.327081 0.782171 0.580810 -1.474100
38 -1.899947 -0.130027 -1.217912 -1.735386 -0.432774 -0.625524 -0.952564 -2.156298 -0.178746 0.725324 1.521132 0.677364 1.653611 1.348071 1.505129 -0.183118 -0.671343 -1.011380 0.011728 1.535942 -1.451863 1.667733 -0.010236 0.436625 -0.048182 1.239447 0.472380 -1.216842 -0.885307 1.011187 1.470648 -0.383493 -0.713517 0.263182 -0.435128 0.178257 -0.188985 0.883128 -1.450039 -0.976382 1.238032 0.149119 0.437135 -0.055483 -0.112025 -0.867067 -0.697111 1.165130 -0.370139 0.985522
39 -0.215815 -1.310456 0.421311 0.652870 -0.047277 0.047764 -1.122455 0.011869 -0.619620 0.561946 -0.733198 -1.656745 -0.714154 -0.358240 1.806966 -1.257724 0.603000 0.063734 -1.947777 -0.425997 0.785950 1.551790 0.386815 0.973975 0.984642 1.052573 -0.207948 0.056303 0.247031 -1.072188 -1.374450 1.450781 0.847779 0.912555 2.024063 -1.418287 -0.608854 -1.419074 -0.250302 -0.445918 -0.767132 -1.267152 0.782281 -0.782406 0.112745 1.177136 -1.455444 -0.865306 0.086332 1.325001
40 0.343888 -1.329419 1.591577 -0.974980 1.397540 0.912444 -0.349585 -0.854665 -0.783168 1.817575 0.168872 -1.871730 1.843348 1.268399 -1.072171 -1.988255 -1.800498 0.897645 -0.561722 -0.470052 -0.178555 0.480126 1.060484 0.335434 0.647268 -0.005332 -0.672361 -1.542349 -0.268409 0.894157 1.503920 -1.678183 -2.060726 -0.689417 -0.691567 0.787311 0.580164 0.777686 0.250142 -0.790788 -1.297516 -0.004977 1.018800 -1.228258 0.365618 -0.887784 0.805404 0.042155 -1.385391 1.405989
41 -1.261508 -0.039505 0.486950 0.475977 -1.927550 -0.682943 -0.320841 1.331507 1.550723 -0.375524 -0.449799 -0.170828 -2.247283 -0.537269 -0.385466 -0.663614 0.215831 1.418369 1.439688 -0.097331 -0.547520 -1.435766 0.438971 -0.203224 0.837107 0.231476 -0.994979 -1.512808 -1.336740 -2.367074 -0.070513 -1.115481 -0.304728 0.535433 1.632954 -0.972630 0.885237 1.380053 0.000901 0.112876 0.402192 -0.984158 0.482840 0.903819 -0.349695 1.163483 -1.035216 -0.404043 1.151195 0.999770
42 1.038772 0.465171 -1.112547 -0.055841 -0.439147 -1.788835 0.555849 -1.641370 0.668228 1.405792 0.214259 0.845548 -0.131349 0.200051 -0.553916 1.646344 -1.913427 1.562429 0.154376 0.691432 1.591436 -1.087790 0.164867 -1.767072 -0.304275 -0.149261 0.235171 1.043729 0.986558 1.516952 1.023426 -0.810315 0.012578 0.190939 1.738405 0.146097 0.245309 0.403863 -0.498207 -0.480193 1.368202 0.024229 2.515911 0.578127 1.808600 -1.266156 -0.788199 0.826110 0.215835 2.051856
43 10.532407 9.667970 9.675960 8.760158 9.341531 9.247563 10.817012 10.331541 9.664671 8.816855 10.389593 9.901240 9.752488 8.485717 8.143800 10.237490 10.674875 10.626277 10.125385 10.967562 11.125212 8.319267 7.617624 8.981541 10.246198 10.680169 11.550448 10.064055 9.971475 9.519674 9.061882 10.410479 10.771612 9.735329 11.058091 9.695850 10.985135 9.114736 10.349577 8.906735 10.172567 8.144132 9.309718 8.197576 9.533013 9.343608 7.816804 12.012064 10.921005 11.097244
44 0.309543 1.746076 -0.401153 1.805175 -1.120179 0.404875 0.003331 -0.607829 0.431632 0.516137 -0.273576 0.760105 -0.713865 -0.682826 0.816294 0.677513 0.042937 0.510258 -1.695554 0.935160 -1.062005 2.023892 0.321626 0.033103 -1.322930 -0.193231 -0.910429 -1.270361 -0.697215 -0.015861 -0.410062 0.913251 -0.712486 0.868082 0.832885 0.861997 -0.411355 0.431073 -0.081593 0.009578 -1.408468 -0.301836 0.470409 1.896228 1.550779 -0.083340 1.387027 -0.233573 0.201721 -1.009092
45 1.547100 -0.716418 -0.019773 0.062715 -1.608881 0.547368 -1.090689 1.742103 0.234180 1.433172 -0.299576 -1.076096 -1.603765 -0.701682 0.855047 -1.126932 0.491933 -1.234969 -1.490397 -0.538565 0.747859 0.723626 0.222398 1.021507 -2.484153 0.744593 1.374966 0.100539 -1.534667 -0.644529 1.097068 0.879078 0.931691 1.338044 -1.463211 -0.189284 -1.105440 -1.263165 -0.250638 -1.652155 -0.676989 -0.806985 0.060850 0.734141 0.536689 1.003657 -0.640535 0.430864 -1.011260 1.447111
46 -1.460675 -0.358437 1.270661 -1.845178 1.357560 1.092044 -0.749332 1.541921 -0.309109 0.555550 -0.990178 1.817704 -0.406330 0.362315 -1.596682 -0.759864 0.124057 -0.145511 0.594654 -0.469413 0.112851 0.321151 -0.360587 0.836459 -0.106251 -1.354323 -1.967867 0.286283 -0.498552 0.071742 -0.106317 0.502589 0.383965 -0.021443 1.066352 0.452093 -0.353108 -1.713705 -0.846717 -0.196045 -0.608288 -0.651230 0.149305 0.480584 1.768791 0.755819 -0.196878 -0.896565 -0.570696 -0.121837
47 -1.097316 1.920755 1.254317 -0.612063 -0.084353 -0.331424 -0.256867 -0.841645 0.083798 -0.224198 1.396143 1.882985 -0.851933 0.777237 0.067252 0.434152 -0.910205 0.999632 1.000472 0.792224 -1.754175 0.740449 0.638584 1.386530 1.339941 0.969241 -1.001591 1.562011 -0.382239 1.078622 0.512476 0.581406 2.855349 0.435134 1.106593 -1.614555 1.214637 -0.071455 0.170807 -1.320576 -0.082397 -0.231409 0.301183 -0.311531 0.875108 0.036509 0.140281 -1.293012 1.481441 -0.807374
48 2.078874 0.433733 -0.364848 1.627750 0.617326 -0.495532 1.443097 1.170439 0.534497 1.608774 -0.972239 0.831599 -0.614870 -3.270512 1.123694 -0.664472 2.024875 -0.327763 1.043218 0.818097 -1.068594 -0.442341 1.194070 -0.110061 -0.196947 -0.630945 -1.321044 -0.366197 1.700303 0.496720 0.793678 1.013065 -0.019830 -1.010971 3.455395 2.020244 -0.204983 0.100047 0.086959 -0.162046 0.865273 1.007458 -0.322483 -0.345869 0.377419 0.315786 0.840881 0.396338 2.025562 0.669072
49 -1.546222 -1.312291 -1.754538 -0.374507 1.300845 0.728037 -0.842317 -1.521969 -0.113269 -1.471190 -1.495483 1.052762 -1.056411 0.890582 -0.435737 0.962905 -1.505374 0.109183 1.566599 -0.903877 -0.121002 -0.410838 0.133890 0.977318 0.451175 -0.234355 -0.708454 -0.489420 -1.036019 0.137547 1.527386 -1.679818 -0.537475 -0.652756 1.169292 -0.257328 -0.813846 0.248677 -0.150148 -0.655685 2.749845 -0.881514 0.238165 0.226647 -0.567628 -0.080426 -0.685380 -0.008955 -0.686173 0.115563
50 0.793988 0.271488 -0.021041 0.696507 1.083266 0.064452 0.704030 0.487722 0.525932 0.448055 0.022514 -1.280399 1.107416 1.255823 0.682237 -0.488649 0.734107 -0.677331 -1.269708 0.444971 -0.847004 1.784086 0.963915 1.021349 -0.949535 0.549867 -1.011999 1.248252 -1.303844 -1.640626 -2.063635 -0.105159 0.700569 0.719793 -0.602548 -0.463358 0.264908 0.154903 2.206537 -0.692565 0.760945 -0.865652 -0.933677 -0.442465 0.245071 -0.925901 -0.247632 -0.811508 0.314016 0.708948
51 1.080496 0.700672 -2.247569 -0.233529 1.235858 -0.609926 1.195140 0.409569 -0.833479 -0.387210 -0.956284 -0.389698 0.056666 -0.082215 1.204707 0.953637 -0.315291 0.057835 1.858765 1.670325 0.176419 -0.412865 0.348215 -0.776956 0.480052 -0.043900 -0.937994 -0.875796 1.804037 0.184199 -0.189200 -1.643872 -1.314886 -0.840552 -0.356574 -1.243900 0.093697 -0.799315 0.705344 0.301898 0.956431 1.414337 -2.274648 -0.934734 1.067986 0.097244 -0.674968 2.026594 1.700152 1.589371
52 -0.188924 -1.112179 0.905829 -0.106573 0.146512 0.832078 0.951259 1.833395 -0.277100 0.610590 0.199375 -1.441126 0.599334 -0.601601 -0.287235 0.432717 0.879971 -1.060165 -0.758969 0.940782 -0.069194 -0.328885 -0.680322 2.152602 -0.877227 -0.766682 0.249728 -1.282101 -0.597041 1.150999 0.199868 -1.880772 1.157733 0.460502 0.783831 0.058064 -0.521642 1.281558 -0.225786 2.033593 0.845539 1.675711 0.431308 0.857804 0.579172 -2.352220 0.551202 -0.372037 -0.990720 0.600671
53 -0.262012 -0.302164 0.402352 -0.244508 -0.044518 -0.528924 0.301065 0.829736 0.676229 -3.372411 0.657885 1.892001 -0.283710 0.075260 0.259676 -1.675472 -1.475529 -0.795722 0.544561 -0.199030 0.099535 1.459350 -0.809576 1.593090 0.125551 0.381920 0.848084 -2.101208 0.589148 -0.505085 0.983480 1.088211 0.328601 -1.233841 0.758457 0.108552 -0.545820 -0.898221 0.683073 -0.648470 0.238049 0.876975 -0.264788 0.219421 1.500823 -0.827784 0.428345 -0.775273 1.058400 1.453726
54 0.976096 3.615927 -0.918466 0.745899 0.950397 0.478128 -1.128266 -0.097847 0.579769 -1.793803 -1.165813 1.331846 2.756219 2.139496 0.108511 1.219663 -1.230643 0.666198 0.664958 0.729248 1.619619 1.907797 -0.177602 -0.198300 0.002141 -0.819046 0.465472 1.933751 0.810975 -0.511124 1.752196 0.650650 0.126099 1.209640 -0.490956 -0.743897 1.152351 -0.179730 -0.166763 0.547821 -0.045343 -1.107867 0.944491 1.059411 -0.558245 0.968616 0.742567 0.289965 -0.575677 -0.268698
55 -0.392800 -0.856453 -0.199960 1.205183 -1.067279 -0.454946 -0.859960 0.095796 0.735464 1.495226 0.395290 -2.229753 -0.289908 0.495379 0.051790 -0.446100 0.873883 -0.536015 0.670512 1.036134 1.465692 1.094549 -0.101161 1.470168 0.587232 0.077264 -0.594332 -0.769240 0.922644 0.108155 -0.013190 -0.374940 1.209801 1.541019 0.369468 0.180985 -0.560208 -0.195974 0.880545 0.959409 -1.096935 1.159337 0.843195 0.527923 -0.973458 0.529774 0.468767 -2.083366 -0.463257 1.125868
56 -0.153827 -0.734120 -1.045893 1.334361 0.344636 0.050403 0.991956 0.233695 -0.597407 -1.944455 1.080389 -0.120532 1.968304 0.116625 -0.858469 0.986576 0.272010 1.121544 -0.706344 0.442016 0.568709 0.821587 0.156689 -1.049476 -0.611253 2.471870 1.623011 1.242450 -0.350041 -0.687591 0.393825 -1.506606 -0.467240 1.069218 0.004048 0.087558 0.013992 -0.290188 1.662568 -1.232162 -0.630548 0.136407 0.517015 -0.816822 1.235863 0.453308 0.779737 0.115446 -1.646322 0.596836
57 -0.989927 1.445243 1.811382 0.400897 0.600501 -0.327599 0.038857 1.609541 0.295798 0.676696 0.661483 -1.534567 0.341052 0.370420 -0.323599 -0.666258 -0.582972 1.412392 -1.223872 0.174221 -1.635397 -0.697836 0.810302 -0.480232 -0.021882 1.110993 2.148983 -0.308723 0.345699 0.467838 1.503510 -0.782936 0.298036 -1.093517 -0.080075 -1.061972 0.241895 -1.197838 0.782482 -0.844783 0.815820 -1.061187 0.897352 1.105574 0.998761 1.408795 0.096513 -0.771703 -0.233117 -0.496980
58 -0.945907 -0.732341 -0.736006 -2.444037 1.900225 -2.042187 -1.023707 -0.687092 -0.657080 -0.345242 2.269799 0.432867 0.074853 0.704483 -0.824473 0.984539 -0.698285 0.290077 1.480213 0.951022 -0.539218 -0.029209 1.279947 -0.765400 -1.997982 0.758786 0.583949 -0.326426 -0.766566 -1.226628 1.741452 1.426624 0.979154 -0.563860 -0.980364 -0.593788 0.701016 0.376717 0.939008 0.658007 0.004754 -1.168122 -1.695069 -0.148131 1.107322 1.249844 -0.864342 -0.380400 0.262820 0.218411
59 -0.016331 -0.290687 -0.124208 -1.204955 0.118003 0.805562 1.144179 1.527245 1.808516 -0.868455 1.459262 -0.703958 0.245928 -0.616115 1.982138 -0.346179 0.663250 0.224238 1.261359 -0.746012 -1.032726 -0.850106 0.258177 0.513020 1.481832 -1.437829 0.767580 -0.493920 -0.104669 0.506481 0.315729 -0.092399 -2.262573 1.002378 1.201311 -0.712989 0.904656 -1.247641 -0.859315 -0.750446 0.684584 -1.075312 0.544040 -0.340114 0.012664 1.824562 -1.634020 0.149971 0.669873 2.690938
60 0.269506 1.661731 -0.786747 -2.567252 0.391284 -0.935048 -1.773136 0.026645 1.499055 -0.542777 -0.884040 -1.312699 -0.605202 -1.241736 -0.720505 -0.052228 -0.243589 1.672909 0.258582 0.899327 0.256434 0.222735 0.617863 2.555969 -0.667205 0.875460 0.543152 -0.863256 0.726647 -1.195089 0.513070 0.841450 -0.144118 0.418691 2.118112 0.132366 1.163525 0.844299 0.604023 -0.091444 1.131882 -0.594771 -2.117847 0.402629 0.319863 -1.156409 -0.484666 0.060697 -0.737538 -2.723520
61 2.215021 -1.108221 -0.262543 -0.229186 1.527771 -0.465003 -0.553139 0.068522 1.072364 -1.414414 0.427369 0.967421 -0.644604 0.370033 -1.709512 2.254680 0.212456 0.466775 -0.152109 -0.799171 -0.550377 -0.773236 -0.522984 -1.001215 -0.258091 0.056071 0.423299 -0.226497 -1.508849 -0.521463 -0.353335 1.296264 0.101777 -0.115143 -0.736356 0.429363 0.132491 0.998525 -0.167122 -0.897571 0.691985 1.049571 -0.372004 -0.680942 0.145556 -0.247154 1.344319 -0.110528 0.628754 0.394525
62 -1.104910 1.573888 0.392580 0.396528 -0.077988 1.411262 -0.252319 -0.773283 1.207482 0.751941 -1.859693 -0.368896 -0.600732 -0.797480 1.451981 -0.486999 1.132928 -1.066912 0.102315 -0.381883 -1.885055 0.174846 -1.304998 0.121777 0.809964 -0.368413 -0.700559 -1.569819 -0.652791 0.676706 1.851644 -0.757482 -0.926147 1.836397 0.376654 0.385399 1.016604 1.053318 0.022816 0.617740 0.693085 0.118324 0.706283 0.055430 0.017579 1.039564 0.626848 0.284173 0.809701 -1.236752
63 -1.944491 -1.125200 -2.195738 0.622014 -1.177549 0.894177 0.432606 0.302573 0.054797 1.042731 0.195130 -0.480691 0.217645 -2.193445 -1.186537 -0.730233 0.907124 -1.557865 -1.397495 -1.257471 -1.262803 0.174781 0.397565 -1.416609 -2.535125 0.977859 -0.749621 1.363032 0.563992 1.696217 -0.712738 -0.703910 -1.672456 1.391522 0.937732 1.500077 -0.349062 0.646282 -1.033633 0.564055 -1.226282 0.655208 -1.067353 1.240943 -0.950011 0.711919 1.926407 -0.872083 0.595909 0.242438
64 -0.184729 -1.258645 0.094690 0.951772 0.939875 -1.528384 -0.454345 1.324266 -0.365253 1.509777 -0.989477 2.153820 -1.167584 0.531145 0.360799 -0.454451 1.319707 1.297160 0.557713 -0.946178 1.752526 -0.217112 1.104578 1.756269 0.112845 -0.346644 0.943531 -0.327441 0.905158 1.397439 -0.787964 0.229018 0.626055 -0.178311 -1.942316 -0.296079 -0.114244 -1.284004 -0.151682 -0.556481 0.589937 0.192144 0.466986 1.322792 2.036819 0.968976 -0.738787 -1.460040 1.781323 -0.861147
65 0.047502 -0.592214 0.935402 0.726118 -1.274994 0.380130 -0.305575 -0.141885 1.489574 1.623773 -1.185310 0.263257 3.228430 -0.984844 -0.072554 -0.117150 0.343894 0.257345 0.342369 0.072941 -0.381186 2.532333 1.836780 0.822088 -0.591402 -1.202403 -2.022897 -0.586278 1.240013 -0.437169 -0.190041 1.971937 -0.035638 0.088516 -0.445348 1.107582 1.150928 0.098483 0.185399 1.769536 -1.159350 0.604704 2.468565 0.424226 -1.046747 0.037901 -0.771654 -0.510702 0.011703 -0.269294
66 -0.343405 1.740134 -2.371005 0.419943 -0.649266 -0.136383 0.320072 -0.313504 2.173907 0.916011 -0.624698 1.315681 1.048604 1.214355 -0.303066 -1.170749 -1.362319 -0.539267 0.691470 0.040674 0.995845 -1.312751 1.274359 -0.428532 0.552623 -0.527352 0.590923 0.402589 -0.564980 -0.095439 -1.017390 0.967280 0.234273 1.842543 -0.798183 -0.285654 1.563858 -1.580915 -0.409283 -0.240116 -0.831474 -1.532726 -0.318491 1.744306 -1.136877 1.049812 -1.976335 0.906753 -0.619837 0.199299
67 -0.551184 0.657965 0.304093 0.647552 1.533137 -2.290396 1.166041 0.487582 -0.348506 0.333068 0.354783 -0.464017 -1.264495 -0.953861 -0.904444 0.748876 0.262000 -0.398468 0.186559 -1.573215 -0.374439 -0.150615 -0.192473 0.657322 -1.799288 0.151552 0.969996 -0.477774 -0.617400 -0.227170 -0.563218 -0.188659 1.414039 0.856654 -0.199831 0.820810 0.260644 -0.280198 -0.788823 0.890865 1.858601 0.984155 0.913795 -0.419697 -1.939393 0.463953 1.412573 -0.296347 1.227728 0.853351
68 0.901036 -0.330906 0.662132 -1.075407 2.050130 2.676899 -0.645747 -0.525263 -0.794193 0.017251 0.889667 -0.518545 -0.891172 0.523764 0.670987 -0.860838 -0.405348 -0.533246 -2.660903 -0.713956 1.377802 1.071211 -0.158997 -0.653607 0.466547 -0.555181 -1.041186 1.036093 -0.656317 0.766791 1.444008 1.397730 0.412404 1.343992 1.891354 1.277518 -0.732439 -1.291172 -1.920096 -0.844520 -0.040086 -0.507592 -0.110904 1.442325 -0.150170 -0.892413 -0.533652 0.391631 0.296875 -0.656394
69 -1.406084 -0.073419 -2.278013 1.364150 2.062931 1.034468 1.840621 0.161067 -0.074563 -0.606942 -0.378626 1.242670 1.516474 -0.276999 1.031125 0.383783 1.063567 -1.334624 0.937573 1.110830 0.681896 1.952922 -0.841434 0.975063 -1.663235 -0.770648 0.334921 -0.385307 -0.433489 0.409035 -1.029284 0.540090 0.296308 2.235275 0.365525 0.685798 0.127128 -0.663360 0.904259 1.865605 0.074626 0.620413 -0.272521 -0.654065 -1.588083 -0.890042 -1.012214 1.306841 -0.693731 0.879134
70 -0.176178 -0.764912 -2.340876 1.910530 0.462251 -0.034928 0.099803 -0.240698 -1.856522 1.024390 -0.675371 0.864236 0.178001 0.553446 0.619221 -1.661470 -0.565297 -0.023819 2.958210 0.110833 -0.417901 -1.150451 -0.576075 1.945862 -0.475600 0.648188 -1.217314 1.035318 -2.398694 -0.932443 0.856792 0.125377 -0.408180 0.032045 -0.440116 -1.241129 0.404385 -2.800606 0.976691 -1.511297 -0.100262 -0.718769 -0.195910 -0.440762 0.762234 0.289232 -0.236537 0.346802 -1.033739 2.773485
71 -1.375425 0.094555 -0.969541 0.319208 1.525215 0.692566 0.771636 0.818292 -2.023162 -1.118128 -1.243923 0.203430 0.185571 -0.933477 -0.256602 -1.585369 -0.243123 -1.582602 -0.004234 1.129298 1.513555 -0.613720 -0.563299 -0.292693 -1.166128 -0.595424 -0.291685 -0.480257 -0.164952 -0.493490 -1.555410 0.618456 -0.439711 1.852346 1.597331 -0.716673 -0.547746 -0.243991 -4.553467 1.916856 -0.716888 -1.411563 1.732996 0.699749 -0.255211 0.548476 0.246505 -1.128846 -0.546515 1.171621
72 1.384185 -1.966639 0.015683 0.104124 0.451292 -0.158952 0.802967 1.121069 3.105847 -1.111117 -0.612739 -1.568117 -0.218526 -0.070697 -0.500933 -1.032041 1.774164 0.219916 -1.164575 1.088507 -3.297301 -0.056787 -0.544075 2.183657 0.044604 -0.466820 -1.285780 -0.049688 -1.759323 -0.611736 -0.333356 0.538670 -1.084788 -0.940775 -0.157299 1.384218 -0.846263 1.390848 0.286299 -1.225558 -0.293051 0.868729 1.581914 -0.722603 0.555806 -0.603999 1.283102 -0.061891 0.595192 -0.272779
73 0.457360 -1.691029 -0.289822 -1.614045 0.724456 -0.011828 1.520811 -0.179277 -1.434795 1.542269 2.074136 0.102146 -0.006255 -0.605687 0.169064 -0.590725 -0.674381 -0.053164 -0.449669 0.522080 -0.357960 0.543422 0.492004 -0.614411 -1.877198 0.671096 -0.017460 0.424567 -1.514720 0.293559 0.600453 -0.253569 -0.020046 -0.356187 1.331497 -0.057446 -1.488454 -0.481193 -1.945708 -0.956175 -0.733355 0.599568 1.504104 -2.334188 -0.164186 0.704346 0.780757 0.458285 -0.453218 -0.030601
74 -0.353848 -0.278383 -1.148585 0.975316 0.978316 1.835168 -0.460176 -1.059232 0.162287 -0.284102 -1.754926 0.438290 -0.450362 -0.956378 -0.357569 -1.670319 -1.085372 1.100053 -0.866356 -1.641256 0.360844 -0.408867 0.713647 -0.097211 -1.834576 -0.106098 -1.340800 0.400121 1.199318 -1.388504 0.737360 0.075522 0.469082 1.763142 -2.005546 0.001799 -0.273914 -1.515116 2.241849 -1.087962 0.746762 0.098453 0.709391 0.264553 1.122788 1.824256 -0.156590 0.366925 -1.524314 0.126327
75 1.463438 0.728141 1.074977 -0.250066 -0.425637 -0.839720 1.271495 -2.503343 -0.849463 -0.648197 -0.689602 0.536825 0.133024 0.620706 0.439564 0.517447 0.988303 -0.246548 0.351929 -0.786365 -0.087493 1.231524 -0.708517 -0.735258 -1.861463 0.406535 -0.195872 -0.608166 -0.230590 -0.657732 0.328731 0.160182 0.727609 0.922237 0.165405 -0.312196 1.070031 -1.053964 -2.204164 0.644459 0.873044 -3.012645 -0.763694 -0.196331 -1.207266 -1.489368 0.543058 -2.592363 -1.217553 0.547757
76 1.436432 0.104564 -0.393667 1.313229 0.244366 -0.165373 0.590322 1.515843 1.038624 -0.619018 0.010233 0.699996 0.274697 0.516513 -1.019686 1.277395 -0.230485 -1.175306 -0.250542 1.782578 -1.018919 -0.613941 -1.792757 -0.586216 1.996950 1.651017 0.160181 -1.354533 -1.719137 2.397842 -1.725001 1.208310 -0.743520 0.882810 0.189689 1.233702 1.103987 -0.207839 0.183092 0.417203 -0.872861 -0.499766 0.069446 -0.754623 1.266167 -0.458859 -0.046284 1.561175 1.227968 -0.747835
77 1.699514 -0.770977 1.385624 0.521184 0.888236 -0.059063 -2.583031 -0.689084 0.388378 0.465797 -0.956789 -0.286981 1.090513 -1.303900 1.451531 0.827827 -1.689652 -0.091029 1.056401 -0.517316 1.309147 0.956619 0.306414 1.147702 0.173472 0.865080 -0.222703 -0.806987 -0.326517 0.024162 0.875962 -0.579116 -0.778273 0.847706 -0.468722 -2.887282 -0.193043 2.051066 -0.766347 0.446977 0.164867 -2.906246 -0.907042 -0.394676 0.829212 -0.324736 -0.485373 0.235761 -1.179342 -1.980072
78 0.444141 2.088638 0.159435 0.921742 0.968035 -0.848698 0.050128 0.510961 -0.165765 1.202859 0.319853 0.539014 -0.965750 0.058010 -0.417262 -1.285825 0.282559 1.778313 -0.384878 -0.755875 -0.282740 -0.412348 -1.355098 -1.343828 0.743365 -1.186059 -1.940417 -0.557155 -0.759944 -0.605418 0.691993 0.157039 -1.167781 0.652653 -0.529580 0.120780 -1.412462 1.137751 -0.071842 1.268128 -0.425281 0.412571 0.093244 -0.993042 1.337943 1.433907 0.731688 1.005695 -1.275031 0.907019
79 -0.743391 -1.537451 1.568431 -0.486022 -0.661601 1.221654 -1.346307 -1.313841 1.297211 0.059695 0.429609 -0.159380 1.887511 -0.339097 0.272324 -0.373455 -0.719531 1.252375 -1.033011 0.139264 0.302732 -0.062571 -0.298066 1.335285 -0.400443 0.851961 0.825672 -0.462601 -0.422125 0.613358 -2.276805 0.209725 0.282290 2.233480 0.839473 -0.514027 0.335679 -0.209816 -0.565972 -0.708319 -0.955665 0.952980 -0.071404 -0.447558 0.238318 -1.620743 -1.450582 1.092206 -0.961684 0.186655
80 0.477969 -0.816513 0.256129 -0.067138 -2.144554 2.188291 -0.970459 0.213904 -0.706284 0.258141 -0.970396 1.009579 0.857804 1.132831 0.080846 0.807574 -0.617449 1.013206 -1.190699 0.333202 0.848758 -0.088534 1.880019 0.248112 1.484124 0.156514 0.866497 2.589818 0.445940 1.003306 -1.365280 -0.735112 0.443704 2.161141 -0.099036 0.097878 0.082947 1.752821 -0.019231 0.309701 0.088884 1.339960 -0.178919 -0.301664 0.765098 -1.193355 -0.917727 -1.022495 0.287818 -3.093431
81 -0.857559 1.675289 0.475267 -0.819797 -0.035028 0.578960 0.476235 -0.255503 -0.273908 -1.045457 1.178970 -0.984802 -2.023288 1.259066 0.238667 0.742629 -0.041699 0.181200 0.757174 0.984701 0.121570 0.845890 -0.041655 -0.554032 -0.275755 -0.795534 -0.923422 -1.265135 -1.210772 0.063073 -1.585137 -0.052889 -0.627877 -0.679145 -1.003072 1.412927 0.944951 -1.460975 1.205433 -0.644522 0.778728 0.095173 -0.051236 -0.983249 0.725096 -0.212726 0.315235 -0.649179 0.310268 -1.451717
82 -1.783808 0.617494 0.250877 -0.149847 0.083552 -0.447183 -1.296391 -1.086022 -0.398984 -0.786446 1.279940 0.686737 1.129042 0.265086 0.342028 -0.156630 -1.538372 -0.668146 -1.431651 1.224071 1.285653 0.232929 0.087735 0.150477 -0.033428 -2.173754 1.399032 -0.515379 -0.454335 -0.137702 0.055918 0.177082 -0.602928 0.355105 0.425634 1.790427 -0.595048 0.009492 -1.224303 0.372215 0.203329 -2.522192 -1.742735 0.945901 1.550299 -0.093079 0.202322 1.381801 -0.720467 2.623161
83 0.590299 0.606763 -0.174677 -0.715258 0.303476 -0.038549 1.501657 1.693129 0.359810 0.197113 -1.429754 -0.471875 -0.466256 0.273809 -2.547075 0.575232 2.421402 1.059191 -0.520058 -1.005301 -0.604414 0.981283 -0.587803 -0.868802 -1.661405 1.850527 -0.157046 1.261066 -0.136706 0.434666 -0.564719 0.599018 0.319632 -0.168305 -1.640637 -1.201007 0.150440 0.888660 1.465956 0.624678 2.956063 -0.107606 0.446686 0.035274 -0.503359 0.255681 -1.551748 0.558188 0.227571 -0.459316
84 -1.122261 0.454938 0.243643 -0.670388 -0.759550 -1.931059 -1.669308 -0.024713 -0.497518 -0.582492 0.568122 -0.280959 -0.708252 -0.503971 0.595480 0.299561 -1.497672 0.953087 -1.045218 -0.783713 0.524116 0.646502 -0.854624 -1.088760 -0.708684 1.725982 0.112740 0.372106 0.996595 -0.645657 0.003443 0.877050 -0.225432 1.169627 -0.768672 -0.910262 -0.343430 0.097308 1.855124 -0.909305 0.370478 -1.085007 -1.875282 -1.296163 -0.519196 -2.150963 -0.223633 -0.782515 -0.096286 -1.688169
85 -1.358170 -0.682869 -1.082698 1.148872 0.920278 -1.002316 -0.168982 -3.690163 -0.561463 0.762037 -0.366822 -1.899832 1.158229 -0.892844 0.064011 -0.627304 1.014928 0.880216 -2.282270 -0.365925 2.406531 -0.247508 0.196911 2.215381 0.507613 1.774724 -0.693371 0.552959 0.516367 1.149571 -0.713042 -1.415728 1.537256 -1.319511 -0.741501 -1.342595 0.933545 0.974191 0.769082 -1.071026 -0.062115 -0.318799 0.203895 0.559816 2.191180 -0.021371 -2.602155 -0.628094 1.405968 0.408324
86 -0.779477 1.097139 0.157910 1.079780 -0.136460 0.163362 -1.019841 -0.360904 -0.818651 0.930347 -0.542571 -0.238853 0.079391 -1.373562 0.211874 -1.262457 -0.607112 1.910326 -0.620853 0.165508 -0.519480 0.763863 0.608088 -2.248131 -0.441406 0.145123 -1.160233 0.838112 1.797449 1.201771 0.444329 0.027585 0.516323 0.010375 -0.658358 0.925098 0.367480 -0.482926 -0.780398 0.360362 -0.458563 0.772807 0.485086 -0.225251 -0.666285 0.487884 -0.219406 -0.188749 -0.689505 0.049142
87 0.499610 -0.774075 -2.248880 -0.820903 1.162991 1.977876 -1.203335 -0.514984 0.249072 -0.204966 0.752904 0.485883 -0.208218 0.417608 -1.159131 -0.191965 0.209096 0.396686 -0.044881 1.430603 0.529771 -0.878132 0.248404 -0.761345 0.706690 0.180990 0.778312 -1.788558 1.232512 1.247510 0.661122 -0.180537 0.836871 0.071504 2.474851 0.068393 1.228180 0.522254 0.218655 -0.447289 0.801584 -1.226836 -0.749898 1.421420 0.071993 0.413096 -0.340609 -0.324616 -0.645105 0.728130
88 -0.215472 0.863690 0.031725 2.075229 1.390835 0.374875 0.467816 1.135850 0.831052 -0.015737 -1.842755 -0.103610 -1.152023 1.358261 -1.733221 1.202850 -0.603594 0.418653 -0.801405 -1.323856 -0.444754 1.457520 0.187782 0.396876 0.522588 -0.868367 -1.276160 0.835793 -0.874266 1.238743 -1.060317 -0.444192 -1.634062 -1.972210 0.877793 -0.494301 0.148595 -1.492006 -1.297894 -1.826846 -0.250599 0.306595 -0.172435 -0.285485 -0.386872 -2.333341 -0.610524 0.939082 0.306829 0.769005
89 0.034961 1.577800 -0.488831 0.887089 -1.267861 -0.047342 0.387039 0.766465 0.782756 -0.590601 2.074401 0.501288 -0.966978 -0.710212 -1.094926 0.798513 -1.473269 0.146880 -0.193033 1.544615 -0.409000 0.074711 -0.757613 0.535929 -0.001253 1.438786 1.671687 0.652233 -1.933771 -1.480968 -1.998207 0.189331 1.093548 0.052713 0.400626 0.928665 -1.384966 0.449377 0.699344 -0.321225 0.536342 1.757434 -0.928617 1.442246 1.403631 -0.542724 -0.127241 0.796691 -0.596700 2.116115
90 0.916025 0.734779 -0.116299 -0.785917 -0.771819 1.645728 -0.813222 -0.517658 -0.466331 -0.312839 -0.002883 0.243407 -0.023136 0.126475 -0.473192 -0.191033 -1.060177 0.749800 1.570207 -1.872496 -0.286224 -1.287808 -0.197886 0.458745 -0.216050 -0.716143 0.299089 -2.367939 0.845720 -0.037166 -1.172632 0.951980 1.603217 0.615357 0.947763 0.175006 -0.695693 -0.975094 -0.746744 -1.206238 1.108169 -0.652599 -1.006546 -0.489194 0.562683 -0.792036 0.583794 -0.022189 -1.369847 0.092176
91 0.740775 0.656245 -1.258821 0.167371 0.424524 -0.682721 -0.159101 -1.388336 0.681119 -0.115566 -0.086583 -0.431002 -0.541821 0.518124 1.634505 0.713627 0.687527 -0.491234 0.124960 -0.386666 0.321105 -0.076927 1.140422 0.981264 0.659691 -0.894611 -2.935070 2.019746 0.572674 0.171220 2.760750 -0.496640 -1.368659 -0.235936 -0.017744 -0.871294 1.153752 0.553814 1.705401 0.952913 -0.502440 0.834088 -0.264677 1.070741 -1.039853 0.167501 1.619953 1.059394 -1.792465 -1.475313
92 -0.049348 -0.728051 0.431836 -0.635025 0.506024 0.003497 -0.843706 -1.874184 0.644664 0.018225 -0.650238 1.253152 -0.196174 1.078790 -1.624186 0.146867 1.455924 -2.197129 -1.126792 -0.338255 0.824773 0.893682 -0.911924 -0.009175 0.026840 -0.907349 -0.255845 -0.380156 1.354496 1.312935 1.846292 0.306669 -0.922912 -1.545595 1.008410 1.887583 -0.084658 0.333610 0.839844 0.499973 -0.222607 0.997210 -0.148183 0.900500 -1.081127 -1.920180 -0.048124 1.662943 -2.398012 -0.390896
93 -1.616182 -0.864184 0.139315 -0.246531 -0.295887 0.606652 0.171499 1.299816 0.067664 -0.159640 0.759755 -0.011094 -0.077815 0.093836 -0.038127 0.757842 -0.362567 0.792808 1.445139 -0.596768 -0.293333 0.980318 -1.739497 0.404782 0.419874 -0.908108 -0.838521 0.389785 0.902368 -1.543160 -0.721885 -0.366471 0.155622 1.535091 -0.494071 0.587731 -0.807998 0.354822 0.063119 0.230648 -0.621095 -0.894629 -0.331024 -0.939613 -0.353021 0.423869 0.821619 -2.744343 -0.013271 -0.813212
94 0.478579 0.851118 0.978833 0.202349 1.192883 1.766209 0.780989 -0.141084 -1.671647 -1.941274 0.143771 1.080250 -0.518161 2.006902 -0.257937 -1.271095 0.407930 -0.198351 0.024087 0.777151 -0.195576 0.329490 -0.293333 0.699079 -3.051766 -0.165991 -0.152527 0.498186 0.222227 -1.722539 -0.884663 0.131040 -0.413529 -0.828752 1.316940 1.697590 -0.189982 0.486783 0.075474 -0.108073 0.215150 -0.515153 -0.238660 -0.302721 -2.678390 0.517290 -2.266721 -0.393641 -1.627025 -0.046185
95 0.612230 0.879325 1.556917 1.092058 -1.293605 0.476130 0.919187 -0.627744 1.101021 1.362809 2.622062 0.878182 -0.779987 0.900689 -0.164796 0.433400 0.375043 -1.304742 -0.694523 -0.302093 -2.397681 -0.161153 -0.393964 0.014213 0.951199 0.202786 2.157522 2.348033 -0.579275 0.559934 -0.548026 -0.096900 0.274987 0.519337 0.105951 -0.741376 -0.625374 1.497204 -1.152684 -0.646210 0.028854 -0.388736 0.545142 2.050429 -1.461888 -1.248066 1.101831 0.348116 -0.783933 0.034813
96 -0.339816 -0.464690 -1.376070 1.389001 -1.468810 1.376338 -0.444538 -1.195737 1.286643 -1.943691 -0.893843 0.935019 1.180628 -0.502479 1.145140 -0.635821 0.992391 -0.569321 -0.087991 0.380259 -0.087352 0.079005 0.096661 1.022240 0.534109 -0.374880 2.439073 -1.651776 -1.501411 -0.557595 -1.592909 0.248935 0.031751 0.281287 1.212716 0.056469 1.598736 -1.591926 -1.047399 1.002682 1.594930 -0.385301 1.083585 1.628676 0.075842 0.765155 1.121853 1.509798 0.674043 -0.099023
97 0.017200 -1.470570 0.087217 -0.296593 -0.039386 -0.758673 -0.098494 -1.309939 0.002055 1.723350 0.919868 -0.354004 -0.427149 -0.420821 0.951888 -0.770459 -0.002754 -1.792040 0.541886 -0.501986 -0.183564 -0.415822 -0.532189 0.238757 -1.106363 -0.438246 -0.878965 0.030183 0.286123 0.315708 -0.026849 0.278060 -0.477837 1.188232 0.313845 -1.355560 -1.221600 0.333517 -0.066636 -0.949453 -0.485771 0.420828 2.575865 -1.026597 1.894971 1.242586 0.317538 2.012301 1.093614 0.268439
98 -2.255091 -1.454993 -0.565082 -0.755114 1.092331 0.991878 -1.258361 -1.675456 0.830637 -0.748442 1.383443 -0.338204 -0.409840 -0.087228 0.659156 -0.395580 -1.294625 -0.049000 -0.542595 -0.470987 -0.796767 0.601219 1.340914 -0.493186 1.359908 -0.400119 1.278389 -0.317979 -0.198315 -1.346225 0.444207 -0.506857 2.033009 0.678027 -0.628144 -1.646521 0.181768 -0.040701 2.122770 -0.039018 -0.185416 0.760094 0.984814 0.059963 0.733459 0.455674 1.580078 0.644817 -0.224999 0.694267
99 0.860630 1.393698 0.178105 -0.451996 -0.983261 -1.932169 1.682172 -1.510346 1.106368 -0.671630 0.368848 0.874625 -0.262717 -2.045154 -1.029504 2.482330 -2.156547 -1.547430 -0.380594 -1.147653 0.113052 0.680937 -0.694015 -0.402318 0.979643 -0.053677 -0.948385 0.064611 0.145778 -1.376276 0.268902 0.547358 -0.042006 0.414945 0.252891 -0.520675 -0.337989 0.427517 0.294109 0.250988 -0.480540 -0.205990 -0.209362 0.363526 -0.728117 0.312572 -0.261887 0.064011 1.875626 0.133468
END
#################################################################
SECTION3 (Edges Information)
EndPoint0 EndPoint1 Weight
0 1 1.000000
0 9 1.000000
0 10 1.000000
0 90 1.000000
1 0 1.000000
1 2 1.000000
1 11 1.000000
1 91 1.000000
2 1 1.000000
2 3 1.000000
2 12 1.000000
2 92 1.000000
3 2 1.000000
3 4 1.000000
3 13 1.000000
3 93 1.000000
4 3 1.000000
4 5 1.000000
4 14 1.000000
4 94 1.000000
5 4 1.000000
5 6 1.000000
5 15 1.000000
5 95 1.000000
6 5 1.000000
6 7 1.000000
6 16 1.000000
6 96 1.000000
7 6 1.000000
7 8 1.000000
7 17 1.000000
7 97 1.000000
8 7 1.000000
8 9 1.000000
8 18 1.000000
8 98 1.000000
9 0 1.000000
9 8 1.000000
9 19 1.000000
9 99 1.000000
10 0 1.000000
10 11 1.000000
10 19 1.000000
10 20 1.000000
11 1 1.000000
11 10 1.000000
11 12 1.000000
11 21 1.000000
12 2 1.000000
12 11 1.000000
12 13 1.000000
12 22 1.000000
13 3 1.000000
13 12 1.000000
13 14 1.000000
13 23 1.000000
14 4 1.000000
14 13 1.000000
14 15 1.000000
14 24 1.000000
15 5 1.000000
15 14 1.000000
15 16 1.000000
15 25 1.000000
16 6 1.000000
16 15 1.000000
16 17 1.000000
16 26 1.000000
17 7 1.000000
17 16 1.000000
17 18 1.000000
17 27 1.000000
18 8 1.000000
18 17 1.000000
18 19 1.000000
18 28 1.000000
19 9 1.000000
19 10 1.000000
19 18 1.000000
19 29 1.000000
20 10 1.000000
20 21 1.000000
20 29 1.000000
20 30 1.000000
21 11 1.000000
21 20 1.000000
21 22 1.000000
21 31 1.000000
22 12 1.000000
22 21 1.000000
22 23 1.000000
22 32 1.000000
23 13 1.000000
23 22 1.000000
23 24 1.000000
23 33 1.000000
24 14 1.000000
24 23 1.000000
24 25 1.000000
24 34 1.000000
25 15 1.000000
25 24 1.000000
25 26 1.000000
25 35 1.000000
26 16 1.000000
26 25 1.000000
26 27 1.000000
26 36 1.000000
27 17 1.000000
27 26 1.000000
27 28 1.000000
27 37 1.000000
28 18 1.000000
28 27 1.000000
28 29 1.000000
28 38 1.000000
29 19 1.000000
29 20 1.000000
29 28 1.000000
29 39 1.000000
30 20 1.000000
30 31 1.000000
30 39 1.000000
30 40 1.000000
31 21 1.000000
31 30 1.000000
31 32 1.000000
31 41 1.000000
32 22 1.000000
32 31 1.000000
32 33 1.000000
32 42 1.000000
33 23 1.000000
33 32 1.000000
33 34 1.000000
33 43 1.000000
34 24 1.000000
34 33 1.000000
34 35 1.000000
34 44 1.000000
35 25 1.000000
35 34 1.000000
35 36 1.000000
35 45 1.000000
36 26 1.000000
36 35 1.000000
36 37 1.000000
36 46 1.000000
37 27 1.000000
37 36 1.000000
37 38 1.000000
37 47 1.000000
38 28 1.000000
38 37 1.000000
38 39 1.000000
38 48 1.000000
39 29 1.000000
39 30 1.000000
39 38 1.000000
39 49 1.000000
40 30 1.000000
40 41 1.000000
40 49 1.000000
40 50 1.000000
41 31 1.000000
41 40 1.000000
41 42 1.000000
41 51 1.000000
42 32 1.000000
42 41 1.000000
42 43 1.000000
42 52 1.000000
43 33 1.000000
43 42 1.000000
43 44 1.000000
43 53 1.000000
44 34 1.000000
44 43 1.000000
44 45 1.000000
44 54 1.000000
45 35 1.000000
45 44 1.000000
45 46 1.000000
45 55 1.000000
46 36 1.000000
46 45 1.000000
46 47 1.000000
46 56 1.000000
47 37 1.000000
47 46 1.000000
47 48 1.000000
47 57 1.000000
48 38 1.000000
48 47 1.000000
48 49 1.000000
48 58 1.000000
49 39 1.000000
49 40 1.000000
49 48 1.000000
49 59 1.000000
50 40 1.000000
50 51 1.000000
50 59 1.000000
50 60 1.000000
51 41 1.000000
51 50 1.000000
51 52 1.000000
51 61 1.000000
52 42 1.000000
52 51 1.000000
52 53 1.000000
52 62 1.000000
53 43 1.000000
53 52 1.000000
53 54 1.000000
53 63 1.000000
54 44 1.000000
54 53 1.000000
54 55 1.000000
54 64 1.000000
55 45 1.000000
55 54 1.000000
55 56 1.000000
55 65 1.000000
56 46 1.000000
56 55 1.000000
56 57 1.000000
56 66 1.000000
57 47 1.000000
57 56 1.000000
57 58 1.000000
57 67 1.000000
58 48 1.000000
58 57 1.000000
58 59 1.000000
58 68 1.000000
59 49 1.000000
59 50 1.000000
59 58 1.000000
59 69 1.000000
60 50 1.000000
60 61 1.000000
60 69 1.000000
60 70 1.000000
61 51 1.000000
61 60 1.000000
61 62 1.000000
61 71 1.000000
62 52 1.000000
62 61 1.000000
62 63 1.000000
62 72 1.000000
63 53 1.000000
63 62 1.000000
63 64 1.000000
63 73 1.000000
64 54 1.000000
64 63 1.000000
64 65 1.000000
64 74 1.000000
65 55 1.000000
65 64 1.000000
65 66 1.000000
65 75 1.000000
66 56 1.000000
66 65 1.000000
66 67 1.000000
66 76 1.000000
67 57 1.000000
67 66 1.000000
67 68 1.000000
67 77 1.000000
68 58 1.000000
68 67 1.000000
68 69 1.000000
68 78 1.000000
69 59 1.000000
69 60 1.000000
69 68 1.000000
69 79 1.000000
70 60 1.000000
70 71 1.000000
70 79 1.000000
70 80 1.000000
71 61 1.000000
71 70 1.000000
71 72 1.000000
71 81 1.000000
72 62 1.000000
72 71 1.000000
72 73 1.000000
72 82 1.000000
73 63 1.000000
73 72 1.000000
73 74 1.000000
73 83 1.000000
74 64 1.000000
74 73 1.000000
74 75 1.000000
74 84 1.000000
75 65 1.000000
75 74 1.000000
75 76 1.000000
75 85 1.000000
76 66 1.000000
76 75 1.000000
76 77 1.000000
76 86 1.000000
77 67 1.000000
77 76 1.000000
77 78 1.000000
77 87 1.000000
78 68 1.000000
78 77 1.000000
78 79 1.000000
78 88 1.000000
79 69 1.000000
79 70 1.000000
79 78 1.000000
79 89 1.000000
80 70 1.000000
80 81 1.000000
80 89 1.000000
80 90 1.000000
81 71 1.000000
81 80 1.000000
81 82 1.000000
81 91 1.000000
82 72 1.000000
82 81 1.000000
82 83 1.000000
82 92 1.000000
83 73 1.000000
83 82 1.000000
83 84 1.000000
83 93 1.000000
84 74 1.000000
84 83 1.000000
84 85 1.000000
84 94 1.000000
85 75 1.000000
85 84 1.000000
85 86 1.000000
85 95 1.000000
86 76 1.000000
86 85 1.000000
86 87 1.000000
86 96 1.000000
87 77 1.000000
87 86 1.000000
87 88 1.000000
87 97 1.000000
88 78 1.000000
88 87 1.000000
88 89 1.000000
88 98 1.000000
89 79 1.000000
89 80 1.000000
89 88 1.000000
89 99 1.000000
90 0 1.000000
90 80 1.000000
90 91 1.000000
90 99 1.000000
91 1 1.000000
91 81 1.000000
91 90 1.000000
91 92 1.000000
92 2 1.000000
92 82 1.000000
92 91 1.000000
92 93 1.000000
93 3 1.000000
93 83 1.000000
93 92 1.000000
93 94 1.000000
94 4 1.000000
94 84 1.000000
94 93 1.000000
94 95 1.000000
95 5 1.000000
95 85 1.000000
95 94 1.000000
95 96 1.000000
96 6 1.000000
96 86 1.000000
96 95 1.000000
96 97 1.000000
97 7 1.000000
97 87 1.000000
97 96 1.000000
97 98 1.000000
98 8 1.000000
98 88 1.000000
98 97 1.000000
98 99 1.000000
99 9 1.000000
99 89 1.000000
99 90 1.000000
99 98 1.000000
END
#################################################################
SECTION4 (TrueSubGraph Information)
EndPoint0 EndPoint1 Weight
2 12 1.0
12 22 1.0
22 21 1.0
21 20 1.0
20 10 1.0
12 13 1.0
13 23 1.0
23 33 1.0
33 43 1.0
END
#################################################################
SECTION5 (Labels Information)
1 1 1 1 1 1 1 1 1 1 1 1 1 1 1 1 1 1 1 1 1 1 1 1 1 1 1 1 1 1 1 1 1 1 1 1 1 1 1 1 1 1 1 1 1 1 1 1 1 1 
END
#################################################################
SECTION6 (bt Information)
5 5 5 5 5 5 5 5 5 5 5 5 5 5 5 5 5 5 5 5 5 5 5 5 5 5 5 5 5 5 5 5 5 5 5 5 5 5 5 5 5 5 5 5 5 5 5 5 5 5 
END
#################################################################
