#################################################################
#APDM Input Graph, this input graph includes 3 sections:
#section1 : general information
#section2 : nodes
#section3 : edges
#section4 : trueSubGraph (Optional)
#
#if nodes haven't information set weight to null
#################################################################
SECTION1 (General Information)
numNodes = 100
numEdges = 200
usedAlgorithm = NULL
dataSource = SimulationData2
END
#################################################################
SECTION2 (Nodes Information)
NodeID Base Counts
0 0.466803 2.389643 -2.172148 -1.068476 -1.015134 2.432979 1.645111 1.134346 0.553805 -0.483064 -0.889350 -0.682689 -0.161265 -1.031325 0.681870 0.658329 0.989224 -0.758339 -1.613540 0.332362 -0.239896 -0.058225 -0.506719 -1.829909 1.087371 1.269624 -0.835028 -0.611701 -0.621841 0.219243 0.700692 0.618417 -0.262632 0.258929 1.171544 -0.702351 -1.406831 -0.443989 -0.857593 -0.762722 -0.983651 -1.220502 1.138647 0.587458 -0.854333 0.250002 0.556353 -1.403767 1.244319 0.551899
1 -1.011405 0.746042 -0.012679 -0.235574 0.170988 -0.288691 0.618588 -1.494491 -0.755556 -1.157363 1.953863 -1.115732 -0.276773 0.665371 0.195187 -0.267905 0.638967 0.318310 1.825940 1.149177 -0.915156 -0.346114 0.588819 0.249776 1.607184 -0.516735 -0.668738 -0.212321 0.327821 0.320960 -0.183283 -0.292108 2.083194 2.039516 2.425233 1.329129 -0.012933 -1.123376 1.420828 0.191660 0.553326 -0.021854 -0.044607 1.326290 0.960105 -1.192061 -1.107573 -0.682316 -0.252777 1.348463
2 0.362135 -0.134141 -0.648514 0.517902 -0.977601 0.386652 -2.244481 -1.052301 -0.046221 -1.584692 -1.836737 0.615117 0.757742 -0.432821 -0.054794 -0.613418 1.461883 -1.066978 -0.415626 1.054625 -0.796300 0.799990 -0.840647 0.820849 -0.420004 0.024484 -0.603851 -0.138603 -0.156907 -0.997023 -0.104895 -0.097616 0.549881 0.166421 -1.648048 -0.065127 -1.373074 0.491273 -1.786756 -2.156798 0.453291 0.741177 2.430974 -0.623778 0.977369 0.127606 0.461599 -0.410969 0.597095 -0.206080
3 -1.764248 -0.676054 -0.820210 -0.469324 -0.855583 0.782088 -1.853163 -0.869566 -0.810906 1.207064 0.981320 0.933611 -0.780572 -0.461715 -1.286958 -1.310259 -0.895319 0.721701 0.208619 1.165774 -2.204618 -1.670035 -2.193067 1.233828 1.581318 0.906419 -0.390316 -0.278659 2.482049 -0.169743 0.379458 -1.850252 1.718944 -0.585579 -0.257263 -0.724402 0.056157 -0.387933 0.055353 -1.448880 -0.357353 1.091447 -0.624029 -0.510916 0.308992 0.338057 1.148368 -0.291460 -0.203327 -0.400632
4 2.662133 -0.916029 1.493788 1.093546 -0.542372 -0.686058 -2.062170 -1.419039 0.119428 -0.339341 -0.857587 0.268999 -1.024205 0.912847 2.081482 0.110023 0.629608 -0.300325 -1.376817 0.941531 -0.596621 -0.287513 -1.904392 -0.792063 1.140234 -1.122660 -1.529638 0.349210 1.205332 -1.073685 -1.178145 0.018813 -1.327694 -0.546208 1.785055 -0.635386 2.678064 -0.829630 -1.643214 0.058006 -0.177445 1.309679 0.742859 0.231563 0.634741 -0.743912 -1.562494 -0.860946 -0.528134 -0.990587
5 1.617750 -1.302959 0.840290 0.511375 -0.574046 2.261845 0.055378 -0.599798 0.686959 -0.446270 0.499012 -0.088223 1.754316 0.104152 1.718185 -0.309106 1.207703 0.879875 -0.256426 0.724596 0.730957 0.382987 0.821875 -0.904998 0.046284 0.134612 1.030030 0.327636 2.059421 -0.830899 -0.807684 0.332181 0.366326 -0.476774 0.457652 1.490920 1.794836 -1.053166 -1.301304 -0.438941 -1.727548 -0.983572 -1.723033 0.552796 -1.601438 0.729076 1.478442 -0.532981 2.819875 0.486606
6 -0.313737 -1.295204 0.889121 1.747094 -1.123201 1.995836 0.585275 -0.716437 0.268747 1.300090 -1.002011 1.009741 0.734750 0.890457 -0.365672 0.249251 -0.152666 -1.736115 -0.026015 0.205272 0.372502 1.100657 -1.180153 -1.307852 -2.433381 -1.575868 0.024730 1.247287 0.531323 0.248979 0.954315 -0.236994 -0.274827 0.976244 -0.323505 -0.180224 -1.782796 -1.462729 -0.267824 -0.952928 0.107106 1.261131 0.643908 -1.076726 2.330840 -1.284023 -0.788104 1.588519 -0.994398 -0.533893
7 -1.646172 0.840984 -0.638613 1.097750 -0.944216 0.682493 0.006177 -1.136055 0.709705 0.571263 -2.053260 0.471098 -1.192880 -0.232982 0.996550 -0.765949 0.577866 1.412717 -2.135702 0.543231 -0.733045 1.268585 1.882076 -0.327400 -0.734496 -0.928946 0.424194 0.385301 -0.479845 0.230611 2.543264 1.049023 0.823421 0.012104 -1.600916 0.967067 0.412503 -0.590944 -0.666269 1.404161 1.325941 -3.238835 0.623647 -0.839244 -0.028651 0.802219 0.177049 -0.580917 -0.604521 1.723410
8 -1.584894 0.417562 1.015676 -1.262252 -0.473558 0.614174 -1.049871 -0.349513 0.424510 -1.119392 1.534683 0.573517 0.607916 -0.376522 0.429190 1.515847 0.504477 -0.347738 0.109358 -0.001109 -0.753265 2.352572 0.425789 1.762272 -0.607374 0.505356 -0.623561 2.961227 -1.752112 0.440771 0.104257 1.098964 -0.738835 -0.031277 -1.479561 -0.785760 -0.281459 -0.542552 -1.107309 0.624592 -0.342653 -1.446979 1.535536 0.372447 1.309295 0.668092 -0.626215 -0.770598 0.308476 0.857125
9 -0.157366 1.200891 0.243886 -0.789459 -1.191096 0.203632 -0.506494 -0.311177 0.102323 1.096181 -0.863960 0.278384 0.563226 -0.297503 2.625215 -0.088761 -0.241916 -0.398404 -0.554155 0.611716 0.112068 -0.984973 0.385311 0.945787 -1.257715 0.147321 1.213369 -0.012518 -0.681057 0.049050 -0.126598 0.215505 0.730552 0.585356 0.231516 -0.142366 1.074519 -0.006033 1.215709 -1.627177 -1.551928 -0.403638 -0.890699 0.014299 -0.871393 -0.364844 0.123108 0.202696 -2.033401 0.643224
10 0.062668 -0.980057 1.546874 0.582346 -0.338064 -0.051938 0.406646 -0.956101 -0.347334 0.177747 0.582454 0.698634 -0.596651 -1.184019 0.675729 0.638044 -1.054515 -0.355778 -0.460604 0.155604 0.342976 0.002248 0.113231 1.017516 2.962661 -0.213552 1.000531 0.227464 0.366905 0.835947 0.929944 -0.126643 1.739340 0.435808 -2.246138 -0.367305 -0.552877 0.282053 -2.463586 0.429151 -2.589051 0.339424 0.470436 -0.364249 1.873767 -0.901102 1.197187 0.216845 1.342598 1.643310
11 -0.401785 -0.867926 0.767638 -0.629356 -0.764168 -1.344796 -0.673377 -1.417194 0.577121 -0.506561 -0.069225 -0.326273 0.546158 1.180451 0.275362 0.672283 -0.343571 -0.715478 -1.360320 1.135800 -1.679992 2.415352 -0.754426 0.348885 1.610565 -0.216682 -0.866165 1.348249 0.237667 0.684385 -1.166601 0.032007 -0.394718 0.040094 0.733975 -0.186954 0.552156 -1.967064 -0.295006 -0.338679 0.688800 0.124773 -1.258813 0.647488 -0.020737 0.859876 -0.436855 -0.771582 -0.945772 0.696943
12 -0.668336 0.633688 -0.236556 -0.100359 -0.460875 1.004180 -1.329833 -0.847751 -0.594820 0.104858 0.740000 -0.715116 0.305295 -0.745963 0.902830 0.952581 -0.510404 -0.437179 0.907721 0.117910 -1.437177 -1.407537 0.796930 0.182872 -0.770629 -0.224850 0.267037 0.632992 -0.810650 1.113664 -0.973891 -2.624448 -0.536970 0.685137 0.499717 -1.935189 1.070745 0.662044 0.618233 0.835388 0.548536 -0.702407 -2.209499 0.017902 0.384909 -2.304093 -0.900201 -0.884991 0.302780 0.251055
13 -1.468443 0.141448 0.202915 1.914876 -1.166646 0.449308 0.261772 -0.067705 0.153755 -2.931206 0.117325 -0.712215 1.757046 0.970910 1.404919 -0.138673 -0.411135 -0.012417 -1.365791 0.448254 -1.878057 0.603707 0.154297 1.397788 0.789103 0.838090 1.054372 -0.306234 0.273865 -1.140387 0.475512 0.670494 -0.064210 1.310489 0.708114 0.479236 -0.649347 0.545309 -1.133710 2.180146 -0.897913 0.309240 -1.792204 -0.230752 -0.577011 0.067857 1.122718 0.750775 2.803401 0.374726
14 0.069992 0.262781 -0.075588 -1.135632 -1.143627 -1.106616 0.781778 -1.673679 0.688452 -2.013306 0.546342 -1.280395 1.489773 0.172233 -0.566112 -0.033878 0.370919 -0.210378 0.154121 -1.554934 0.570965 0.000860 0.033852 -0.848052 -0.262670 -0.035378 -1.351481 -1.058799 -0.817698 0.825205 1.374850 0.177293 0.571634 -0.030000 0.028372 0.112149 -0.073635 -0.041602 1.825410 -0.878450 -0.033196 0.409462 0.007367 0.191178 2.332363 -0.661759 -0.170430 -0.356777 -0.110223 -0.022401
15 1.026981 -0.561611 1.818264 0.338565 0.211368 -0.838573 0.298057 0.119863 0.984304 -1.723195 1.107775 0.472445 0.661084 -0.575650 -0.761628 0.648218 1.122494 0.700616 -0.162566 -1.523150 1.287579 1.267000 1.156411 -0.084067 -0.792971 -1.253471 0.462614 -0.557571 -0.332646 2.798462 1.298006 -0.139361 1.013374 -0.116460 1.190825 -0.172071 1.202273 -0.647308 0.526878 -0.345034 -0.312373 -0.135119 -0.075653 0.516231 0.475996 -1.366433 -0.203654 -1.379930 1.137046 1.280306
16 -0.442741 -1.491722 -1.781465 1.859012 -0.497002 -1.325865 -1.009499 2.546718 -1.265274 -0.331960 -2.062881 -0.415694 0.612053 1.548453 -0.290038 1.092240 -0.509488 1.492535 -1.111169 -0.200624 0.811719 2.506594 0.958480 -0.947910 -1.532640 0.691759 0.482328 -0.469969 -1.122574 -0.470557 -0.916191 -1.951007 -0.162999 0.483595 0.197052 -0.135549 1.498405 0.203046 0.173993 1.895318 -1.558376 0.404541 0.459856 -0.625044 -0.273638 1.574820 0.459567 -1.445019 -1.907052 1.226992
17 2.274570 -0.502159 1.489209 -0.121967 -1.268592 -0.645558 0.456157 0.676762 0.859049 -0.433599 1.287766 -0.473340 1.205064 0.745572 0.396689 0.031846 -1.064658 -1.058545 -1.789393 0.606535 -0.238207 0.845360 -0.825044 -2.365486 -1.083712 -0.312590 0.421554 -0.778301 0.230861 -0.330429 -0.427268 -0.289360 0.236339 -1.979849 0.501825 0.267693 -0.973864 0.126034 -0.392976 -0.973858 0.070577 0.919048 0.163267 -0.899580 -0.524814 -0.141982 0.397655 -1.314234 -0.943513 -0.602619
18 1.528575 -1.548912 0.582710 0.658900 -0.009982 0.359991 -1.584547 0.044264 -0.783907 -0.174963 -0.192008 -0.114911 -1.556672 0.854532 1.310756 1.078516 -0.391220 0.477229 -0.689397 -1.543630 -0.190745 0.108565 -0.596621 -0.406776 1.592949 -0.780076 1.595338 2.277336 0.263399 -0.833661 1.602406 0.031345 -1.590709 0.958534 1.528550 1.572770 0.541576 -0.013489 0.769483 -0.624800 0.285702 -1.244119 0.555832 0.846538 -0.880766 1.850772 2.430730 -1.141983 -0.695257 1.669525
19 -0.158185 -0.994256 0.796685 -1.130473 0.694344 0.389706 -0.100138 -1.625115 1.375653 -1.021422 0.604329 -1.276045 -1.847082 0.026067 -0.739452 -1.532398 -0.176113 -0.342428 -0.472134 0.744554 1.919579 1.443372 -0.984148 1.086620 0.131053 -1.878024 -0.762359 -0.679748 0.047315 1.216967 1.061758 -1.836393 -0.216169 -0.945418 -0.945303 1.030242 -0.506636 0.342538 -0.950926 0.320991 0.507477 -0.357303 -0.658749 0.107860 -2.194519 0.957817 2.293544 1.654968 0.026112 -0.968628
20 -0.873806 0.295727 1.341173 -0.284486 0.600341 -0.266792 -1.023956 0.414384 0.009607 -0.246674 -0.368400 -0.756313 -0.631592 0.052831 -0.090431 0.879524 0.278953 -1.355680 0.407223 1.939769 0.765153 -0.727196 -1.315968 -0.729023 0.165166 -1.589674 -2.172023 -0.738803 -0.566451 -0.499427 -0.616864 -1.312803 0.118505 1.637306 1.528726 -0.205268 0.384922 0.093489 -0.735926 1.492979 0.350522 0.102844 -0.394719 1.201741 -1.487387 0.461517 0.391094 -1.200768 0.939591 0.321130
21 -0.873124 -0.619778 -1.725958 -0.361092 1.349301 0.113138 0.002596 1.648098 -0.405764 0.724880 -1.077116 0.191442 -0.309753 0.859137 0.085183 0.353218 -0.700052 0.181028 1.225824 0.058487 -0.908657 0.132377 -0.635183 0.606361 1.179026 0.172828 0.507700 -0.568878 0.112807 0.051787 -1.099015 0.957583 1.521630 -0.151414 -0.060248 -1.889688 0.292005 1.627294 0.531959 -0.541115 1.130060 2.522496 1.498509 0.944551 -2.211655 -1.011620 0.021712 0.469978 -0.916980 -1.029993
22 -0.679342 -0.166423 2.438072 0.876690 -0.107938 -1.282966 0.079500 -0.843334 0.070578 -0.415746 -0.149633 -1.633878 -0.598647 0.006847 -0.605344 0.844360 0.158400 0.585725 -0.899112 -0.287001 -1.413434 0.296636 0.804002 0.399612 -1.351041 -1.932404 -0.034056 0.779725 0.459113 0.306409 0.314351 0.061522 -0.527406 -0.526019 1.651109 1.925504 1.483506 1.106546 0.771525 -1.083464 1.408922 0.475746 1.413862 0.167286 -0.057327 0.251265 -0.888478 -0.017138 -1.199879 -0.042312
23 -0.045617 0.024235 0.383104 -0.348154 1.153433 -0.058029 -0.068393 -0.787899 -1.662196 -0.281807 -0.003235 0.277367 1.912179 0.168964 0.204395 -0.554100 2.241542 -0.143915 0.008907 -0.337243 -0.401775 -0.029214 -2.416247 0.592667 0.322943 -0.138479 -0.665928 -0.150814 -0.012835 -2.255941 -0.515476 -1.406904 0.920582 -1.366613 0.461202 -1.297243 -0.847185 0.260045 1.758985 -1.212489 0.096205 -1.117662 -0.270076 -0.895385 1.734396 -0.123927 -1.889462 -0.566663 1.849253 -1.354028
24 0.185725 -0.116313 -0.286976 1.228543 0.067711 0.227863 0.065984 -0.225639 -0.504654 -0.392776 0.993957 -0.365122 1.168663 1.550094 1.054295 -0.404886 -1.313751 0.391282 0.228126 1.131864 0.789028 -0.780076 -2.695063 1.880242 0.206345 0.294602 -0.066088 -0.570567 -2.531183 1.303459 -2.232896 -2.328002 -0.362014 1.223840 -0.132006 -0.040196 -0.694099 0.002925 -0.594501 -0.045331 0.028692 -0.044614 0.938597 0.171057 1.338023 -0.057235 1.466135 1.859690 1.116736 -0.897532
25 -0.406877 0.589528 0.363579 1.082440 0.173762 1.041238 -1.427848 -0.878331 1.253385 0.279859 -0.484849 0.809475 -0.640084 -2.434398 0.569749 -1.773512 0.742008 0.218709 0.765589 0.015303 0.918197 -0.543496 1.048771 -0.439429 0.611921 -1.760550 1.834201 0.513375 0.856221 -0.475320 -0.477716 1.586360 -0.079810 -0.599848 -0.633769 -1.330274 0.277724 0.832274 -2.340568 1.032037 -1.142317 1.213429 -0.326425 0.832991 0.039227 0.458482 -0.333430 2.594897 1.322741 1.426735
26 -1.354214 -0.774239 -2.408422 0.537453 -2.018118 1.270315 -0.502053 1.843181 0.217501 -2.369399 -0.093459 0.775523 -0.750390 0.051734 1.199095 1.601531 0.373752 -1.716126 1.604587 0.430441 0.011559 -0.474268 1.625906 -0.369778 -0.562002 0.803855 -0.412177 0.651487 -0.076178 1.965806 -0.889326 -1.747121 -0.564705 -0.976235 2.569253 -0.718396 1.859021 -0.547696 -1.219128 -0.888550 -0.412624 0.286812 -0.204109 0.768991 -0.675209 0.646772 1.003901 -2.166872 0.914002 -1.120272
27 -1.433276 0.163656 -0.703416 -0.049828 -1.007552 1.930173 -0.555203 0.515245 -0.327562 -0.350124 1.333651 -1.766276 -1.279238 -0.301043 0.131266 -0.052505 0.191118 0.894146 0.556904 -0.359087 0.699879 -0.006380 -0.457355 0.205707 -0.586623 -0.983502 1.857589 1.099159 1.012575 -0.707901 1.846073 1.519768 1.193589 0.571753 -1.302114 -0.932596 -0.925233 0.129998 -0.395544 0.050028 0.793022 1.054671 -2.618280 -1.170531 0.719306 -1.509069 -0.280441 -0.162037 -1.166312 -0.666330
28 -0.617098 0.637357 -0.902926 -0.473883 0.125001 0.450309 -0.214931 -0.630185 -1.625703 0.103356 2.109462 0.510880 -0.042618 -0.299691 0.676632 -0.292060 0.089105 -0.363997 -1.253123 -1.273971 1.216781 1.932704 0.394124 0.850153 -1.149711 1.064372 -1.153769 1.181806 0.473970 -0.653152 1.051150 0.581629 0.597493 1.559044 -1.606263 1.258678 -1.747345 0.669614 0.974733 0.768454 0.656156 -0.707593 -0.156241 0.181443 -1.315820 1.164499 1.124964 -0.626505 0.938290 0.792030
29 0.712838 1.408768 0.040523 -2.213831 1.183639 0.712488 -0.678150 -1.320317 0.444112 0.674686 0.683131 0.211556 0.149445 0.088110 -0.240067 0.064147 -1.358558 0.734923 0.842201 -1.522172 0.487290 0.815601 -0.096783 -1.001176 -1.912772 1.873740 -0.015586 -0.298722 -0.855353 -1.332066 1.306035 1.358460 -0.603194 -1.504564 0.915925 -0.304307 -2.327967 -1.022867 0.521347 -0.164855 -0.379955 0.398038 1.804795 0.625150 0.477423 -0.793008 0.727398 -1.048675 -1.279163 -0.070845
30 0.566000 2.518937 -0.077162 0.936601 0.183098 -0.473464 0.638809 1.642836 0.410488 0.543844 -0.248019 -0.159367 -1.502579 0.743751 -0.987562 -1.375893 -0.463198 -0.686810 -0.471321 -0.004970 -0.616887 1.267458 0.504188 -0.967320 -0.445836 -1.584281 2.473635 0.143778 1.170097 0.522473 -0.524047 -0.915265 -0.645747 0.259942 -0.417942 0.195366 0.643302 0.049740 0.370169 -0.043449 -0.684339 0.317198 0.786482 -0.427270 -0.272929 -2.326829 0.647369 -0.150942 -0.547301 -0.509769
31 -0.271640 0.771876 4.963324 1.432939 1.475267 0.617258 0.021515 1.380094 -1.291332 0.208387 1.659838 -0.277334 0.048841 -0.295061 -0.405336 -2.218527 -1.753164 0.448877 -0.026071 0.515969 -0.259887 0.854404 -0.376443 0.912174 5.614966 0.432782 2.918302 0.118623 -1.729405 0.967838 1.538739 5.611489 -0.259279 -0.240977 -0.818803 2.569487 -1.789393 -1.659601 0.221787 0.824887 1.448352 -0.664195 0.499184 -0.325125 -1.985710 -0.335574 -1.236164 0.100335 -1.398477 -0.189250
32 1.735564 0.872161 5.722871 1.611985 1.051746 -1.380122 1.214448 0.423278 0.874023 -1.513751 -0.056809 0.736330 -0.905731 -1.110490 0.292667 -2.222413 0.316642 -0.658213 -1.331499 0.642383 -0.859719 -0.718915 -0.366136 -1.592792 4.325756 0.050261 0.254331 -0.612497 -0.178647 -0.308661 -1.643843 6.042339 -0.430465 0.164221 2.282802 1.235190 0.722348 -0.037063 1.011576 0.206182 0.911031 0.617068 0.175210 1.566715 2.413821 0.566304 0.624496 1.283450 1.141170 0.380315
33 -0.951174 -0.297826 0.294478 0.781148 0.940833 0.625984 1.970249 -0.503210 1.022213 -0.407831 0.421128 0.542627 0.421951 -1.283327 1.909751 -1.819568 -1.272666 0.437508 -0.265005 -0.971078 1.066625 -0.445980 0.252427 -1.150822 0.419998 1.233806 1.798369 -0.262048 0.123150 1.625989 -2.184193 -0.509830 -0.310560 -0.006780 0.445761 -0.581789 -1.232135 0.508960 0.071094 -1.248981 -0.852749 0.914232 -0.888725 -0.791535 -1.352619 -2.380080 -1.354788 -1.236416 -0.152318 0.453214
34 -0.239167 0.567535 -0.135487 0.389500 -2.031394 -0.491953 0.344945 0.088757 -1.493763 2.669700 -0.859410 0.301263 0.272872 0.345792 -1.544362 0.088603 1.022151 -1.714638 -1.885779 -0.633889 -0.425771 -0.414293 1.483770 -1.273429 -1.354788 1.456607 -0.017026 -1.165596 -0.630096 -0.650384 0.211113 -0.015966 0.242634 -0.797229 0.889000 -0.953421 -1.591530 -0.543310 1.702417 0.945796 -1.226427 -0.016004 -0.223609 -0.874761 0.636189 0.507703 -0.559754 -1.294979 -0.937106 1.541437
35 -0.784911 0.520719 -1.112889 1.295717 2.823947 0.404413 -0.025259 0.443300 0.317868 0.633546 1.074370 -1.540885 -0.492406 1.283757 1.443467 -1.427409 -1.534111 1.494904 -1.498916 -0.604057 0.421977 0.094700 -0.758535 -0.175045 -2.035787 -1.244686 1.334750 -0.887753 0.804128 -0.029182 -0.752026 -2.955050 0.895042 -0.549110 0.845512 -1.018938 -1.453658 -0.660076 0.716866 0.127217 0.755322 -0.591049 -0.116549 1.037259 0.078794 -0.659279 0.822655 0.359547 -0.287412 -0.680763
36 -0.343533 -1.233534 -0.817179 1.318776 0.969653 -1.281942 1.424766 0.554284 -1.137197 -0.312406 -0.202733 -0.943496 1.555974 1.200742 3.164068 1.512206 0.629577 1.132904 0.130569 -0.974269 0.686867 -0.604676 -0.669547 -2.086150 -0.670109 -0.417141 -1.097786 -0.108817 1.301221 0.942606 1.796891 -0.517526 0.134313 0.416412 0.058512 0.496988 0.245228 0.206205 0.013859 0.501883 1.283891 2.119706 -0.315794 -0.820967 -0.197389 0.602563 0.395502 1.509255 -1.369248 -0.152103
37 0.831997 0.466442 2.066836 0.392366 -0.099021 0.657253 -1.137464 0.640868 -0.273872 -0.144467 0.333077 0.103252 0.696865 -0.021212 0.322127 -1.129729 1.111089 -0.564375 0.608837 0.101186 -1.182070 0.108317 0.808407 0.372928 0.465223 -1.489498 -0.753981 0.415465 0.720283 -0.868912 -1.371339 0.144269 -0.689889 0.310243 -0.064964 0.676789 0.643467 -1.575090 -0.710091 3.119645 -1.049384 0.251442 -0.014420 0.194081 0.834440 -1.176436 0.929832 1.051215 -0.113879 -0.284921
38 -0.248276 0.319517 0.871412 -0.697486 -0.215319 1.351662 -0.276199 2.216966 0.239314 -0.081269 -1.516754 -1.305199 1.144181 1.064087 0.271824 -0.106091 -1.606474 -0.214491 0.044700 0.069869 -0.302244 -0.596842 -1.480515 -0.338139 2.484172 1.199404 0.169429 0.596183 -0.317490 -2.100319 0.636054 0.605927 -1.911717 -0.015598 0.252722 0.488270 1.570773 1.396838 -0.653276 -1.071495 1.813582 1.366185 -1.922243 0.017443 1.505126 1.755141 0.463399 0.380939 0.952925 -0.298115
39 -1.336294 -1.148182 -1.202778 1.727127 0.707304 -2.584594 -0.898333 -2.087661 0.102266 1.019220 0.622824 -0.021231 0.750487 -0.541451 0.507235 0.885255 0.166144 -0.866853 0.193628 -1.080439 0.388346 -1.241587 -2.132419 -0.967619 -0.999678 -1.425202 0.034864 -0.260585 -0.111648 -0.274234 2.176811 0.509165 -0.266685 -0.197244 1.249383 -0.227225 1.174918 0.504256 0.778135 1.468551 0.463422 0.363688 -0.064017 -0.512912 0.175193 1.124603 1.497717 0.234119 0.471276 0.120908
40 1.589269 -1.315860 3.361708 -0.781424 -0.193349 0.084181 0.698363 0.276029 0.003036 0.915084 -0.170460 1.701107 0.010337 -0.458725 -0.076333 -0.592902 -0.790022 0.237501 0.443658 0.516233 0.394843 -0.594958 0.192564 0.495416 5.159900 -1.236704 -2.119001 0.211233 0.108521 0.544586 0.847499 4.195852 1.799611 1.403241 -1.056755 1.699390 -0.175166 0.526111 0.281136 0.512932 -0.698052 -0.340764 1.404194 -0.681581 -0.333130 -0.651528 -0.643839 -1.026048 0.891701 -0.732006
41 0.165188 1.495299 5.854849 0.214341 0.101774 -0.611173 -0.665437 0.247167 0.574599 0.965407 0.432077 -0.597702 -1.102384 -0.254402 0.672378 -0.087918 -0.361292 -1.265505 0.384690 -0.217763 0.271533 0.248941 1.911059 -1.256646 4.270622 -0.168114 -1.313369 -0.377768 1.102297 -0.026092 -0.277991 6.026388 -1.145622 -0.490480 -1.885863 -0.432433 -1.641002 0.733423 -1.061212 -0.031671 0.653395 0.876867 1.548714 -0.441566 -1.253845 0.701800 0.124864 0.949028 -1.220127 -2.197898
42 -0.394106 -1.826268 4.952733 -1.311477 -0.163454 -1.301920 -0.525683 1.643039 -1.156582 -0.290808 1.191570 1.110560 -0.851502 1.093039 -0.338910 2.126161 -1.630138 -0.340494 0.077329 1.858286 -0.595221 -0.552215 -0.624402 -0.429295 2.243863 -0.548107 0.101680 -0.356156 0.424499 0.351078 1.655603 2.641407 1.024888 1.256912 0.493929 -0.669937 1.019765 -0.670371 0.441545 -0.400085 -0.721828 1.118811 1.683299 0.886926 1.030210 1.418796 -0.713622 -1.781540 -1.616038 0.500609
43 -0.294129 -0.633050 -0.880568 1.404574 1.088799 0.864315 0.342470 1.196171 0.507228 0.919710 0.840648 0.791896 -1.203672 1.704286 -0.839289 0.959775 1.215399 0.357023 -0.377396 0.518849 -1.362567 1.034032 -1.016314 1.664795 -0.418891 0.516830 -0.594005 -0.489183 -0.545864 0.711100 -0.632010 -0.420653 0.170020 -0.719082 0.500853 0.441965 0.024711 0.103586 1.937162 1.657295 -0.859071 -0.494527 0.143442 0.658221 -0.589410 1.156153 -0.583683 0.407072 2.067001 -0.236262
44 -0.508732 -1.208504 0.836008 -0.923401 -1.649851 -1.047635 -1.389126 0.280079 -0.669618 -1.645617 -2.710798 2.131319 0.737655 -1.233781 0.312692 -0.719726 -1.541194 0.527344 -0.246592 -0.397476 -0.571503 2.381976 0.408272 1.643578 -0.602103 1.221753 0.159032 -0.180889 2.567105 0.757256 1.971013 -1.859873 1.336106 -0.531734 -1.074886 1.454993 1.530867 0.360705 0.566833 -1.040908 -0.008533 1.147339 0.337700 0.459684 1.308834 -1.544919 0.253438 -0.047338 -0.735367 -0.245607
45 0.003963 -0.442940 -0.465491 -1.505493 1.679970 -2.089317 -0.002384 0.789169 1.489531 0.252730 1.443478 -0.283607 -0.472153 -0.436288 -0.479592 -0.145723 -1.758070 -0.102909 -1.238851 1.019288 -1.010831 -0.563568 -0.448760 -1.592119 -1.069176 0.121302 0.172660 -1.499933 0.257489 -0.897676 -0.565856 0.363547 -1.199444 0.642767 -1.097031 1.465743 0.019734 -0.182531 -2.072307 -1.514863 0.817385 0.228112 -1.302737 1.118700 -0.193558 -0.162631 -0.324283 -1.558101 0.890788 -0.248683
46 -1.310192 0.033812 -2.683729 1.429441 -0.628915 -1.137540 1.148185 -1.740535 0.920726 -1.024307 1.539763 -1.895469 0.992167 -0.677670 -1.593394 -0.776574 0.763327 -0.315838 -0.177799 -0.167105 1.513112 -1.284687 0.504302 1.755584 0.649750 0.064983 0.700951 -0.916788 -0.530536 -0.660406 0.810046 0.377417 0.300606 0.640548 1.580399 1.547292 -0.127266 1.666835 -1.029523 1.051302 -0.220993 -0.327109 -0.227279 -0.021975 0.544736 -0.970374 -0.055133 0.814108 -0.388786 -2.105594
47 -0.635431 -0.877105 0.760283 -1.054671 -0.268735 -0.240413 -2.498838 -1.227793 1.903365 1.429169 0.508346 0.119383 -1.455667 -0.913795 -0.012963 -1.136554 0.109962 0.278503 -0.682713 -0.172005 -0.095125 -0.005835 0.437622 0.306653 -0.150709 -0.255276 -0.585286 0.059547 1.327389 0.844955 -1.762771 -1.257173 0.361446 -0.285239 1.547630 0.117469 0.651090 -1.962600 2.135101 0.058404 0.056692 -0.164357 0.239567 1.304973 0.607639 -0.869985 -0.254971 -0.604865 -1.256327 0.158527
48 0.905508 -0.097577 0.963635 1.341559 -1.064993 -0.941740 1.995480 -0.606416 0.553831 0.604481 0.569623 0.377494 0.296719 -0.273652 1.233459 -0.971946 -0.219582 -0.862741 -0.650336 -1.799259 0.271073 0.715615 -1.426949 0.347593 -1.093632 0.273370 -1.214199 0.153950 1.177349 -0.222097 -0.229739 1.290743 -1.076018 0.742619 1.580086 -1.072085 0.816602 -1.716426 -1.363547 0.175575 -0.086722 -0.205680 -0.705892 0.767162 -1.103603 -0.987603 0.395383 0.372792 0.753253 -1.313862
49 0.285954 -0.250892 1.153827 2.210001 0.158939 -1.947249 0.330479 -0.029266 -1.580467 -1.200409 0.422688 0.001359 0.586674 -0.682076 -1.141514 0.550105 0.497011 1.531580 -2.356640 0.072067 1.690767 1.701215 -0.131522 -0.812160 -0.195610 -1.860362 0.149985 1.102836 -0.775015 -0.348544 1.337066 -1.690941 1.681851 0.931926 0.332802 -2.134341 0.805721 0.152676 -0.375675 1.365823 -0.366480 1.192439 1.515928 -0.025698 0.384475 -1.815460 -0.108633 1.247975 -0.623268 0.198387
50 1.093962 0.803441 3.945857 -1.785393 -0.446130 -0.705647 0.375426 0.474512 0.784833 0.152422 -0.759066 0.084278 1.621577 0.751826 -1.311412 0.490012 0.840148 -2.163992 0.346497 -0.085325 0.252064 1.494404 -0.719514 1.575023 5.259832 0.458252 -1.095464 -1.648717 1.257618 -0.516296 0.983296 6.673984 0.191720 0.444297 -0.145123 1.020459 0.668377 0.434940 -1.060679 2.130258 1.616119 0.243475 0.381000 -0.272213 -0.798195 2.516711 0.795143 -0.128648 0.309621 0.987433
51 1.596765 -1.860574 -2.020722 -0.032074 0.335849 0.485618 -1.480789 -0.756831 -0.837275 1.033596 -1.469570 -0.541824 -0.001386 -0.310969 -1.285993 -0.497863 1.150663 0.093874 1.353517 2.100769 0.755660 -0.454650 1.664640 -0.049006 1.631965 1.363118 0.127044 -1.280800 -0.324557 1.364496 -1.564736 -0.444515 -1.528528 0.606464 0.132797 -0.060373 0.402299 -0.424550 0.706781 0.336397 1.181820 -0.639598 -0.885774 -0.460489 0.577618 0.725690 -0.146966 -2.499455 -0.253386 0.120822
52 -0.938708 0.514355 4.382044 0.648034 -0.542995 0.596641 -0.202863 1.036471 1.529386 -0.070025 -0.633526 -0.405227 -0.562522 0.109434 0.692469 0.248360 1.751020 0.268602 -1.116986 -0.122428 -1.293394 -0.533866 -1.616869 0.186813 6.419876 1.230942 0.315901 -0.660843 -1.336134 1.312937 -1.438032 4.020894 0.999752 -1.205249 -2.047922 0.221007 1.148528 0.099902 0.590631 -0.265927 -0.821648 0.227602 0.625242 -0.755442 -0.361269 -0.080118 2.643759 -0.659176 0.398283 0.270800
53 1.351272 0.437539 -1.208719 0.325002 -1.474274 -0.168458 -2.036433 0.314330 -1.188529 0.636959 0.731765 0.385046 1.061952 1.652285 -0.361909 0.315899 1.504465 -0.981851 -0.250482 -0.378234 0.837635 0.273009 0.396194 0.377737 1.623700 0.511708 -0.629564 0.356091 0.264520 0.090587 0.509448 0.882916 0.213949 -1.522137 -1.321833 0.191503 1.541282 -1.655682 0.699733 0.273360 0.982355 1.298814 0.507063 -1.984404 -0.634910 0.097152 1.247661 -0.050773 -0.758635 1.112562
54 -0.525370 0.084119 0.368084 -0.594155 0.527427 -0.890583 -1.418878 0.461085 -0.629932 -1.129886 -0.644370 -1.694892 0.557404 1.786034 0.511196 -2.147616 0.540197 0.300931 -0.271260 0.845114 0.753551 0.048986 -0.696776 0.370436 0.227358 -0.699805 1.838830 -1.317838 -0.945188 1.168975 0.462233 0.142765 0.649834 0.785363 -0.422281 -0.732355 -1.353138 -0.728495 -0.802339 0.635182 0.314843 0.067437 -1.568693 0.479612 0.364957 -1.374931 -0.905834 -1.011464 -0.502258 -1.179205
55 -0.288705 -0.583696 -0.765913 -0.523217 -1.190133 0.651534 -0.822735 -1.637578 0.147146 0.631409 2.702107 0.910840 0.114857 -1.167537 -0.350131 -0.532058 -2.337106 0.684353 0.748523 0.166393 1.645891 -1.144059 -1.994171 -0.196860 0.507599 -0.634353 -0.539794 1.087933 1.506435 1.274803 -1.103264 0.219928 -0.081271 2.149721 -0.317998 -0.307441 -0.626025 0.819413 1.514218 1.386369 -1.315628 -0.443319 -1.273042 0.338761 -0.582932 -1.359645 -0.863643 -1.609115 -0.053313 -1.544296
56 0.388001 -0.329773 0.827106 -0.071406 -0.301997 -0.670980 -0.256216 -0.964725 -0.438599 0.117770 -0.758887 0.683647 -0.358109 0.924178 -0.658551 1.083068 0.779407 0.656682 -0.387071 0.731801 -0.638524 0.588226 1.022300 -1.271264 -0.789208 0.317585 0.262389 -0.562730 0.029193 -0.518935 0.034514 -0.230726 -0.813193 -1.359675 -0.861437 0.481259 -0.311364 0.339569 -2.642349 -0.626376 -1.482726 0.936694 -0.337004 -1.885457 0.381711 -0.145080 -0.229422 2.371458 1.401245 -1.296198
57 -0.411674 0.999010 -0.818132 0.201078 -1.767005 -0.450292 -0.566598 1.362162 -0.910985 -1.302845 -0.945869 0.567087 0.533518 -0.510808 -0.019459 1.021653 0.105122 0.480019 1.170266 0.201044 0.926394 0.567072 1.334717 0.826021 -0.026214 -0.143158 1.868226 -0.663704 1.055494 0.466764 -0.284022 -0.246784 -0.950239 -1.277138 0.944080 0.327210 -1.710940 -0.975440 -0.729743 0.722732 0.762103 2.462852 -0.545208 -2.262617 0.993847 0.010853 -1.767605 1.285144 0.651173 -0.453062
58 0.536785 -0.343539 -0.390370 -1.163994 0.161444 1.441843 -1.982744 0.317455 -1.362817 -1.912425 -0.031185 0.043417 1.407162 1.223547 1.833703 2.186512 -0.015342 -0.903639 0.338633 -0.307322 0.659962 -0.422310 -0.665405 0.947390 0.181319 -1.291634 0.264934 -0.434237 -0.820731 -0.596242 0.949404 0.575983 0.030735 0.910012 -1.714757 -0.488725 0.316269 -0.955029 -0.408642 0.167293 -0.651967 -0.206926 1.239951 -1.696398 -1.242583 1.228121 0.221970 0.909179 -0.687605 -0.190637
59 -0.099774 -0.118629 0.210008 0.359660 -0.981547 0.132952 -0.835653 -0.968077 0.029130 1.169573 -1.598242 3.024847 1.496106 0.779013 0.084561 -1.298564 -0.765892 -1.462325 -0.122087 -0.810540 0.984655 -2.642486 0.219299 0.558032 -0.146169 -1.114591 -2.752217 1.642971 0.251330 0.351819 -0.744597 -0.480638 0.229447 0.176986 -1.134662 -1.762445 -0.114058 1.430218 -0.388336 0.575164 -0.772066 -0.485370 -0.562763 0.805223 -1.574975 1.275453 -0.375569 0.675859 -1.311179 -0.685585
60 0.591643 -1.267272 7.095896 -0.077586 0.840315 0.450859 1.023900 -0.402482 -0.588175 1.385172 1.092734 -1.369358 -0.256706 0.596749 -1.332799 0.727272 0.250343 1.479630 0.056524 -1.306438 0.635538 -1.696719 1.909521 -2.492403 5.394792 0.465408 0.490198 1.474881 -0.059377 -0.985244 0.842991 3.880729 -1.002848 0.520959 -0.440208 -0.966157 -0.309576 1.889000 0.812694 1.063614 -0.401076 1.627981 -0.503371 0.595220 0.696659 0.943101 -0.862928 0.816382 -1.031893 0.252665
61 -0.101642 -0.295595 -2.403057 0.405587 -0.825755 0.413568 0.853388 -1.294486 0.311534 -2.713535 -0.330722 -0.037616 1.675497 -0.864261 0.808618 0.452585 -0.458293 -0.105041 -0.627180 0.070588 0.598310 -0.053281 -1.773668 0.385907 -0.500691 2.196493 0.109068 0.813268 -0.335041 -1.547657 2.047889 1.604405 1.472873 1.873909 -0.691359 0.509419 2.106702 -1.547978 0.895744 0.996044 -1.163112 1.996903 0.518762 -1.299275 -0.758435 -0.362094 -1.961313 0.323549 0.769796 2.209641
62 -0.379631 0.654246 -1.353467 1.304719 -0.127316 -0.449960 -0.566803 -0.638096 0.837684 1.174390 2.699550 -0.867849 -0.613736 -0.322083 0.403387 -0.107055 1.045149 -1.586784 -1.357176 0.264630 -1.705140 -1.330880 -0.653341 -1.970739 0.341658 -1.319103 -1.307076 0.088878 0.013718 -0.483051 0.133650 0.889518 0.797688 -0.108163 -0.609867 -1.036220 0.822514 -1.153759 1.055765 -0.804122 -1.146921 -0.978681 0.546150 0.164326 1.308590 0.075586 -0.343614 0.611591 -1.433480 -0.800703
63 0.488588 -0.622540 -1.090626 -1.033419 2.560763 -1.304641 1.100285 -0.614418 -0.242601 -0.949054 0.002404 -0.999293 0.054284 -0.436849 -1.771376 1.835250 1.854586 -0.919469 0.291991 -0.095442 1.753364 -0.852725 0.867304 1.527919 0.621976 0.312707 0.871777 -0.222270 -0.659297 0.008505 0.012815 -0.308062 0.177283 -0.172903 1.215384 -0.115966 1.474882 -2.061808 -1.722344 -0.398314 1.031495 -1.039000 0.467049 -0.340891 -0.458549 -0.532791 -0.413579 -1.084177 -0.916710 -0.480951
64 -0.496583 0.637330 -0.394159 1.287255 -2.796264 0.990080 1.203494 1.172654 -1.359809 -0.963723 1.684215 -1.385779 0.562579 1.152416 -0.901233 -0.509124 0.395716 2.893185 0.569874 1.813120 -0.513064 -0.730016 -0.521180 0.048192 -0.142123 -0.014545 -0.542767 0.435844 0.235531 -0.797176 2.284005 1.448595 -0.672923 -0.728758 -0.295131 -0.401823 1.042792 1.449502 0.926102 1.073402 -0.361437 -0.597805 -2.027908 -0.254906 -0.252597 -0.363494 -1.122668 -0.070267 -0.581890 0.025284
65 0.760510 1.308059 -1.236416 0.358873 -1.110306 -0.212145 -0.360615 -0.523917 -1.148487 -1.923021 -0.671746 -1.014338 0.407201 -0.028359 -0.391983 -1.987117 -1.071432 0.453727 -2.270743 2.386862 -1.027875 -0.115196 0.424100 0.392103 0.452895 -0.125680 -0.920288 0.233919 -0.972949 -1.543231 1.374917 1.348940 0.201945 0.424307 -0.815505 -1.047571 0.483462 -0.640601 1.162036 -0.820453 0.167198 -0.873460 0.300029 -1.149597 0.023846 -1.458525 0.898641 -0.070502 -0.566695 -1.857881
66 -1.499127 0.094832 0.324560 0.413617 1.234883 1.842964 -1.757346 0.133107 0.483302 -1.022271 2.412424 -1.799772 -0.374948 0.820810 -1.219788 -1.321329 -0.890851 -1.139581 1.500446 1.082952 -0.721451 -0.240843 -0.802904 0.678265 0.372257 0.024426 -1.424274 0.689908 1.691624 -0.360646 -0.731013 -0.047256 0.496081 -0.225879 -0.965931 -2.182562 0.279317 -0.091009 -0.798992 -0.114433 0.603398 1.011738 -0.234404 0.539031 0.010392 1.576733 0.143664 -0.267484 0.819927 -0.943932
67 0.184726 0.237895 0.202512 -0.990248 1.472843 0.156996 -0.037001 -0.430947 -1.164648 -0.016274 -1.134657 -0.159425 -0.069626 1.871960 -0.579718 -0.324571 -0.676886 0.323899 0.759584 -1.288746 0.458193 2.404466 -0.665184 1.838523 0.748426 -0.704580 0.175933 -2.287165 -0.465993 -0.439649 0.589492 -1.626798 0.529746 1.121990 1.298612 1.443620 -1.189861 -1.896311 -0.623100 1.003073 2.487699 0.327290 -0.531071 -1.386576 0.777670 0.639416 0.789580 0.082380 0.778482 0.494173
68 -1.298486 0.914740 -1.948813 0.318652 0.643277 -0.048729 1.524181 -1.105530 -0.724303 -1.218135 1.830104 -1.101106 0.172856 -0.067231 0.408657 -1.386625 -0.091792 -0.708234 0.218563 1.217074 0.950893 -0.309896 -0.901075 0.086546 1.054739 -0.060598 0.094345 0.474026 1.265078 -2.395220 -0.417505 0.041221 -0.536447 -1.350948 1.070906 -0.850990 0.226869 -1.513354 -1.422311 1.198314 0.368305 0.003745 0.314194 1.253822 0.063295 1.188734 -0.625671 0.426544 -1.470396 -0.579275
69 1.322441 -2.354394 3.627185 -1.421113 -0.609027 -0.095020 -2.638561 0.177878 -0.746167 1.119884 -2.304893 0.927678 -0.235440 -1.629598 -0.528112 0.183525 2.520077 -1.023622 0.871907 -0.436723 -0.742311 1.168157 0.426135 0.123541 4.011672 1.268262 -1.873110 0.196504 -0.034960 -2.169294 -0.286471 3.478215 -1.100282 -0.972737 -0.126237 0.836625 -1.392377 -0.828253 0.839269 -1.895394 -0.903879 -0.815516 1.343804 1.120322 0.367122 -0.680070 -0.854143 0.635958 0.095162 1.357025
70 1.575843 -0.813727 0.072858 1.432211 -0.078763 -0.010526 -0.648203 0.045904 -0.576557 -0.259282 0.396115 -0.819092 1.318546 -2.062422 -0.834333 -1.302533 0.185364 0.980280 0.448310 -0.706302 -0.329908 -0.995260 1.259045 0.004589 -0.614059 0.618032 -1.482010 1.665751 0.700860 -0.741835 -0.874039 0.246755 -0.495948 -1.228849 0.211534 -0.880954 1.778470 0.452483 1.341752 -0.858285 -0.129210 0.020819 -0.349834 -2.011295 -1.293870 0.823428 -0.428157 0.715009 -0.691370 0.515679
71 -0.348387 0.212354 -0.468970 -1.693200 0.252053 0.013466 -0.197312 0.376659 -0.881595 0.878690 -1.799295 -1.286138 0.599879 -0.279298 0.020692 0.299822 -1.054677 -1.928147 -0.023600 -0.455806 0.013866 0.368883 0.026312 2.145102 1.057649 -1.414972 0.272302 2.068954 0.260421 -0.079526 -0.136144 0.493248 -1.053851 1.112906 -0.872007 -0.155814 0.426593 -0.669747 -1.139295 -1.055720 -0.639621 -2.388487 -0.207356 0.950473 1.054214 0.641807 0.362634 0.129550 0.055974 1.230828
72 1.514379 -0.178769 -1.093092 -0.910793 0.766387 -0.967971 -0.070590 -0.241851 -0.810499 0.013587 0.112357 -1.325163 0.365531 -0.449046 -0.115380 -1.925290 -1.314658 -0.081229 -2.236884 0.135547 2.236779 0.087771 1.912019 1.608478 0.003303 0.628303 -1.701284 -0.168281 0.409346 -0.174506 0.365715 1.955711 0.602177 -1.429772 0.188878 -0.490543 0.865216 0.297015 1.490641 0.989020 0.618212 -1.784317 -0.155359 1.452348 0.568220 -0.798844 0.986419 -1.357958 -0.741342 1.049488
73 -0.783231 -0.126502 0.577603 -1.373112 0.855616 0.626430 0.945469 -0.095134 0.045980 -0.424828 -1.515736 -1.975392 0.960085 -0.106657 0.460600 2.023845 0.985698 -0.104330 -0.535061 0.912007 -2.776320 -0.335112 0.941661 1.144588 -1.490868 -0.160595 0.672773 0.707584 -2.163746 1.022330 0.239707 -0.028492 -1.172156 0.139124 1.200177 -0.118429 0.331110 0.826148 1.442415 -2.383206 0.860177 -0.267430 -0.591577 -1.450116 -0.965274 0.026819 0.172838 -0.435318 -0.588081 0.579805
74 0.891132 -0.445145 -0.545685 0.927077 0.510319 -1.039537 1.535170 0.591651 -1.089321 0.260532 0.565403 -2.198923 1.133230 -0.804609 1.591935 -1.289590 -0.858143 -1.497561 1.523990 1.814866 0.946345 -0.864823 -0.767148 -1.244773 0.420149 0.233323 0.653679 -0.622728 -0.004358 -0.038431 1.059376 -0.718431 -0.960845 -0.644487 1.268170 -0.404017 1.012467 1.098373 -1.360068 1.566134 -0.377170 -2.107003 0.848340 0.222767 0.606436 1.104557 -0.716941 0.019642 0.802473 0.260589
75 -1.458379 0.383099 0.386323 1.556365 1.411754 -0.482533 0.793760 0.203063 0.633235 -0.635682 -0.852619 2.318621 -0.210204 -1.640139 0.073299 -1.799699 -1.777349 -1.724306 0.988073 0.406980 1.442182 -0.989011 0.234625 0.862266 -0.407282 2.539159 0.317264 -0.362240 -0.045143 0.108111 0.579317 -0.339001 -0.543339 0.196079 -0.423138 -0.565194 -0.043843 -1.513100 -0.455079 -1.102341 0.798264 -0.782211 -0.033091 -1.022839 0.602550 -0.661291 -0.751844 0.700276 1.225958 -0.782200
76 0.145013 -0.302314 0.102477 -0.741190 -0.599354 0.317704 -0.229063 -2.292756 -0.184054 -0.005270 -0.781661 -0.772280 -2.027263 -1.795891 0.760194 0.731226 1.506568 1.618572 0.904653 -0.393532 0.223240 0.119879 1.518566 1.085111 0.422756 -2.600123 -0.090297 1.110672 0.652858 0.143691 -1.089731 1.543287 2.326918 -0.777543 -1.342304 -0.329472 -0.743901 2.144890 1.216851 1.248827 -1.798281 0.931380 -0.500766 0.391084 -0.634446 -1.944537 -1.276427 1.168222 1.070746 -0.534601
77 0.824052 -1.431074 0.153234 -0.579723 1.881692 -0.168296 -1.468078 -0.473648 0.236855 -1.380099 1.041314 -1.295896 1.332698 -0.836395 1.105110 0.555042 1.623376 -0.577524 1.302314 -0.511825 -1.407220 0.252125 -0.193966 0.800215 0.257971 -1.063465 0.458615 1.377014 0.755311 0.458301 0.914893 1.761783 -0.718405 1.045070 1.223033 2.029400 -1.078705 -0.417541 1.254136 -0.132917 0.389537 0.650983 -0.104155 -0.514751 -0.610103 -0.255617 1.286762 1.189278 -0.709946 0.104115
78 -1.148510 -0.660753 -1.111336 1.901067 0.715063 0.372273 0.820505 0.428077 -0.864599 -2.573176 -1.672268 -1.643111 1.011437 0.832774 0.255450 -0.030488 0.990882 -2.773592 -0.042587 1.361210 0.268292 -0.235917 -0.308401 0.179006 1.888368 0.313542 0.119648 1.332315 -0.083754 1.801284 -1.985592 0.335655 -0.455627 0.352272 0.218452 1.390830 -0.613739 1.368483 -0.358945 -0.207491 0.671814 -1.150985 1.794104 -0.617606 -0.275953 0.960622 1.415882 0.582251 0.242154 0.572751
79 -0.492345 -1.060140 4.920746 -1.745852 0.025159 -0.027685 -0.635328 0.359810 2.392159 -1.312021 0.370096 0.177622 -0.738928 -0.552479 0.296839 0.962337 0.119656 -0.777644 1.212046 0.727614 -0.037539 0.542994 0.633320 -0.187093 4.832647 -0.395250 -0.867584 0.963568 0.412165 -0.343852 -1.575628 4.665494 -0.190828 -0.202932 0.648533 -0.025473 0.728611 -0.907429 0.523925 -0.378261 1.214131 0.036016 -0.481633 0.966713 -0.184655 -0.935481 -1.780184 -2.089298 -1.676857 1.258641
80 0.212683 -0.901491 0.720294 -0.808953 1.184235 -0.498160 -1.794857 0.596552 0.536409 0.516170 0.975729 -0.609615 -0.082460 -0.174137 1.426574 0.129109 -1.003807 -0.883518 1.679357 1.093367 0.034977 -0.382579 1.367179 -0.323639 -1.032081 -1.770709 -0.726136 -0.791387 0.568854 1.617579 0.871518 1.106365 -0.881907 -0.289899 -1.875857 0.931058 -1.765540 -0.609585 -0.952439 -0.045729 0.182972 -0.904923 -1.519866 0.473561 -0.843440 -2.390417 -0.268605 -1.158179 -0.763370 2.080664
81 -0.374321 -1.296488 0.921334 -0.054537 0.290659 -0.284527 0.537256 -0.332288 -0.268171 -0.509079 -1.423690 -1.320135 0.400818 -1.287890 0.107133 -1.038486 0.603496 0.058497 0.232677 -2.032725 0.721476 -1.394433 0.094119 -2.504230 0.163090 -0.467280 -1.004861 -1.053957 0.829864 0.875318 -1.085349 -1.129857 0.958073 -1.020566 1.333351 0.736100 1.045741 0.761215 1.994793 0.279477 -0.719664 -0.424974 -0.231551 -0.995066 -0.359123 -0.715610 0.239354 -1.143923 -0.418228 0.271766
82 0.191183 1.082157 -1.247223 0.325230 0.117543 0.460155 -1.037724 1.039705 0.037219 -0.767299 -0.856870 -0.509164 -0.443850 -0.436960 1.090714 0.366180 0.708551 1.635488 -2.272256 -0.560298 -1.193753 -0.743221 0.182985 -0.030341 0.774350 1.072052 0.194497 0.654096 -0.832857 -0.139153 2.118965 0.435469 -0.601692 -0.711539 -0.976938 -1.898778 -0.012880 1.205254 -0.284546 -0.045361 1.977616 -0.326483 -0.300861 0.337474 0.178038 -0.027312 -0.200923 0.991445 0.008188 -0.753102
83 -1.240322 -0.719599 0.726243 -0.521436 0.884585 -0.797720 1.125539 0.588465 1.381546 -1.069477 0.566566 0.571735 1.125569 -1.976296 -1.345627 0.403878 1.388261 2.156744 -0.214221 -0.434203 -0.809967 0.625285 0.910958 1.211203 1.224632 0.370375 -0.433044 1.484772 0.017014 -1.300012 0.119647 0.002553 -0.550055 -0.832869 0.043242 1.373182 -0.658674 0.090047 1.637613 -0.939608 -1.395665 0.272097 1.927900 0.160757 0.566197 -0.039975 0.297480 -1.520337 0.817388 0.264098
84 2.150602 -0.139609 -1.983840 -0.169939 0.292960 -0.698868 -2.892733 0.475840 -0.132346 0.507021 -0.709577 -0.461508 1.067977 -0.096919 1.144970 0.025070 -0.622454 0.562725 -1.309721 0.436292 0.045301 0.501226 -0.713277 0.307627 -0.456598 -1.216787 -0.520817 1.128714 0.025525 -0.662611 -1.297081 -2.064103 0.713472 -1.736272 0.181824 -1.536660 0.368239 -0.134159 -0.736921 -0.684368 -0.555350 0.827550 -0.061749 0.517091 1.570776 0.094747 -1.438345 0.758687 -1.657428 0.309074
85 -1.660323 0.521078 0.732151 0.130792 0.791222 -0.487573 -0.417568 -0.410770 0.463523 1.286161 -0.884574 0.072818 1.829539 -1.705743 0.368003 -0.718124 0.043557 0.956651 0.874990 0.983759 -0.142462 -0.961974 1.223841 -1.765419 0.145331 -0.970156 -0.295240 -1.072762 1.395544 -1.163240 1.141542 -0.281118 -0.141348 -0.125870 -0.486854 -0.535463 -1.981601 -1.697846 1.201825 -2.038276 -1.183241 0.653336 -1.357542 -0.382924 0.561810 0.605690 1.374658 -0.586659 0.099619 -1.326914
86 -0.906004 -0.856299 -1.578756 -1.143623 2.327131 -0.439297 0.539334 1.241536 0.001634 1.380573 -1.310137 1.144325 0.195698 0.963655 0.374537 -1.469851 2.211818 -0.549964 0.714711 0.508850 -0.485149 0.804284 1.202824 2.225104 0.922594 -1.002287 0.019802 -0.628125 -0.589019 1.650060 0.281332 -0.132567 0.761698 -0.148099 1.065692 -0.332369 -1.682539 0.028108 -0.254812 -0.238451 -0.969620 -0.008561 0.040147 -0.451775 -0.591326 -1.005367 -0.759899 1.248648 -0.978435 -0.164771
87 -0.866435 0.824913 -0.003170 -0.153808 0.162105 -0.532728 -0.180229 -0.360588 0.598637 0.466640 1.222789 0.230339 -1.870442 2.281240 -2.201390 -0.627172 -0.841869 -0.750725 -0.251482 1.648155 0.029374 0.230392 0.310127 -1.886858 0.934086 -0.464399 0.129359 -0.603579 0.413113 -1.436363 0.824992 0.984599 0.475682 0.285004 -0.503119 -2.115534 -0.145315 -1.674430 -0.892541 -0.894838 -0.146474 0.262729 -2.190078 1.353779 1.382594 -0.184472 0.216115 0.044263 -0.835884 -0.866186
88 -1.350770 1.615597 -0.803076 0.158303 -0.406388 -0.408962 1.481518 -1.383076 0.414541 0.862739 -1.137251 -0.667873 -1.738409 1.010800 -1.534728 0.694045 -0.010789 -0.026677 -0.721836 -0.980870 0.152649 -2.770358 -0.978561 1.215270 -0.722417 0.779553 0.681061 0.626494 -0.225142 0.048799 -0.438985 0.259554 0.726428 1.318948 0.309762 -0.406203 0.123166 0.664587 1.189284 -0.515486 0.124784 0.309998 -1.445210 -1.607785 -0.395292 0.025037 0.648814 0.941533 -1.446741 0.776692
89 0.453461 -0.123096 1.272566 0.532459 -0.458226 -0.743352 -0.395126 0.492867 0.410721 0.707506 0.920311 1.512019 -1.364451 0.898040 0.886241 -0.113875 0.161813 1.300405 0.445740 -0.088436 0.357389 -0.299866 0.438403 0.849536 1.577125 1.559496 0.870374 0.155742 0.594709 -0.392879 1.643321 -0.618575 -0.777440 -0.000831 0.123037 -0.382781 -0.290096 0.193295 1.141389 -0.237282 0.576632 -0.093976 -0.745903 -0.579399 -0.777439 1.261080 1.125742 0.442584 0.249050 -0.392744
90 -1.286812 0.627879 2.116105 -1.167630 0.389629 0.734947 0.243342 -0.961887 0.535456 0.196546 0.183910 -0.817924 0.291176 -0.673704 -0.362066 0.146344 1.300375 -0.885399 1.786220 -0.771940 -0.354051 -0.916264 1.738715 -0.493429 1.146849 -0.500587 -1.936563 0.010460 0.300215 -1.136310 0.202330 0.585558 -0.806416 1.668630 -0.934745 -0.166059 0.829042 -0.325636 1.127754 0.146860 0.003442 -1.730106 -0.088120 -0.998245 0.854760 -1.010256 0.189650 0.151746 0.059581 -0.570750
91 0.800375 -1.089791 -0.688506 -0.078613 -0.099589 0.920191 -0.056908 -0.669181 0.259223 -1.394274 0.903438 -0.767358 0.697374 1.698061 0.163358 2.339795 -0.094344 1.446748 0.114025 -0.469068 0.409541 -0.595415 -0.234687 0.587006 0.563544 -0.677246 -0.347718 1.160512 -1.618103 -0.864933 -0.025449 -0.514672 -1.894204 -0.299789 -0.638352 -0.837976 -0.297037 0.021657 -0.499291 -1.114821 2.270831 1.354558 -0.634325 -0.242167 1.595973 1.254479 0.226256 0.038694 -1.567809 0.723559
92 1.125417 -0.275055 -1.444448 -0.970403 -0.315481 -2.788470 -0.590075 -0.094410 -0.236626 0.536008 0.114723 -0.845311 -0.544352 -0.535349 0.784178 -1.854449 0.991658 0.791540 -0.489149 -1.143440 0.263256 0.273284 -0.967684 0.752432 -0.161087 -0.583631 -0.280648 0.339235 0.734934 0.797793 0.692646 1.934456 0.271761 0.610993 -1.106108 2.820995 0.861673 0.775878 -1.336088 -0.477685 0.621163 0.666416 0.610184 0.628675 0.171805 1.576635 -0.787578 0.169837 -0.065820 1.154962
93 1.557697 0.283572 0.165708 -0.143670 -0.788470 0.335465 -2.747969 -0.738640 0.310466 1.553408 1.613580 1.497331 -0.252555 -0.054754 0.794113 0.584816 0.719252 0.807166 -0.389776 -2.060180 1.471974 1.012798 -0.857240 -0.961767 -0.735801 -0.295956 0.235823 -0.779891 1.557108 0.698424 0.341785 1.289356 -0.408691 -0.226471 0.705348 -0.077051 -0.246871 -0.322946 0.205599 -0.567636 -1.000188 0.765758 1.387817 0.838888 -0.235966 -0.130690 0.114932 1.778981 1.840653 1.693590
94 1.975652 -2.226784 0.183909 -1.616302 0.873386 -1.352800 0.247098 -1.697289 1.925431 0.590635 -0.681861 0.330118 0.561715 0.768903 -0.516014 -0.627759 1.391467 1.167002 0.818531 -0.380211 -0.899140 -1.359568 -0.364089 0.587443 -1.110012 1.698332 -0.924937 -0.140612 0.294702 -0.216738 0.744881 -0.366429 -0.041943 -0.623028 -1.533978 0.891698 0.350840 -0.567947 -0.494769 -0.342862 -0.752303 -1.310939 0.726179 0.917353 0.311288 0.758306 0.318997 1.761199 0.864274 -0.151675
95 0.513116 0.210830 -0.714779 1.624341 0.872647 -0.577199 -0.841546 1.318227 0.148340 0.073969 1.174091 -1.068069 0.123472 0.161600 0.313091 1.312913 -0.159812 0.317632 -1.368056 0.440278 0.695473 0.795532 -0.141849 -0.773370 -2.252326 -0.487360 0.951124 2.185510 -1.377172 -0.743291 0.330847 1.440239 0.660555 1.631889 0.873773 -1.501128 0.221197 0.006552 0.812028 -0.362971 0.788824 0.022583 1.096331 0.002502 0.366221 -0.398750 -0.676499 1.300733 -0.315737 -1.245114
96 0.470536 0.087430 0.117700 1.787204 1.164209 0.272690 -0.669995 -1.309318 -0.062880 -1.231707 0.707143 -0.135701 -1.846372 -0.215228 -0.159562 -0.823325 -1.051483 -0.726591 1.629985 1.225351 0.864735 -0.858018 -1.153482 -1.805845 -1.152752 0.816449 -0.345899 1.768638 -0.741385 -1.072072 1.712528 0.247609 -0.305505 -0.608261 0.604493 -1.423786 0.651398 -1.082838 1.980344 -1.384819 0.416872 -2.155821 -0.550804 -0.940608 0.011918 0.897313 -0.816319 -0.938251 1.283272 -0.916771
97 -0.852568 1.092533 -0.318579 0.171399 0.584427 -0.063278 -1.573117 -1.009827 -0.670501 -0.028484 0.598599 -1.269243 -0.287638 -1.941521 2.141102 1.043524 -1.369173 -0.184537 -1.405357 -0.511757 0.633706 -0.850922 -0.516572 -1.278169 0.213299 1.431152 1.432320 0.734898 -0.199977 0.431693 1.784775 2.144040 0.667885 -0.300973 -1.674805 -1.458983 0.607854 0.302682 1.198486 -0.386485 1.136554 -0.359616 -0.620919 0.334010 -1.189955 -1.338667 -0.312577 -1.451679 -1.136678 1.168538
98 0.254435 1.153416 0.022036 -0.582286 -0.055176 -0.035740 -1.023470 2.615489 -0.324893 0.030205 0.558191 -0.852984 1.187964 0.012283 -0.435733 0.225274 1.352484 0.868048 0.426371 -1.008460 -0.572645 1.425785 0.074777 -0.579417 -0.124350 0.947978 0.939486 -0.225247 0.683060 1.257408 -0.509505 0.351142 0.007563 -0.277682 0.867922 0.437253 -1.429173 0.091026 -0.316799 -0.548372 -0.928539 -0.709178 2.053340 -1.646230 0.508708 0.071559 -0.442719 -1.219024 0.613367 -1.454810
99 -0.468829 2.544674 0.485492 0.988791 2.640892 1.198909 -0.315987 -0.364937 1.411015 1.946996 -0.531444 -1.670672 1.269740 0.466323 0.758883 -1.039365 -0.515865 -1.037999 0.137010 -0.746737 -0.235965 -1.054983 -0.053267 -0.780266 1.821175 -0.526194 2.445231 0.815714 -1.793029 -0.520124 -0.211994 -0.332117 -0.289576 -0.198708 1.125658 0.704795 0.334725 -1.303619 -0.281629 -0.323310 0.929478 -0.107197 -0.263026 -0.680140 1.627343 0.847480 -0.598589 -0.164727 -0.852273 2.501494
END
#################################################################
SECTION3 (Edges Information)
EndPoint0 EndPoint1 Weight
0 1 1.000000
0 9 1.000000
0 10 1.000000
0 90 1.000000
1 0 1.000000
1 2 1.000000
1 11 1.000000
1 91 1.000000
2 1 1.000000
2 3 1.000000
2 12 1.000000
2 92 1.000000
3 2 1.000000
3 4 1.000000
3 13 1.000000
3 93 1.000000
4 3 1.000000
4 5 1.000000
4 14 1.000000
4 94 1.000000
5 4 1.000000
5 6 1.000000
5 15 1.000000
5 95 1.000000
6 5 1.000000
6 7 1.000000
6 16 1.000000
6 96 1.000000
7 6 1.000000
7 8 1.000000
7 17 1.000000
7 97 1.000000
8 7 1.000000
8 9 1.000000
8 18 1.000000
8 98 1.000000
9 0 1.000000
9 8 1.000000
9 19 1.000000
9 99 1.000000
10 0 1.000000
10 11 1.000000
10 19 1.000000
10 20 1.000000
11 1 1.000000
11 10 1.000000
11 12 1.000000
11 21 1.000000
12 2 1.000000
12 11 1.000000
12 13 1.000000
12 22 1.000000
13 3 1.000000
13 12 1.000000
13 14 1.000000
13 23 1.000000
14 4 1.000000
14 13 1.000000
14 15 1.000000
14 24 1.000000
15 5 1.000000
15 14 1.000000
15 16 1.000000
15 25 1.000000
16 6 1.000000
16 15 1.000000
16 17 1.000000
16 26 1.000000
17 7 1.000000
17 16 1.000000
17 18 1.000000
17 27 1.000000
18 8 1.000000
18 17 1.000000
18 19 1.000000
18 28 1.000000
19 9 1.000000
19 10 1.000000
19 18 1.000000
19 29 1.000000
20 10 1.000000
20 21 1.000000
20 29 1.000000
20 30 1.000000
21 11 1.000000
21 20 1.000000
21 22 1.000000
21 31 1.000000
22 12 1.000000
22 21 1.000000
22 23 1.000000
22 32 1.000000
23 13 1.000000
23 22 1.000000
23 24 1.000000
23 33 1.000000
24 14 1.000000
24 23 1.000000
24 25 1.000000
24 34 1.000000
25 15 1.000000
25 24 1.000000
25 26 1.000000
25 35 1.000000
26 16 1.000000
26 25 1.000000
26 27 1.000000
26 36 1.000000
27 17 1.000000
27 26 1.000000
27 28 1.000000
27 37 1.000000
28 18 1.000000
28 27 1.000000
28 29 1.000000
28 38 1.000000
29 19 1.000000
29 20 1.000000
29 28 1.000000
29 39 1.000000
30 20 1.000000
30 31 1.000000
30 39 1.000000
30 40 1.000000
31 21 1.000000
31 30 1.000000
31 32 1.000000
31 41 1.000000
32 22 1.000000
32 31 1.000000
32 33 1.000000
32 42 1.000000
33 23 1.000000
33 32 1.000000
33 34 1.000000
33 43 1.000000
34 24 1.000000
34 33 1.000000
34 35 1.000000
34 44 1.000000
35 25 1.000000
35 34 1.000000
35 36 1.000000
35 45 1.000000
36 26 1.000000
36 35 1.000000
36 37 1.000000
36 46 1.000000
37 27 1.000000
37 36 1.000000
37 38 1.000000
37 47 1.000000
38 28 1.000000
38 37 1.000000
38 39 1.000000
38 48 1.000000
39 29 1.000000
39 30 1.000000
39 38 1.000000
39 49 1.000000
40 30 1.000000
40 41 1.000000
40 49 1.000000
40 50 1.000000
41 31 1.000000
41 40 1.000000
41 42 1.000000
41 51 1.000000
42 32 1.000000
42 41 1.000000
42 43 1.000000
42 52 1.000000
43 33 1.000000
43 42 1.000000
43 44 1.000000
43 53 1.000000
44 34 1.000000
44 43 1.000000
44 45 1.000000
44 54 1.000000
45 35 1.000000
45 44 1.000000
45 46 1.000000
45 55 1.000000
46 36 1.000000
46 45 1.000000
46 47 1.000000
46 56 1.000000
47 37 1.000000
47 46 1.000000
47 48 1.000000
47 57 1.000000
48 38 1.000000
48 47 1.000000
48 49 1.000000
48 58 1.000000
49 39 1.000000
49 40 1.000000
49 48 1.000000
49 59 1.000000
50 40 1.000000
50 51 1.000000
50 59 1.000000
50 60 1.000000
51 41 1.000000
51 50 1.000000
51 52 1.000000
51 61 1.000000
52 42 1.000000
52 51 1.000000
52 53 1.000000
52 62 1.000000
53 43 1.000000
53 52 1.000000
53 54 1.000000
53 63 1.000000
54 44 1.000000
54 53 1.000000
54 55 1.000000
54 64 1.000000
55 45 1.000000
55 54 1.000000
55 56 1.000000
55 65 1.000000
56 46 1.000000
56 55 1.000000
56 57 1.000000
56 66 1.000000
57 47 1.000000
57 56 1.000000
57 58 1.000000
57 67 1.000000
58 48 1.000000
58 57 1.000000
58 59 1.000000
58 68 1.000000
59 49 1.000000
59 50 1.000000
59 58 1.000000
59 69 1.000000
60 50 1.000000
60 61 1.000000
60 69 1.000000
60 70 1.000000
61 51 1.000000
61 60 1.000000
61 62 1.000000
61 71 1.000000
62 52 1.000000
62 61 1.000000
62 63 1.000000
62 72 1.000000
63 53 1.000000
63 62 1.000000
63 64 1.000000
63 73 1.000000
64 54 1.000000
64 63 1.000000
64 65 1.000000
64 74 1.000000
65 55 1.000000
65 64 1.000000
65 66 1.000000
65 75 1.000000
66 56 1.000000
66 65 1.000000
66 67 1.000000
66 76 1.000000
67 57 1.000000
67 66 1.000000
67 68 1.000000
67 77 1.000000
68 58 1.000000
68 67 1.000000
68 69 1.000000
68 78 1.000000
69 59 1.000000
69 60 1.000000
69 68 1.000000
69 79 1.000000
70 60 1.000000
70 71 1.000000
70 79 1.000000
70 80 1.000000
71 61 1.000000
71 70 1.000000
71 72 1.000000
71 81 1.000000
72 62 1.000000
72 71 1.000000
72 73 1.000000
72 82 1.000000
73 63 1.000000
73 72 1.000000
73 74 1.000000
73 83 1.000000
74 64 1.000000
74 73 1.000000
74 75 1.000000
74 84 1.000000
75 65 1.000000
75 74 1.000000
75 76 1.000000
75 85 1.000000
76 66 1.000000
76 75 1.000000
76 77 1.000000
76 86 1.000000
77 67 1.000000
77 76 1.000000
77 78 1.000000
77 87 1.000000
78 68 1.000000
78 77 1.000000
78 79 1.000000
78 88 1.000000
79 69 1.000000
79 70 1.000000
79 78 1.000000
79 89 1.000000
80 70 1.000000
80 81 1.000000
80 89 1.000000
80 90 1.000000
81 71 1.000000
81 80 1.000000
81 82 1.000000
81 91 1.000000
82 72 1.000000
82 81 1.000000
82 83 1.000000
82 92 1.000000
83 73 1.000000
83 82 1.000000
83 84 1.000000
83 93 1.000000
84 74 1.000000
84 83 1.000000
84 85 1.000000
84 94 1.000000
85 75 1.000000
85 84 1.000000
85 86 1.000000
85 95 1.000000
86 76 1.000000
86 85 1.000000
86 87 1.000000
86 96 1.000000
87 77 1.000000
87 86 1.000000
87 88 1.000000
87 97 1.000000
88 78 1.000000
88 87 1.000000
88 89 1.000000
88 98 1.000000
89 79 1.000000
89 80 1.000000
89 88 1.000000
89 99 1.000000
90 0 1.000000
90 80 1.000000
90 91 1.000000
90 99 1.000000
91 1 1.000000
91 81 1.000000
91 90 1.000000
91 92 1.000000
92 2 1.000000
92 82 1.000000
92 91 1.000000
92 93 1.000000
93 3 1.000000
93 83 1.000000
93 92 1.000000
93 94 1.000000
94 4 1.000000
94 84 1.000000
94 93 1.000000
94 95 1.000000
95 5 1.000000
95 85 1.000000
95 94 1.000000
95 96 1.000000
96 6 1.000000
96 86 1.000000
96 95 1.000000
96 97 1.000000
97 7 1.000000
97 87 1.000000
97 96 1.000000
97 98 1.000000
98 8 1.000000
98 88 1.000000
98 97 1.000000
98 99 1.000000
99 9 1.000000
99 89 1.000000
99 90 1.000000
99 98 1.000000
END
#################################################################
SECTION4 (TrueSubGraph Information)
EndPoint0 EndPoint1 Weight
42 52 1.0
42 41 1.0
42 32 1.0
32 31 1.0
31 41 1.0
41 40 1.0
40 50 1.0
50 60 1.0
60 69 1.0
69 79 1.0
END
#################################################################
SECTION5 (Labels Information)
0 0 1 0 0 0 0 0 0 0 0 0 0 0 0 0 0 0 0 0 0 0 0 0 1 0 0 0 0 0 0 1 0 0 0 0 0 0 0 0 0 0 0 0 0 0 0 0 0 0 
END
#################################################################
SECTION6 (bt Information)
-5 -5 5 -5 -5 -5 -5 -5 -5 -5 -5 -5 -5 -5 -5 -5 -5 -5 -5 -5 -5 -5 -5 -5 5 -5 -5 -5 -5 -5 -5 5 -5 -5 -5 -5 -5 -5 -5 -5 -5 -5 -5 -5 -5 -5 -5 -5 -5 -5 
END
#################################################################
