#################################################################
#APDM Input Graph, this input graph includes 3 sections:
#section1 : general information
#section2 : nodes
#section3 : edges
#section4 : trueSubGraph (Optional)
#
#if nodes haven't information set weight to null
#################################################################
SECTION1 (General Information)
numNodes = 100
numEdges = 200
usedAlgorithm = NULL
dataSource = SimulationData2
END
#################################################################
SECTION2 (Nodes Information)
NodeID Base Counts
0 -0.033703 0.867575 1.299154 0.596002 0.268392 -0.474069 -0.550934 0.901400 1.677662 1.487831 -0.507767 0.164827 0.096746 0.002912 0.515125 0.828749 -0.313003 -0.476925 -1.409073 2.066898 0.022917 -0.916691 1.694009 -1.799479 -0.610181 -1.092180 1.069366 0.019864 -1.667348 0.667668 0.980153 0.723005 1.563614 0.042583 0.016004 -1.072642 -0.104116 -1.768483 -1.033992 -0.123207 2.033271 -1.329628 -0.713165 0.005954 -0.104776 -0.340564 -2.328746 -0.287277 -0.290917 1.100388
1 1.434845 1.352580 0.719234 -0.810674 -0.180689 1.729668 0.260191 -1.274186 -0.027019 -0.007214 -1.159289 0.854541 -0.214243 1.729819 0.129826 -0.496543 -0.100781 -0.001282 -0.179749 0.413980 0.400266 3.146422 1.199721 -1.354480 0.025589 1.102693 0.274204 0.429457 0.734189 1.766285 -0.616512 -0.104993 -0.724062 -0.756875 0.935935 -0.251838 -0.050785 -1.748347 -0.863021 -0.235533 0.844634 -0.923063 -0.355762 -0.309261 -0.159959 -0.907927 1.778716 -0.240502 0.421503 0.481615
2 -0.505624 -0.532038 -1.397671 -0.010360 -1.791242 -0.596669 -0.498032 0.848158 1.380523 -0.526731 0.212295 -1.455356 -0.109487 0.353474 -1.127956 1.443216 0.713028 -0.515006 0.454425 -0.347999 0.609388 0.683898 -0.539417 -0.951816 0.269503 -0.003801 2.275734 1.874902 0.671443 0.449296 -0.484328 -0.173253 -2.024798 0.671557 0.262710 0.188022 -0.595741 0.844909 0.330304 1.424685 -0.105479 -1.427584 1.153334 -1.045363 -0.416487 0.678591 -0.701330 -1.811494 0.691692 -0.283310
3 -1.443336 -0.097317 0.429623 0.713512 0.119231 0.850804 -0.099106 -0.463354 -2.048029 1.222954 -0.054301 0.199130 -1.021139 0.522870 0.286151 -0.365179 0.707746 1.991043 0.829757 1.125616 -0.456587 2.093950 1.792771 0.326006 -1.116849 0.728245 0.017608 -0.515666 -0.525590 1.162940 1.107002 -0.050612 -1.341522 -0.952701 -0.441720 -0.207393 -0.086470 -0.325394 0.567881 -0.639182 -1.041491 0.972848 -0.229581 1.468385 -1.020665 -0.033673 0.583711 -1.888244 0.264660 0.438295
4 -0.256986 -0.200421 0.455563 0.381764 0.990837 -0.218910 -0.193955 0.101805 1.226698 1.110116 -0.510134 -1.362498 0.764798 -1.020792 0.524302 0.689054 0.357394 -0.989826 -0.145149 0.882260 2.656303 0.089955 -0.585377 -1.137146 -0.917076 0.398654 2.084464 0.381052 -0.304098 -0.022294 0.473189 -0.200345 -0.910063 -0.500469 -1.550885 -1.061320 1.256578 0.050255 -0.676273 -0.411818 0.319297 -0.470471 0.368590 -1.408514 0.633177 3.200075 0.782949 -1.647445 0.393556 0.418847
5 -0.291882 -1.467808 1.140045 -1.904308 -0.412378 0.151534 1.100467 0.506458 1.199808 -0.862733 0.013542 -1.033187 0.598107 -0.066681 1.262599 0.601712 0.498602 -1.364242 -2.582594 1.875025 -0.195412 0.452365 0.189513 -0.546481 -2.543367 -1.392190 0.350531 0.489179 -1.507534 0.344913 0.795571 -0.192924 -0.463730 -1.016730 0.637342 1.052135 -0.858569 0.410628 -0.491424 -0.706152 -1.504736 -0.024512 0.200189 0.008972 -0.582793 -0.550721 1.681991 0.633742 -1.172202 -0.458037
6 -0.299889 3.463545 -0.492634 4.886370 3.573438 3.812890 6.536642 -0.141578 2.626213 2.625195 2.499719 2.671697 2.908062 -2.366783 4.919686 -0.512085 3.980846 2.316411 -0.995904 3.101774 1.154856 3.115738 3.281421 0.753811 0.864806 -1.439140 3.284163 5.021543 -1.444983 2.365984 3.286853 -1.167740 2.822403 2.839611 -1.630992 -1.073997 0.333173 4.096422 2.842833 -0.617629 0.849484 -0.403339 5.228554 3.125569 3.502639 4.032736 5.336126 3.839801 4.066119 2.709525
7 1.233263 -0.887786 -0.217265 -0.862195 -1.093385 -0.470446 0.940458 0.234069 -0.060404 -1.145821 1.033391 -0.455694 -0.223507 -0.332927 0.310610 0.623339 0.891966 -0.116027 -0.526315 0.730262 1.453332 -1.868790 -0.664871 -0.551899 0.041005 0.453544 -0.419887 0.071908 0.489967 0.809229 -0.386511 1.159855 0.522017 -0.282642 1.410049 -1.825312 -0.151538 -0.118195 0.018842 -0.897799 -1.490860 -0.803960 1.461972 0.856139 1.838309 0.472777 0.756799 0.239105 -0.566028 -0.276904
8 -0.369669 -0.414947 0.433046 -1.688834 0.439005 0.759041 0.360095 -1.202452 0.738351 0.784637 0.066773 0.458954 0.594957 -0.032864 -1.805242 0.719946 0.639538 -0.025993 -1.110328 -0.390230 0.064693 -0.651776 0.199660 -0.332895 0.309498 0.066290 0.288543 -0.553810 0.732071 0.026348 -1.517161 1.020118 -1.284760 1.152786 0.662176 0.317710 0.963490 -0.867708 -1.619477 0.998123 -0.137837 0.217904 0.548402 0.326196 0.044520 0.936007 -1.303603 1.236485 -0.122085 -1.050584
9 -0.599020 -1.220003 -1.436264 0.418526 1.080097 -1.830081 0.367242 -0.909127 -1.334527 0.157216 -1.126181 2.406812 1.119076 -0.699981 0.506529 -0.028204 0.131990 1.178393 0.088060 0.808437 -0.193124 0.184553 0.315879 0.052390 -1.022838 -0.267119 -1.600600 -0.908211 -1.705207 0.495702 -1.871824 1.161520 -0.310190 -1.229695 -0.881776 0.090713 1.248695 0.292159 -1.017916 -1.286130 -0.280460 1.245507 0.957660 -0.889374 -0.362039 0.418155 -0.566299 0.882483 -0.178533 -0.385214
10 -1.070094 -0.140415 -0.926009 -0.024256 -0.268722 -0.781905 1.182624 1.868562 0.183299 -2.470618 -2.017820 0.240526 -0.468875 1.078542 -1.161972 -1.775011 0.338240 1.325490 -0.940235 1.000421 -1.940793 -0.197981 0.176855 -0.657416 0.354027 -0.082089 0.822372 -1.419720 0.184547 -0.412756 -0.590181 -0.064007 0.668809 -0.351189 2.297191 1.292221 -1.475263 -0.023321 -0.249929 1.264773 0.861327 1.122414 0.938794 -0.788341 0.438928 -1.313133 1.195290 -0.805862 1.867411 2.699147
11 1.248903 -0.318686 -0.096797 0.790640 0.111617 1.620104 -0.720144 -0.666371 0.341695 1.545508 0.010073 -1.280407 0.320296 -0.323207 -0.387104 -0.588818 2.680580 1.197247 -1.142432 0.340818 0.947215 1.424874 -0.961544 -0.316270 -0.282112 1.421744 -2.008601 -0.495643 -1.467308 -0.451569 -1.361845 1.929765 1.026136 -1.354717 -0.681016 -0.359895 0.359041 -0.103586 -1.159520 -0.557926 1.132158 -1.402424 -1.283531 -0.293106 -1.128367 0.258660 1.595223 -1.576954 -1.700634 0.583467
12 0.268768 0.411319 -0.260680 -0.006225 0.436595 -1.533670 -0.283022 -0.658863 0.280973 0.349232 -0.015052 1.413170 -0.431949 0.059569 -0.420167 -0.222674 0.829650 1.123023 0.600337 -0.977891 0.916151 0.152141 1.024080 0.096917 -0.516719 0.711397 2.310223 0.127319 -1.022165 1.169914 -0.389343 0.330221 -0.592875 0.409512 -0.811977 1.165661 -0.567867 1.015267 0.195317 -1.009304 -1.031843 -0.742782 -0.297055 0.748566 0.449573 0.114803 -1.279932 -0.202991 -1.520746 0.391791
13 -0.021911 1.354005 -1.019266 0.600975 0.541215 -0.322440 0.149505 -0.495949 -1.440205 0.243552 1.728059 -0.734478 0.140064 -0.174584 1.382488 -0.066492 -1.246846 -0.651188 -0.048820 0.786833 1.491107 0.340161 -0.231314 -0.153493 -0.715949 -0.607668 0.129804 1.060513 -0.224880 0.423750 -0.384344 -1.855165 1.635203 -1.472670 1.495454 -0.624813 -0.042164 0.492336 -1.053506 2.060089 -0.244268 0.096315 0.404935 -0.966810 0.149008 -0.618960 0.331570 -0.316831 1.448083 1.375519
14 -0.458043 2.721032 0.734158 4.667428 2.862334 2.612184 3.754910 -0.090815 3.260078 3.891762 4.139212 5.549502 4.942329 -0.178386 4.259413 -0.286527 3.570867 4.652469 -0.333202 3.472328 -0.751088 0.076794 4.314468 -0.702861 -1.078464 -0.591471 4.079606 3.564566 0.485844 5.614584 4.139961 -1.000639 2.721917 2.455340 0.546392 -0.992756 -0.458526 5.002538 6.140511 1.414604 0.720514 1.478878 5.321604 -0.149365 4.624573 5.571832 5.252047 2.723085 2.614229 1.937506
15 -0.420928 5.729931 2.468233 4.167052 3.875795 4.656933 5.624890 1.099280 3.661166 4.384687 6.090809 3.134452 4.650606 -1.152248 5.290370 1.514411 2.392872 2.873444 1.072062 2.547586 0.224039 0.879804 3.140871 0.861719 0.802968 1.402979 4.845953 4.557791 0.648097 5.067009 3.120231 1.237906 4.275985 5.308628 0.573526 -0.234961 0.719824 2.530122 3.661349 0.230460 1.345077 0.780868 5.477950 -1.982822 4.053072 5.242325 3.055470 4.031855 3.312721 4.060703
16 -0.328660 5.125986 0.141678 4.958810 4.471157 2.998117 4.710095 1.886501 4.832009 3.995419 3.833666 3.577665 4.145297 -0.609393 2.171453 2.540869 3.655765 2.044667 -1.534779 5.522863 -0.044212 0.717383 4.679932 0.217542 1.904080 -1.959435 3.222914 2.534586 0.593398 2.282730 3.195388 0.015629 3.586964 4.721429 -0.670951 1.039216 1.570504 5.515462 3.719544 -0.192127 -0.681333 0.585623 3.619641 0.627069 1.816882 3.605469 4.597348 4.436950 1.945607 2.648402
17 0.778467 0.808875 -1.013764 -1.317157 -1.807303 -1.949876 -0.753143 -0.802633 0.563653 -0.971955 -0.863536 -1.246699 1.618622 1.167768 -0.809416 -1.127154 0.756815 0.609838 -0.251372 -0.562519 -0.610305 1.362263 -1.256729 0.252665 0.346044 -1.611994 -1.840786 -0.351036 -0.965232 1.836170 -1.383867 -1.727677 0.942653 0.012875 0.157026 0.202385 0.531174 0.018677 0.005497 -0.806042 -1.506558 0.080230 0.588634 0.192197 2.284226 0.159695 0.142584 -0.370162 -0.737227 0.478939
18 1.593054 1.831893 -0.479099 -0.113042 0.904319 -0.497434 -0.204645 0.595213 0.908731 -0.382147 0.771187 1.587052 -0.430334 -1.119561 0.680576 -1.079276 0.171069 -0.754357 0.107155 0.728178 1.731098 0.550876 -0.457175 -0.765588 0.059521 0.371161 0.097353 0.209903 -0.825387 1.093497 -1.002007 -1.313998 -1.376713 0.050860 -0.893018 -0.551245 -0.217775 -0.900542 0.519797 1.615871 -0.281659 -0.412678 0.486675 -0.155792 0.088636 -1.240477 0.557276 1.127517 1.148320 -0.394101
19 -0.730612 -0.237236 0.089707 -0.448580 -0.870681 -1.312325 -0.761064 -0.195928 -2.344404 0.270874 2.060154 -0.197537 1.440447 -0.199346 1.898975 0.738185 -0.725644 -1.513953 0.036090 -0.650543 0.095459 -1.612520 0.100550 2.464507 0.475478 0.270959 0.803138 0.108029 -0.397417 0.326070 0.269792 0.874076 1.012958 0.007785 2.337831 1.722291 -0.613528 0.567999 -0.168438 -0.481496 -0.960155 -1.222355 -3.437791 1.831997 -1.412555 0.709784 0.355518 0.232046 -1.150736 1.178137
20 0.476304 -1.776250 -0.006030 -0.155519 0.462302 -1.038335 0.032661 0.813894 -1.166002 -0.215044 -1.226891 1.177528 0.247597 -1.129741 0.149086 -1.004665 0.783622 -0.970683 2.214851 -0.461354 1.654902 0.948944 -0.105400 0.056873 -1.452300 -0.014123 0.949535 -0.783863 1.066886 -1.154816 -0.698208 0.669102 0.673365 -0.157259 0.740868 -0.215017 0.271185 -0.321271 -1.714252 2.408898 -0.648904 0.843178 -0.826655 0.055882 -0.107153 -0.825020 0.755731 1.079667 -0.304162 1.394885
21 -0.564987 -0.721305 -1.549530 -0.041425 1.348914 1.209340 0.281924 -0.067373 0.085715 0.663836 0.025935 -1.867082 0.348563 0.314153 -0.367739 0.247356 -0.183471 0.230241 -0.846595 2.311191 -0.193601 0.521834 0.086607 1.032443 -0.289417 -1.566898 1.608794 -0.077646 0.057775 0.529683 0.715478 0.535755 -0.127195 -0.301150 -0.392049 0.428207 0.206858 -0.474248 0.430458 0.023470 -0.915172 -1.574888 0.207064 -0.574867 0.491263 -0.463754 -0.424203 -0.008856 -0.473135 1.129839
22 -0.551410 -0.231520 1.016113 1.367486 2.104222 0.434121 -0.148467 0.242308 0.751787 -1.051909 1.789424 0.494315 -0.769735 -1.035347 0.016629 -0.489881 1.439096 1.753030 0.153569 -0.464087 1.176562 -0.410270 -0.709249 -0.501795 0.214675 -1.092305 -0.344332 1.514749 1.860469 1.391511 -1.372988 2.225393 -1.828650 0.178128 1.494866 0.495153 -0.233716 1.873624 -0.848017 0.993377 0.388575 0.465807 0.440045 1.383168 1.358714 -1.119038 0.097144 -2.866381 -0.173589 -0.150951
23 0.530594 3.170716 0.825556 4.859224 4.291485 4.646601 3.485437 0.943252 5.960709 5.083597 3.431709 4.964785 4.258417 -0.313581 6.283310 1.159561 5.900146 3.598682 -0.400378 2.588257 -0.924675 -1.680120 2.562108 1.816535 -0.221209 -1.963524 3.462347 5.711010 0.901512 3.666417 4.660828 -0.638092 3.683743 2.244466 -0.261478 -1.552368 0.101960 3.185693 2.790535 0.439423 -0.016910 1.160963 2.287244 1.040053 2.620726 3.293507 3.650970 4.473030 3.043304 3.473751
24 -0.282882 3.326978 0.434269 3.584106 4.046590 4.207989 3.774937 0.265926 4.443642 4.654627 2.918932 4.505269 4.478776 -0.122978 4.868516 0.381360 6.098732 4.029690 0.714137 2.785108 0.074509 -0.043480 5.793608 0.251237 1.298748 2.746967 3.923537 2.375424 1.052396 5.285411 3.739789 1.520133 2.994758 4.607218 0.386407 0.812223 1.308426 4.225785 4.312996 0.532235 -0.932528 1.398015 4.293272 1.441367 4.109619 3.847959 4.634800 6.075401 3.207134 4.106168
25 -0.198012 -0.493529 -0.748084 0.264395 -0.851398 -0.312858 -1.072754 0.573812 -0.042442 -0.280398 0.858089 0.276330 1.747307 -0.219342 0.996135 2.414388 -1.436202 0.696724 -0.478716 -0.002154 0.956105 -0.658649 0.735139 0.696145 0.977428 -0.011643 2.015891 1.345298 1.688124 -0.284328 -0.278022 -0.767079 -1.339174 0.920095 1.156552 0.122464 0.245424 -0.817579 -0.000830 0.268120 -2.180967 0.791771 -1.363530 -0.636335 -0.941687 -0.399793 -0.729221 -0.149731 0.191232 0.279134
26 -1.032524 -2.171528 1.216755 -0.644324 0.122121 -0.708892 0.779988 1.120311 0.408471 -0.753348 -0.766673 0.233156 1.236746 -1.831507 -1.010836 -0.409120 0.443032 -0.771086 -0.689356 -0.033356 0.936845 1.329865 1.203026 1.818393 -0.371124 -1.191294 -1.349477 1.104735 -0.528468 0.626881 -1.452518 -0.288910 -0.113581 0.349700 0.688253 -1.141627 -0.218644 0.322002 0.647705 0.355156 0.705531 -0.305620 -0.389684 -0.043770 0.814077 0.298584 1.184253 -1.575499 0.491453 0.332606
27 -0.628025 0.539111 -0.652311 -0.009444 -0.622048 -1.267329 1.058608 -1.616480 -1.008560 0.768357 0.329938 -0.612070 -0.751169 -0.775018 -0.079833 -0.198384 -0.483597 1.405429 0.037117 1.345018 -1.579365 1.759493 1.060723 -0.588350 -0.148073 0.637327 0.251278 2.116771 0.156870 0.038515 0.287526 -0.339680 -0.811811 1.114005 0.175211 -0.250617 1.013580 1.247658 0.390212 0.916087 -1.677193 1.021904 1.881760 -0.728617 -1.124285 0.988483 -0.172730 0.377715 -0.708027 0.842037
28 1.458004 -0.997805 -1.038576 1.482471 0.230426 1.619282 0.830512 2.013686 -0.914286 0.016541 1.840112 2.061988 0.557179 0.190708 0.320919 -0.063115 -0.017319 0.922653 0.402134 -0.851779 1.563138 -2.123277 -0.080952 -0.025228 0.673019 0.093579 1.197119 -0.065356 -0.287766 -0.460468 -0.420517 1.294200 -0.649465 0.285807 -0.058659 0.576193 0.518824 -0.307967 -0.547727 -0.524071 0.252920 -0.272277 0.086458 1.398044 2.175946 -0.911021 -1.021792 0.191286 1.634506 -1.021303
29 1.058880 0.281713 -1.480848 -2.412415 0.542360 0.584424 0.142232 -0.227129 -0.563081 0.565452 0.416611 -0.369059 -0.855213 0.516719 0.464265 -0.631677 1.365943 0.365895 0.242732 0.905767 -0.521818 -1.261985 0.403582 0.772460 0.623823 -0.018881 0.030016 -0.395682 -0.706691 0.337544 0.006225 -0.468565 0.994241 -0.041746 0.009153 -1.347157 -0.142369 -0.013429 1.428406 0.690585 -1.492865 0.287025 -0.895372 -0.273478 -0.008757 -0.795502 1.526219 0.090909 0.759489 -0.218471
30 0.865610 0.555082 -0.630135 -1.147277 -1.605573 1.106756 1.154646 -0.843387 -0.261158 -0.722723 -0.029950 -1.049758 -0.681824 -0.254811 -0.174049 -2.254289 0.675223 0.559206 -0.444883 0.089399 -0.713321 -0.760410 0.662396 -0.328762 0.912895 0.062409 -0.273851 0.111018 -0.308252 -0.695478 0.974254 -1.754546 0.321648 0.578894 -0.547402 -1.743746 -0.602592 1.106035 -0.063973 0.174805 -0.870716 0.575342 -1.014597 -0.500417 -0.080620 0.300343 0.061655 -0.263567 -1.100359 0.611817
31 -0.010190 -1.036055 -0.662670 0.962233 -0.846025 -0.925740 1.200773 -0.613577 -0.548627 0.144742 -0.753618 -0.320106 0.417376 -0.496424 0.596807 -0.021988 0.144095 0.091145 1.063820 -1.035116 1.992217 0.526907 -0.084874 1.806766 -0.378161 1.014865 1.394629 0.747924 0.499973 0.551339 0.321186 -1.067130 0.144605 -1.441297 -0.240657 1.209127 -0.000719 -0.561056 0.399820 0.143367 -0.752991 0.996990 0.546283 -0.263251 -0.218001 -0.687692 0.973470 -0.121435 -0.799900 -0.606130
32 -0.051602 0.239486 1.220590 -1.021547 -0.393153 -0.002727 -1.032017 1.689238 -0.592621 -1.374788 -0.584966 -0.275985 0.382442 -0.034943 -0.949938 -1.789607 0.084504 -0.900938 0.369764 0.351858 0.623950 -1.539060 -1.372963 0.544777 0.830006 0.940461 -0.736359 0.516926 1.789231 -0.230572 2.295262 1.958784 -0.338809 -0.037390 -0.298221 -0.493530 1.219405 1.827843 0.058101 0.945693 0.641390 0.571985 -1.345847 1.861791 -1.117284 -0.787898 -1.323289 0.121690 -0.081058 -0.048963
33 -0.803036 -0.069276 -0.005444 -1.924520 0.902436 -0.051345 -0.457846 -0.167312 -1.108546 0.031273 -0.577112 -0.973766 1.588044 -0.312535 0.156367 0.348335 -1.495284 -2.706115 1.265359 -0.479240 -0.492660 -0.532724 0.630001 0.274040 -1.008302 -0.600746 1.029715 -0.412474 0.882016 -0.171164 0.689737 0.652661 0.818415 1.204285 0.006121 0.069278 0.396890 -0.570275 -0.644082 0.543313 0.147251 0.077151 -0.949039 0.722940 0.909150 -0.251070 -0.846579 -1.420959 -0.782379 0.026344
34 -0.948577 1.443334 -0.021260 0.995084 -0.709216 -0.404455 -0.514775 0.512247 -0.675238 1.528221 0.081391 -1.431841 -0.613760 -0.017146 1.607248 -0.524603 1.120353 1.187404 -0.237826 -0.678044 0.338182 0.629269 0.318972 -0.198379 -0.815595 0.289088 -1.323653 -0.033099 0.199673 0.466518 1.011112 1.613385 2.228892 -1.244371 1.050705 1.280371 -0.978579 -0.040685 -0.778807 -0.387531 -0.203538 -1.343046 1.545606 -0.885051 -0.386043 -0.298576 -0.688306 0.650572 -0.542203 0.550773
35 1.347373 0.150950 0.534154 -0.825125 -0.189475 1.728827 0.595720 0.048322 -0.670780 -0.103753 -2.334361 -1.374720 2.087513 1.018221 -0.075873 -1.017431 -0.268250 -0.735399 1.113973 -0.307340 -1.404879 0.402753 -0.963214 1.805805 -0.584754 -0.803605 -0.707965 0.580860 -0.386618 -0.563458 0.344401 1.048885 0.984787 -0.219788 0.048553 0.325334 0.593598 -0.191523 0.356394 1.408115 0.436353 -0.078585 -0.588419 0.991877 -1.864163 0.633918 0.187309 0.107956 -1.853609 -1.091509
36 0.274413 -0.363804 0.910703 -1.504408 0.525586 -0.626635 -0.473936 0.127545 1.353410 0.806102 1.875725 -0.792949 1.546100 0.524829 0.476891 0.542579 -0.186113 2.472382 -0.784052 0.270708 0.285882 0.565985 0.363114 0.937667 -0.296104 -1.612806 -1.381211 0.721528 -0.290354 1.973278 0.884390 -0.763575 -1.041739 0.772439 0.001020 -2.097085 0.222837 -1.028537 0.745110 -1.045182 -0.336032 0.018536 -0.798005 1.066260 -0.409631 1.428041 -1.062077 2.657628 -0.252370 0.422375
37 0.183170 -0.435425 0.033849 -1.175828 1.134938 -1.255151 -0.523240 -2.166446 -0.420449 -0.719093 -0.226089 -1.809867 -0.451576 -0.630239 1.284393 0.864512 -0.030358 -0.430549 0.814034 0.647582 -1.114452 0.614245 0.122763 1.714580 0.615136 0.200730 -0.208211 -0.320549 1.146630 -0.929195 0.070802 0.280984 0.402719 -0.294134 0.017675 -0.579583 -0.942194 0.048940 0.311389 -1.935499 0.783781 0.419522 0.605573 -0.427411 1.423002 -0.472200 0.084347 -0.275775 0.248457 1.201576
38 1.371751 -0.260148 0.373736 1.634146 -0.622813 -0.801749 0.291028 2.274102 -1.221330 0.932292 -1.611616 0.637810 2.537826 -0.434018 -0.672519 -0.507576 0.966751 0.481360 0.339720 -1.278044 -0.408386 0.550157 -1.105480 0.091341 -1.630293 -1.195446 0.583261 0.237036 0.539808 1.106750 -1.284534 -0.191357 -1.515181 -0.660381 -0.400046 1.598507 0.850603 -0.537404 -1.064896 1.431868 -0.770138 1.979608 0.612111 -0.801169 -0.935153 0.085331 -0.774380 0.354985 -0.626146 -0.853229
39 -1.146896 0.797638 -0.271564 -1.343651 -0.331963 -0.819156 2.706001 -1.595441 -0.260794 -1.617584 1.304943 -0.584541 -0.683529 -1.218410 -0.990182 0.127858 1.074067 1.120396 -0.133665 1.708077 0.470589 0.976079 0.916609 0.075882 0.089263 -1.295470 -0.736457 0.361881 -0.791018 -0.542010 -0.311292 -0.217414 1.117218 0.607566 -0.034801 0.118197 -0.576011 -0.851456 -0.833210 -0.558887 0.832199 -0.087605 0.091253 0.357064 -0.453906 0.402151 0.163798 0.236652 0.098138 0.429958
40 -0.053263 0.345093 -0.480079 -0.164826 0.741591 0.761499 0.285830 0.495720 0.626868 0.283920 -0.291180 -0.713446 0.431710 -1.299643 -0.327767 -1.177396 -1.343261 0.013176 -0.642011 0.432196 1.390605 1.815885 0.650514 0.232406 -0.717716 1.168148 0.265941 0.182547 2.013749 1.512789 0.275081 1.091917 0.199974 1.951316 0.372999 0.469013 0.182605 -0.824305 -0.214479 -0.038188 0.916662 -0.682491 0.293176 -0.147978 -0.245906 -1.234662 1.408626 -1.052673 -0.694901 1.099862
41 0.058098 -1.922957 -1.776733 1.780768 0.322897 0.416981 -1.480400 0.063597 -0.729389 -0.132714 0.253971 0.904153 -1.931179 -0.494506 -1.224039 -0.144590 -0.234316 -0.202083 -2.085475 -1.522119 -1.184872 -1.147231 -0.285614 0.874936 1.202783 1.215214 1.053980 0.686557 0.844403 0.858361 0.673887 -1.565126 0.543717 -0.609540 1.592935 -1.256016 0.647258 1.537407 1.575468 -1.313656 0.057215 -0.611013 -0.115514 -1.991861 2.009773 2.027266 0.884891 -0.186176 0.027545 -1.259668
42 -0.125408 0.203447 -0.251443 -0.072518 -0.730049 0.476364 0.345092 0.132241 -0.539116 -2.242816 0.262083 0.883398 0.075772 0.751955 -0.200074 -0.825964 -0.107708 0.251597 0.051898 0.224790 -0.757806 0.267718 0.398284 0.927320 -2.878613 -1.270578 1.508147 1.200279 0.346539 0.957269 -0.463924 0.242062 0.409736 -2.244053 0.641421 0.220602 0.288634 0.373913 -1.576702 1.225067 -0.865036 0.977081 0.521783 -0.717258 -1.137090 0.503212 -0.083679 -0.321128 0.144947 -0.207552
43 0.594700 -2.357902 0.476851 0.355290 0.443873 -0.219844 1.815131 -1.154738 0.835423 1.501862 0.063703 0.930341 0.852747 1.811226 -1.214719 -0.441936 0.568998 0.679671 0.351596 -0.088111 -0.404426 1.191411 -0.763306 0.542421 -0.948511 0.206367 0.184016 -1.449294 -0.191727 0.606307 0.727153 -0.556943 -0.580488 -1.143325 1.102496 -0.653845 -0.685810 -0.764807 -1.910639 2.245957 -0.449797 -0.042287 -2.311214 0.854479 0.233994 1.062702 0.609864 0.207108 1.210282 -0.636437
44 0.975663 -0.746147 -0.490831 0.038414 -0.152786 0.519113 0.148078 2.103178 1.000490 -0.308219 0.076676 -1.950493 -0.289887 -0.488369 -2.416218 0.145909 1.242806 1.306731 -0.568826 -1.690374 -0.972608 0.055118 -0.344568 -0.104679 -0.471781 -1.166004 -0.777855 -0.184236 0.341232 -0.326837 -1.478972 -0.480273 0.830430 -0.180904 -0.633633 0.738319 0.821015 -0.705659 -1.506998 0.897857 2.065025 -0.597477 -0.113921 0.314239 0.684757 0.694371 0.577373 1.265719 0.087199 -1.301992
45 2.267779 -1.428140 -0.584133 1.473691 1.359044 -2.546740 -0.833744 0.353190 1.864673 0.745289 2.706594 1.201928 -0.285222 -0.664880 0.171405 -0.317174 -1.021747 -0.162886 -0.386039 -0.378179 -1.209594 -0.986371 -0.742701 0.508523 -0.188108 0.011243 -0.457314 -0.926588 -0.749627 1.273122 2.403774 0.247161 -0.191164 -0.821433 -0.523432 -1.723500 -1.374869 -1.387013 -0.310495 0.470354 -1.031269 -1.235267 -0.825855 0.502762 -1.786968 0.434559 0.756856 -0.498093 -0.801986 0.308979
46 -0.327699 1.589197 -0.109603 -0.626707 -0.705930 -0.419643 -1.083025 -0.839341 -0.709490 -0.894181 -0.041015 1.031550 -0.570473 -0.339416 0.673194 0.803419 1.479231 -1.923979 -0.309175 -1.822589 0.282505 -0.679232 0.238189 1.103982 1.897355 -2.148231 -0.386864 -0.396190 -0.863768 -0.100974 1.547413 2.182662 0.815124 -0.880418 0.791498 0.603195 -1.722491 -0.077834 -2.055158 1.052077 0.840268 -0.372939 -1.378732 -1.773210 -0.937282 -0.204346 0.244004 -2.158799 -0.219886 -0.843168
47 1.284794 1.303964 1.066626 0.425001 -0.033062 -0.321643 1.009383 2.029151 -0.895776 -0.548337 -0.569772 -1.216900 0.135868 0.575399 0.793151 0.690506 -0.402088 -0.583842 0.876477 0.145029 0.990138 -0.493483 1.940164 1.862785 -2.016896 -1.028530 0.517494 0.445072 0.836806 1.156798 0.798078 0.003882 -0.848845 -0.522280 0.554043 -1.119312 0.320094 -0.803018 0.396193 -0.750279 -0.157745 0.137983 0.623632 -0.165552 -0.378577 -0.223356 -0.068809 0.411905 -0.738559 0.658805
48 2.103550 -1.360699 -0.049836 0.693248 0.273383 -0.031199 1.773859 -0.028336 -0.575419 1.815862 1.938110 -1.485674 1.389377 -1.129195 -0.742835 0.589716 -1.264429 0.324476 -0.367016 0.548590 -2.088782 0.206705 1.101593 0.056365 0.532658 -0.712999 1.724954 0.783030 0.679357 -0.862930 -0.604791 1.884605 0.361831 -0.202100 -1.269717 -0.534386 -0.481269 1.228108 0.280383 0.063617 0.642750 0.625979 0.353307 -0.760561 -0.927651 -1.179440 -0.048913 -1.230859 0.115915 0.098529
49 -0.048951 0.342673 1.673211 -0.126213 -0.511896 0.934744 -2.077924 -0.501777 -1.035396 0.844307 -0.062584 -1.064814 -0.553235 -1.399306 0.768545 0.297309 1.653094 -0.502328 0.880970 0.028987 0.387281 0.300330 -0.890386 0.663680 -0.121896 0.543182 0.093590 0.381774 -1.069655 0.612386 0.250571 -1.016453 0.164282 0.762720 -0.549691 -1.332304 -1.671824 -0.797911 1.074892 0.691813 0.612191 0.117722 -0.206917 -0.644806 -0.083252 1.524293 -2.041515 0.944464 0.343382 -1.561002
50 -1.130460 -0.126823 -1.245910 -0.396025 -0.804585 -0.591654 1.184002 0.055981 -1.059681 0.901749 0.683639 -0.546073 0.668648 3.260339 1.946630 0.362824 -0.167345 -0.952626 -2.236674 -0.936357 1.414443 -1.301823 -1.298633 -1.494904 0.016916 -0.805600 0.664789 -0.075936 -0.246169 0.028395 -0.154944 -0.480797 -0.248752 1.698345 -0.612146 -0.340043 0.642037 1.218935 0.305546 -0.477157 -0.093770 -1.863548 2.482546 1.383100 -0.857144 -1.344063 -0.380424 0.808347 -0.479244 1.296748
51 -0.090836 2.464681 2.761254 0.614367 -1.378277 -0.018616 -0.121852 0.474428 -1.489912 0.698969 0.387745 1.520100 -0.002680 -0.133535 -0.348177 1.642021 -0.464888 0.288877 0.175155 1.093149 0.217448 -1.231321 -0.722813 -0.549662 -1.022035 0.106145 0.086231 0.645664 -0.363940 -1.041432 -1.150695 1.653756 0.149795 0.152652 0.437093 1.564725 -0.477600 -1.171407 1.106852 0.552871 -1.232261 1.189045 -1.058021 -0.241156 -0.507032 0.412156 0.252199 1.344895 -1.418159 -0.165613
52 0.351055 -0.625979 -0.387263 0.606241 0.020560 0.203929 -0.088298 0.503019 0.560948 0.377224 -1.225592 1.458533 -1.057098 -2.077866 -1.504080 -0.415146 0.277393 -1.159643 1.047596 0.570434 -0.029845 -1.138076 1.244028 0.003069 -0.184584 -0.038347 -1.735363 -1.403952 -1.972498 -0.529300 -0.430829 -0.267279 -0.761056 -1.570422 0.660982 -1.641598 -0.846410 0.627185 -0.582462 -0.713058 0.780503 -1.569190 -0.444409 -1.479755 0.075897 -0.005533 -0.891023 -1.404989 -0.694111 1.588313
53 -1.133462 -0.550826 -1.768435 0.563518 -0.201272 0.515549 -0.237230 -1.428247 -1.166648 0.337098 2.248464 0.771918 -0.141814 -1.020827 0.855813 0.374341 -0.216641 0.162997 0.747051 -0.010297 0.134259 1.485759 -0.221276 0.033777 0.310284 0.053444 0.038302 0.441078 -0.039633 -0.423587 0.956085 -0.317758 1.671566 -1.386861 -0.266705 1.335093 0.057402 0.274175 1.071831 1.438246 0.286026 0.791641 0.601827 -0.365748 -0.313733 0.847675 1.044536 -1.292034 0.506486 0.033343
54 0.189050 -0.037469 -0.687788 -0.079363 -1.392304 1.030490 0.087003 0.655540 -1.115021 0.102524 0.492228 -1.249699 -0.829318 2.288079 1.165734 0.131647 0.795704 0.923447 -1.951521 -1.684508 -0.844095 0.151281 2.279267 -1.476465 -1.655447 -0.675209 2.839493 0.816710 -0.499651 0.982490 -0.611390 0.861858 1.165033 0.682910 -0.593594 -1.194985 3.091762 0.113816 0.554405 -1.723705 0.305591 0.249001 1.245437 -1.861058 0.197384 1.330374 -1.913330 -1.043252 -0.556710 -0.611297
55 0.622905 -0.685008 0.180292 0.628427 -0.214319 1.649368 -0.284729 0.242758 -0.514563 0.442952 -1.476438 -0.031052 -0.309635 -0.838108 -1.437593 0.306342 -1.799763 -0.835813 0.282769 -0.079566 -0.576809 -0.093926 1.006253 -0.606244 0.970157 1.364620 0.125314 0.086644 0.392272 -0.437844 0.532823 -1.672257 -0.501846 0.557565 -0.958460 0.686912 -0.029872 0.757444 -0.057055 -1.270194 0.119510 -0.626969 1.278840 0.075390 -0.078690 -0.684602 0.366528 0.985201 -0.201186 1.844599
56 0.069909 0.980220 1.884485 1.788071 -0.298241 0.731946 -0.423911 -0.765712 -0.617895 1.683845 -1.292098 -1.786665 -0.484713 -0.753196 1.005250 -1.073987 -2.070744 1.252683 0.571428 -0.326944 0.327663 -1.167495 -1.266940 -0.366514 -0.512765 -1.595844 -0.122873 -0.826102 0.836948 1.180917 0.903385 1.908237 0.694085 -0.417542 0.748676 -1.451440 -1.510419 -1.445768 0.484571 0.803666 0.354814 -0.540322 -1.276434 2.335899 0.470496 2.096435 -0.671298 -0.404687 -2.191084 0.501817
57 -0.687052 -0.238190 0.593272 -1.366359 -0.076817 0.566597 0.671094 -0.722140 -2.093298 0.582343 -1.559476 0.415415 1.614706 -2.659626 0.063389 -0.119299 0.372329 -0.843272 0.961606 1.606927 -1.273223 0.584910 -2.136230 1.888052 0.730606 -0.087866 0.255363 -0.711778 0.086441 -0.978035 -1.012758 -1.914407 0.742179 0.904602 1.000970 0.141336 1.466689 1.483304 -1.521301 -0.427113 0.000728 -0.960328 0.105614 -0.582952 -0.258745 0.485017 0.370245 -1.530613 1.944598 1.070720
58 -2.505467 1.670504 -0.412657 0.721558 0.753393 1.084918 0.577427 0.480047 0.380633 0.801229 -0.126083 1.950512 -0.243190 1.562598 -0.845455 0.214215 0.843814 -1.367521 -1.356770 0.618324 -0.272873 0.076731 0.010104 -0.670835 0.623569 0.491726 -1.081887 0.521754 -1.471725 -1.113736 0.381226 -0.995599 -0.338461 0.609002 -0.214988 -0.252431 -0.430340 -0.472633 -1.350675 1.710263 -2.393134 -1.885176 0.207705 1.989864 2.029821 1.067128 -0.325644 -0.009514 0.344656 -0.774307
59 0.606415 0.058026 0.936445 -0.055303 -0.054531 1.477299 0.994513 0.452321 0.118318 -0.356399 1.160202 -1.102347 -0.340526 -0.122335 -1.981196 -0.418352 -0.365765 -1.326737 -0.286073 1.218222 0.875655 0.143138 1.795455 0.254858 1.434735 -0.597630 -0.709810 0.140271 -0.187032 -0.152922 1.253494 -0.294708 -0.282772 0.843351 -0.479308 -0.623840 -0.089245 0.312245 1.092277 0.129439 1.475773 0.649179 0.004835 1.396113 -1.463269 1.873959 -0.174183 -2.072053 0.359002 -0.383200
60 2.261748 1.019888 0.287420 0.329991 0.507387 -0.535493 1.569528 -1.261932 0.194051 -0.041175 0.715328 -0.696396 1.447156 0.119684 1.443274 -1.103185 0.236787 0.030791 -0.017183 0.513667 -0.649601 0.752045 -1.008640 -0.645104 -0.749536 1.116285 0.947335 1.785791 0.673355 0.017471 -0.641031 0.272824 -0.798801 0.796723 -1.831521 -0.432930 -0.513341 0.489310 -0.073470 -0.155406 0.813500 1.631239 -0.209841 -0.183031 1.046125 2.191079 0.228446 1.175820 -0.612687 -0.254982
61 1.441143 -0.512538 -0.727055 -1.399766 1.544445 0.536156 -0.575697 1.360413 0.456717 -1.566051 -2.027953 1.466139 0.466739 0.530361 -1.038387 0.783114 0.020200 0.532506 0.786007 -0.899288 0.081173 0.027341 0.336328 0.927654 2.181274 0.542639 0.104805 -1.788959 1.044036 1.214903 -0.474542 -1.098735 -2.060636 0.191381 -1.432065 0.517211 -1.574167 -0.865815 0.382387 -0.391242 -2.098528 1.324927 0.624671 0.907844 0.291621 0.867197 2.770484 0.553838 -1.139553 -0.446315
62 0.294671 0.907594 0.524207 0.537423 0.470153 -0.069970 -0.549706 0.152703 0.642783 1.177738 -2.233063 -0.306036 -1.687066 0.187835 -1.915947 0.521341 0.399507 -0.185972 -0.415468 0.049055 -0.469814 -1.393189 -0.298523 0.315927 -1.458785 -0.554114 -1.987100 1.186251 0.448116 -0.348383 1.901932 -0.763830 1.634827 -0.370457 -0.297669 0.676187 0.719386 2.489325 0.011814 -0.902203 -2.179723 -0.021325 0.065455 0.392087 0.735975 0.067441 1.394280 -1.037626 -0.472119 -1.891785
63 -0.865015 1.163538 -0.800450 1.195339 -2.349659 -0.457350 0.804206 -0.214586 0.141152 1.797617 -1.067541 0.249537 -0.920076 -0.724971 -0.088804 2.768559 0.787437 -0.924848 0.337511 -0.695015 1.359928 -0.734799 -0.851096 1.295721 0.313434 0.128474 -0.959508 -1.058787 0.682765 -0.429160 0.934429 0.432383 -1.284587 -0.616070 -0.017153 1.413929 1.736620 0.250260 -0.543819 -0.757299 1.665250 -1.074781 -0.737667 -1.197871 -1.430939 0.262490 1.339518 0.509364 -0.444770 0.628402
64 -1.925218 -0.148450 -0.554739 0.346923 -0.010968 -1.224896 0.653603 0.690723 1.477642 0.542452 0.521768 0.076895 0.628031 -1.312479 -0.510017 -1.108877 -0.662383 -0.151481 -0.212604 0.405644 -0.302734 1.412034 0.279147 0.932535 1.023156 -0.611536 0.968073 0.786714 0.236478 -0.973482 -0.074034 -0.401763 1.061029 -1.663474 -1.505366 -0.233259 0.971756 -0.620894 -1.688826 -1.141774 -0.887882 -2.138928 0.127909 0.183629 -1.387368 -1.095051 0.858112 -0.639924 0.998337 -0.841618
65 0.079909 1.213623 0.125630 -0.075120 0.002821 0.242223 1.252257 1.081291 1.236703 1.394507 -0.466605 -0.006390 -0.498917 1.554673 -0.888699 -1.112669 1.192931 0.710494 -0.385398 0.684179 -0.677512 0.575354 0.419705 1.863175 0.328905 -0.457432 0.652723 0.794370 0.893048 0.517130 -0.322406 0.504739 -0.071938 -1.014505 -0.474034 0.276344 0.769314 -0.884168 -0.154914 -1.377002 0.001432 0.411104 -0.751804 1.286109 -1.693162 -1.473314 0.055085 -0.368312 -0.315705 0.638242
66 0.916904 -3.050107 -0.697157 -1.112104 0.706818 -1.999659 -1.172837 -0.329277 -0.638079 1.537431 0.372658 -0.206811 -1.173743 0.305666 0.024104 0.702790 0.287403 -1.505144 1.039857 1.292148 1.049915 0.193486 -0.418764 -0.723434 0.185325 0.525183 -0.929029 0.408357 -0.197483 0.915770 2.343996 0.152511 0.226266 0.478475 0.200429 0.612195 0.261833 0.994775 0.671059 0.956885 1.629827 -1.278518 1.111601 2.204632 -1.456761 -0.077958 0.720982 2.016030 -0.856426 -1.073035
67 0.082515 -1.191662 -1.175780 -0.485162 -1.004490 0.728454 -0.859514 0.355860 -1.428191 -0.807137 1.254143 -0.437513 -0.639838 1.121237 0.104523 0.209357 -0.708689 -0.768373 0.748972 -1.430360 1.030052 -1.259835 1.421796 -0.870525 0.674134 2.155500 -0.055672 0.366477 0.615987 0.526265 -0.881210 0.231883 -1.957884 -1.141285 0.773331 -1.683629 -0.942677 0.557988 -1.343224 0.324629 1.870951 0.722844 -0.288066 1.512647 2.011842 0.089617 1.103707 -0.188502 0.420243 -0.091200
68 -1.477768 -0.322680 -0.462214 -0.156388 -0.451553 -0.748557 1.397029 1.149505 -0.292309 0.207400 0.557115 0.422752 0.084389 -0.476249 -0.327441 1.677395 -1.476019 -1.226629 -0.559860 0.094104 -0.592123 -0.122132 -0.860156 0.947992 0.541768 0.151392 0.024960 -0.355464 1.871935 0.896752 0.471838 1.584925 0.052248 -0.190776 0.962318 1.075761 0.879703 0.214624 -2.073319 -0.157137 2.251953 1.045388 -0.322569 0.002480 0.482117 0.084390 -0.302577 0.150836 0.864832 -1.360296
69 -0.790378 -0.437637 0.032576 -0.127524 -1.353437 0.199294 0.072861 0.023481 -0.006823 -1.511708 0.719427 -0.246938 -1.355945 2.379820 1.952263 0.282068 1.958256 1.233033 0.807672 -1.476385 -2.415303 1.764588 -1.314625 0.708950 -1.571564 1.102185 -1.474596 1.270168 1.155002 -0.559732 0.311924 -1.028408 0.359643 0.894910 2.435584 -0.934433 1.909626 -0.857362 0.390887 -1.020313 1.207938 -1.502201 -0.523955 -0.481835 -0.748950 -1.162521 -0.103734 -1.376654 0.316750 1.155643
70 0.332307 0.272669 0.298746 -0.754011 0.141326 2.272149 2.612039 -0.478244 1.832153 0.075768 -0.222136 1.593064 -1.594184 0.322290 0.012237 0.178372 1.755704 0.335561 -0.544137 -1.919626 -0.250939 -0.444011 -0.978254 0.657901 -1.258352 -0.274410 0.175079 -0.992355 2.460143 -0.833292 0.271326 -0.220403 0.330609 1.850821 -0.588523 -0.079417 1.075594 -1.167005 -0.639698 -1.034227 0.281289 1.398217 -0.177914 -0.095238 -0.285977 -0.425943 -0.523182 -0.780913 -0.504013 -0.409786
71 0.798662 1.630938 -0.511660 0.636748 -3.433061 0.098759 -0.013521 0.073564 0.151281 0.922237 3.366649 1.674924 -0.262436 1.030123 -1.621512 0.896913 -0.304539 0.423541 -0.572477 0.728858 1.120646 -0.018972 0.406620 0.498390 0.889739 -1.575591 0.595744 2.429692 0.587217 -0.309274 0.538549 -0.052577 0.028835 -0.537667 -0.600307 -0.199562 -0.212672 0.701376 0.893340 -1.129957 -1.067013 -1.198238 0.894991 -1.129277 0.475197 0.638310 -1.501894 -1.100092 -1.627063 1.422811
72 0.686224 0.736896 0.038675 2.693708 -0.908257 -0.091138 0.502458 -0.372528 -0.032940 -0.650500 -0.722938 -0.601139 1.156874 0.721370 1.238352 -2.391577 0.782827 -0.494342 0.661002 -0.282204 -1.869695 1.033579 0.677915 -0.890538 1.025970 -0.481101 1.121961 -0.708908 -0.499882 -0.529682 0.500327 0.060819 0.093945 0.362053 -0.906331 0.737712 -0.063705 0.705850 -0.564851 -0.019504 -1.028758 -0.738512 -1.097014 0.116153 -0.230595 -1.788880 -0.509998 1.835854 -0.565930 0.288841
73 0.433769 0.682998 0.446919 -0.042593 -1.433360 -0.995138 -0.451068 2.450636 0.543872 -0.424842 0.477146 -1.274208 1.145751 -1.447930 -0.551047 0.508025 -0.120007 0.598595 0.871041 0.986350 -1.279545 -0.872497 -2.113097 0.378408 0.129127 0.352836 -0.103214 0.266467 1.363181 -1.544350 1.183038 0.859201 0.169871 0.736339 -0.695715 -0.355269 -1.181067 0.638439 0.454966 -1.527680 1.295323 -1.336241 -1.080980 0.806092 0.226490 -1.385885 -1.271497 -0.426709 0.079196 0.406805
74 0.403965 -0.876751 -1.574034 -1.238215 -0.777140 -0.945586 1.044788 0.010567 -0.239975 1.522980 0.574107 0.011815 0.615760 -1.169492 -0.286465 0.570742 -0.458661 0.111356 0.029920 0.534409 -1.368018 0.894800 -0.637355 2.110447 1.113296 -0.536419 1.579951 -1.574518 -1.511761 -0.055217 0.651629 -0.578021 -0.338091 -0.929686 0.229975 -0.039117 -1.392611 0.060396 -1.328820 2.217617 0.412523 0.124028 0.153422 -0.140822 -0.516566 -0.343980 -0.272637 -0.594123 0.214419 -0.036870
75 -1.046449 3.665674 -0.119625 3.627859 3.237262 4.216818 2.860091 0.567671 2.863447 3.373737 5.339945 5.917700 5.241741 0.073161 4.279580 0.184577 3.671774 2.981847 0.567315 3.680599 -0.387507 -1.835981 3.355625 -1.643100 1.414039 0.101348 5.023460 5.835072 -0.809675 4.703218 4.837299 1.287532 2.389794 2.221426 -2.225926 1.274845 -0.396584 1.359168 2.018997 1.599143 -0.296398 0.408576 3.692563 -0.258597 3.634564 4.165513 4.320926 3.560164 3.569290 5.259736
76 1.558216 3.800969 0.551104 5.090224 4.830881 3.882299 4.792379 0.875543 2.477781 4.621294 1.252509 3.891497 4.357923 -0.194714 4.388532 1.314815 2.430921 3.211911 0.377743 5.202867 -0.584312 0.739351 4.023863 -0.135189 -0.605728 0.316893 4.136356 4.904954 -0.673956 4.772685 3.248396 0.263910 2.951984 4.838324 0.979615 0.445103 0.833644 4.329721 5.068442 -1.423215 -0.057278 -2.166948 5.158197 -0.522119 3.936185 4.935867 3.572321 5.022044 2.367564 4.501567
77 0.110424 -0.494540 0.168737 0.680839 -1.304114 -0.463400 2.173331 0.072008 1.831794 -0.183908 -0.527560 0.488219 0.832441 -0.925598 -0.202773 2.202097 -0.532874 1.541349 0.694362 0.228989 -0.954621 -0.011565 -0.196342 0.131070 -0.482692 -1.118382 0.261539 -0.775772 0.937071 1.009940 -0.113706 -0.375336 -0.565407 0.560448 1.175790 0.685437 0.023444 1.420360 0.832930 0.433125 0.538286 -0.349047 -0.844614 -0.313981 0.506528 -0.826911 1.875426 -2.384043 -1.603723 -0.025615
78 0.088567 0.312456 1.827694 -0.257305 0.107021 -2.530601 1.672010 -2.494581 -0.014011 -0.245690 -2.292035 -0.994100 -0.294352 -0.345898 0.994662 0.686020 -0.375228 -0.594920 0.529847 0.076481 -0.484634 0.384998 0.161333 -1.341729 0.219380 -1.536301 -2.249033 -0.709493 0.207355 -0.241609 0.931460 1.150530 1.662549 -0.541907 -0.915940 1.676608 -0.396564 0.370480 -0.723403 1.572945 1.363285 0.460162 0.623879 0.388003 -2.291671 -1.298515 -1.322456 -1.886444 -0.482015 0.394058
79 1.094462 0.761044 -0.492219 1.145552 -0.167763 -1.540735 0.514785 0.274569 -0.728987 1.023557 1.589292 1.353312 -1.966239 -0.390624 1.232750 0.118302 1.498954 0.653754 -0.176845 -1.069128 -1.647797 0.020192 -0.080508 -0.251113 1.117747 0.207373 0.798273 1.029717 1.610688 0.438934 -0.137579 0.118579 1.431860 -0.529335 -1.602050 0.330773 0.655293 1.249350 -0.205118 -0.084075 0.938543 0.245570 -1.836652 1.594669 -1.012452 1.306278 0.178841 -0.631221 -0.837347 0.255355
80 -0.367590 0.588658 1.031164 -0.131724 -1.759379 -1.316074 -0.343770 0.473502 0.077254 0.212101 -0.059520 -1.390871 0.449539 0.148856 -0.963920 0.750457 -0.831958 -1.703604 -0.512478 -0.431376 -0.762064 1.993365 0.486106 -0.696985 -1.012224 0.912985 1.330221 -0.808633 -1.042053 1.072751 -0.420323 -0.382806 0.196835 -0.758440 0.370199 0.126727 1.407768 -0.042264 -1.060540 0.672131 0.221079 0.341939 -0.185458 -1.225189 0.067290 0.525624 0.501234 -1.242914 0.387986 2.111533
81 -2.581340 -1.092163 -1.169201 1.745920 -0.416480 -0.813359 0.260696 -0.753700 0.662703 0.224840 1.439377 0.404961 1.037482 0.292025 -0.777601 0.531539 1.349246 0.599279 -1.312248 0.637416 -0.124872 1.086553 -1.125767 -1.748992 -0.073714 -2.335981 -0.636845 -0.478785 -0.115215 0.379427 0.131476 -1.864930 0.875372 0.856426 -0.405348 -1.159132 -0.169781 2.904169 2.453657 0.818901 -0.626538 -0.917666 0.008120 -0.840523 -0.828723 0.085183 0.033747 0.192544 -0.267459 0.187900
82 -0.280668 0.503952 -0.148096 -0.400564 -1.008353 0.945667 -0.704327 0.486863 -0.743842 -0.103758 -0.121882 -1.416094 2.204672 -0.921353 0.234219 -0.166234 -0.030364 -0.302888 0.241705 -0.959750 -0.532852 0.079456 -0.447534 -0.684911 0.452323 0.299897 -0.577453 -0.643726 0.479446 0.178446 -0.018428 0.376115 -0.079862 0.674786 0.580903 -0.780600 1.154036 -0.447015 0.484034 -0.182231 0.121187 0.757839 -1.866497 0.494090 1.034735 -0.092878 0.408484 -1.902132 0.419984 -0.988497
83 -0.421275 -0.917757 -0.442122 -0.933850 -0.388122 -1.244783 0.946612 -0.460406 0.075808 0.163278 1.091925 -0.568857 -0.864414 1.406757 -1.052866 1.511708 -2.059879 -0.995387 0.072435 -0.925055 -0.550544 0.512855 -0.305793 -0.869735 1.354887 -0.343649 0.637885 -0.800625 -1.307481 -0.622574 0.847650 0.166031 -0.642122 -1.237643 -0.503024 0.712288 -1.091219 -0.264686 1.223788 -0.298691 0.438381 0.696425 -0.619777 0.780747 -0.801899 1.225598 -2.348888 0.157970 0.459651 0.105586
84 0.144180 0.348270 -1.281680 2.559560 0.771120 0.286045 0.124415 -0.390662 0.874207 -0.502279 -0.784408 0.340191 0.635969 1.035027 0.450452 -2.113516 -0.691850 0.859567 0.370454 1.333863 -1.179283 -1.697718 -1.138336 1.139600 1.956865 2.487504 1.829547 -0.637924 -1.227544 1.040734 -1.302834 0.399918 -1.453331 0.538685 -0.325588 1.004022 1.476371 -0.886775 0.777310 -0.105355 -0.687292 0.650912 1.545001 -0.214211 0.063294 0.526372 0.194491 0.966477 -0.350792 1.142569
85 -0.344992 0.786741 -0.884002 -0.836126 0.016495 0.366084 1.434769 0.095770 0.737155 -0.468635 -0.877157 1.035620 2.124299 -0.035822 1.635063 -0.174954 0.645696 -0.523644 -0.507221 0.778008 1.104202 0.661786 -0.579279 0.217421 -2.688552 0.700819 1.987808 -0.346085 -1.159191 -1.286664 0.254583 -0.585917 0.519774 1.239022 -0.215512 -0.058672 0.130152 -1.282328 0.499354 1.291360 0.168262 -0.542290 0.890535 0.137267 -0.392347 -1.443692 -0.053716 0.191919 -0.485485 -0.111038
86 -0.816299 2.744858 -0.651948 4.939009 4.711077 2.054082 3.796087 1.206856 3.357838 3.009271 4.603244 3.040068 5.718073 -1.092857 3.510651 -0.596428 3.337233 4.681022 1.671213 2.441132 -0.914997 -1.067153 3.014986 0.581541 -0.399691 -0.550102 5.240127 3.955214 -1.737537 3.278754 5.184237 0.149310 3.523722 4.052990 0.374003 0.741949 -0.151352 2.474597 3.824811 -0.667409 -2.748099 0.236410 4.264912 0.830380 5.454263 2.805078 4.893175 4.773550 3.982187 5.413467
87 -0.505851 1.819113 -0.781541 0.865368 1.832703 1.836150 0.754101 2.209319 -0.974610 -0.761793 -0.316205 0.683641 -0.230941 1.645836 0.091025 -0.304565 1.281098 0.303011 -1.567000 0.514168 0.369218 0.072140 0.336974 0.317320 -1.688361 0.096808 2.288219 1.558416 -1.162329 -0.445047 -0.058949 0.253101 0.602809 0.054678 0.193785 0.541409 0.551079 -0.477366 2.105821 -0.555950 -0.324933 0.502373 -0.385469 1.439008 -0.708864 0.726384 -0.943468 0.282205 0.111701 -1.199005
88 0.041197 0.155034 0.386848 -1.356355 -0.008622 1.102513 0.094391 1.308948 0.411981 -1.404024 0.048813 -0.111213 0.282601 1.226275 1.354694 0.325308 0.368451 -2.093678 1.502955 0.435200 0.916755 -1.249495 -0.338055 0.039027 -0.111076 1.241996 -0.565200 0.174552 0.771460 -0.719680 -1.056901 -0.718536 -1.335064 -0.808010 0.873840 -0.994537 0.664323 0.200790 -0.354018 0.639539 -1.849197 -0.161936 -1.559016 0.906149 0.096980 1.247295 0.176293 0.810798 2.169400 1.181812
89 -0.838616 0.169666 1.440066 -0.974584 1.689444 0.742140 -1.876649 -1.484651 0.129669 -1.760226 0.311456 -0.992121 -0.214916 -0.010269 -0.151604 -0.339126 0.419990 1.586495 -1.423289 0.290638 1.090749 -0.017794 0.082953 -0.376074 0.481195 -0.690569 1.033319 -0.650648 0.651415 -0.793158 -0.515962 0.469852 1.529060 -1.781885 -0.393771 -1.659635 -0.759868 -0.283457 -1.513468 1.423670 1.644258 -0.191030 0.534947 -0.151622 4.713558 -1.215500 -0.382332 -0.316912 0.815679 0.843530
90 -0.122232 0.557371 0.182030 -0.644827 0.436713 -0.256029 -0.195532 0.625121 0.927013 -0.488551 0.402841 -0.295069 -1.034656 -0.652352 -1.420043 -0.310558 -0.029799 1.071434 2.601767 1.508729 -0.328321 -1.030156 -1.362465 1.246994 -0.471990 -0.814420 0.591644 -0.703173 0.228119 -0.399439 0.259849 -0.774982 0.953959 -0.990055 0.843495 0.221037 0.390246 -0.270452 0.843543 2.040405 -1.166311 2.150543 -0.989496 0.895290 0.896381 -0.570900 0.699000 -1.112781 0.326403 1.125293
91 1.384608 -0.701521 -1.028190 -0.683691 1.085869 1.085595 1.284940 -0.239684 -0.025635 0.332695 0.372118 0.888579 0.494423 0.121485 0.730908 -0.656802 0.710315 0.237691 1.390409 -0.118614 1.647697 0.338060 0.084235 0.642878 0.222779 1.542856 -0.271855 0.109525 -1.051435 -0.904832 -1.290828 -0.571250 0.298396 -0.273858 1.585536 0.824939 1.458310 0.816089 1.187584 0.131561 2.135649 0.943584 -1.725084 1.293188 -0.393086 1.117220 1.749933 -0.122076 1.642968 -0.295934
92 0.116765 -0.413902 0.942544 -0.257256 -0.024369 1.578062 -0.017215 0.683399 0.504615 0.318262 1.311882 0.303393 -0.227937 -1.358751 -0.147723 -0.628153 -1.031680 -1.727945 1.556594 0.302392 0.124746 0.072289 0.302935 1.453703 0.450629 0.716963 2.789325 -1.528850 -1.142173 -0.026925 0.390975 1.644021 -0.549797 -0.749790 0.012137 1.300901 0.374250 -0.490600 0.355681 1.926004 -0.612938 -1.404392 -2.142893 0.303820 1.460018 0.662651 2.419452 0.367443 -0.785891 -0.663057
93 0.657566 -0.320462 0.928095 -0.588820 1.231146 -0.088801 -0.050437 0.293821 0.111658 -0.826301 -2.177444 -0.169727 0.785848 -0.719655 0.777702 -1.083877 1.060451 -0.862995 -2.335956 -1.471986 0.484067 -1.235442 0.048584 -0.476699 0.330633 0.181573 1.178730 -0.752303 0.903344 0.184639 -1.047066 -1.210121 -0.163024 0.812430 0.484778 1.167949 0.642989 -0.860757 -0.362974 -0.020043 0.184313 1.182252 -0.342514 0.039384 -0.943162 0.401030 -0.555541 -0.299033 0.066142 1.745452
94 -0.320025 -0.235764 1.890621 -0.214210 -0.252992 0.012619 0.181632 0.991921 -1.239460 -0.616557 0.160009 -0.281188 0.120150 -0.141397 0.428808 0.279493 -0.224803 1.987888 -1.066980 -0.171929 0.463481 0.567124 1.358262 -1.104591 0.295594 -0.765086 0.394613 -0.930047 1.531537 0.245413 0.939654 -2.033420 0.228254 0.056691 0.025422 1.043648 -0.003312 -1.061104 2.085163 0.904890 -0.847451 -0.093821 0.074421 0.353038 0.370733 0.069612 -0.113242 1.683644 -1.232041 0.582704
95 -1.316729 1.655075 0.986539 0.837833 -0.200010 1.216638 -0.388302 0.796640 -0.413511 1.023177 1.623244 -2.062224 -1.899461 -0.532609 1.897478 -1.320133 0.477092 0.918089 0.387236 0.195597 -0.573086 -0.875396 -1.022999 0.644301 -0.014631 -1.086737 1.537564 -0.413773 -1.459315 0.783000 -0.855829 -1.213849 0.311851 -0.366860 1.826093 -1.149649 -0.668859 1.047938 -1.083203 0.085046 -1.272969 0.110185 0.204148 -1.696272 0.591711 0.492302 -0.461939 1.179134 1.602813 -2.227174
96 -0.526633 4.281388 -0.699990 4.085525 3.940083 3.908562 2.895702 -1.195123 4.174522 4.800050 4.770680 4.388926 5.262361 0.505813 4.632867 -1.342716 4.482769 3.553099 -1.366033 5.207883 -0.013111 0.170181 2.086471 -0.044631 1.409066 -0.276233 4.015990 3.255279 2.976821 2.178297 3.353907 -0.130716 2.688417 3.199958 -0.190131 -1.160421 0.973346 2.961114 5.525799 -1.383745 -1.355406 0.100498 3.863588 0.786062 2.567599 4.433872 3.191664 2.483306 3.858074 2.879655
97 -0.625071 -0.248539 -1.265685 0.242482 0.780587 -0.080489 1.222190 -0.060283 2.361579 -0.783591 0.140001 -0.687770 -0.644735 0.375267 -1.402590 1.708195 -0.162875 -1.214625 0.426162 -2.326101 -0.200725 1.064227 0.239655 1.428985 -0.575635 -0.505724 -0.327755 0.598332 -1.464718 -0.053816 0.231501 0.328202 -0.167409 0.565215 -1.504011 -0.223291 1.513662 -2.401303 0.136297 -0.409855 0.412425 -1.078364 -0.598005 1.409308 0.055741 0.145325 -0.593899 -1.282209 -0.156382 -1.424221
98 0.654698 -0.593795 1.359330 -0.015160 0.455706 -0.172606 0.118694 -0.355481 0.035513 -0.018676 -0.333276 -0.747676 -0.291658 1.349342 0.423551 -1.518848 -0.648982 1.642761 -1.156749 1.884795 -0.282050 -0.034246 0.824262 0.453009 0.776550 1.755026 -0.990571 0.351739 -0.875807 -1.239795 2.074814 0.939755 -0.350247 -1.199868 -0.709771 -0.136403 -0.130597 0.858933 -0.436691 0.249302 0.866046 0.615269 0.791003 -0.959109 0.875767 -0.906255 -0.711661 -0.368462 -0.355058 0.128831
99 -1.143373 -0.442979 1.792420 0.285370 1.023787 -0.019452 0.156650 0.285485 -0.151003 0.395347 0.398333 -0.225266 0.072524 0.158022 -0.873996 -0.071322 0.924652 -0.517729 -2.038438 0.838775 -0.750655 0.356616 -1.241344 -0.666198 0.284781 0.944391 2.078466 -1.742669 0.633299 1.797306 -0.587962 -0.793493 -0.471822 -0.214478 -1.100196 -0.564386 0.667316 -0.193012 1.651452 -0.506995 -0.588884 1.085463 -0.805406 -0.603429 -1.609429 1.605858 0.015160 -1.561569 0.506654 1.611686
END
#################################################################
SECTION3 (Edges Information)
EndPoint0 EndPoint1 Weight
0 1 1.000000
0 9 1.000000
0 10 1.000000
0 90 1.000000
1 0 1.000000
1 2 1.000000
1 11 1.000000
1 91 1.000000
2 1 1.000000
2 3 1.000000
2 12 1.000000
2 92 1.000000
3 2 1.000000
3 4 1.000000
3 13 1.000000
3 93 1.000000
4 3 1.000000
4 5 1.000000
4 14 1.000000
4 94 1.000000
5 4 1.000000
5 6 1.000000
5 15 1.000000
5 95 1.000000
6 5 1.000000
6 7 1.000000
6 16 1.000000
6 96 1.000000
7 6 1.000000
7 8 1.000000
7 17 1.000000
7 97 1.000000
8 7 1.000000
8 9 1.000000
8 18 1.000000
8 98 1.000000
9 0 1.000000
9 8 1.000000
9 19 1.000000
9 99 1.000000
10 0 1.000000
10 11 1.000000
10 19 1.000000
10 20 1.000000
11 1 1.000000
11 10 1.000000
11 12 1.000000
11 21 1.000000
12 2 1.000000
12 11 1.000000
12 13 1.000000
12 22 1.000000
13 3 1.000000
13 12 1.000000
13 14 1.000000
13 23 1.000000
14 4 1.000000
14 13 1.000000
14 15 1.000000
14 24 1.000000
15 5 1.000000
15 14 1.000000
15 16 1.000000
15 25 1.000000
16 6 1.000000
16 15 1.000000
16 17 1.000000
16 26 1.000000
17 7 1.000000
17 16 1.000000
17 18 1.000000
17 27 1.000000
18 8 1.000000
18 17 1.000000
18 19 1.000000
18 28 1.000000
19 9 1.000000
19 10 1.000000
19 18 1.000000
19 29 1.000000
20 10 1.000000
20 21 1.000000
20 29 1.000000
20 30 1.000000
21 11 1.000000
21 20 1.000000
21 22 1.000000
21 31 1.000000
22 12 1.000000
22 21 1.000000
22 23 1.000000
22 32 1.000000
23 13 1.000000
23 22 1.000000
23 24 1.000000
23 33 1.000000
24 14 1.000000
24 23 1.000000
24 25 1.000000
24 34 1.000000
25 15 1.000000
25 24 1.000000
25 26 1.000000
25 35 1.000000
26 16 1.000000
26 25 1.000000
26 27 1.000000
26 36 1.000000
27 17 1.000000
27 26 1.000000
27 28 1.000000
27 37 1.000000
28 18 1.000000
28 27 1.000000
28 29 1.000000
28 38 1.000000
29 19 1.000000
29 20 1.000000
29 28 1.000000
29 39 1.000000
30 20 1.000000
30 31 1.000000
30 39 1.000000
30 40 1.000000
31 21 1.000000
31 30 1.000000
31 32 1.000000
31 41 1.000000
32 22 1.000000
32 31 1.000000
32 33 1.000000
32 42 1.000000
33 23 1.000000
33 32 1.000000
33 34 1.000000
33 43 1.000000
34 24 1.000000
34 33 1.000000
34 35 1.000000
34 44 1.000000
35 25 1.000000
35 34 1.000000
35 36 1.000000
35 45 1.000000
36 26 1.000000
36 35 1.000000
36 37 1.000000
36 46 1.000000
37 27 1.000000
37 36 1.000000
37 38 1.000000
37 47 1.000000
38 28 1.000000
38 37 1.000000
38 39 1.000000
38 48 1.000000
39 29 1.000000
39 30 1.000000
39 38 1.000000
39 49 1.000000
40 30 1.000000
40 41 1.000000
40 49 1.000000
40 50 1.000000
41 31 1.000000
41 40 1.000000
41 42 1.000000
41 51 1.000000
42 32 1.000000
42 41 1.000000
42 43 1.000000
42 52 1.000000
43 33 1.000000
43 42 1.000000
43 44 1.000000
43 53 1.000000
44 34 1.000000
44 43 1.000000
44 45 1.000000
44 54 1.000000
45 35 1.000000
45 44 1.000000
45 46 1.000000
45 55 1.000000
46 36 1.000000
46 45 1.000000
46 47 1.000000
46 56 1.000000
47 37 1.000000
47 46 1.000000
47 48 1.000000
47 57 1.000000
48 38 1.000000
48 47 1.000000
48 49 1.000000
48 58 1.000000
49 39 1.000000
49 40 1.000000
49 48 1.000000
49 59 1.000000
50 40 1.000000
50 51 1.000000
50 59 1.000000
50 60 1.000000
51 41 1.000000
51 50 1.000000
51 52 1.000000
51 61 1.000000
52 42 1.000000
52 51 1.000000
52 53 1.000000
52 62 1.000000
53 43 1.000000
53 52 1.000000
53 54 1.000000
53 63 1.000000
54 44 1.000000
54 53 1.000000
54 55 1.000000
54 64 1.000000
55 45 1.000000
55 54 1.000000
55 56 1.000000
55 65 1.000000
56 46 1.000000
56 55 1.000000
56 57 1.000000
56 66 1.000000
57 47 1.000000
57 56 1.000000
57 58 1.000000
57 67 1.000000
58 48 1.000000
58 57 1.000000
58 59 1.000000
58 68 1.000000
59 49 1.000000
59 50 1.000000
59 58 1.000000
59 69 1.000000
60 50 1.000000
60 61 1.000000
60 69 1.000000
60 70 1.000000
61 51 1.000000
61 60 1.000000
61 62 1.000000
61 71 1.000000
62 52 1.000000
62 61 1.000000
62 63 1.000000
62 72 1.000000
63 53 1.000000
63 62 1.000000
63 64 1.000000
63 73 1.000000
64 54 1.000000
64 63 1.000000
64 65 1.000000
64 74 1.000000
65 55 1.000000
65 64 1.000000
65 66 1.000000
65 75 1.000000
66 56 1.000000
66 65 1.000000
66 67 1.000000
66 76 1.000000
67 57 1.000000
67 66 1.000000
67 68 1.000000
67 77 1.000000
68 58 1.000000
68 67 1.000000
68 69 1.000000
68 78 1.000000
69 59 1.000000
69 60 1.000000
69 68 1.000000
69 79 1.000000
70 60 1.000000
70 71 1.000000
70 79 1.000000
70 80 1.000000
71 61 1.000000
71 70 1.000000
71 72 1.000000
71 81 1.000000
72 62 1.000000
72 71 1.000000
72 73 1.000000
72 82 1.000000
73 63 1.000000
73 72 1.000000
73 74 1.000000
73 83 1.000000
74 64 1.000000
74 73 1.000000
74 75 1.000000
74 84 1.000000
75 65 1.000000
75 74 1.000000
75 76 1.000000
75 85 1.000000
76 66 1.000000
76 75 1.000000
76 77 1.000000
76 86 1.000000
77 67 1.000000
77 76 1.000000
77 78 1.000000
77 87 1.000000
78 68 1.000000
78 77 1.000000
78 79 1.000000
78 88 1.000000
79 69 1.000000
79 70 1.000000
79 78 1.000000
79 89 1.000000
80 70 1.000000
80 81 1.000000
80 89 1.000000
80 90 1.000000
81 71 1.000000
81 80 1.000000
81 82 1.000000
81 91 1.000000
82 72 1.000000
82 81 1.000000
82 83 1.000000
82 92 1.000000
83 73 1.000000
83 82 1.000000
83 84 1.000000
83 93 1.000000
84 74 1.000000
84 83 1.000000
84 85 1.000000
84 94 1.000000
85 75 1.000000
85 84 1.000000
85 86 1.000000
85 95 1.000000
86 76 1.000000
86 85 1.000000
86 87 1.000000
86 96 1.000000
87 77 1.000000
87 86 1.000000
87 88 1.000000
87 97 1.000000
88 78 1.000000
88 87 1.000000
88 89 1.000000
88 98 1.000000
89 79 1.000000
89 80 1.000000
89 88 1.000000
89 99 1.000000
90 0 1.000000
90 80 1.000000
90 91 1.000000
90 99 1.000000
91 1 1.000000
91 81 1.000000
91 90 1.000000
91 92 1.000000
92 2 1.000000
92 82 1.000000
92 91 1.000000
92 93 1.000000
93 3 1.000000
93 83 1.000000
93 92 1.000000
93 94 1.000000
94 4 1.000000
94 84 1.000000
94 93 1.000000
94 95 1.000000
95 5 1.000000
95 85 1.000000
95 94 1.000000
95 96 1.000000
96 6 1.000000
96 86 1.000000
96 95 1.000000
96 97 1.000000
97 7 1.000000
97 87 1.000000
97 96 1.000000
97 98 1.000000
98 8 1.000000
98 88 1.000000
98 97 1.000000
98 99 1.000000
99 9 1.000000
99 89 1.000000
99 90 1.000000
99 98 1.000000
END
#################################################################
SECTION4 (TrueSubGraph Information)
EndPoint0 EndPoint1 Weight
23 24 1.0
24 14 1.0
14 15 1.0
15 16 1.0
16 6 1.0
6 96 1.0
96 86 1.0
86 76 1.0
76 75 1.0
END
#################################################################
SECTION5 (Labels Information)
0 1 0 1 1 1 1 0 1 1 1 1 1 0 1 0 1 1 0 1 0 0 1 0 0 0 1 1 0 1 1 0 1 1 0 0 0 1 1 0 0 0 1 0 1 1 1 1 1 1 
END
#################################################################
SECTION6 (bt Information)
-5 5 -5 5 5 5 5 -5 5 5 5 5 5 -5 5 -5 5 5 -5 5 -5 -5 5 -5 -5 -5 5 5 -5 5 5 -5 5 5 -5 -5 -5 5 5 -5 -5 -5 5 -5 5 5 5 5 5 5 
END
#################################################################
