#################################################################
#APDM Input Graph, this input graph includes 3 sections:
#section1 : general information
#section2 : nodes
#section3 : edges
#section4 : trueSubGraph (Optional)
#
#if nodes haven't information set weight to null
#################################################################
SECTION1 (General Information)
numNodes = 100
numEdges = 200
usedAlgorithm = NULL
dataSource = SimulationData2
END
#################################################################
SECTION2 (Nodes Information)
NodeID Base Counts
0 -0.711767 1.845569 0.576437 0.503973 1.442942 0.415285 1.296418 -1.160745 -0.171199 0.253748 0.417978 1.966673 1.124908 -0.377900 1.012929 0.177215 1.921808 1.093535 2.700743 -0.934527 -0.305563 -0.431410 -0.014159 1.111759 -0.645313 1.633302 -0.307824 -0.325207 -0.176713 0.598032 -0.998827 -1.052865 -0.594311 -0.145881 0.328636 -0.276739 0.090082 0.497310 -0.825683 -0.423157 0.412105 -0.011392 1.242890 0.103780 1.092728 -1.355104 0.886602 0.005749 -0.104698 0.975185
1 1.183500 1.348261 -0.076050 -0.497187 -0.749142 1.575441 0.347298 -0.471462 -1.099516 0.120056 -0.141324 1.262550 -0.731453 -1.462399 0.542572 -1.023896 -1.213528 -1.276700 0.366336 1.569198 0.841302 0.728340 0.622972 -1.875586 0.388641 1.320416 0.071152 -0.165779 0.367509 -0.721395 -0.565537 0.109249 0.413964 0.089475 -0.687412 -0.293228 -0.397373 -1.020394 -3.288254 0.711380 -0.854338 -0.499969 -0.892478 -0.525774 2.349718 -1.162441 -0.632389 0.642245 1.235630 -0.608733
2 -1.178847 -0.514356 0.756784 1.568282 -1.796726 0.091388 -0.164410 -1.779843 -0.110205 -0.327496 1.410372 0.093846 0.820384 0.408382 -0.278950 -0.434527 -0.470949 -0.055842 0.344831 -0.301076 1.423605 0.225262 -0.497891 -1.922530 0.372588 -0.883553 -0.393864 2.198497 0.166031 -0.536659 -0.937098 0.444035 -1.690093 -0.903702 -1.112778 0.883624 0.745265 0.226650 -0.050084 -1.183642 -1.931706 0.634540 0.347084 -0.284061 -1.790376 -0.602806 1.082330 0.499900 -0.504806 0.679433
3 1.720307 -0.495186 -0.006422 1.000634 -0.373914 2.259099 -1.207489 -0.559817 -1.417708 1.711522 0.453555 0.649702 0.556120 2.835258 -0.419759 -0.118274 0.243285 0.693032 -0.067961 1.230146 -2.480823 -0.694645 1.664802 -0.424825 0.081944 1.278733 0.480940 1.244035 -0.495667 0.943703 -0.746958 -1.209365 -0.122255 0.659557 -1.264835 -0.760051 0.326026 0.173153 0.340388 0.996409 0.950649 -1.244313 0.394003 0.405547 0.529328 -1.699783 -0.557220 -0.850909 0.657047 1.712601
4 -0.824218 -0.220353 1.284407 0.016437 -0.252882 0.421865 -0.452118 -0.111141 -1.323988 1.263609 0.379852 -0.648605 0.177533 0.085078 -1.329578 -0.574012 -1.301177 1.224384 -1.870507 1.337252 0.696111 1.692207 0.306588 -0.515094 -0.057929 0.255694 0.819510 -1.846653 -1.368823 0.059281 0.825203 0.417486 0.026273 1.005304 -0.899849 1.167421 0.151479 -1.221440 -1.388219 1.190906 -1.334704 2.159408 -0.726485 -0.218017 0.769082 -0.390518 1.505125 0.264018 -0.542682 -0.858698
5 1.309921 0.234205 1.206724 2.025110 -0.119373 0.703241 1.034401 0.818044 0.369508 -0.397539 -0.877865 0.868592 0.684069 -1.391473 0.397157 -0.420621 1.494388 0.760398 -0.130140 -0.657428 -0.648457 -1.312329 -1.006285 -1.368415 -1.626841 -1.049133 -0.260206 -0.549165 0.040410 0.698002 -0.319680 -0.443610 -0.027130 -1.138980 0.647817 0.818001 -1.083769 0.811056 -0.371930 -0.033754 -1.153244 1.049490 0.826601 -0.932921 1.482911 1.219847 0.079395 -0.387289 2.642926 -0.404364
6 1.547129 0.662519 -0.934176 -1.300616 1.068389 0.620414 -0.319579 0.292707 -0.081041 0.000541 1.132098 1.339548 1.266853 -1.770749 0.402233 0.026778 0.503585 -1.068476 -0.282298 -0.286560 -1.877814 -0.008618 1.789387 0.325608 -0.435841 -0.359486 -0.402719 0.576428 -0.161048 -1.623110 -0.170641 -0.820414 0.817324 0.902561 0.598567 -0.372717 -0.019587 -1.401209 -1.590957 -1.202190 -1.725023 -1.421596 0.376507 -0.216793 0.306954 -0.074964 0.041922 1.463318 -0.803546 2.131346
7 -0.111548 -0.057854 1.169106 1.441196 -1.850254 -0.737555 1.855545 -0.275387 0.314071 -0.638317 -0.422786 -0.270526 0.248528 -1.914678 0.467147 1.307593 -1.030116 -1.710183 -1.504674 1.821675 -0.262296 0.413771 1.505381 -0.966740 0.140119 -1.495752 1.971227 -0.342886 -1.289792 -0.741462 0.640493 -1.028075 -0.062704 1.170188 0.984002 1.721236 1.500650 -0.130008 -0.529266 -0.595122 0.126139 -0.172776 -1.664488 2.003296 -0.745659 0.098908 -0.428557 0.987229 0.224011 0.953286
8 1.209995 0.643326 -1.175574 -1.770890 0.929034 0.064936 -0.266910 1.395204 -1.177331 -0.050660 -0.507212 -0.228644 -0.474287 0.270157 0.151461 0.332753 1.644012 -0.802270 -0.214597 -0.463554 0.656613 0.713002 -1.799663 -1.578608 0.183624 0.026779 -0.963296 -1.022297 0.890631 0.645711 -0.265600 1.649992 0.915312 0.111797 -0.404672 0.424988 0.659220 0.805665 0.875138 -0.058564 -0.384667 0.607749 -0.198336 0.232382 0.182954 0.241433 0.105376 -1.456452 -1.896205 -0.333503
9 -0.125807 0.132792 -0.723000 0.945242 -2.087768 0.629086 0.488323 0.666574 -1.063454 1.688807 -1.908538 3.807221 -0.074792 -1.804433 -0.321930 0.709593 1.224170 0.148419 0.290814 0.055284 1.468922 -0.871820 -0.845178 -0.451570 0.654305 0.652688 0.230417 0.651115 -1.460237 0.076261 -0.066887 -0.576173 -0.816788 0.508533 -3.318409 2.260834 -1.646826 -0.343721 -1.678808 0.567821 0.505682 0.630357 0.967983 1.097339 -0.718501 1.436820 -0.508236 1.202544 -0.870080 0.881430
10 1.137294 -0.482662 -0.632416 0.433660 -2.159762 0.842928 -1.781456 -2.049431 1.106412 0.957559 -1.367569 -1.678533 0.022682 1.395184 0.476267 -0.464927 1.068416 0.708905 0.458152 -1.422011 -1.027257 -1.459015 0.583403 -0.522845 0.355337 -1.246069 0.200391 -1.720973 -0.062732 1.436405 -0.496572 0.073505 0.046316 0.041384 0.569316 0.071209 -0.507757 0.537740 0.184980 -0.398931 -0.864832 -0.579032 -0.759102 0.496363 -0.668911 -1.980688 -0.786474 0.066566 0.554472 -1.421294
11 0.842633 -0.317951 -2.143492 -1.401505 -1.449705 1.625365 -0.544916 -0.424558 0.969017 1.367813 -0.302437 -1.540226 -0.523840 -0.874959 -0.450118 -1.349295 -1.033437 -0.242287 1.054303 2.227937 -0.458595 1.590400 -0.783191 -0.363658 -0.467202 -0.267747 1.199396 0.067348 0.199827 1.126640 0.212925 -0.073834 -0.562207 1.131930 2.973817 0.579537 -2.216280 -0.873085 0.322761 -0.635237 -2.470353 0.706869 -1.043526 -0.406710 -0.779704 -1.068548 -1.398944 0.099221 -0.777543 1.049053
12 0.669592 0.248137 -0.108090 -0.890485 1.322387 0.024083 0.487757 -0.643483 0.793358 0.055608 -1.789976 -1.430255 -0.878501 0.479960 -1.072558 1.553199 -1.292656 0.089032 -0.083762 1.432252 -0.892105 0.862128 -0.529011 -0.354169 -0.638675 1.021995 1.316868 -0.538053 0.378792 0.879411 -0.124025 -0.459221 -0.664399 -0.269320 -0.218047 -0.370626 1.820486 -0.024433 0.250044 0.340862 -0.497363 -1.392234 -1.778610 -1.676622 -0.477418 -0.338697 -1.851449 -0.456489 -2.205221 -0.041357
13 2.152033 0.268062 0.410810 0.105909 -0.194319 1.266281 0.151018 -0.781139 -0.198337 -0.590178 0.849403 -0.731427 -0.041690 -0.674719 -0.644354 0.507751 -0.919531 -2.115439 1.275864 -0.259612 0.076453 -0.247302 0.713032 -0.685702 1.192589 -0.121172 -0.384732 -0.893510 -0.281631 0.223802 -0.032232 1.181040 -0.443774 -1.564945 0.196794 -0.910066 0.810381 0.964437 1.512056 -1.761721 -1.615242 -0.903078 0.605553 -0.760382 -0.465723 1.084637 0.463711 -1.559496 -0.694083 0.116963
14 -0.971943 -0.333990 -1.463472 0.975477 0.010315 -2.029051 1.224224 0.700978 -0.328568 1.755721 0.318549 -0.818901 0.440336 1.083097 0.488888 -0.873988 0.113116 0.391554 0.561152 -0.190361 0.440415 0.687270 -0.512483 -0.228108 -0.263068 -2.557605 -0.540268 -0.307261 0.874338 1.173214 1.329481 -0.302763 2.579495 -0.161515 -1.645076 -0.071184 -0.507479 0.116306 -0.514062 1.088184 0.669814 -0.857443 1.012435 0.201036 -1.774731 -0.640448 -1.022552 0.083613 -1.658697 0.946937
15 -0.785804 -0.197654 -0.437657 -0.787672 0.189665 0.711580 -0.257928 0.826324 0.348796 -1.916387 -0.373020 0.864542 -1.924569 0.283988 -0.940637 -0.875629 -0.307105 1.680674 1.130871 -0.907689 0.962971 0.288228 -0.968978 0.587351 -0.974330 -1.227524 1.746556 0.822990 0.995289 0.175435 -0.706384 0.361602 0.496809 0.148655 0.287732 0.879489 1.920941 -0.119244 -0.656739 0.624491 -0.142013 -0.919931 2.439043 -0.361803 0.772728 0.391388 0.137630 1.255922 0.932146 2.203103
16 -0.326268 0.335249 0.444058 0.907995 -0.925868 1.409260 -0.076828 0.888391 0.052078 0.380340 -1.806218 1.381154 0.200941 0.519992 -0.095163 -2.018084 0.171161 0.186860 -0.553328 1.192383 0.924114 0.303879 -0.885479 0.051396 -0.823518 -1.465534 -0.673967 -1.550987 0.599590 0.091459 -0.147698 -0.499014 1.103987 -1.624141 -0.225568 -0.502264 0.577950 -0.045399 0.056288 -1.029448 -0.779112 0.617498 0.715386 -1.556993 0.571605 1.301305 0.948717 0.262548 -0.677034 0.129538
17 0.313979 1.999277 1.123221 1.207572 1.492397 0.491737 0.565835 0.342877 1.928596 0.368579 0.446550 0.827934 0.838213 0.160278 1.169580 1.645142 0.037505 0.501148 1.080801 -0.380410 -0.019752 -0.008355 0.824206 -0.886685 0.134247 0.670902 0.271635 0.090002 -0.131570 0.436439 -1.676436 -0.962939 -1.500242 0.634368 0.090713 0.456824 -0.656089 0.494188 -0.047985 -0.800153 1.109901 -0.500615 1.265402 -2.069059 1.197592 0.324235 0.111173 -1.180944 0.747813 0.379588
18 0.945920 -1.624743 0.390147 0.031656 -0.735090 0.595294 1.547598 -0.063323 0.720323 -1.859434 0.313163 0.443208 0.346510 1.015604 -0.419909 0.260897 -0.992004 -1.029766 1.289579 1.742126 -0.916156 -0.129282 0.711164 0.003291 0.907802 0.385735 -0.341311 -0.340950 -0.343744 0.106062 -0.190734 -0.353291 -0.025517 -0.122338 -1.363310 -0.736092 -0.458125 1.858496 -1.730324 -1.414202 0.806827 1.736624 1.620497 -0.588409 0.701962 -1.509872 -0.139842 0.400637 0.222582 0.244678
19 2.537221 0.622321 -1.856743 0.475044 -0.034885 0.494303 -0.035667 -1.962408 1.560213 -0.492215 0.368231 -1.130310 -1.631764 0.310034 -2.861845 0.445878 -2.810410 0.477248 0.028252 -1.075412 -0.861812 1.071561 0.227812 0.425699 -0.194016 -0.904561 -0.202383 0.204823 -1.264353 -0.776090 -0.263053 -1.150026 -0.077025 -0.575522 0.803643 -0.364101 -1.021479 -0.663418 -0.972902 0.396114 -0.684399 -1.450771 0.142538 2.056516 -1.380480 0.070002 1.345668 0.381793 -0.025672 -0.193301
20 1.347689 -0.940191 0.657329 1.088754 0.571277 -0.658914 0.798783 0.198596 -0.817630 1.149314 0.471160 -0.685696 -0.148827 1.674701 -1.056974 0.943605 -2.033243 0.278532 0.635843 -0.812123 -1.275436 -0.079375 2.304827 -0.286116 -0.561495 -1.159278 -1.460619 0.263806 0.731151 -0.222190 0.694252 -2.439686 -0.669035 -0.737990 -0.827354 -0.342908 0.308856 1.969484 -0.764559 -0.818842 -0.363700 -1.359152 0.075410 -0.365205 0.271380 1.160338 -1.300003 -1.333378 1.497186 1.094730
21 -0.085736 -1.639275 -1.879989 0.955455 1.468038 0.460221 0.767180 0.286412 -2.164891 -2.343732 0.849075 0.570967 -0.436718 0.998912 0.250257 2.173695 0.460646 0.245787 -0.557183 0.001654 -1.157959 1.283281 2.146345 0.014153 -0.262061 -0.676230 0.679870 -0.576613 0.808829 -0.328534 -1.866626 -0.089500 -0.275375 0.348617 -0.611620 -0.579592 0.822813 -1.522271 -1.123514 1.166368 -1.163341 -0.449407 0.195446 -0.879421 0.920212 -0.565550 1.133255 0.413542 -1.382642 0.999167
22 0.262965 -0.220088 0.992390 -0.118251 0.457871 -0.620651 0.997076 0.207805 0.545570 -0.205856 -0.418724 -0.198745 -0.230880 -1.346484 -0.686974 0.889514 0.803262 1.149710 0.398859 1.178830 0.251190 -1.433094 -1.263664 -0.541693 2.223000 0.043104 -2.006601 -0.330634 1.162536 0.030762 1.653542 1.107322 1.001796 -1.648078 0.600105 -0.574154 -0.017351 -2.134647 -0.251769 -0.487330 -0.211369 0.345788 -0.139558 0.159056 0.784644 -0.970845 0.431587 1.356032 -0.134542 -1.043032
23 0.480134 0.430624 1.297896 -0.003570 0.773814 0.184632 0.111989 -1.878814 0.607239 -2.242615 0.529052 0.394844 0.701601 -0.291841 0.800137 0.011355 1.285268 -1.219040 -0.011301 0.132519 0.666979 0.197214 0.325186 -0.871415 0.397482 0.234869 0.089701 -0.597595 0.889992 0.746587 -0.840183 -0.576899 -0.548681 1.048089 0.480378 1.698551 1.171968 -0.269514 -0.697093 -0.171713 1.297023 0.326699 -0.221232 -0.234046 0.762239 0.359494 -1.429903 1.770912 0.095189 -1.248446
24 -0.597620 0.876851 -0.125162 0.513319 -0.247505 0.241429 -0.216112 0.156507 0.014914 0.310554 -1.646866 0.961827 0.725841 0.050401 -0.385081 0.836371 -0.597120 -0.542455 -0.794311 -0.372249 -0.517828 -2.399221 -1.028594 1.168312 -0.833505 1.196928 -0.333111 0.743229 -1.231108 1.537005 -0.549700 0.574571 -0.737009 -1.664884 -1.092148 -0.384388 0.296099 -0.404961 0.067804 -0.913971 -0.389701 0.486679 -1.232668 0.217512 0.667310 -1.516416 0.187740 -0.324621 0.283458 -1.983828
25 0.076734 0.826389 -1.583034 -1.583231 0.053086 0.475876 1.446860 0.229949 1.343434 -0.351904 -0.449585 -1.120831 -0.529245 -0.483849 -0.031174 1.116281 -0.215347 -0.881227 -1.136486 0.269750 0.632711 1.011943 -1.016575 0.837409 0.620974 0.405780 -0.883223 -0.778166 -0.652982 -1.684194 0.022726 -0.065739 -1.156653 -0.655920 -0.740717 -1.460389 -1.172526 -0.325065 1.606535 -1.957324 -0.208162 1.335008 -0.427832 0.705360 0.744895 1.671005 0.673680 0.011363 1.970493 -0.370106
26 0.121922 -1.650505 0.581291 -0.903558 -0.390971 -0.732732 1.325537 0.227844 3.312406 0.342196 -1.591070 0.939018 1.690513 0.374394 -0.033695 -0.343500 0.440404 0.502103 -1.003837 -0.364290 0.922339 -0.524547 2.001357 1.024097 -1.290078 -1.200656 0.299452 -0.046670 0.817491 -0.413678 0.528309 -0.915352 -0.330386 -0.147185 -0.645942 -0.444013 -0.953335 2.190028 1.243320 -0.075262 -1.069616 1.599785 0.432356 0.758518 -0.554763 1.147173 0.092761 0.224007 0.376799 0.483176
27 -2.040417 -0.230797 0.774034 -1.640749 0.092568 0.727212 0.367642 -0.231738 -0.878676 1.078243 -0.008032 0.539608 -1.411987 0.134354 0.425731 0.954086 0.990844 -0.484882 1.117822 -1.551808 -0.408975 0.072255 -0.072243 -0.087770 0.254431 -0.039445 0.650586 0.697154 -0.642001 0.688341 0.125356 -0.626720 0.492736 -0.563994 -0.837489 -0.328333 1.168215 1.267499 0.489692 0.984434 -0.050574 1.117741 1.942738 -0.616619 0.549113 0.503518 0.331471 -0.724903 0.578515 0.224567
28 1.121039 -2.070012 -0.416154 -0.201629 -0.138946 0.792632 0.016759 0.712070 -0.808020 0.524661 -1.258407 0.825928 -1.288240 -1.586062 1.947667 -0.698154 -0.628251 -0.251244 1.440933 1.780793 0.501947 1.052681 2.479476 1.101719 0.233009 -0.675906 -0.298070 1.394995 0.583317 -1.019424 -0.701228 -0.258004 -0.924176 0.717408 -0.005543 2.205244 -0.914305 0.246753 0.333873 -0.714169 -0.808728 -1.055209 1.582678 -0.413990 -0.364051 0.154250 -2.233039 -1.001672 -0.192233 0.580408
29 -0.286820 1.541380 0.994794 -0.471411 1.065664 1.026132 -0.881655 0.837449 -0.343890 2.617055 0.152738 1.687142 -0.281671 -0.084072 -0.236235 0.136364 -0.154452 1.564049 0.375070 1.343276 1.167244 0.448940 0.546908 -0.634402 -0.510087 0.252348 -1.917463 -0.337461 -0.547077 -0.133671 -0.095320 0.966917 2.406633 -1.217625 -0.444847 0.611845 0.971696 -0.915502 -1.394842 0.109760 -0.305712 -1.204651 -1.208816 -0.165074 1.543853 2.319697 -1.524276 0.106799 0.099179 0.520327
30 -1.169012 0.126648 -1.503810 -0.540911 2.288449 0.639423 1.456033 -0.728183 -0.344615 0.229846 0.896645 1.472404 0.396606 -0.100801 2.085650 1.135799 3.258053 -1.711815 0.016529 -0.271432 0.394502 -0.911614 0.386433 -0.190631 1.897689 0.709922 1.177752 0.443655 -0.311773 -2.086550 0.884496 0.573387 -0.999574 0.002945 -0.511448 -1.218277 0.705573 -0.893889 1.024322 0.239347 1.860467 -0.006474 0.440739 -1.081138 0.865250 -0.927093 0.257261 -0.177780 0.195750 0.525036
31 1.258961 -0.444209 1.076548 -0.478889 0.050204 -0.911626 0.895413 0.771612 2.062132 -1.479031 0.634325 5.867420 -1.539413 4.500420 1.265041 -0.245360 0.911870 -0.560569 -1.549517 1.191227 0.474422 -0.210649 1.075184 0.849712 -0.839520 0.023711 0.669883 0.877373 -1.080640 -0.329463 0.484115 3.568555 -0.148655 0.162697 0.536104 -0.869642 -0.636048 0.797910 -0.483171 -0.152834 1.372694 1.057681 4.233405 -0.163338 0.477812 0.545993 -1.078086 -0.643496 0.854968 -1.722512
32 -1.402531 1.251907 -0.469378 -0.175498 -0.808960 -1.061865 0.164273 0.421724 -1.749294 0.865382 0.488089 -1.103712 -0.570373 -0.265031 -2.408969 2.086199 0.226574 0.947722 -0.483464 0.185816 -0.798738 -0.158745 -0.095277 0.259648 -0.464282 -0.586909 -0.796471 -0.168786 2.283206 0.554239 -0.931914 -0.330705 2.341426 -0.593543 0.548652 -0.531301 0.269806 1.224729 0.623680 0.980310 0.893188 0.912997 -0.272107 0.845058 2.298564 -0.751892 -1.167905 -0.501465 0.830292 1.019172
33 -0.767322 0.736064 0.627121 -0.608212 -1.340815 -1.800896 0.095205 -0.201728 1.295686 2.814349 0.690293 0.645218 0.649271 -0.217530 -0.066231 0.206938 -0.410619 -2.190860 1.824038 -0.263130 -1.068571 0.604678 -0.175660 0.934165 -1.161439 -1.211159 -1.672069 0.804638 0.446060 -0.599118 1.899242 -0.879890 1.058624 -1.179467 2.274967 -1.575495 -0.149357 -0.400633 -0.220760 -0.554028 -0.424099 -0.027132 0.755180 -1.291905 0.001813 0.562697 -0.480771 -1.001894 0.566836 1.147046
34 -1.252912 -1.036701 -1.293196 -0.180994 -0.457824 -0.855593 -0.006901 -2.694409 0.394984 0.064588 0.278315 0.095215 -0.218089 -1.530412 -0.112452 0.957986 1.097628 0.491915 1.268932 2.057110 0.463329 -0.829057 -0.081523 1.053124 -0.063479 -1.186590 1.035828 0.573895 -1.181913 -0.196924 -1.041775 -0.133997 0.491553 0.035916 -0.057699 -0.128512 -1.104778 -0.449273 0.923009 -0.606501 -0.083553 0.164230 1.155724 0.035224 -0.691778 -0.208758 -0.322812 -1.480555 1.268052 0.718249
35 -0.771563 -0.842709 -0.710682 -0.014516 -0.300994 0.573630 0.809571 0.225940 -1.447481 1.157082 1.100877 -1.133421 0.456470 0.005799 0.999176 -1.778661 1.947501 1.653343 0.755443 2.771656 1.075361 -1.275269 -1.589853 0.607299 1.044173 -1.183524 -0.253934 -0.679606 2.534296 0.065143 -0.418398 0.637161 1.515741 -0.428950 0.272892 -0.125710 -1.266651 -2.223227 0.628139 0.985957 0.045227 -1.276530 -0.528417 -0.046145 0.082943 -1.640377 0.576032 -1.990644 0.938242 -1.330663
36 -0.488107 -0.156703 0.673199 1.632415 0.586401 2.719706 1.954894 1.835577 -1.240629 0.639472 -1.507838 2.220654 -0.035206 0.391907 -0.302089 -0.165058 -1.690193 -0.880082 -1.447430 0.384210 -1.218419 0.448329 1.360849 -0.799055 -0.196115 -1.525540 -0.589443 1.160112 -0.422085 0.256000 -0.810088 -0.185242 -0.973174 -0.060196 0.447785 1.743346 -0.155884 0.354852 1.369687 -1.262481 0.732585 0.488804 0.797996 -1.159584 1.381541 0.215698 2.028236 0.928838 0.033751 2.041595
37 1.525579 0.362983 0.971549 -0.412332 -0.517364 -1.491362 0.920921 -0.557767 0.075866 -1.401309 -0.740496 2.012533 1.123143 1.832006 2.863242 1.478103 1.194589 -0.648369 -0.173186 0.573935 0.949549 1.103715 0.121638 -0.727844 -0.708207 -0.267450 -0.086168 0.191070 -0.244142 -0.229137 -0.156266 1.148867 0.166396 1.175141 -0.007142 -1.237533 -0.382275 0.108154 -1.506976 1.346262 -1.874011 0.457353 0.858094 -0.580818 0.217389 0.949939 0.316289 -1.374429 0.330438 -1.159194
38 -0.010753 -0.574655 1.376987 0.872591 -1.103864 0.550867 1.752220 0.259038 -2.064236 -2.572731 -1.021512 -0.582262 1.309644 0.652779 -1.310319 1.567473 -0.509463 -0.974757 2.036234 -0.256472 0.551044 -0.450857 0.152855 1.196838 -0.584268 2.077985 0.592746 1.386882 0.443465 -0.772176 -1.172296 1.307211 0.180232 0.674234 0.121032 2.037688 -0.345413 0.185537 0.760352 -0.670611 1.200318 -1.026654 0.914103 -0.771796 2.405957 0.036193 -0.687673 0.781388 -0.331525 1.802864
39 0.722540 1.480154 -1.963241 -1.206781 -0.862321 0.159977 -1.346834 -0.282351 0.326964 -0.540030 -0.410895 -1.054695 -0.300657 1.215482 -1.108045 -0.867339 0.218051 1.038537 1.191542 1.809184 0.636297 -2.651563 -0.588551 0.915440 -0.458948 1.837095 1.309777 -0.493990 -0.136767 0.318398 -0.773959 -1.242849 0.184535 -0.120330 1.087395 -0.253248 0.545063 2.108799 -0.847773 0.782320 0.514132 0.459100 -1.074553 -0.418295 0.313797 -1.213256 0.905453 -0.748067 0.010979 -0.615639
40 -0.006193 -1.387768 -1.013220 -0.973466 -1.484852 0.251069 1.748227 -0.463359 -0.246633 -0.986016 0.697724 6.518928 -0.717368 2.669756 -0.738727 -1.386490 0.191206 0.821241 1.630150 -0.021859 1.048772 -0.309387 0.369699 1.086356 0.344969 1.364111 0.766756 0.113751 1.250825 -1.195503 0.820535 4.254293 0.260849 -1.296944 0.691027 -0.394280 1.023762 2.069487 0.725492 2.095399 0.515043 0.264588 5.612768 -1.371212 2.269145 0.926966 -0.142005 1.387725 1.525159 0.920395
41 0.484145 0.100799 -0.678752 -0.451767 -0.766449 2.146879 -0.253569 -0.338687 0.385974 1.543633 0.460388 4.703398 0.089462 4.801772 0.234673 0.517948 0.291530 0.287231 -0.560190 0.286085 -0.301608 -0.532352 -0.390331 0.013811 0.073827 1.003978 -1.038745 -0.676348 -2.001744 0.622618 0.523431 6.172631 1.674188 0.512293 1.772259 -0.607183 0.310325 0.212712 -0.494935 1.657662 -0.966038 1.276333 4.557994 0.391390 0.529130 0.405314 -0.273401 -0.548558 -0.675493 0.260078
42 -0.083331 -0.315908 -2.116302 0.052222 1.723738 1.903351 -0.194511 -0.962650 -2.375356 0.469565 -0.532686 0.420728 -0.782089 -1.253939 1.133436 0.124378 1.072926 -0.624186 0.161744 -0.501999 -0.840291 -0.929831 1.245353 1.605914 -1.128688 0.431808 -0.128205 -0.242644 -0.675879 -0.236062 0.209489 1.741943 -0.303345 0.288615 -1.535922 0.088744 0.530114 0.540623 0.371204 0.212726 -0.652416 0.239632 0.381674 0.351752 -0.719768 0.437868 -0.832378 0.913902 0.394442 1.688820
43 -0.303809 -1.097785 0.159482 -0.114257 -1.412397 -0.291465 -0.168829 1.629435 0.497467 0.701612 0.269170 1.014560 1.776628 -0.961215 0.629551 -0.661907 -0.815296 -1.496120 -0.734877 1.231437 -2.193698 1.479549 -0.957164 -0.206037 0.963219 -1.595560 0.535858 -0.669627 -0.649842 -0.274799 1.496877 -1.569922 2.159475 0.683283 0.614342 0.613528 -0.761785 -1.132076 -0.429086 -0.416508 -0.087066 -3.196644 1.193765 -0.965427 -0.517997 0.537246 1.799957 1.610129 1.874701 -0.655616
44 -0.171916 -1.405177 -1.387208 -1.290220 -1.319927 0.904456 0.671227 1.470004 -0.627981 -0.077805 0.674009 1.087383 2.052947 -0.410849 0.144457 1.259982 0.095666 0.373240 -0.102415 -0.145346 -0.879821 -1.192101 1.720622 -0.016044 0.849967 -1.205639 1.061965 0.354963 -2.318008 -0.676596 0.685227 -0.548182 2.365442 -0.010333 -0.581569 1.965525 -0.219956 0.118602 -0.748158 1.154701 0.508893 -0.357301 1.120787 0.510613 0.748656 2.173712 0.294011 0.819300 1.471493 -0.262150
45 -1.138257 1.155456 -0.705851 2.215206 -1.674750 -0.377215 -1.185530 -1.813736 0.188092 -0.062702 -1.155519 -0.418735 1.182070 0.341318 -0.778049 2.097372 1.885546 0.989876 -1.137591 -0.064912 -0.026900 -0.671976 -0.580224 -0.117695 -1.093354 -0.153122 -0.423102 0.960323 -0.148680 -0.773959 -0.717889 0.048605 -0.260979 1.829406 0.997927 -0.247901 -1.963999 2.597811 1.078950 -1.648415 0.713340 0.064093 -0.862436 1.441406 -1.489570 -0.157161 1.420665 -0.034965 0.151699 0.073437
46 0.299951 -0.646639 -1.553674 -0.354179 1.528363 -0.430521 1.894392 0.366664 0.430881 1.161305 0.128741 -1.777704 0.388464 0.169173 -0.554280 1.407823 0.196607 1.018001 1.419190 0.945780 0.476933 1.301774 1.140471 0.100080 3.059314 0.723678 -2.687810 1.015111 1.143564 0.950013 -0.950169 0.016323 0.011651 -1.010765 0.891007 0.895748 -0.428894 0.152604 0.962421 1.337082 -0.671211 -1.623883 1.144187 -1.277306 0.168752 -0.605571 -0.653159 0.642647 -0.298850 -0.933859
47 2.097815 -0.664376 0.270966 -0.232829 0.909933 0.603517 -0.336693 -0.736137 0.643019 0.982351 -1.143237 0.742445 1.154571 -0.381204 0.419813 0.558016 0.838667 1.074189 -0.493416 0.722258 0.712426 0.062252 -0.393815 1.427796 0.970724 0.090268 0.063256 -0.356951 -0.109063 -1.206561 1.099295 -0.942129 -0.426923 -2.024448 -1.672848 1.339929 -0.339465 -2.012127 -0.172549 0.103248 1.242526 0.018519 -0.169740 0.544558 -1.136074 -0.175627 -0.164306 1.752194 -0.013872 0.377583
48 0.170967 -0.288746 1.946338 -0.447758 0.274679 -0.225257 0.282936 0.036116 -1.008558 -0.412779 -0.009087 -0.228053 -0.947431 0.125556 -1.070456 -0.307433 0.799508 1.038366 -0.867174 -0.352255 0.485245 0.541880 -0.234130 1.728210 -0.458566 -1.765078 -0.928965 -0.825852 2.068739 -1.375059 0.295916 -1.003952 1.210356 -0.998870 0.942038 0.700083 0.676783 0.012643 0.053333 0.436548 0.740757 0.789977 1.860371 -0.179779 0.002208 -0.591513 1.414701 -0.080085 1.993167 0.373160
49 1.736342 1.519258 -0.167172 0.883846 -0.828347 0.415644 -0.548731 -1.278988 0.157502 0.356108 0.037697 -0.564518 -0.636111 1.020842 -1.632934 0.574061 0.202711 0.574893 -0.850980 0.424270 0.731560 0.714545 0.168926 -2.867586 0.915945 -0.810473 0.252757 0.583615 -0.582654 -1.377143 -1.377947 -1.929967 0.553950 0.127407 -0.380633 1.629031 0.609353 0.698739 -0.198801 -0.637736 0.380807 0.686977 -0.536947 -0.183762 2.330951 -0.676374 1.515648 -2.068871 1.582986 -1.887184
50 0.771795 -0.144961 0.406274 -0.932820 0.107011 -0.027323 -0.741584 -0.213271 -0.006881 0.203883 -0.396824 6.967972 0.669281 6.089164 0.074319 1.757399 0.500783 0.391285 0.729535 -0.765770 -0.364000 -2.129112 0.027087 0.867187 0.213655 -0.856823 -1.621622 0.353729 1.798428 0.182688 0.121394 5.554475 0.431251 -0.627650 -1.322559 -0.263295 -0.840864 -1.860744 0.460889 0.092912 0.297447 0.671293 4.312336 0.647548 -1.455308 0.851656 0.120043 0.450592 1.017445 0.002749
51 -0.644226 -0.257136 -0.494370 1.818465 -0.031778 -0.695782 0.711486 1.308832 -0.597965 0.096414 0.705215 5.138442 -0.261936 6.104149 -0.356290 -1.141369 -1.213272 -0.120619 1.029750 -0.068706 -2.294264 2.251787 -0.039215 -0.266450 1.727379 -0.608858 0.532765 -1.398314 -0.539033 -0.138784 -1.548500 3.919362 0.106314 -0.390884 0.892740 1.351447 0.060043 0.377910 0.570771 -0.214672 1.161580 -0.907560 4.486539 -2.564982 -0.270085 -1.097865 -0.843052 -0.206897 -0.531125 -1.456296
52 0.657056 0.451956 -0.595370 0.333513 0.642641 0.260794 0.669763 -0.243951 0.367388 -0.535996 0.048975 3.389065 -1.593726 3.986603 -0.412937 -0.510974 -0.186585 -2.025946 -1.782025 1.327862 0.920772 -1.630780 -0.051223 -0.304020 -0.145979 -1.124098 0.156083 -0.676472 0.249815 -0.357148 -0.143357 5.078528 1.009394 1.208248 -0.013032 -1.831718 -0.538461 -0.341932 -1.805004 0.914828 -0.713073 0.781390 3.933734 -1.353142 -1.727578 1.253737 0.362430 0.737080 0.084559 -0.349475
53 -0.005294 2.518981 2.063094 0.864463 -0.392247 0.974444 -0.423858 2.711973 0.909022 0.590815 0.970809 -1.136434 0.841244 -0.274813 -1.810941 -0.346087 0.088524 -0.685999 -1.040514 0.476854 0.613162 -1.377228 0.556298 -1.563946 -0.137168 0.036381 -1.255962 -1.014365 0.290258 0.072807 -0.495165 -1.114382 -1.390818 -1.148755 -0.295233 -1.227574 0.425929 2.465287 -0.504902 0.619163 0.527870 0.782544 -0.360182 -0.785386 0.523600 1.512869 -1.460716 -0.887807 -0.349417 1.003270
54 0.238465 2.018240 -0.686156 -0.368743 -0.117447 -0.514503 -0.505876 0.128134 -1.729877 -1.024549 0.149026 0.436981 0.148186 0.056072 -0.376157 0.251550 0.315766 1.320562 -0.482675 0.969017 -0.451730 -0.265774 -0.806337 -0.652448 1.187260 -1.687412 -1.744469 1.903411 -1.249914 -1.109114 -0.299488 0.667789 -0.184283 0.376620 -2.253997 -0.806213 -0.965363 -1.548407 -1.359789 -0.076184 1.038577 -1.320695 -0.401645 1.294270 -1.214277 -0.708137 -0.505114 -0.374742 2.358928 -0.127834
55 0.341424 -0.433315 0.950366 -0.820167 -0.130414 -0.161312 -0.948198 -0.696332 -1.419866 -1.050136 -0.236103 0.462650 -1.078438 -2.793407 0.250844 0.053336 -1.465895 -0.571080 -0.182242 0.262902 -0.529281 0.118983 1.622783 -0.195755 -0.217148 0.918627 0.031997 0.434220 1.759725 -0.887762 -1.021864 -0.161315 0.539709 -0.692071 -0.303665 0.995596 1.422376 1.352901 -2.904415 -1.135021 0.559794 0.545504 -0.530851 0.847310 0.420672 -0.012582 -0.694161 0.451787 1.451775 -0.389233
56 -0.193473 -0.070854 -2.549618 0.813776 1.267862 1.025285 -1.894131 1.922580 0.922329 -0.312262 0.747578 0.850697 0.963662 0.953696 -0.316048 -0.051096 -0.721004 1.793128 0.442524 0.078708 -1.376150 -0.356763 -0.806634 0.817781 -0.687478 0.991679 0.105457 0.398994 2.436124 -0.674205 0.253636 0.979425 -0.293647 -0.074354 -0.675297 0.494761 -0.560094 0.646066 0.024340 -0.298558 -0.455851 -0.556609 1.016661 -0.260361 0.529575 0.956693 -0.780967 0.520037 -0.263118 0.487458
57 0.805386 2.487443 0.110639 0.107620 -0.440811 -0.130631 1.237674 0.453651 -0.245911 -0.303049 -0.549791 0.074669 0.992068 -1.003621 2.131691 0.242749 -1.004586 -0.577823 1.142440 0.452626 -1.001746 0.512931 0.243263 -0.691343 -0.102526 0.577324 0.969944 -1.156969 2.003844 1.107883 0.566694 0.804792 0.070801 0.316976 -0.599636 -1.271138 1.299444 -0.150937 -0.830830 1.283280 -1.643546 -0.132025 -0.377660 -0.731564 -0.283040 1.743469 0.210938 0.099229 2.666835 0.452755
58 -2.735801 0.805511 -0.529516 -0.359008 0.427674 1.033765 -0.087445 -2.005498 0.804353 0.808899 0.153370 -1.561350 -0.687422 -1.691519 2.243819 -0.555934 0.512643 -1.945531 -0.691836 0.713294 1.259957 -0.075294 0.774725 -0.994079 1.212835 -1.047147 0.314581 0.688937 -0.239608 -0.127553 1.677997 1.039552 0.007844 -0.817346 0.021508 -0.368168 0.661131 -0.596759 0.172732 0.066701 0.190863 -1.780383 0.413660 1.074777 0.255527 -0.006374 -1.930324 -0.809141 -0.646377 -0.972738
59 0.490167 -0.539622 -0.887601 -1.217882 -0.411151 0.221105 -1.371511 -0.809694 1.299925 -0.337834 -2.291891 -1.825759 -0.733202 2.269633 -0.137227 -0.160601 -1.469171 -0.114587 2.268696 0.854957 -0.590730 0.331322 0.712714 0.159579 2.005241 0.488779 -1.168112 1.208291 0.311772 -1.527744 -0.901148 0.062238 -0.080700 1.583214 -0.785264 0.076983 -0.182685 0.585214 0.813056 -0.475896 -1.140081 -0.658014 -1.261582 0.358963 0.341332 -0.356461 -1.319800 -0.252783 1.318919 -0.412623
60 2.708285 0.107776 1.017301 -1.147330 -0.213953 -1.737980 -0.246025 1.327513 -1.866254 -0.643983 -0.793886 4.503132 -0.678327 4.713266 -1.145967 0.294583 0.221404 -1.866059 -2.427470 -0.741606 -0.281240 -1.407689 -1.474936 0.246284 -0.847554 0.957259 2.713913 -1.797130 1.791418 0.069113 -1.007478 4.541719 -0.754229 -0.315421 1.036816 0.409083 -0.594799 0.104578 1.986735 -1.148104 -1.081326 0.003143 4.764078 0.793627 -0.456325 -1.140609 1.128760 -0.113927 0.526981 1.237599
61 2.434117 -0.114133 1.738406 -0.405741 1.450135 1.320567 -0.002492 -0.082737 1.263503 -0.084776 -0.652611 4.365844 -0.254888 5.030956 1.464061 1.797489 0.074509 0.190846 -0.566335 -1.770998 -1.617706 -0.723520 1.211087 0.030913 -1.306529 -0.287358 0.975821 0.657626 0.825489 0.610247 -0.444195 5.584117 1.381361 0.831111 0.129840 -1.429319 0.362741 -0.414583 -0.309466 -0.990479 0.770269 -1.145362 5.728633 0.264122 -0.719496 0.010719 0.247137 -0.098574 1.200498 -0.931665
62 0.971688 -0.354089 -0.353355 -0.074869 1.534964 -0.162033 1.494403 -0.422802 1.316007 0.306145 -1.043427 7.186918 -0.899599 5.227916 0.956797 1.451473 1.491943 1.179905 -0.370048 -0.139312 0.048065 -0.143715 -0.380200 1.269613 -1.192426 -1.711089 -0.686641 -0.274383 1.056337 -0.034433 -1.514544 4.172226 0.632120 0.580861 0.048787 -0.000484 0.738661 -1.780254 -0.437713 -1.028924 0.167910 0.684791 3.413711 -2.126063 0.024899 0.298126 0.474551 -0.093215 0.905738 0.168931
63 -0.271187 -0.794177 -0.597236 1.413617 1.203721 -0.652010 -0.018805 -1.723978 -0.220085 -1.318662 1.627784 0.142359 -0.965434 0.819749 0.654299 1.993008 0.515625 -0.698165 0.726489 1.583638 0.675603 -1.661210 0.424857 0.125599 0.174186 -0.544848 -0.081974 -1.782481 0.390548 0.048968 -0.082684 0.256617 -0.949997 -1.222514 1.185616 -0.159519 1.127001 -0.456699 0.500605 -1.254107 -0.373284 0.285023 -0.094613 0.150621 0.307592 1.001211 0.440774 0.124250 -0.014810 1.098527
64 2.410493 -1.997119 0.128388 -0.349433 1.345188 1.265502 -1.040104 -0.645698 0.919527 0.676249 -1.860548 -0.273045 -0.356431 0.008424 -0.609626 0.413913 1.301769 -0.259932 -0.667053 -0.419277 -0.321696 0.161543 -0.306744 1.656619 0.584050 -0.011604 -2.824150 -0.726757 -0.380894 -0.235975 0.064870 -1.545995 -0.014959 -1.129218 0.387521 -0.195241 -1.407178 0.714148 1.414007 -0.068041 1.308222 -0.093655 -0.722618 -0.948702 -1.395403 0.778536 0.267520 -0.425652 0.570837 0.310784
65 -1.331628 0.773890 1.186522 -0.684834 -0.203857 0.637649 -0.579940 -0.100687 -0.911794 0.066670 -0.496136 -0.888147 -1.148703 0.074976 0.260573 1.492310 0.688596 -1.048609 0.861355 -0.636355 0.226298 -1.638822 0.376916 -1.123881 -1.452438 1.281949 0.184530 -1.324373 -0.692951 1.975966 1.256966 -1.318240 0.073799 -0.125240 0.292765 1.108220 0.285079 -0.797335 0.253571 -0.034960 1.107594 0.077442 -0.546024 -0.401992 -0.233092 -0.477247 -0.696050 2.832972 1.401470 2.385174
66 -1.530359 0.281913 -0.623467 0.510108 -0.896536 -1.160353 -0.620074 0.756710 0.015550 -0.413233 0.749837 1.495251 1.742696 -0.716975 -0.406277 -0.565466 -1.653178 -0.770069 -0.153540 -0.641248 0.215234 -1.269987 -0.099045 -0.630869 -0.441001 1.228393 0.395424 -0.769983 -2.325645 -0.280465 -0.747471 0.019671 -0.768832 0.269323 0.635921 1.364348 -0.133382 -0.037831 -0.297885 -0.241383 1.974127 0.820977 -0.344224 -0.129128 -1.360456 0.603309 -1.000740 1.532256 -1.091052 -0.382498
67 0.580251 0.666357 1.468424 0.820266 -1.163801 -2.393300 -0.504701 0.040112 -0.314029 1.338308 0.802231 0.177567 -0.636979 0.307896 0.585265 -0.533504 0.223956 0.562430 -0.162323 -0.274324 -0.120341 0.210347 -1.853548 0.618981 0.892219 1.153576 -0.121122 1.411649 0.567245 0.768506 0.643727 0.156080 1.497856 -1.202037 1.690589 -1.198257 0.239956 0.813380 0.426749 0.972415 -2.446377 -0.965494 -0.036665 -0.358379 0.384875 -2.589656 -0.720899 0.072603 -1.072679 0.484966
68 1.304562 -0.506653 0.379383 0.214105 0.496698 1.273864 1.113575 1.586837 1.236491 -0.001550 -0.445462 -1.174127 1.652788 -0.086257 0.426987 0.804541 1.055386 -0.480025 0.200171 -0.289300 -0.152953 0.030247 -0.960806 0.079401 0.689055 0.618800 -0.442295 0.097806 -0.518812 -1.180064 0.693159 0.822319 1.543857 0.793899 -2.270055 0.975346 -0.758230 -0.087794 0.219787 -2.232929 1.640949 -0.804168 0.041488 -0.341927 -0.594500 1.085334 0.768068 -0.454927 1.443026 -0.726562
69 -0.276478 -1.434047 0.312613 -0.511563 -1.310828 -0.342023 -2.667728 2.150626 -0.687497 0.617368 -0.290878 0.156484 0.491634 -0.237177 -0.344178 3.405135 -0.704472 0.826523 0.486764 0.469357 -0.692068 1.359517 -0.255974 -0.994513 -0.536306 1.989249 0.075826 -0.341739 -0.884893 0.342972 -0.002170 0.514774 1.910904 -0.599290 1.412468 0.916678 0.985483 0.404421 1.552598 -1.175945 0.635579 -0.837782 0.219355 0.471649 0.625406 -0.235687 0.257031 1.310625 -0.892779 -1.141706
70 0.038009 0.199183 -0.732007 -1.513100 -0.943375 -0.084937 0.555196 -0.103646 0.325187 -0.439569 0.291424 -0.216322 0.733495 -0.602899 -0.996078 -1.187428 0.797929 1.526377 0.456992 1.246530 -0.953762 1.245014 -0.614032 -0.382638 -0.564687 -0.299884 0.923102 -0.368878 -2.092066 -0.504713 0.009958 -2.622827 -0.232966 0.337142 1.020341 -0.389561 1.190287 -2.485326 -0.383456 -0.703919 0.120108 -0.204651 0.183271 -1.164708 0.574350 0.938218 -1.058638 -0.355465 -0.245817 2.053179
71 1.638672 1.352795 0.267832 -0.476166 -0.007204 0.278985 -0.832358 -0.957760 0.005252 -0.154045 -1.363816 -0.368562 0.327917 -0.521486 -1.595019 -1.232109 -1.739169 -0.278088 -0.004999 1.303143 -1.373192 0.877319 -0.259779 0.529803 -0.523108 -0.337578 0.666001 1.110198 -0.278419 2.232532 0.720667 -1.823964 1.003414 0.502112 -0.741939 -1.213865 -0.798646 -1.591391 -0.127364 -0.976124 -1.062252 1.136605 -0.826657 0.500969 -0.920877 1.437017 1.790770 0.713600 0.569018 -1.964347
72 2.528470 -0.307644 0.174124 0.554645 -0.541808 -0.426724 0.502441 -0.213427 1.268094 1.510718 0.560585 5.649679 -0.530273 3.659873 0.443886 -0.589217 -0.860119 -0.130250 -1.307730 -0.585644 1.084730 -0.805371 -0.094329 -1.459701 -0.177623 1.528247 2.758188 -0.582736 -1.050261 0.339230 -0.248928 4.399206 0.184097 -0.959581 -0.596117 -1.480193 -0.394526 -0.199107 2.932237 -0.605921 -0.514852 -0.155189 6.162064 0.005444 1.591868 1.904786 -0.473127 1.118896 -1.651176 1.183426
73 -0.907902 -0.226030 -0.517652 0.669189 1.105004 1.773889 -0.585344 -1.754044 1.416030 1.217060 0.599115 0.086680 -1.006713 -0.080225 2.149592 0.734445 -0.480119 0.236766 -0.768695 1.557541 1.989745 0.145279 -0.798956 1.125480 1.284001 0.163007 0.797294 2.272603 -0.426393 0.017808 0.156879 2.337403 -0.365039 -0.263247 -0.860850 -1.890712 0.619315 1.394428 0.304043 -0.977580 -1.229948 0.927003 0.720182 0.791004 0.571835 1.343265 -1.074164 0.514444 -0.277289 -0.861881
74 1.748775 0.025119 1.545383 -0.660190 -0.181511 0.156218 -0.175881 0.987968 0.133910 0.582952 0.138042 0.906660 -0.725864 -0.647457 -1.111115 -0.929664 0.474392 -1.529954 -1.207799 -0.014813 -0.231441 1.592107 -0.819522 -0.047269 -1.029965 0.160549 1.564596 -0.895462 -0.646142 0.835149 0.435821 -1.285583 -0.026193 1.782831 -1.492588 1.296879 -0.145091 -1.308331 -0.004403 -0.428623 0.385830 0.596794 2.630478 -0.228054 0.352946 0.458522 -0.930767 -0.294416 -0.384998 -0.726801
75 0.766594 0.658929 -1.545212 -1.785718 -1.879801 0.068877 -0.810506 -0.721463 0.116310 0.853977 -0.781132 -0.107729 -1.411838 -0.420957 2.005544 0.121498 -0.434890 1.036569 -2.077205 0.318784 1.881064 0.167443 -1.220726 -1.251403 -1.046128 -2.370539 1.853781 -0.566699 -0.648229 -1.186112 1.045814 -0.643828 1.399401 -1.250315 0.255650 2.390377 -0.946761 0.205261 0.121992 -1.771421 0.744912 2.640908 0.100205 -0.594493 0.380311 -0.898904 0.322181 -0.599363 -0.167933 0.462958
76 0.868794 0.127162 -0.712172 -0.479140 0.712844 -1.279927 0.166312 0.141488 -0.314147 1.011868 -1.082168 1.308469 -0.100180 -0.225454 0.784113 -0.946380 0.915670 0.682956 1.822924 0.844828 1.073105 1.897926 0.316811 0.082126 -0.354032 -0.353832 -1.170443 0.051736 -1.030620 0.689005 -0.041118 -1.396392 0.389730 -0.600334 2.524823 1.642397 0.762216 -0.754514 -0.186992 0.157853 -0.730935 -1.791105 -0.208565 0.655110 0.429031 0.700411 -0.016579 -0.396912 1.099907 -0.152865
77 1.328548 -0.098083 -0.412907 -0.026016 1.526525 -2.132138 0.036229 1.900663 -0.265093 -0.231911 -0.231763 1.477816 -0.625953 0.066522 0.049148 -0.295386 -3.055275 -0.855313 -0.437681 0.231190 0.321354 -0.537518 0.681663 0.255137 -0.578091 -0.584123 0.762929 -0.200260 -0.549013 0.166344 -0.269086 -0.781273 -0.305232 1.084482 0.134568 -0.012999 -1.329091 -0.038919 -0.498783 -3.928156 0.974034 0.511975 -0.537684 0.266786 -0.113404 0.422981 1.097606 0.112166 -1.048155 1.052788
78 -0.113379 0.905270 1.439804 -1.853302 0.872561 -0.298726 0.690563 0.510890 0.810811 -1.625731 0.010890 -0.635172 -1.327711 0.153342 0.006356 -1.544058 -0.394735 0.379936 1.179396 0.214823 1.912729 -0.678179 -3.636226 0.251014 0.133410 0.367494 -1.224857 0.243570 -0.710386 -0.772312 -0.926649 -2.384405 -0.493308 -0.899401 0.782984 -0.340328 0.309976 0.869320 -1.057807 -0.619108 -1.729041 -0.301233 1.069430 -1.120098 -0.392296 0.352911 -0.646730 -0.964170 0.768131 -1.427751
79 -0.208728 -0.794397 0.912426 2.055233 -0.556462 1.069528 -0.471714 -0.102998 1.825930 0.635648 0.349532 1.311745 -2.032956 -0.798542 0.334770 -0.442372 -1.358639 -0.806673 1.332587 -0.021907 1.549181 0.649749 -0.050797 1.437661 -1.364060 -0.496627 -0.774220 0.225564 -0.399871 1.163336 -1.808295 0.842938 -0.353603 -0.491565 0.691018 1.509719 0.907661 -1.139839 0.702669 -0.329357 1.136489 -2.258913 0.533021 -1.022988 -0.793233 0.692167 1.040298 -2.105089 0.335284 -0.614217
80 0.124219 -0.866102 -0.914639 -0.860159 0.041490 0.377127 1.217157 0.126894 0.117046 -0.235953 -1.251395 -0.065339 1.893743 0.810385 -0.271977 -1.192994 -1.216938 0.091552 0.192526 -1.412058 -0.306871 0.815053 -1.340271 0.892592 -0.388516 -1.068887 0.523481 -1.445788 -1.880648 -0.143384 0.527338 -2.065782 -0.445472 0.541747 -0.013093 -2.482034 -0.218485 1.130806 -0.445650 -0.036511 1.231567 2.649789 1.049432 0.215808 -0.813058 1.465172 0.485094 -1.225865 -0.658666 0.416739
81 -2.069704 -0.340687 -0.906808 0.034751 -0.612759 -0.345785 0.601650 0.660983 -1.254504 -1.734348 -0.163869 -1.231309 0.035472 -1.979080 0.941833 0.612357 -0.073903 -1.163770 2.530526 0.252246 -0.050542 2.197861 0.022990 -1.238226 -0.807010 1.111415 -0.624079 0.711428 0.469856 -2.388120 1.686769 0.985919 -0.615753 -0.028977 -0.239918 -0.540781 0.677775 0.049647 0.505163 -0.367380 1.838678 -1.257550 -1.666273 0.308692 0.338011 -0.619150 -0.963865 0.236723 0.106486 -1.604524
82 -1.012537 0.419016 0.728332 -0.297805 0.712130 -0.666914 0.624348 -0.048653 -1.600341 -0.143005 -0.545844 -1.177279 0.800733 -0.347106 1.435933 -1.183006 2.035312 -3.214479 2.283126 -0.940351 -1.529053 -0.716799 -0.827027 0.700252 1.708499 0.552117 -0.274512 0.209321 -0.417556 0.713450 -0.139267 -0.506978 0.753614 1.151548 -1.092420 0.910547 0.391792 -0.225900 -0.573188 -0.075143 -0.400027 1.422885 0.890877 -0.588717 0.175827 1.490015 1.872593 0.890819 1.311165 -0.824306
83 -0.603021 0.121289 -1.685416 -0.962927 0.179189 0.795583 -0.467928 -0.134492 0.728370 1.315275 1.909609 -1.175372 -0.142074 -0.277781 -0.455739 -2.136344 1.796699 -1.412620 -0.114689 0.068122 0.950841 1.297456 -1.651818 -0.933604 -0.758524 0.425450 0.185070 -0.845852 0.426960 0.579966 1.024197 -0.879905 -0.546798 0.728480 1.103855 1.175452 -0.789519 -0.231389 1.001043 -0.894038 0.456843 -0.129740 -1.105327 1.976667 1.287110 0.585672 -0.112544 -0.635743 -1.447918 -0.084495
84 -1.681739 -0.278513 -0.252047 1.257484 0.205761 0.027252 1.920678 -0.338905 -0.349457 -0.240311 1.022773 -0.727997 -2.549127 2.049367 -1.823129 0.813855 -0.068716 0.856324 2.137989 -0.995743 -0.525856 0.658192 1.417338 1.281460 -2.039214 0.471339 0.716692 -0.382165 0.606636 0.562210 0.562045 2.324349 -1.042009 -0.755209 -1.617375 -0.283486 -0.083339 -1.218553 -0.891930 1.094198 0.526776 -1.203724 -1.531993 -0.903317 -0.369791 -0.764145 -0.166437 -0.131823 -1.233105 -0.337914
85 1.160895 -0.287823 0.117495 -0.441368 -0.979325 -2.019889 -0.566300 0.692720 -0.175146 -0.796125 -1.707768 0.121252 -0.841424 0.496573 -0.680589 0.354266 -2.324428 -0.017187 1.031504 -0.125821 0.843008 -1.431935 1.334568 0.971002 -1.363660 -1.128300 -0.146803 0.228140 -1.170238 -2.064206 -0.648323 0.329617 0.241230 0.605735 1.117725 -0.586750 -2.373084 -1.503722 0.699635 0.563678 1.680358 0.239711 0.615699 1.125812 0.795624 0.682314 0.346801 -0.015111 0.372723 -0.451237
86 0.702898 1.160877 1.611425 -0.862409 -0.278168 0.993316 0.383158 -0.590924 -1.030270 -0.338830 -0.964522 1.454704 1.666327 -0.028488 0.937924 0.371199 1.046990 1.286635 0.603035 1.498242 -2.309145 1.927499 0.677010 -0.472095 0.480429 0.732756 0.189170 -0.743303 0.218838 -0.596140 -1.230846 0.177437 -0.896791 -0.535225 2.384432 -0.238078 0.615305 -0.334732 -0.449539 -0.493071 -0.211968 -0.294567 0.096647 2.302285 0.018508 0.574011 -0.519356 1.669594 0.347710 0.103299
87 -0.185774 1.861675 0.430193 -0.727266 0.248739 -0.781402 0.865408 -0.048585 -0.201931 0.592457 0.368625 -0.754356 -1.178102 0.991568 -1.131825 2.061283 -0.003326 -0.121841 -1.447488 -0.328916 0.640833 0.074875 1.762976 0.966901 -0.576276 1.606792 0.298074 -0.434134 0.913280 -1.515051 0.396615 1.134362 1.443643 1.864527 0.815984 0.291596 -0.396786 -0.444333 -1.926670 -0.425253 -0.501471 -0.004141 -0.766667 0.725987 -1.192311 0.263559 0.844458 0.770791 -0.601163 -1.649865
88 0.001930 -0.497144 1.953884 0.218516 0.087405 -1.176607 1.496539 -1.421826 -0.629271 0.323077 0.051851 -0.977283 0.182728 -1.275966 -1.269953 1.085304 -0.563458 -0.350019 -1.446784 -0.039162 -0.777539 -0.353599 -0.569085 -1.094992 -1.793355 0.167105 0.357049 -1.222339 0.437169 0.471430 -0.658957 1.070197 -0.708321 0.373827 0.342540 1.023184 0.954303 -0.003361 -1.881676 -0.749276 0.437628 0.498774 0.062995 -0.849891 -0.168926 1.490833 -0.445067 0.208227 -0.410943 -0.772557
89 0.121446 1.010082 -0.056183 0.250743 -0.497964 0.625153 -0.699653 0.573758 0.691560 1.566989 0.682737 -0.322622 -0.665272 -1.799989 -0.178475 -0.802554 -0.239790 -1.934829 -0.910298 0.117293 -0.393124 -0.493258 1.391316 -0.807697 1.442867 0.669616 0.065406 -1.504945 -0.705505 -0.515950 -1.995314 0.466967 -0.270739 -1.234219 -1.655533 0.293161 -0.293883 0.930167 1.427908 0.282228 0.415808 -0.879384 1.092457 0.980711 -1.812134 1.159283 0.021349 -1.173305 -0.211373 0.745963
90 -1.285271 1.451439 -0.874887 0.000442 1.722544 -0.607995 -0.691416 -0.892549 0.581447 0.602294 -1.683147 -0.512849 -1.365559 -0.645326 -0.536857 0.439159 1.108323 1.419145 -0.059712 1.347426 -1.224444 0.402642 0.713682 0.685659 -0.124608 0.423733 0.881266 0.134685 1.321931 -0.464519 -0.675143 -0.200087 0.955731 0.697576 0.267896 0.247133 0.727150 -0.308072 0.024401 0.339554 -1.493215 0.643030 0.942245 0.558076 -1.090318 -0.059264 -0.205528 0.451835 0.020734 1.111249
91 -1.022096 0.001227 1.067032 0.594111 -1.342868 0.808149 2.206164 0.545947 0.876106 1.125991 -0.244853 -0.952104 1.166000 2.327600 1.932052 0.913945 -1.825206 0.416776 1.142760 0.274243 -0.297501 0.896759 1.150347 0.400775 -1.262071 0.610411 -1.657520 -0.283172 1.038077 0.697506 -0.067665 0.228822 0.156844 -1.220217 0.165384 -0.255676 1.320963 1.269803 0.685686 0.801096 -0.591154 -2.150542 -0.453932 1.548296 0.379007 1.051024 1.024252 0.859062 -0.193981 -0.674662
92 1.353341 -1.086827 -0.329760 -2.116920 1.213737 -1.371207 -0.489797 1.078910 -0.727985 0.019355 -0.252484 -0.639521 -0.502483 0.522315 0.252055 0.439685 -0.960356 1.136662 -0.603422 0.405722 0.196724 1.883736 1.199280 -0.862701 -0.118633 0.318104 -0.593694 0.143016 1.598944 -1.116707 -1.627324 0.579817 -1.150491 -0.174714 0.348994 -0.519153 0.849411 -0.959333 -1.304466 -1.955906 0.555956 1.787002 -0.710874 -1.443990 0.298521 -0.614926 0.048632 0.669351 -0.728297 -0.228641
93 -0.068042 -0.426104 -0.289386 -0.038835 0.567503 0.246080 -0.652729 0.077196 0.432830 -0.563024 1.508469 -1.358981 2.041533 1.335608 -0.267662 0.153658 -0.160186 -1.305838 -0.747108 -1.362898 1.073068 1.259850 1.461250 0.844943 0.128490 0.575190 1.090467 -0.357432 1.467455 -0.314456 2.053948 0.307770 0.345698 0.429067 -1.887122 0.582474 -0.657453 0.870693 0.243156 0.312829 0.335875 0.776082 1.751464 0.104473 1.617175 -0.905406 -0.177436 -0.926942 -1.903897 -0.440021
94 1.507051 -0.645961 -2.240499 -1.823784 2.094271 -1.321262 0.176917 1.091197 0.297567 -1.460594 -0.267479 -0.108743 0.240695 -1.477380 1.265431 0.424607 -1.306532 0.086291 -1.735190 0.671617 0.662090 0.612908 -0.539377 -0.904198 -0.682479 0.960341 0.681180 0.228718 2.098083 1.567066 2.506940 0.656764 -0.029496 -0.391983 0.850109 1.909849 -0.052755 -0.130232 -0.450853 -0.364390 -0.570953 -0.706126 -0.988642 -0.218931 -1.679700 -0.911547 0.826988 1.242276 -0.590788 0.461340
95 -0.928071 0.046893 0.554871 0.442986 -0.164505 -0.977162 0.006856 0.488085 -0.198636 1.004482 -1.134772 -0.529719 1.714790 -1.565041 0.775169 1.399521 1.816523 1.955994 -0.238757 -0.511952 0.194049 0.589708 1.285314 2.078942 0.435266 -0.814149 1.134129 -0.579810 0.399761 1.580845 1.059662 -1.118899 -1.108752 -1.485583 -1.069685 0.338670 1.182549 -1.308854 0.081827 -0.562184 0.894997 0.322038 -0.040133 0.185801 -0.089620 0.163531 -0.208340 -1.289597 0.206314 0.594101
96 -0.511461 -1.215328 -1.426391 0.904085 -0.752393 0.705518 -0.870548 1.180000 0.065352 0.912904 0.819969 -0.226024 -0.236741 -0.461422 -0.914789 1.485781 0.150369 0.256844 -2.165435 -0.656976 -0.020096 0.475895 -0.562601 0.979306 0.451732 -0.446294 0.218040 0.721333 -0.071853 -1.291779 0.023919 -0.835714 -0.616246 0.841182 0.036074 -1.219226 -0.148746 0.561322 -1.518148 -1.587139 -0.002853 0.154861 0.533154 -0.599320 2.728237 -0.348697 1.146603 -0.501795 -0.675113 -0.049948
97 -1.173272 0.225198 -1.235222 -0.955508 -1.923339 -0.713579 0.614609 -1.359138 0.366783 -1.119323 1.180211 0.342889 2.933584 0.591247 0.931471 -0.681819 0.576976 0.660491 -0.097436 0.234591 0.146893 1.932091 -0.164275 -0.752858 -0.209529 -0.637964 0.406403 0.564180 -0.334915 -1.210175 -0.448836 1.319539 -0.427929 0.811293 0.607044 -0.786712 -1.143742 -0.315980 0.291213 -0.057943 -0.893350 0.633158 0.143451 -0.670601 0.069745 -0.305856 -1.265204 1.038064 1.162448 -0.819662
98 -0.705672 1.028664 -0.745619 -1.134785 -0.018334 0.351028 0.354794 -1.070768 -1.073542 -1.148678 -0.413010 0.857446 2.912995 0.344171 -1.280798 1.813780 1.299422 0.820248 1.205216 1.179051 0.123692 -1.642509 -0.994729 -0.710101 0.893377 1.068867 -0.463126 0.204954 0.730889 0.038425 -0.827827 -0.970968 -0.433931 -1.166550 0.064184 -1.563014 -3.179739 0.588242 0.840196 0.080334 -0.403360 0.285462 2.140543 0.343907 1.589035 1.740551 -0.031620 -0.597813 0.303222 -1.515984
99 -0.746322 -1.110171 0.319449 1.609967 -0.523027 1.314102 -1.132341 0.382275 -1.404439 -2.889074 0.450233 -0.026237 -1.361863 0.658242 0.531467 -0.020711 0.209010 -0.607373 -1.407234 0.220848 -0.081429 2.330424 1.130540 0.480489 -0.057456 0.850660 -0.567248 -1.275528 -0.226012 0.506865 -1.357322 1.685766 0.557285 -1.096070 -0.123734 -0.183007 0.668524 -1.599411 -0.027197 0.325015 -1.366902 0.644205 -2.690683 0.209096 -1.412642 0.538766 0.781486 0.322457 -0.444527 0.497351
END
#################################################################
SECTION3 (Edges Information)
EndPoint0 EndPoint1 Weight
0 1 1.000000
0 9 1.000000
0 10 1.000000
0 90 1.000000
1 0 1.000000
1 2 1.000000
1 11 1.000000
1 91 1.000000
2 1 1.000000
2 3 1.000000
2 12 1.000000
2 92 1.000000
3 2 1.000000
3 4 1.000000
3 13 1.000000
3 93 1.000000
4 3 1.000000
4 5 1.000000
4 14 1.000000
4 94 1.000000
5 4 1.000000
5 6 1.000000
5 15 1.000000
5 95 1.000000
6 5 1.000000
6 7 1.000000
6 16 1.000000
6 96 1.000000
7 6 1.000000
7 8 1.000000
7 17 1.000000
7 97 1.000000
8 7 1.000000
8 9 1.000000
8 18 1.000000
8 98 1.000000
9 0 1.000000
9 8 1.000000
9 19 1.000000
9 99 1.000000
10 0 1.000000
10 11 1.000000
10 19 1.000000
10 20 1.000000
11 1 1.000000
11 10 1.000000
11 12 1.000000
11 21 1.000000
12 2 1.000000
12 11 1.000000
12 13 1.000000
12 22 1.000000
13 3 1.000000
13 12 1.000000
13 14 1.000000
13 23 1.000000
14 4 1.000000
14 13 1.000000
14 15 1.000000
14 24 1.000000
15 5 1.000000
15 14 1.000000
15 16 1.000000
15 25 1.000000
16 6 1.000000
16 15 1.000000
16 17 1.000000
16 26 1.000000
17 7 1.000000
17 16 1.000000
17 18 1.000000
17 27 1.000000
18 8 1.000000
18 17 1.000000
18 19 1.000000
18 28 1.000000
19 9 1.000000
19 10 1.000000
19 18 1.000000
19 29 1.000000
20 10 1.000000
20 21 1.000000
20 29 1.000000
20 30 1.000000
21 11 1.000000
21 20 1.000000
21 22 1.000000
21 31 1.000000
22 12 1.000000
22 21 1.000000
22 23 1.000000
22 32 1.000000
23 13 1.000000
23 22 1.000000
23 24 1.000000
23 33 1.000000
24 14 1.000000
24 23 1.000000
24 25 1.000000
24 34 1.000000
25 15 1.000000
25 24 1.000000
25 26 1.000000
25 35 1.000000
26 16 1.000000
26 25 1.000000
26 27 1.000000
26 36 1.000000
27 17 1.000000
27 26 1.000000
27 28 1.000000
27 37 1.000000
28 18 1.000000
28 27 1.000000
28 29 1.000000
28 38 1.000000
29 19 1.000000
29 20 1.000000
29 28 1.000000
29 39 1.000000
30 20 1.000000
30 31 1.000000
30 39 1.000000
30 40 1.000000
31 21 1.000000
31 30 1.000000
31 32 1.000000
31 41 1.000000
32 22 1.000000
32 31 1.000000
32 33 1.000000
32 42 1.000000
33 23 1.000000
33 32 1.000000
33 34 1.000000
33 43 1.000000
34 24 1.000000
34 33 1.000000
34 35 1.000000
34 44 1.000000
35 25 1.000000
35 34 1.000000
35 36 1.000000
35 45 1.000000
36 26 1.000000
36 35 1.000000
36 37 1.000000
36 46 1.000000
37 27 1.000000
37 36 1.000000
37 38 1.000000
37 47 1.000000
38 28 1.000000
38 37 1.000000
38 39 1.000000
38 48 1.000000
39 29 1.000000
39 30 1.000000
39 38 1.000000
39 49 1.000000
40 30 1.000000
40 41 1.000000
40 49 1.000000
40 50 1.000000
41 31 1.000000
41 40 1.000000
41 42 1.000000
41 51 1.000000
42 32 1.000000
42 41 1.000000
42 43 1.000000
42 52 1.000000
43 33 1.000000
43 42 1.000000
43 44 1.000000
43 53 1.000000
44 34 1.000000
44 43 1.000000
44 45 1.000000
44 54 1.000000
45 35 1.000000
45 44 1.000000
45 46 1.000000
45 55 1.000000
46 36 1.000000
46 45 1.000000
46 47 1.000000
46 56 1.000000
47 37 1.000000
47 46 1.000000
47 48 1.000000
47 57 1.000000
48 38 1.000000
48 47 1.000000
48 49 1.000000
48 58 1.000000
49 39 1.000000
49 40 1.000000
49 48 1.000000
49 59 1.000000
50 40 1.000000
50 51 1.000000
50 59 1.000000
50 60 1.000000
51 41 1.000000
51 50 1.000000
51 52 1.000000
51 61 1.000000
52 42 1.000000
52 51 1.000000
52 53 1.000000
52 62 1.000000
53 43 1.000000
53 52 1.000000
53 54 1.000000
53 63 1.000000
54 44 1.000000
54 53 1.000000
54 55 1.000000
54 64 1.000000
55 45 1.000000
55 54 1.000000
55 56 1.000000
55 65 1.000000
56 46 1.000000
56 55 1.000000
56 57 1.000000
56 66 1.000000
57 47 1.000000
57 56 1.000000
57 58 1.000000
57 67 1.000000
58 48 1.000000
58 57 1.000000
58 59 1.000000
58 68 1.000000
59 49 1.000000
59 50 1.000000
59 58 1.000000
59 69 1.000000
60 50 1.000000
60 61 1.000000
60 69 1.000000
60 70 1.000000
61 51 1.000000
61 60 1.000000
61 62 1.000000
61 71 1.000000
62 52 1.000000
62 61 1.000000
62 63 1.000000
62 72 1.000000
63 53 1.000000
63 62 1.000000
63 64 1.000000
63 73 1.000000
64 54 1.000000
64 63 1.000000
64 65 1.000000
64 74 1.000000
65 55 1.000000
65 64 1.000000
65 66 1.000000
65 75 1.000000
66 56 1.000000
66 65 1.000000
66 67 1.000000
66 76 1.000000
67 57 1.000000
67 66 1.000000
67 68 1.000000
67 77 1.000000
68 58 1.000000
68 67 1.000000
68 69 1.000000
68 78 1.000000
69 59 1.000000
69 60 1.000000
69 68 1.000000
69 79 1.000000
70 60 1.000000
70 71 1.000000
70 79 1.000000
70 80 1.000000
71 61 1.000000
71 70 1.000000
71 72 1.000000
71 81 1.000000
72 62 1.000000
72 71 1.000000
72 73 1.000000
72 82 1.000000
73 63 1.000000
73 72 1.000000
73 74 1.000000
73 83 1.000000
74 64 1.000000
74 73 1.000000
74 75 1.000000
74 84 1.000000
75 65 1.000000
75 74 1.000000
75 76 1.000000
75 85 1.000000
76 66 1.000000
76 75 1.000000
76 77 1.000000
76 86 1.000000
77 67 1.000000
77 76 1.000000
77 78 1.000000
77 87 1.000000
78 68 1.000000
78 77 1.000000
78 79 1.000000
78 88 1.000000
79 69 1.000000
79 70 1.000000
79 78 1.000000
79 89 1.000000
80 70 1.000000
80 81 1.000000
80 89 1.000000
80 90 1.000000
81 71 1.000000
81 80 1.000000
81 82 1.000000
81 91 1.000000
82 72 1.000000
82 81 1.000000
82 83 1.000000
82 92 1.000000
83 73 1.000000
83 82 1.000000
83 84 1.000000
83 93 1.000000
84 74 1.000000
84 83 1.000000
84 85 1.000000
84 94 1.000000
85 75 1.000000
85 84 1.000000
85 86 1.000000
85 95 1.000000
86 76 1.000000
86 85 1.000000
86 87 1.000000
86 96 1.000000
87 77 1.000000
87 86 1.000000
87 88 1.000000
87 97 1.000000
88 78 1.000000
88 87 1.000000
88 89 1.000000
88 98 1.000000
89 79 1.000000
89 80 1.000000
89 88 1.000000
89 99 1.000000
90 0 1.000000
90 80 1.000000
90 91 1.000000
90 99 1.000000
91 1 1.000000
91 81 1.000000
91 90 1.000000
91 92 1.000000
92 2 1.000000
92 82 1.000000
92 91 1.000000
92 93 1.000000
93 3 1.000000
93 83 1.000000
93 92 1.000000
93 94 1.000000
94 4 1.000000
94 84 1.000000
94 93 1.000000
94 95 1.000000
95 5 1.000000
95 85 1.000000
95 94 1.000000
95 96 1.000000
96 6 1.000000
96 86 1.000000
96 95 1.000000
96 97 1.000000
97 7 1.000000
97 87 1.000000
97 96 1.000000
97 98 1.000000
98 8 1.000000
98 88 1.000000
98 97 1.000000
98 99 1.000000
99 9 1.000000
99 89 1.000000
99 90 1.000000
99 98 1.000000
END
#################################################################
SECTION4 (TrueSubGraph Information)
EndPoint0 EndPoint1 Weight
52 62 1.0
62 72 1.0
62 61 1.0
61 60 1.0
60 50 1.0
50 40 1.0
40 41 1.0
41 31 1.0
41 51 1.0
END
#################################################################
SECTION5 (Labels Information)
0 0 0 0 0 0 0 0 0 0 0 1 0 1 0 0 0 0 0 0 0 0 0 0 0 0 0 0 0 0 0 1 0 0 0 0 0 0 0 0 0 0 1 0 0 0 0 0 0 0 
END
#################################################################
SECTION6 (bt Information)
-5 -5 -5 -5 -5 -5 -5 -5 -5 -5 -5 5 -5 5 -5 -5 -5 -5 -5 -5 -5 -5 -5 -5 -5 -5 -5 -5 -5 -5 -5 5 -5 -5 -5 -5 -5 -5 -5 -5 -5 -5 5 -5 -5 -5 -5 -5 -5 -5 
END
#################################################################
