#################################################################
#APDM Input Graph, this input graph includes 3 sections:
#section1 : general information
#section2 : nodes
#section3 : edges
#section4 : trueSubGraph (Optional)
#
#if nodes haven't information set weight to null
#################################################################
SECTION1 (General Information)
numNodes = 100
numEdges = 200
usedAlgorithm = NULL
dataSource = SimulationData2
END
#################################################################
SECTION2 (Nodes Information)
NodeID Base Counts
0 0.413976 -0.564088 -0.318375 -0.702386 -1.017256 0.004388 -0.722971 0.994944 0.812096 -1.369364 0.976570 -0.557156 -0.361094 0.589446 -0.306666 -1.909890 0.441915 -0.517877 -0.402684 0.277547 1.762520 -0.274528 -0.771092 -0.744805 0.407237 -0.556778 0.555854 0.515690 -1.220275 1.010156 0.640654 0.995611 1.278073 -0.278625 -0.626869 0.762199 0.095724 -0.720069 3.170808 -0.011528 0.141197 1.070691 1.060527 -0.632596 0.265465 -1.406032 2.178346 1.242831 1.185827 -0.734802
1 -1.102369 -0.153244 2.370677 0.478450 1.698841 0.802205 -2.424820 -1.658759 -0.553171 -0.458061 -2.872945 1.078158 0.842421 -0.873723 -0.955758 0.233252 0.021206 -0.864489 0.227730 0.496991 -0.879973 2.266555 0.611477 0.428317 0.448304 0.475487 -0.876307 -1.740114 -0.733261 -0.347927 0.670599 1.018272 -0.204564 0.022971 -0.218410 1.766025 0.355817 0.044706 -2.867972 0.806478 0.082803 1.929203 0.384448 1.495160 0.660623 -0.700152 -0.313738 0.810320 -1.615937 -1.690091
2 -1.181863 1.262406 -0.038189 0.450865 0.053440 1.157703 0.886484 -0.571181 -1.306430 -0.634659 1.726244 -0.007989 -0.683700 0.743031 0.823535 -0.906932 0.403861 -1.408497 -0.215900 -1.738930 0.340776 0.213725 -0.671653 -1.797514 0.375035 -0.791180 -0.409896 0.651083 -0.593195 -0.181478 0.053962 -0.726705 -0.572257 0.474927 0.625312 -0.422396 -2.045542 0.060366 -0.638167 0.899193 -2.283890 0.498215 0.765384 0.105874 0.394688 0.988782 -0.704738 0.033516 0.520111 1.361287
3 0.484840 2.351725 0.381307 -1.600525 0.710471 -1.165260 -0.712906 1.065064 0.495115 -0.438450 -0.140203 -1.612811 0.565425 -0.397210 0.212975 0.456452 1.269690 -0.363684 -1.374957 -0.904480 -0.963134 -0.627171 -1.711670 -0.569004 0.701505 0.588189 -0.468239 -0.452831 -0.401987 0.151729 0.706781 0.337797 -0.808693 0.298831 1.295839 -1.028279 -0.689768 0.620453 -0.669385 -0.460126 -2.150657 0.852293 2.007640 0.878164 -0.408415 -2.245736 0.191456 -0.788891 1.248979 0.787621
4 -0.960434 -0.656310 -0.375853 -1.322762 -0.714496 -0.548959 0.268489 -0.491749 1.221318 1.391627 1.236048 -1.429705 -0.113719 2.044577 -1.061409 -0.063045 0.296411 -0.312667 -0.077324 1.836853 1.331084 -2.406062 0.022333 0.602107 0.288812 0.456876 1.047697 -0.936654 -0.791986 -1.393083 -0.029417 -0.032978 0.097655 -1.255665 -0.818098 1.025519 -0.069895 1.361984 1.645474 -1.249100 1.151658 -0.026851 1.019616 1.074865 0.005601 0.066624 0.333907 -0.361107 0.334875 1.105666
5 -0.345652 -0.485187 -0.602534 2.295216 0.489293 1.529799 0.060720 0.869594 -0.827741 0.427168 -0.054936 0.641936 0.165223 1.178995 -1.952657 -0.351234 0.554870 -1.654907 0.639290 -0.148848 0.878216 0.634201 1.116832 -1.597376 0.994254 -1.691945 1.107586 -0.532328 -0.559219 -0.711334 0.011444 0.997415 1.656351 0.633610 0.900774 2.387162 0.764805 -0.383141 -0.827874 -0.142789 -1.352101 -0.248164 0.798875 1.074884 0.205829 0.337034 0.228732 -0.310935 0.242586 -0.607323
6 0.683380 2.076986 0.558173 -0.028965 0.947327 -1.464116 -2.242289 -1.356896 0.555692 -0.469900 1.985702 1.088748 -0.754307 -0.065902 1.277187 1.038226 -1.253661 -1.237963 -1.026057 0.590565 -0.073401 1.418039 -2.638962 -0.833656 -0.218545 0.395269 -0.029969 -0.531254 0.263659 0.469251 1.760577 0.246756 1.051476 1.059168 -1.323359 -0.496073 -0.458759 -0.615149 -0.630532 0.254700 -1.277914 -0.305156 2.321850 -0.709292 -1.981834 1.211633 0.110204 0.360594 -1.834912 -0.229198
7 0.006818 -2.604789 -1.869482 -0.047521 0.783518 0.811830 0.762681 1.277789 0.154420 0.995454 0.149141 0.499775 -1.482649 -0.745943 -1.558581 1.203643 1.506766 0.991212 -1.616039 -0.925221 1.431001 -1.644892 -0.752422 0.110049 -1.432313 -1.298601 -1.987895 -0.673426 1.027170 0.608440 -1.006023 -0.208116 1.161234 -1.176231 -1.130924 0.151918 0.442770 0.822472 -0.781874 1.389856 -1.540110 -2.420312 1.421142 1.030482 -0.236410 0.880432 -1.864859 0.125874 -0.400584 -1.437778
8 1.247250 0.062093 -0.758574 -1.668748 -1.506287 -0.362608 -1.282780 0.623523 1.253059 -0.011197 1.726474 0.940611 -1.169872 1.931343 0.861104 -1.020627 0.470792 0.641911 0.316941 -0.298589 -1.472709 -0.203837 1.335121 -0.332988 -0.883895 0.076572 -1.188446 -0.957278 -0.566190 -0.664503 0.974913 -1.381106 -0.641983 -0.792184 -0.318574 -0.759786 0.658225 -0.071193 -0.596243 -1.732856 -0.132880 -0.222732 -2.084423 -1.560621 0.022039 0.535852 0.166205 0.108716 0.842028 0.023106
9 0.815696 -0.493027 1.082672 -0.941026 1.013542 0.162757 -1.433560 -0.128031 -0.694627 0.506679 0.556605 0.530492 -0.087863 1.585434 0.330427 0.054621 1.274262 -0.478687 0.288722 -0.424832 0.614563 -0.028735 0.135077 -1.382206 -0.759194 -0.557778 -0.887986 0.523317 -0.805003 0.065123 0.409583 -0.855978 -0.438115 -1.514752 -0.092888 -1.107231 0.486509 0.030755 -0.739555 1.505994 -0.885443 -0.381552 -0.423302 0.975017 0.801172 0.452331 -1.570307 0.858153 -0.666325 -2.436666
10 -0.687278 0.741325 -0.773708 -1.633937 -1.374221 0.630055 -0.329023 -1.979740 0.563135 1.041523 0.561824 -0.322637 -1.207162 -0.280619 -1.027771 1.284976 0.817322 1.119652 0.238060 -0.766840 0.044495 0.801802 0.097008 0.563556 0.205555 -0.851804 0.209499 -0.562419 -1.224274 0.126131 0.149986 0.430301 -1.056048 0.210256 1.551851 -1.290385 0.972923 -1.607029 0.020542 -0.528751 -0.890472 -0.366012 -0.181120 -1.036225 0.212408 -0.935256 0.773074 -0.664055 0.101396 -0.923825
11 -1.297853 0.804136 -0.343532 1.047170 -0.020619 0.432862 -0.058111 0.673405 -1.523265 0.868093 0.921096 -0.065997 0.542438 -0.167420 0.420095 -0.241945 -0.272492 -0.721609 -0.818099 1.242420 0.199517 0.888937 2.147770 0.586094 0.425774 -0.022785 1.507156 -1.033478 -1.834940 -1.684850 1.214854 0.804190 -1.000604 0.531871 -1.796665 -0.408095 0.565245 0.981843 -0.373700 0.261997 0.028765 0.853086 0.247167 -1.970841 0.849977 0.624553 0.006137 0.931556 -0.990790 -0.597049
12 -0.524174 -0.133811 -0.039416 -2.561230 -0.004813 -1.344812 1.222116 0.916641 0.286672 0.251570 0.566636 -1.264460 -0.560714 -0.254312 -0.144220 -1.180350 -1.603697 1.797694 0.840097 -0.148327 1.794819 1.248607 0.234812 0.340291 0.167770 -0.017448 -0.533371 -1.142108 0.777994 0.771089 -1.244985 -0.814139 1.555971 1.382768 0.685779 0.576565 -0.820904 1.446393 -0.804358 -0.281332 -1.678988 -0.413286 1.552547 -0.116599 0.963114 1.277847 -1.144696 -0.359405 0.017001 1.022208
13 0.030838 -0.545761 -0.282152 -0.358174 -0.377860 1.304549 1.844972 0.895541 -0.609565 0.397213 -0.951064 0.197877 0.364696 -1.793140 -0.219011 0.435933 -0.724376 -1.392780 1.083531 -0.075812 -0.141332 -0.070131 -1.396971 1.528272 -0.161246 0.883536 0.781183 -0.444737 2.069561 -1.444281 0.905643 1.835363 -0.809033 -0.569614 -0.393437 0.723589 -1.228850 0.024056 -3.104446 -0.226268 -0.189736 -0.135489 -0.643348 -0.405262 0.319803 -0.301739 -0.563831 1.233941 -0.944276 -0.311561
14 -0.486899 -0.140574 -0.716192 -1.639160 -0.640982 0.666898 -0.100470 0.367852 0.311883 0.865155 1.506417 -1.036894 -0.072605 -0.446677 1.902136 1.034598 0.334603 -0.846625 -0.331217 0.055770 0.403084 0.368099 0.686576 0.375711 -0.432274 0.601025 -1.289416 -0.806225 -0.464962 0.920644 -1.078648 -0.690297 -0.532897 -0.321066 0.863550 0.365423 -0.994633 0.665680 0.188936 0.136528 -1.980866 0.818878 0.462247 0.720688 0.447885 -1.066586 -0.579501 -0.271059 -0.605042 0.064658
15 -0.126002 -1.019530 0.610379 0.303822 0.141402 -0.817141 -0.501169 0.772015 -1.008303 1.287369 0.052019 1.479219 -0.414954 1.285548 1.287497 1.472769 0.198170 -0.956834 -0.794799 -0.447077 -0.831616 -1.155367 -0.705197 0.520766 1.171987 -1.013177 1.022998 1.718752 -0.266763 -0.874487 -0.132352 0.308387 -0.052832 1.938722 -0.170884 0.986404 1.437028 -0.429438 0.198142 -0.757387 -0.041967 -0.129853 -0.613435 -1.304003 0.315457 1.634326 -0.874949 1.227131 -1.375075 0.256652
16 -1.140035 -2.049845 -0.925054 -0.457243 0.065010 1.730017 -0.552308 -1.128990 0.126520 0.080941 0.828603 -2.363065 0.063189 0.326208 1.393961 -0.795026 0.123691 -0.297715 -0.603462 -0.722607 1.241790 -0.432888 0.146558 -0.662025 1.088515 -0.484992 -1.089402 -0.213634 -0.592669 3.072464 0.505118 -1.086677 0.343692 0.416405 1.087144 -0.612351 0.602133 0.410861 -1.045873 -3.324114 0.191086 -0.484570 0.524854 -1.030265 0.422058 -1.243684 -0.522893 -0.053358 -0.039451 1.614338
17 -0.676326 -1.074915 -2.277476 0.077244 1.120928 -1.039655 0.858712 1.343250 1.768365 -0.108903 -0.031921 0.159719 -0.550283 -0.633118 1.110368 -0.742593 0.370634 0.389012 0.102437 1.932713 -1.207244 -0.672827 1.103097 0.341964 -2.264780 -1.169035 -1.006794 -0.172955 0.690060 1.210538 -0.577155 0.559880 0.892859 -0.507529 -0.932842 1.336315 1.013390 -1.492591 -0.169736 1.103431 -1.825955 -0.197201 1.396059 0.955240 -1.263376 -0.252715 0.718928 1.479588 -2.122651 0.582147
18 0.131115 -1.239115 0.793424 -0.585667 0.952756 0.718775 -1.429656 -1.414128 1.147782 0.204182 0.332022 -0.258070 -1.326908 -0.116973 -0.213080 -0.320375 -1.084905 -0.132700 1.044884 0.786741 0.006263 0.410693 -0.481313 -2.155272 -1.367080 -0.545592 -0.413567 0.249736 -1.510930 -1.183336 0.177624 -0.902870 -1.064780 0.751791 -1.365251 -0.712060 -0.911734 0.320369 -0.810589 -0.515175 -1.943236 1.359159 0.121176 0.752320 0.694014 0.743283 0.517443 -0.636016 -0.453755 1.494981
19 0.091139 0.241639 -1.780270 0.253318 0.235010 -0.307939 -0.925165 1.052442 -0.354726 0.551516 1.853917 0.439287 0.223921 -0.573912 1.170801 -0.358675 0.163510 -0.162277 0.231269 1.161604 -0.667828 -2.063559 0.264258 -0.229251 0.050180 0.300637 0.173541 -0.317676 -1.232862 -0.390288 -0.102110 -1.180665 -0.452340 0.986399 -0.108098 -1.589066 -0.065593 -1.481182 1.556813 0.530774 0.754184 -1.537007 1.417074 0.058918 -1.547243 -1.351132 -0.561914 -0.496079 0.391511 0.913650
20 0.933200 -0.721902 -1.236572 1.242760 -1.050923 -1.347952 -0.936495 1.326075 1.087478 0.330237 -1.477697 0.304059 1.426890 0.526146 -0.604794 -0.189778 0.043012 1.793153 -1.030669 -0.498498 1.158552 0.502673 0.161073 -0.187640 0.167192 -0.374293 0.751591 -0.209849 0.524298 0.105266 1.308223 0.367524 -1.155495 0.749577 -0.202572 -0.019921 -0.583224 -1.290724 0.331110 -0.182751 0.395758 1.448556 0.048146 -0.572300 1.438930 -0.891079 0.390885 1.929728 0.256466 0.380233
21 -0.995632 -0.337687 -0.455444 -2.240420 0.226271 -1.095135 -1.945627 -1.664140 -0.688173 0.006448 0.476694 -0.810055 1.423394 0.318758 0.018521 -0.423621 0.456238 0.360745 1.226886 1.371360 1.571090 0.420525 0.318103 -0.890779 0.887337 -0.671401 -1.452915 1.321479 -0.798754 -0.109590 -0.451279 0.125347 -1.578156 0.081156 -0.389487 0.775519 0.925810 -0.826353 -0.288833 0.387975 0.818248 0.177195 0.778370 1.198529 -0.343188 0.610509 -0.925149 0.070708 0.811151 0.319234
22 0.155505 0.281543 0.461052 0.335032 -0.182343 0.623643 0.282928 0.781513 1.209159 0.504060 0.627065 0.410266 -0.589426 -0.697245 -1.257777 2.551065 -1.364288 -0.066197 -0.203234 -1.088626 0.563452 -0.148244 0.782219 1.360144 -0.581078 -2.424425 0.093152 0.633832 1.516099 0.207110 1.798949 0.000743 0.789705 -0.549051 0.188911 0.872884 0.704273 0.128201 -0.118851 -0.017482 -0.739700 0.862057 -0.628366 0.998450 -0.318417 -1.355002 0.098898 1.496661 -0.796454 -0.666032
23 0.315015 -1.475770 0.775437 0.277417 0.333551 -0.244320 0.592325 -0.041264 0.742509 -0.775439 -1.554778 0.418330 1.262615 -1.851037 1.533692 0.195888 -0.021562 -0.247076 -0.096513 0.735720 -0.156473 0.267707 0.325298 -0.758012 1.476827 0.502840 -1.202672 1.969340 0.642519 -0.714461 -0.710321 3.239740 1.041283 -1.500444 0.442551 -1.430694 1.243333 2.470547 1.496509 1.743998 0.945951 -0.089811 -0.380901 -1.134858 0.481884 0.186992 0.311780 1.081600 0.549797 2.283260
24 1.464602 -0.609898 -1.601323 0.700398 -1.078271 -0.362207 1.035137 -0.084174 0.138188 1.502048 0.870856 0.170789 -0.949255 -0.668824 -0.098715 0.108217 0.493885 2.150717 -1.039898 -0.214812 -0.695082 -0.750653 -0.459151 -0.322093 0.250894 -1.226057 -0.398788 1.261238 0.375634 -0.297683 1.092834 1.042551 -1.324001 -1.087895 -1.047968 -0.182195 -1.588554 0.793290 -1.085526 -1.156028 0.510418 0.746177 0.534143 0.502325 1.183329 -0.765817 -0.111991 -0.862486 -0.955271 -0.902656
25 0.861807 0.517069 1.110294 0.323224 -1.129391 -0.064242 0.394397 -0.320188 0.222058 -1.391039 0.810191 -2.037188 0.632993 -0.583538 -0.642220 0.256994 1.457175 0.756471 0.490490 -0.568222 -0.226032 0.348725 -0.957262 -0.497841 -0.531545 1.504960 0.487690 -0.336540 -1.470146 0.052330 1.371878 0.148692 -1.193377 0.035194 0.628180 -1.826694 1.303527 1.176214 0.625571 -0.769279 -0.283663 0.983280 0.796628 0.650991 -1.359003 -0.339901 0.427230 -0.703254 -0.236140 0.786849
26 0.111721 1.188995 -0.220954 -1.055566 1.190215 -1.189982 0.205322 -0.369515 -2.329131 -0.100137 0.110489 1.610029 0.321020 0.204483 0.751977 0.283343 0.317015 0.941664 -0.916767 -0.683153 2.108346 0.025423 1.699212 0.348033 0.933310 -0.034929 1.058014 0.429265 -1.001606 0.374282 0.392401 1.025738 -0.264620 0.884868 -1.063635 1.625758 0.608666 1.315356 -1.079174 -1.302615 -0.664135 -1.191433 -1.586177 -0.461253 -2.399954 -0.015437 -1.734994 -1.880101 0.049117 0.684417
27 0.882224 -0.042944 1.530429 -0.913719 1.036477 -0.911969 0.860366 0.593969 0.664050 0.851874 -1.243073 0.833771 -0.697016 -0.256583 -0.721615 0.273009 -0.370768 0.251910 -1.244495 -0.879282 -0.278694 -1.909628 -0.048193 -0.113570 0.755114 0.863969 0.292673 -0.833711 0.099703 -0.230800 1.365993 0.432455 1.493003 0.186928 2.122073 -0.147259 -1.463513 1.567224 0.090704 0.411849 -1.076918 0.387549 0.987265 -0.635636 -0.304472 -1.862482 1.063968 0.315738 1.175857 0.561991
28 0.355113 0.328569 -0.712295 0.722161 -0.435370 -1.498177 0.198940 -0.866418 -1.387476 -0.850273 -0.488665 0.678376 0.294048 -0.357452 -0.817938 0.139158 0.508373 -1.062792 1.036010 0.086334 -0.297138 1.448467 0.971093 0.084012 -1.181479 0.060631 2.399003 -0.062256 0.256719 -2.000920 0.232463 -0.224931 0.316908 -1.063016 -0.888982 -0.647965 -2.800303 0.006405 -1.375655 1.170428 -1.272955 -0.637460 -0.558315 -2.125363 0.024100 -1.287500 -0.025190 0.973178 -1.227288 0.203302
29 -1.521925 -1.525428 0.649383 -0.948223 -1.149178 0.409497 -1.240874 -0.221096 0.327627 -0.377672 -1.592314 0.595886 -0.298147 -0.462481 2.372737 -0.221828 2.238489 -0.660573 -1.242925 -0.335636 0.226405 0.343279 0.063525 0.465856 0.477382 0.942972 -2.899192 0.381166 0.427874 0.495397 -1.090518 -1.031063 -1.704224 1.003588 -1.263348 0.777798 -1.862168 -0.694950 -0.475613 0.391579 -0.010794 0.535951 -1.443485 -1.022953 -0.010613 0.539817 -2.900566 -1.039195 -0.736425 -0.650151
30 -0.103307 -1.165714 -0.254373 -1.432826 -0.002582 0.318787 0.269439 0.067697 -0.978767 -0.403805 0.037222 -0.235948 0.113252 -0.562699 -0.211895 0.619529 0.867480 0.685271 0.692790 0.783295 -0.702973 0.619317 -0.893396 1.670826 0.443751 0.959140 0.472842 -0.708056 0.862201 -0.693199 -0.100523 0.854156 1.969906 -0.794469 -0.812693 -0.287293 -1.176284 0.845107 -1.876094 0.647473 0.504120 -0.006826 -1.241522 -0.152027 0.085021 0.530512 -0.576782 -0.560778 -0.421646 0.717275
31 1.082196 -0.153236 1.706604 0.939285 0.319574 1.090192 0.293307 -1.309695 0.228053 -0.081623 0.583703 0.394902 0.029562 -1.315291 0.647570 0.384117 -0.186661 -3.033877 -1.044203 -2.520560 -0.861988 0.553124 -0.299308 -0.014650 -1.529882 -2.338060 -0.712468 0.237746 -0.051701 -0.702214 0.518766 -0.097914 0.269864 -1.042524 -1.592862 0.375605 1.345972 1.291882 0.712098 -2.121512 -0.975681 0.907365 0.044795 0.061968 0.477549 -0.002918 -0.644718 -0.079716 0.907348 0.777672
32 -0.501294 -0.692444 0.497695 -0.178007 0.473688 -1.007652 -0.308701 1.062966 -0.042811 -0.909347 -0.441339 0.444722 -0.761649 -0.947403 0.275980 -0.414119 -1.097451 1.449760 -1.663979 -0.498938 0.798898 -1.004240 -0.330009 -0.271397 -1.587700 0.189399 1.158675 -0.500936 -1.774173 -0.663552 0.097947 0.140779 -1.000833 -0.332891 -0.456242 1.967233 -0.689768 0.533508 -0.575899 -0.558436 1.126628 0.336884 -1.002963 -0.451914 -0.636822 0.576560 -0.120979 0.173901 -0.117386 -0.395164
33 1.745968 -1.213758 -0.488394 -0.706125 0.504355 1.287540 0.169162 -0.848849 2.429237 -0.645713 -0.888384 0.853903 -0.724925 -1.787088 1.801188 -0.108138 -0.437383 0.767620 -0.480541 0.209436 0.660120 -1.138688 0.363913 -0.597046 1.767700 -1.298402 -2.835817 -0.829234 -1.606629 0.955048 1.168708 -0.233693 1.309849 -0.029018 -1.649635 0.581308 0.073741 1.653241 -1.801850 -0.718162 -0.978060 -0.500333 1.183783 0.896595 0.178689 2.187322 -0.364719 -2.028423 0.190512 -1.017605
34 0.323670 -0.127484 -0.421801 1.035597 -0.374343 -0.089155 0.102540 -0.017261 0.872852 0.347115 -1.603551 -0.886746 2.443750 -0.689718 0.038933 0.032811 1.735318 -0.326275 0.609863 -0.817623 -2.280534 -0.008804 0.390373 0.846686 1.374902 -0.016817 0.046543 -0.462755 -0.412932 1.289408 1.165346 1.394133 0.248028 1.014928 -0.302050 -0.079836 -0.827206 -1.038553 1.390000 0.145515 1.192736 -0.186301 0.497464 -0.057853 1.575181 0.904930 -0.699756 -0.888111 0.932754 -0.520595
35 1.484068 -0.061963 0.110380 0.854261 -0.049374 -0.568595 0.788971 -0.781627 -1.049017 0.117529 0.526381 -1.088354 -2.412709 -3.211770 -0.830561 0.634703 0.613184 0.292554 0.271303 0.235783 0.084460 -1.250232 0.208517 0.373665 0.045985 0.977876 0.211446 0.193573 -0.073129 -0.476159 1.049049 -0.320261 0.182402 0.255851 0.241437 -0.262785 -1.345527 1.412721 -0.336074 0.533811 0.603344 0.467937 -0.736803 -0.969815 -0.114072 0.011653 -0.601930 -0.454562 0.510012 0.747367
36 0.077911 -0.413687 -0.654805 0.011463 0.857353 1.439092 0.065650 0.158003 -0.987358 -0.274390 0.174384 -0.009333 -0.793289 0.532084 -0.208248 -0.123502 0.964923 -1.717260 -0.198052 -0.579984 1.621292 -2.108058 -0.794750 1.597288 -1.000948 -0.627673 0.409476 0.643671 1.172949 2.268727 0.423225 -0.204363 2.045097 -1.528348 -0.735770 -0.658106 -0.001334 -0.986529 0.514169 0.494535 0.309838 -0.312194 -0.638858 1.041410 -1.273591 0.552620 -0.902223 1.115788 -0.008270 -0.702132
37 0.180462 0.272954 -0.300495 -0.743586 0.532648 1.348417 -0.052663 0.216875 -0.253764 1.202039 -0.391303 0.344230 0.140229 1.320294 0.651841 -0.504663 -0.906807 1.345698 0.216274 0.736376 -0.065347 -0.752433 1.027507 -0.143042 -0.314986 0.641661 -0.095328 -2.101506 0.255266 -0.644771 -0.330667 -0.236871 0.854509 0.257488 0.297338 1.137461 -0.260366 -0.975182 1.550461 -0.952390 -0.353521 -0.273509 -0.217345 -0.772442 1.518364 1.088083 -0.010616 -0.320328 0.654233 -1.937424
38 -0.712250 1.652105 -1.141375 -0.976010 -0.631947 0.089209 -1.198625 -0.521041 1.866888 1.289906 -1.405225 -0.095208 0.830524 -0.346112 0.338259 0.524071 0.893228 -1.057510 1.204366 -0.642971 -0.309011 -0.582309 0.620294 1.438401 -0.086950 -0.061386 -0.529498 -0.586168 -0.975898 1.449629 -1.395420 0.473397 -0.236806 -0.859722 -3.182401 -0.470422 1.373202 -0.392217 0.972378 -0.035980 0.991398 -1.233016 -0.743533 -1.187685 -0.127229 -0.658143 0.125753 -0.352061 -0.710133 0.382896
39 -1.049509 -0.236060 2.354048 -0.414929 -0.152615 0.879534 -0.890039 -0.859010 -1.719393 0.020791 1.968076 0.238928 0.523306 -0.061779 -0.429100 0.768215 0.870045 -0.657860 0.256766 0.628294 1.205586 2.303931 -0.130464 0.618444 0.082664 0.257452 -1.061462 -0.770506 0.808828 -0.602242 -0.232899 0.883743 0.729105 1.317640 0.173794 -0.120739 0.990195 0.320638 0.064350 0.694050 0.336395 1.482751 -0.490597 -0.136058 0.388632 0.586615 0.744358 -0.794175 0.224869 1.319400
40 -0.086705 0.469472 0.816100 -0.312740 -0.262944 -1.836249 -0.540662 0.403260 -0.385702 -1.191223 2.136094 0.334138 -0.501632 0.938967 1.359276 -1.002182 -1.065477 -0.125691 0.885066 0.071381 1.603138 0.236451 0.271599 -0.371963 0.878740 -0.183095 0.265132 -0.288518 -0.999400 0.293928 0.842825 -0.266372 -0.596838 -1.047449 -0.973499 0.763699 0.412384 0.514552 0.280739 0.182451 0.942708 -0.103124 -1.582692 -0.573246 1.612067 -0.650443 1.357960 0.077634 -0.507264 -0.314404
41 0.304916 0.511547 0.247493 0.901095 0.315775 0.448240 0.717153 -1.013830 1.040965 -2.099328 -1.773726 1.129079 -0.156613 -1.074885 -1.169709 0.770698 -0.132795 -0.255983 0.464080 0.090981 0.483240 -2.041933 0.147751 0.326781 -1.223729 -0.014022 0.562281 0.273488 1.947448 -0.274707 -0.446603 1.080729 -2.271565 -0.332847 -0.457270 -0.871052 0.472203 -0.823375 0.132118 -1.717315 -1.255977 1.411624 0.723940 -0.190916 -0.601336 0.342794 -0.073487 -2.187226 2.250057 -0.828586
42 -1.479644 0.499983 1.909067 0.035170 0.821815 -0.603865 0.435207 0.461344 1.404339 0.497867 0.049659 -0.436149 0.341524 -0.920734 1.292778 0.177275 0.515847 -0.279982 -0.746067 -0.905161 0.794718 0.187916 0.763829 1.394195 -0.027863 0.580512 0.483699 -2.097252 -1.365628 0.695655 0.008669 -1.265748 1.455546 0.240430 -0.308186 1.250363 0.956672 -2.411081 -0.649692 1.003558 -0.948686 0.352483 -0.887006 -1.376705 -1.732523 1.369441 -0.210401 -1.243864 0.712432 1.633450
43 -0.828161 0.064118 1.503413 0.560154 -2.076039 0.052741 1.167045 -0.020608 -0.260914 -1.299683 1.281524 -0.854841 0.311665 0.741207 0.425648 0.547652 0.492369 1.689498 -1.154041 1.001875 1.773662 0.316629 0.555500 -1.057801 -2.858063 1.497364 -1.337505 -1.024527 -0.504014 -1.311313 -1.208924 -2.005502 -0.208527 -1.604829 -0.313779 0.281686 -0.644211 0.058801 -1.044785 -0.281907 0.067625 1.938521 -1.851530 0.853970 -0.270756 -2.211251 -1.242922 0.498237 -0.841099 0.772963
44 -1.566697 1.053622 -0.178079 0.084531 0.650128 -0.208620 -0.116187 0.260452 -2.394252 -0.831636 0.257105 1.296832 1.793977 -0.140734 0.550278 -0.061862 -0.682393 -1.061624 -1.164049 0.258596 -0.066360 -1.642613 -0.085005 0.627259 1.661262 0.387579 -1.075145 0.257494 -0.289224 -1.596529 -1.665411 0.655203 -0.524804 0.281175 0.867054 -1.212108 -0.267385 0.853061 1.429591 0.646181 0.666017 0.113566 1.303542 1.686005 -2.025431 0.024512 0.986730 0.791195 -1.646285 -0.336376
45 -0.965586 -0.899901 -1.069005 -0.883271 0.308511 1.706452 1.171087 -0.111678 -0.860771 -1.452274 -2.359100 -0.476292 -0.420324 -1.158288 -0.427714 -2.218691 -0.354954 1.207869 1.013585 0.433384 1.389513 0.828605 -0.817147 1.043011 -0.088527 -1.351590 0.025027 0.319510 -0.610664 0.545052 1.194204 -1.041901 -1.198544 -1.209605 -0.748821 2.339823 -1.085217 0.226258 -0.534523 -1.191584 -1.240019 -0.179370 1.477535 1.262391 -0.472190 -0.767005 0.462123 -0.080033 0.798098 0.206260
46 1.658658 0.909608 0.606141 1.025520 0.160913 0.267774 1.442950 0.243617 0.215993 1.080255 0.669180 -0.120337 -1.417506 -0.378360 -0.002588 -0.279513 0.189109 -1.905910 -1.648999 -0.467261 -1.027933 0.959265 0.685883 -1.307836 0.525393 0.444869 0.090097 -0.144601 -0.085531 1.213320 0.602209 2.139447 0.777689 -0.554179 1.050012 1.290656 -0.086740 1.214636 0.686997 -1.829745 -1.211104 1.817949 0.232403 -0.053181 -0.177419 -0.655125 -1.967600 0.538191 0.642596 -1.629331
47 0.572039 0.999956 -0.425129 -2.134780 -1.182324 -0.041224 0.390429 0.841641 0.138696 -1.637719 0.458379 -0.372427 -0.532001 1.067351 -0.421081 0.716068 -0.414917 -0.177557 -0.713503 -0.446592 0.370120 1.418630 0.184395 0.297321 -0.069627 0.741153 -1.077111 0.186821 1.338261 -0.502139 -0.229509 0.688135 1.709294 1.966484 0.016203 -1.012562 2.541410 -0.027649 0.684196 1.377492 -0.108030 -0.148988 -1.010955 -0.307416 0.397058 -1.293886 -0.008850 0.001474 0.209274 0.165919
48 1.649045 -1.445212 -0.300491 -1.631723 0.943784 1.724705 -0.815578 0.743286 0.301842 -0.330901 0.063315 -1.092795 -0.876208 0.147737 -0.174188 0.626451 1.130456 1.094983 2.239971 0.700323 1.075283 -0.949805 -1.037220 -0.613745 1.075936 0.522453 1.330682 -3.237622 -1.432775 -1.031845 -1.206659 -1.319066 1.027060 0.170858 -0.001026 -0.965241 2.177297 0.949415 0.145962 -0.094260 -0.246741 0.276429 0.903809 -0.521409 0.455612 1.375822 1.581994 0.902156 1.484247 -0.002165
49 -0.699123 -0.908912 -0.670438 -0.749504 -0.290393 -0.468620 0.942709 1.353599 1.395509 -0.256990 1.856891 0.360106 0.340462 -0.545865 -1.117976 2.336087 -0.071329 -1.178513 -0.028407 -1.395595 0.857510 1.467924 1.086464 0.915857 -2.037988 -0.224123 0.251094 -0.126551 -0.694626 -0.076918 2.337322 2.885861 0.681438 1.659803 -1.213478 0.900280 0.674454 -0.217554 -0.993025 0.558373 0.200071 -1.366657 0.338300 -0.217039 -1.847446 -0.909254 -0.069405 0.590907 -1.440227 0.446428
50 1.190868 0.004937 -1.517978 -0.468607 0.363474 0.101770 1.199570 -2.664073 -1.812421 0.793269 -0.272048 -1.787884 -0.167679 1.374826 0.234599 -1.954808 -0.265340 -0.370654 0.225568 0.004819 -1.511717 -0.469747 -1.197814 -1.896708 0.916883 -0.914628 1.832157 0.239456 1.612251 -1.374325 -0.038238 1.146317 -1.158644 -1.358525 2.341421 -0.046367 0.402087 1.286577 -0.011013 1.890951 1.064848 -0.579996 -0.513483 -0.179533 -2.164418 -1.649066 -0.588770 -0.289673 1.778560 -0.691619
51 -0.463300 -0.885362 -0.264246 -0.234575 -0.945223 -0.262087 -0.081744 -0.962412 -0.336352 -1.629426 -0.438019 -1.301866 0.804387 0.282651 -1.107197 -1.045415 0.956232 0.858059 -0.858864 0.627376 1.232306 -1.847879 -0.078063 -0.251380 -0.012021 1.194380 0.497036 -0.200074 0.598445 0.729352 -0.175720 0.393482 -1.200349 0.844115 -0.504810 1.765539 0.967276 -0.780268 -2.160651 -1.132743 -0.845669 -0.659290 -0.493975 1.177254 2.079033 -0.531100 1.135690 -1.121870 1.084183 -0.640536
52 -0.654525 -1.460642 -0.674148 -0.451234 -0.269960 0.198361 0.004630 -0.693125 2.567094 -0.622829 -0.307012 -0.318634 -0.285999 1.245504 1.111426 0.173921 0.672302 0.515407 -0.507291 1.835322 1.997040 0.507786 -1.845033 0.663218 -0.778856 -0.435733 -0.939161 -0.858200 -0.641494 -0.358191 0.906833 -0.023979 0.734438 -0.572875 1.161639 -0.445632 -0.885481 -0.764720 0.969426 0.009430 -0.164572 -1.497817 -0.726546 0.579719 0.767743 1.013200 -0.469286 0.948465 1.326345 -0.254561
53 0.947978 1.137239 0.139550 2.496806 -0.881529 -0.990112 0.871210 -1.272722 1.487998 1.718790 -0.354651 0.757060 -0.508522 1.326847 0.273523 0.907363 1.421501 -0.285949 0.060442 0.858701 -0.195668 0.419543 -0.211494 1.656120 0.396855 0.117827 1.602515 0.783060 -0.023849 0.328112 -1.503092 -1.154663 0.716213 -1.625573 1.222363 1.300830 -0.035275 0.351914 0.261225 -0.121711 -0.533526 0.306272 -1.050316 -0.586173 0.562343 0.288754 0.042869 0.513657 0.611713 -1.727100
54 -0.678590 1.367413 1.121534 0.273833 -0.071416 1.933441 -0.054688 1.015983 -0.547090 -1.990986 0.808889 1.354387 -1.793976 0.315569 0.398359 -0.214683 -1.197740 -0.001323 -1.353804 0.568395 0.530755 -1.918505 -1.387621 -0.172467 -0.383913 -0.150210 0.113217 -0.550476 -0.362414 0.240989 -1.304567 -0.106973 0.151056 -1.767945 1.115983 -1.492164 0.863983 -1.077074 -0.572688 -1.291425 -0.655998 0.189708 -0.348803 -0.832710 0.641481 0.568583 -1.834658 0.004794 0.428344 -0.284566
55 -0.350514 1.568609 -1.100869 -1.408313 -1.201245 0.014078 -0.450884 -0.663181 1.301215 -0.542457 -0.842970 0.486701 1.283485 1.876404 -0.182054 0.961498 -1.066735 -0.903513 0.249570 0.446584 -2.193097 1.136613 -1.425120 -1.940211 1.620404 -0.431049 -1.751192 0.486153 -1.413987 0.288274 0.843867 0.238880 -1.049051 -1.785669 -0.621357 0.214786 0.008324 -0.565127 -0.520869 -0.190193 0.703882 0.570043 -0.028741 1.348238 0.484694 -1.614076 1.791420 0.154878 0.781637 -0.247438
56 -0.949179 -1.586518 1.166771 0.115475 -0.855104 -1.168993 -0.461615 -1.611116 0.204011 0.912096 0.501451 -1.809657 -0.310139 -0.277347 -1.095536 -0.531040 0.387688 0.546905 0.767996 1.636804 0.173041 1.145111 0.255674 0.385963 1.273976 -0.458616 0.155861 0.011407 0.802390 0.119099 0.011542 -0.838216 -0.564453 -0.246359 0.497886 -2.443886 0.948349 1.174620 -0.137132 0.775092 2.761840 0.250975 -1.034436 1.392473 -0.713032 -0.378769 0.287592 -0.520019 0.762931 -0.918599
57 -0.310116 -0.258687 0.694626 0.802115 0.357937 0.532992 1.857639 0.623755 0.115205 0.739739 1.337966 -0.936672 -0.932347 2.096796 0.999396 -0.555250 -0.956090 0.491985 -1.398364 -0.463223 1.853314 -1.515574 -0.883563 0.456952 -1.091085 -0.668560 -1.156595 -1.810149 1.057211 0.569855 -1.538106 1.236500 0.409890 0.081896 -1.867215 -0.471784 0.180105 0.889900 1.868579 1.004674 0.824162 -0.083261 0.817531 -1.073013 0.796638 0.357742 0.161591 -1.198989 1.303298 -0.668287
58 1.165982 0.182098 -0.373081 0.650814 -1.158099 -0.779070 -0.316276 -0.013344 -0.113013 0.595215 -0.993768 -0.875017 1.511026 0.942894 -1.287277 0.333866 -0.787886 -1.613817 0.976069 1.434362 0.254523 0.578195 0.140259 0.497769 -0.296766 0.138951 0.010809 1.239130 -1.865804 -1.380161 0.608352 -2.202550 -1.306336 -0.699165 0.453463 0.450830 0.654163 0.927725 1.009239 1.579214 -1.623097 0.019563 -1.590333 0.166366 -1.797778 0.083268 -0.741856 -1.319171 0.614615 0.374994
59 2.870927 1.673891 -0.792505 -1.288505 -0.100893 1.000067 0.240106 0.682918 0.579581 -0.779384 -0.319991 1.402341 0.625072 -1.260829 0.942594 -0.770427 -0.692975 -0.014270 2.401768 1.233368 -0.561104 -0.097180 -1.405252 -0.501083 -0.321734 0.451320 1.263483 0.556169 0.380433 0.082766 -2.660798 1.795366 1.715726 2.146066 -0.393842 -0.980385 0.254069 0.700380 -0.355993 -1.104029 0.627943 -0.977944 -0.743561 1.027790 0.350137 0.154936 -1.586142 0.325816 -0.354054 1.156911
60 0.033155 1.379202 -1.068157 0.822144 1.023083 -2.413098 0.594374 0.681113 0.091277 0.617738 -0.851382 -0.050235 0.133964 -1.123631 0.239762 -1.307861 -0.025498 -0.669472 -0.552267 0.702942 0.545298 -0.737257 1.738127 0.548043 0.851229 0.777478 -1.316626 0.199950 -0.305944 0.672545 0.243779 -0.816998 0.212452 -0.535273 -0.152635 -0.056934 1.927855 2.616504 -0.361332 -0.759931 0.210297 -0.530205 0.661310 0.097762 -0.097608 -1.199854 -2.302819 -1.494408 -2.759598 -0.497201
61 0.655607 -0.867536 -0.320487 -0.766891 0.882516 -0.279589 -1.462422 1.021162 1.299414 0.028976 -1.459417 1.564063 0.069869 -0.380671 0.497978 -0.417959 -0.585118 -0.854703 0.655672 1.835131 0.606606 0.197970 -0.320959 -0.369349 -1.949843 2.333719 0.263899 -0.225188 -1.798495 -0.704507 -2.704536 -0.753697 0.850236 -0.012320 -2.011449 0.871155 -1.109120 -0.089004 1.188021 -1.125901 -1.504738 -0.266234 1.443838 0.256361 0.329046 -0.959851 -1.099631 0.469021 -2.410151 -0.481908
62 -0.395458 -0.765730 -0.103193 -1.010377 -1.002481 -0.385996 -0.385756 0.870521 -0.600194 0.017649 0.525778 -0.802167 -1.454258 -0.444860 -1.241790 -0.214895 -0.040968 -0.455788 -0.586636 -1.169457 -0.481986 0.145914 -0.603296 0.443215 -0.986833 1.397424 -1.026261 0.404088 0.290999 0.633084 1.542048 0.491598 -0.466250 -0.256512 0.722458 0.906703 -0.058053 -1.015249 0.753776 0.321829 0.197676 -0.017440 -1.312578 -1.704556 -0.989674 0.079732 -0.501516 -0.210756 0.059523 1.451398
63 0.394535 0.521284 0.027709 0.271080 1.958184 2.008290 1.365611 -0.337162 0.025172 0.792211 1.410156 1.798107 1.493079 2.679966 0.252472 1.329463 -0.216859 -0.417919 -0.496506 1.092758 2.192185 0.323178 -0.442814 1.065421 -0.141772 2.222543 -0.714590 0.327873 0.800354 2.695341 0.286343 -0.157713 0.187369 0.863668 -0.011542 -0.129398 0.707898 0.904430 -0.005666 0.928237 0.541877 -0.406159 2.296742 2.102370 2.958829 -0.158227 -0.009120 -0.384002 -0.225985 1.470820
64 0.049020 -1.941775 0.657049 -0.570455 -0.664067 0.079868 -1.687115 -1.013065 1.063248 0.926725 1.082203 -1.765558 -0.790940 -0.092730 0.426700 -0.691583 0.215253 -1.498374 0.155724 0.500228 -1.829452 2.582909 0.965454 0.124589 -0.223143 -0.325183 0.092028 1.118358 1.146920 0.116913 0.156085 1.632073 -0.824247 0.983566 0.624175 -0.395893 -1.426437 -0.775388 0.025512 1.330034 -0.510472 -0.563957 1.256966 -0.565905 1.514366 -0.480324 -0.825385 -1.446530 0.368432 0.742050
65 0.949754 -1.053005 -0.314735 0.302810 1.857503 0.223045 -0.371180 -0.260938 -0.927159 1.188430 0.339064 0.920149 0.308969 -0.873971 0.992164 -0.151395 0.176756 1.099586 -0.720680 1.215664 -0.618070 0.506715 -0.349105 0.451677 -0.195835 0.438255 -0.674947 -0.104022 0.560467 -1.626443 0.850554 -0.226816 0.263164 -1.552344 -0.980566 -0.002093 0.657286 0.165813 0.064235 0.738174 0.225891 -1.326666 -0.001348 -0.735803 0.763874 0.961321 0.544290 0.710533 -0.151654 1.353813
66 -0.520819 0.481170 -0.549640 -0.601011 0.797198 -1.600345 -0.235823 -0.657322 -1.604139 0.713054 -0.776825 0.681099 -1.005881 0.108411 -0.281080 0.574905 2.347674 -0.244506 1.574060 -0.818693 -1.201480 -0.432302 0.468678 0.501828 1.567080 0.784583 -0.716948 0.829134 -1.857588 0.867398 -0.902611 0.419010 0.825593 0.177456 1.717016 -0.524188 -0.273518 0.632074 0.329868 -1.782519 1.367979 -0.436130 -0.066651 0.171136 0.592112 1.378247 -0.214016 -0.308392 0.112838 0.406423
67 1.685015 0.657636 1.385231 0.032898 0.417391 0.829624 0.023525 -0.071188 -1.612833 0.980811 -1.512005 -0.307229 2.820381 0.222009 -0.725502 -1.574666 -0.250095 -0.074107 0.234402 0.086473 -1.176038 -0.161264 0.090606 1.678248 0.740929 -0.441141 0.139676 0.311325 -0.543133 0.073931 -2.432786 0.532476 1.460848 -0.928379 0.267868 -0.423713 0.658401 1.187769 1.970641 0.086614 1.876941 0.323670 -0.689412 -2.279837 1.205085 0.004581 -0.935258 0.584845 1.598573 0.019800
68 0.260185 0.471357 -0.004518 -0.611967 1.725198 -0.210215 -0.144931 1.432612 0.202915 -0.446333 0.755036 -0.295829 0.344348 -0.657231 0.032782 -0.024825 -1.260177 -2.661335 0.160743 -1.379154 -0.153735 0.029180 -0.113448 0.117303 -0.420799 -1.229858 0.268122 0.839559 0.312660 0.012043 -1.428298 -0.993379 -2.210047 -0.082160 1.050943 0.952099 0.048204 0.668024 -0.301217 0.478675 2.704630 0.448855 0.246643 0.531665 -0.055734 0.660906 1.451790 -1.012927 -1.182898 -1.434731
69 0.900217 -0.118262 -2.095143 -0.488026 -1.373304 -0.337189 0.818418 1.468094 -0.149362 0.713053 -1.074038 0.094817 0.575765 0.301070 1.513110 -1.050706 -1.437401 -0.384413 -0.328522 0.103851 0.779176 -0.146311 -1.345355 -0.940226 -0.705845 -2.464383 0.906565 0.088552 -0.008616 -1.795773 0.933875 0.701221 0.962081 1.043094 -0.891371 -0.059212 -0.988149 0.117312 1.772817 3.015439 0.589443 1.107511 1.169600 0.830522 -0.946805 1.921066 -1.463494 1.260176 0.010896 1.232972
70 -1.423688 0.876702 0.150904 -0.969018 -0.053747 1.426335 0.061138 -0.079497 0.619089 0.989023 0.448468 0.378030 0.679457 0.468440 0.831174 0.704394 0.105438 0.651927 0.590361 -0.305578 1.122928 -0.030906 0.854214 1.122316 -0.224536 -0.442228 -0.544220 0.740840 -0.687012 -0.964788 -1.757043 -0.912387 0.535417 -0.622002 -1.028757 -0.304858 1.373987 1.746774 -1.271588 -0.077431 -0.375374 1.021313 0.605096 -0.709008 -0.548876 -0.791313 0.645940 -0.041806 -0.187360 1.670516
71 -0.770611 1.270160 -2.190966 -1.323273 -0.048679 -0.051500 -0.072270 1.519501 0.747780 -0.545633 -1.042996 0.967845 0.309573 -0.150569 1.646846 0.610957 -0.335188 -1.143692 0.878656 0.013406 1.260815 -1.856704 -0.700575 -0.584110 0.959621 -0.951478 0.407533 -0.493579 0.395455 -0.462652 0.847061 0.554761 0.312750 1.333975 -0.379043 0.176408 0.264941 -0.492093 0.770217 0.955684 -0.308329 0.884799 -1.825205 -1.224145 -1.099422 0.926553 0.268349 1.588785 0.586742 0.305531
72 0.091150 1.095314 0.047536 1.556032 0.090687 1.768889 0.068304 -0.417973 2.159874 -0.196087 3.376724 0.903143 0.330093 2.227875 0.897635 0.388800 1.892509 0.610558 2.155208 0.274774 0.737785 2.899172 -0.133092 -1.580318 0.633297 0.691759 1.457142 1.625893 1.279139 2.550704 -2.691490 0.921061 -0.380891 1.022094 0.217215 0.191261 2.154584 -1.133276 -0.907551 -0.137617 -0.981946 1.079553 0.528684 0.478563 1.091175 0.146065 1.330894 1.287665 2.186138 1.844293
73 0.659632 0.291216 -0.505037 3.629450 0.620888 1.971421 1.585019 1.064291 1.242288 -0.159211 2.071570 3.432236 -0.807108 -1.374438 0.426216 -0.774498 0.742089 1.581211 1.539308 1.327559 1.920584 1.866571 1.254736 -0.346896 0.476367 0.554822 0.683831 0.959970 1.832660 0.659270 -0.530556 0.286544 2.631248 0.667480 0.341847 -0.804114 -1.497119 0.146386 1.202335 1.025830 0.171502 1.765560 -1.032932 2.869944 1.696258 2.769758 -0.058529 -0.180508 1.591563 0.639115
74 0.151271 0.229239 -1.039131 1.237568 -0.672615 3.192421 0.808112 -1.222959 1.312896 -1.356685 -0.216649 -1.785093 -0.338030 0.607550 -1.673113 0.966902 -0.745285 1.314944 0.126028 1.846285 1.056779 1.824317 0.015277 -0.545009 0.431530 -1.013848 0.343910 -1.015097 -0.374187 -1.236602 0.712780 0.500874 -0.494302 0.507777 -1.252533 -0.240358 1.544383 -0.433637 1.688655 -0.244220 -0.893055 1.574439 -0.627350 -1.068578 -2.274707 -0.240021 -0.479259 0.600247 -0.282386 1.286277
75 0.659347 -0.426568 0.363829 0.441564 -1.038040 0.023309 -1.065075 -0.309233 0.530586 -0.125012 0.354506 0.333121 -0.286015 -0.158011 -0.938587 -0.571015 0.000316 -1.616079 0.774250 -0.228584 0.327197 2.021508 -0.052434 1.454858 -0.971111 -2.362858 1.496534 0.030512 -0.620081 -1.121098 -1.890191 -0.337081 -0.365308 0.493605 1.694061 -0.996340 -2.415726 -0.386154 -0.404416 0.837662 -0.705350 0.881341 -0.800448 -1.220459 -0.040424 -1.154297 -0.521153 1.242990 -0.382109 0.603121
76 1.831728 -0.867846 0.704699 -0.030696 1.746286 1.938558 0.617341 0.441511 0.447659 0.250984 0.598739 0.574501 0.564626 -0.161648 -0.721039 -0.246714 0.336038 0.836615 -1.210975 0.918588 -0.083485 0.300809 -1.043941 -1.389569 0.457054 0.510076 0.784162 -1.419992 0.515623 0.976616 -0.309987 0.153461 0.329269 -0.617728 0.570714 -1.973667 -1.205171 -0.960485 -0.061258 -0.690075 -2.307360 -0.811879 -1.686307 2.360840 -0.534721 0.087217 -1.605367 0.514200 -1.070948 0.982336
77 0.377698 -0.302316 -0.733626 -0.080565 0.921611 -0.109812 -0.025246 -1.832486 1.600581 1.040848 0.875874 0.273949 0.294271 0.571564 -0.633272 -2.231533 1.259920 -0.572665 -0.029051 -0.131497 1.926527 -1.137072 1.236510 -0.217914 0.911311 -1.922450 -0.474619 -0.452581 -1.576981 1.955199 -1.941077 0.077283 -0.163660 -0.926265 -0.581801 -0.126036 0.080250 -0.302902 -0.815264 0.186591 0.004692 -0.527443 0.720219 0.008404 0.169870 0.882678 -2.214134 -1.982509 -0.438961 0.673027
78 0.304363 0.529803 0.572724 -0.520968 0.077468 -0.866669 0.905593 -1.254027 -0.038504 0.551736 1.595015 1.817646 1.801504 -0.553806 -1.628054 0.298799 -0.559730 0.030325 0.128056 -0.348311 0.351259 -1.025116 -0.539721 1.782409 0.420685 -1.087608 0.955548 -1.648166 0.493506 -0.743009 -0.781846 0.328504 0.271195 0.661441 -0.038080 1.822764 -0.302368 -0.379822 0.420867 0.217836 -0.958918 0.599299 -0.397291 0.547468 -0.326996 0.448996 0.170529 -0.865746 -0.994034 0.283554
79 0.794958 0.450818 0.492225 0.216447 1.610097 0.276668 0.715354 0.814376 1.100223 -0.518111 -0.833914 -1.082873 0.772665 -0.904386 -0.533445 0.510893 0.754310 -0.004760 0.189576 1.455667 -0.066852 -0.554835 -1.043704 0.247350 -1.448212 -0.546231 -0.457339 0.315510 0.737648 0.817222 -0.283237 1.172263 0.431371 -1.574359 -0.950916 1.379914 -1.400268 -0.707689 0.613100 -0.564758 -0.831222 1.898260 0.041768 0.678615 -0.219683 -0.036927 -2.289932 0.603945 -0.237710 -2.230257
80 0.689190 -0.503007 -1.561366 0.069201 -0.897631 2.018805 0.596638 0.560310 -0.265130 -2.477901 -0.764926 -0.525677 0.382344 -0.799648 0.197117 -0.003800 -1.910803 0.022068 -1.705578 1.058205 0.160558 0.150756 1.416579 -0.446390 -0.232634 0.381170 -0.762607 -0.143031 1.082391 -1.097926 0.969050 -1.341935 0.534960 -0.667596 -0.998598 0.641933 1.450035 -0.057235 1.004048 2.056286 -1.087356 -0.689776 -1.931984 0.146918 -0.649704 -1.293927 0.721869 -1.715243 -0.450801 0.333747
81 0.654693 1.291591 -0.542941 0.677521 -0.006435 0.621034 -0.540722 1.701115 -1.668858 0.368923 -0.403850 -1.377908 2.032705 -1.084186 -2.143239 -0.383668 0.672490 0.593306 0.784511 1.312916 1.706593 -0.655374 -0.660790 -2.645282 0.820299 0.884144 0.683185 0.237812 0.473365 -0.193579 -0.644617 0.976356 1.722334 0.673674 0.905344 -0.078175 -1.577969 -0.659777 -0.313352 -0.171436 -0.009335 0.926364 0.469310 -0.294744 0.052418 0.349493 0.491519 -0.091769 0.619683 0.802786
82 0.391715 0.823988 -0.788339 -0.665479 2.599733 1.826790 1.157818 0.472100 1.438187 1.774568 0.916882 0.955798 0.267037 0.705318 -1.186426 0.235098 -0.576213 1.913251 1.595519 1.188849 1.829445 0.319383 0.886488 0.780082 -0.344418 0.591609 1.745543 -1.491251 1.612034 1.434831 -0.164151 0.427735 1.193409 -0.390176 0.928094 1.356205 0.679622 1.446699 0.063915 -0.498552 -1.662476 1.191534 2.505925 -0.542676 0.167324 0.536254 1.754707 0.119384 1.330729 -0.626171
83 1.712375 1.344957 0.256880 2.798009 -0.084604 -0.056589 0.231187 -0.812487 1.117396 0.174495 -0.021721 0.408648 -0.628342 2.678910 0.940701 0.898261 1.800907 -1.622129 -0.638160 2.385292 0.339366 0.826289 0.919097 -0.490073 -0.983324 1.441632 -0.202386 -0.623942 -0.091697 1.066510 -0.349988 1.147865 0.211352 1.170934 1.415009 0.422317 -0.043091 0.826091 0.566057 1.105142 -1.238161 -0.752778 0.926347 1.798493 0.272524 0.865021 2.328810 0.166015 1.402740 1.380024
84 -1.482013 -1.523192 1.449858 -1.602584 0.417111 -1.096125 -0.423568 2.352399 -0.095979 0.302610 2.712517 -0.766817 -0.311653 0.268894 3.068790 0.507753 0.089900 -0.273799 0.499194 0.943024 -1.124567 0.377127 1.998826 -1.455535 -1.017964 -1.564899 -0.839355 0.673991 0.677077 0.670946 -0.893664 0.348224 0.153566 1.836227 -0.480623 -0.953410 1.569244 -1.002924 -1.256695 1.484794 -0.276555 -2.549118 -0.881630 -1.589710 -0.649540 -1.586753 -0.112642 -1.292690 1.948099 -0.269696
85 -0.900719 -1.692109 0.255545 -0.070705 -1.304721 -0.598273 -0.461396 -1.251542 0.003100 0.288146 -0.146441 1.404646 -1.230244 -0.614839 -0.050127 -0.452178 0.859559 1.229073 -0.135020 0.837386 -0.201383 -0.195490 1.406761 -2.307578 2.811210 1.981749 -0.344761 -0.013247 -0.218698 0.210470 0.914005 -1.501174 -1.528780 -1.030227 -1.371868 -0.132156 0.846177 -2.583216 -2.890164 0.805127 0.375735 0.724483 -1.490113 -1.087517 1.379615 1.098590 0.513405 -0.647109 -0.041302 -0.973993
86 0.109426 -1.176727 0.280707 0.333250 -0.771193 0.498558 0.185234 -0.195320 -0.583403 -0.588945 1.288896 -0.170945 -1.949042 -0.432927 1.067059 -0.140129 -1.615285 -0.426412 0.634622 -0.709967 -0.992014 -2.190148 1.239309 2.202854 0.625822 -0.915335 -0.869833 -0.517569 0.383817 0.621806 -0.467403 1.168393 1.216962 -0.182699 0.464100 -2.419287 -0.990005 -0.148918 2.355692 0.290750 0.639874 1.772918 -0.025683 -0.965249 1.257154 -0.309834 -0.554499 -0.692695 0.479566 1.141133
87 -0.449300 1.963419 0.829424 -0.584290 1.643583 -0.571817 0.268300 1.204060 0.702650 -0.783762 -0.214372 1.733568 -0.459591 0.776616 0.530327 0.399764 0.336219 -0.084827 1.742849 0.362827 -0.194343 -0.794840 -1.221480 2.266841 -2.075822 -0.112015 -0.864531 1.420023 0.033073 2.074348 0.972716 -0.482938 0.510841 0.884771 0.007928 -0.614145 0.174637 -0.768081 0.862942 -0.589422 -1.619327 -0.568157 1.256577 -0.472056 1.281060 -0.435426 -0.067570 -0.013712 -0.982132 -1.464452
88 -1.465079 -0.356497 -1.439769 -0.613852 -1.078061 0.495010 0.797517 0.060734 0.812656 0.761867 0.421341 0.005136 0.837876 0.913163 0.392997 1.550389 1.485980 -0.080843 -1.667558 -0.250094 -2.562164 0.033107 0.777967 -0.290523 1.288673 -1.754869 0.288709 0.123845 0.303099 -0.242271 0.313624 -0.397191 -0.378131 -2.488803 0.826437 -1.332738 0.095901 0.450079 0.167852 -0.483396 0.723188 -1.101394 -0.534256 0.635222 0.441618 1.294048 1.662310 0.556767 -0.499147 -0.283671
89 -2.265191 -1.052246 1.752058 0.725470 0.180973 1.828788 2.614791 0.409189 -0.260132 1.082250 -0.272922 1.936947 0.259072 0.216759 -1.702486 -1.200238 0.186988 -0.647493 0.735634 0.684312 -1.839313 -0.112280 -0.012674 -0.280557 0.338673 0.703977 0.237096 -0.505227 -0.060162 -2.089202 0.055745 -0.092654 2.253307 0.110692 -2.834903 -1.001512 0.691497 -1.852545 -1.048306 -1.363212 0.215688 0.669652 -0.060792 0.560068 -0.798451 0.398126 0.168983 0.335071 -0.155213 0.783622
90 0.681162 -0.712714 -1.126524 1.433222 0.438906 -0.797048 -1.392657 -1.456516 -0.499077 1.876373 -0.585507 0.623019 3.573622 1.063805 -0.236263 0.093122 1.610969 1.665334 -0.313803 0.148907 1.024806 -1.853316 -0.617685 1.514440 -0.149173 -0.040151 1.153837 0.601812 -0.070467 -1.358582 0.488868 0.767822 0.311561 1.032313 -0.670474 0.296740 -0.392268 -1.029175 0.509153 -1.542377 1.347815 -0.575101 1.320705 0.748156 0.817128 1.770958 0.000925 -0.902450 -0.566081 2.303780
91 0.211514 0.883544 -0.001501 -1.123583 -0.026475 0.278708 -0.173585 0.079847 1.262084 -0.518686 -0.773252 0.189440 0.220140 -0.454691 -0.375485 -0.142293 -0.369953 1.334156 0.481463 -0.798754 0.410690 0.456946 1.183157 -0.790975 0.849881 -0.898086 1.127017 -0.262756 -0.050518 1.940357 1.734968 -0.129713 -0.494925 0.060719 1.576219 -0.049747 -1.530584 -0.692624 1.774884 -0.100503 -0.469254 0.690649 1.445668 0.258836 -0.464513 -0.388979 0.287831 1.259999 -1.286935 -1.057935
92 -0.553751 -0.449109 -1.592633 1.130221 -0.587854 -0.166773 -0.951374 -0.226091 0.368581 -0.034942 2.033156 0.128558 1.350214 -0.892711 0.437022 2.151214 0.072280 -1.848073 -1.133569 0.823342 0.266937 -0.591493 1.756948 -0.475934 -1.004417 1.876418 2.312683 0.861044 -0.847581 1.173994 -0.324148 -0.494255 -0.011815 0.841855 1.224051 -0.638788 -1.585597 2.089125 -0.970215 -0.717052 -0.923626 -0.384042 -0.255204 -0.124269 0.308821 -1.141569 -1.212181 1.404234 -0.682331 0.525390
93 0.239626 0.653302 -0.113098 -0.660766 0.860908 -1.384323 0.969683 0.059747 0.377900 0.644258 1.173939 1.291223 0.229848 0.308227 -0.825639 -1.473889 -0.896785 -1.568139 1.355026 -0.280365 1.092144 -0.980622 -1.310564 -1.429388 0.394328 -0.251816 -1.943594 0.419438 -0.025567 0.181209 0.988008 2.420819 1.169715 0.947243 0.362981 -0.135185 -0.688055 0.328777 0.649782 -0.195067 -0.722623 0.892907 0.390493 1.208919 -0.791503 1.235734 -0.046830 0.782281 -0.234754 0.340803
94 0.094633 0.507056 -1.542298 -0.378874 1.334068 -0.496934 -1.380512 -1.186144 -0.369984 1.238666 -0.154108 -0.047319 0.198914 0.241378 0.874673 0.752229 0.400515 0.493449 -1.062013 -0.987279 0.869011 -0.440464 -0.493769 0.517170 0.334677 -0.263234 -0.431342 -0.181336 -1.306921 1.070995 -0.075312 -0.158956 -1.052867 1.416339 -0.257830 -0.046076 2.025689 0.892474 -0.089257 0.402435 0.614360 -0.854170 -0.322495 -1.879302 -0.978355 -1.665377 2.627746 -0.251340 0.635893 0.320331
95 -0.587276 -1.012820 -0.013543 -0.106079 0.075505 1.763167 1.359778 0.688485 -0.699402 0.930142 -1.767620 -0.754006 0.200357 0.081430 0.412192 1.339982 0.510580 -0.698344 -0.403731 -0.264133 -1.491038 -1.111107 0.820484 1.576184 -0.800704 -0.344550 -1.336981 -0.151219 -0.836947 -0.154054 0.970606 0.241974 -0.014474 -1.380901 -2.232824 0.766035 -1.264493 -0.472636 -1.816494 -1.002819 0.485444 -1.683953 -0.372579 2.599188 -1.545913 0.071214 0.759671 1.650825 0.799477 0.494182
96 0.538886 1.497504 -0.736786 1.554370 0.720702 0.590889 -1.094363 1.354277 0.985595 0.807651 2.067134 0.587744 -0.683190 -0.511427 0.914195 -1.157709 1.384911 -1.476139 0.031659 0.215200 -1.175541 -0.321979 -0.336694 1.243180 0.196558 -0.532540 -1.484924 1.450286 0.965592 -0.691768 0.362422 -0.379784 2.269564 -0.631863 -0.099339 2.879352 -0.675363 -0.569417 -0.020773 -2.419213 0.890346 -0.683251 -1.156850 -0.398233 0.690547 -1.063656 1.682218 -1.803158 -2.000301 1.548057
97 0.106064 0.844466 -1.186076 0.384400 0.398211 0.789409 -0.290401 0.280670 1.784507 2.085236 0.143026 -0.323064 0.717023 -2.051658 -2.716709 -1.464244 0.023648 -0.115006 -0.210021 1.622180 -0.257880 -1.628849 0.909873 -0.274392 0.354362 -1.001280 -0.096981 1.307252 -0.133152 2.012073 -1.203753 -0.366870 -0.127915 -0.238272 -2.065686 -0.645402 1.946610 -0.610147 0.143962 0.733659 -0.990026 2.458762 -0.151263 -1.295855 1.580040 1.774668 1.347213 -0.784075 0.537392 -1.892184
98 0.251836 -0.901542 -0.012095 -0.066712 -1.047784 -0.879327 0.703634 0.109860 0.929511 0.022249 0.761520 -1.720725 -0.445412 -1.087812 -0.079273 -0.411274 0.575020 1.189618 1.148512 -0.637748 1.130825 0.635243 -0.717544 -2.604774 0.080531 0.217228 0.780244 2.902998 -0.619984 -0.092666 -1.305886 2.009254 1.586429 -0.126540 -0.399226 -0.712836 -0.733240 -0.527507 1.634216 -0.390251 -1.165841 1.165698 0.317137 -1.008095 0.132965 0.379918 -0.277463 0.198925 0.384894 0.121501
99 -0.243532 0.549886 -0.293900 0.167033 -0.323966 0.827086 0.348472 0.119834 -0.467515 -0.769625 1.736129 0.182533 0.833452 0.343610 -0.277962 0.058952 -1.982988 0.391942 0.013337 0.145987 0.373019 0.079808 0.003789 -2.237481 -2.213478 -1.461874 1.337625 -2.310163 0.395992 -0.454661 -0.356942 1.570841 -1.241875 -0.062195 0.473186 -0.876722 0.279632 0.345572 0.439490 1.115276 -0.892388 1.200904 0.836291 0.469207 0.443320 2.721276 -1.367688 -1.522868 -0.940939 0.297113
END
#################################################################
SECTION3 (Edges Information)
EndPoint0 EndPoint1 Weight
0 1 1.000000
0 9 1.000000
0 10 1.000000
0 90 1.000000
1 0 1.000000
1 2 1.000000
1 11 1.000000
1 91 1.000000
2 1 1.000000
2 3 1.000000
2 12 1.000000
2 92 1.000000
3 2 1.000000
3 4 1.000000
3 13 1.000000
3 93 1.000000
4 3 1.000000
4 5 1.000000
4 14 1.000000
4 94 1.000000
5 4 1.000000
5 6 1.000000
5 15 1.000000
5 95 1.000000
6 5 1.000000
6 7 1.000000
6 16 1.000000
6 96 1.000000
7 6 1.000000
7 8 1.000000
7 17 1.000000
7 97 1.000000
8 7 1.000000
8 9 1.000000
8 18 1.000000
8 98 1.000000
9 0 1.000000
9 8 1.000000
9 19 1.000000
9 99 1.000000
10 0 1.000000
10 11 1.000000
10 19 1.000000
10 20 1.000000
11 1 1.000000
11 10 1.000000
11 12 1.000000
11 21 1.000000
12 2 1.000000
12 11 1.000000
12 13 1.000000
12 22 1.000000
13 3 1.000000
13 12 1.000000
13 14 1.000000
13 23 1.000000
14 4 1.000000
14 13 1.000000
14 15 1.000000
14 24 1.000000
15 5 1.000000
15 14 1.000000
15 16 1.000000
15 25 1.000000
16 6 1.000000
16 15 1.000000
16 17 1.000000
16 26 1.000000
17 7 1.000000
17 16 1.000000
17 18 1.000000
17 27 1.000000
18 8 1.000000
18 17 1.000000
18 19 1.000000
18 28 1.000000
19 9 1.000000
19 10 1.000000
19 18 1.000000
19 29 1.000000
20 10 1.000000
20 21 1.000000
20 29 1.000000
20 30 1.000000
21 11 1.000000
21 20 1.000000
21 22 1.000000
21 31 1.000000
22 12 1.000000
22 21 1.000000
22 23 1.000000
22 32 1.000000
23 13 1.000000
23 22 1.000000
23 24 1.000000
23 33 1.000000
24 14 1.000000
24 23 1.000000
24 25 1.000000
24 34 1.000000
25 15 1.000000
25 24 1.000000
25 26 1.000000
25 35 1.000000
26 16 1.000000
26 25 1.000000
26 27 1.000000
26 36 1.000000
27 17 1.000000
27 26 1.000000
27 28 1.000000
27 37 1.000000
28 18 1.000000
28 27 1.000000
28 29 1.000000
28 38 1.000000
29 19 1.000000
29 20 1.000000
29 28 1.000000
29 39 1.000000
30 20 1.000000
30 31 1.000000
30 39 1.000000
30 40 1.000000
31 21 1.000000
31 30 1.000000
31 32 1.000000
31 41 1.000000
32 22 1.000000
32 31 1.000000
32 33 1.000000
32 42 1.000000
33 23 1.000000
33 32 1.000000
33 34 1.000000
33 43 1.000000
34 24 1.000000
34 33 1.000000
34 35 1.000000
34 44 1.000000
35 25 1.000000
35 34 1.000000
35 36 1.000000
35 45 1.000000
36 26 1.000000
36 35 1.000000
36 37 1.000000
36 46 1.000000
37 27 1.000000
37 36 1.000000
37 38 1.000000
37 47 1.000000
38 28 1.000000
38 37 1.000000
38 39 1.000000
38 48 1.000000
39 29 1.000000
39 30 1.000000
39 38 1.000000
39 49 1.000000
40 30 1.000000
40 41 1.000000
40 49 1.000000
40 50 1.000000
41 31 1.000000
41 40 1.000000
41 42 1.000000
41 51 1.000000
42 32 1.000000
42 41 1.000000
42 43 1.000000
42 52 1.000000
43 33 1.000000
43 42 1.000000
43 44 1.000000
43 53 1.000000
44 34 1.000000
44 43 1.000000
44 45 1.000000
44 54 1.000000
45 35 1.000000
45 44 1.000000
45 46 1.000000
45 55 1.000000
46 36 1.000000
46 45 1.000000
46 47 1.000000
46 56 1.000000
47 37 1.000000
47 46 1.000000
47 48 1.000000
47 57 1.000000
48 38 1.000000
48 47 1.000000
48 49 1.000000
48 58 1.000000
49 39 1.000000
49 40 1.000000
49 48 1.000000
49 59 1.000000
50 40 1.000000
50 51 1.000000
50 59 1.000000
50 60 1.000000
51 41 1.000000
51 50 1.000000
51 52 1.000000
51 61 1.000000
52 42 1.000000
52 51 1.000000
52 53 1.000000
52 62 1.000000
53 43 1.000000
53 52 1.000000
53 54 1.000000
53 63 1.000000
54 44 1.000000
54 53 1.000000
54 55 1.000000
54 64 1.000000
55 45 1.000000
55 54 1.000000
55 56 1.000000
55 65 1.000000
56 46 1.000000
56 55 1.000000
56 57 1.000000
56 66 1.000000
57 47 1.000000
57 56 1.000000
57 58 1.000000
57 67 1.000000
58 48 1.000000
58 57 1.000000
58 59 1.000000
58 68 1.000000
59 49 1.000000
59 50 1.000000
59 58 1.000000
59 69 1.000000
60 50 1.000000
60 61 1.000000
60 69 1.000000
60 70 1.000000
61 51 1.000000
61 60 1.000000
61 62 1.000000
61 71 1.000000
62 52 1.000000
62 61 1.000000
62 63 1.000000
62 72 1.000000
63 53 1.000000
63 62 1.000000
63 64 1.000000
63 73 1.000000
64 54 1.000000
64 63 1.000000
64 65 1.000000
64 74 1.000000
65 55 1.000000
65 64 1.000000
65 66 1.000000
65 75 1.000000
66 56 1.000000
66 65 1.000000
66 67 1.000000
66 76 1.000000
67 57 1.000000
67 66 1.000000
67 68 1.000000
67 77 1.000000
68 58 1.000000
68 67 1.000000
68 69 1.000000
68 78 1.000000
69 59 1.000000
69 60 1.000000
69 68 1.000000
69 79 1.000000
70 60 1.000000
70 71 1.000000
70 79 1.000000
70 80 1.000000
71 61 1.000000
71 70 1.000000
71 72 1.000000
71 81 1.000000
72 62 1.000000
72 71 1.000000
72 73 1.000000
72 82 1.000000
73 63 1.000000
73 72 1.000000
73 74 1.000000
73 83 1.000000
74 64 1.000000
74 73 1.000000
74 75 1.000000
74 84 1.000000
75 65 1.000000
75 74 1.000000
75 76 1.000000
75 85 1.000000
76 66 1.000000
76 75 1.000000
76 77 1.000000
76 86 1.000000
77 67 1.000000
77 76 1.000000
77 78 1.000000
77 87 1.000000
78 68 1.000000
78 77 1.000000
78 79 1.000000
78 88 1.000000
79 69 1.000000
79 70 1.000000
79 78 1.000000
79 89 1.000000
80 70 1.000000
80 81 1.000000
80 89 1.000000
80 90 1.000000
81 71 1.000000
81 80 1.000000
81 82 1.000000
81 91 1.000000
82 72 1.000000
82 81 1.000000
82 83 1.000000
82 92 1.000000
83 73 1.000000
83 82 1.000000
83 84 1.000000
83 93 1.000000
84 74 1.000000
84 83 1.000000
84 85 1.000000
84 94 1.000000
85 75 1.000000
85 84 1.000000
85 86 1.000000
85 95 1.000000
86 76 1.000000
86 85 1.000000
86 87 1.000000
86 96 1.000000
87 77 1.000000
87 86 1.000000
87 88 1.000000
87 97 1.000000
88 78 1.000000
88 87 1.000000
88 89 1.000000
88 98 1.000000
89 79 1.000000
89 80 1.000000
89 88 1.000000
89 99 1.000000
90 0 1.000000
90 80 1.000000
90 91 1.000000
90 99 1.000000
91 1 1.000000
91 81 1.000000
91 90 1.000000
91 92 1.000000
92 2 1.000000
92 82 1.000000
92 91 1.000000
92 93 1.000000
93 3 1.000000
93 83 1.000000
93 92 1.000000
93 94 1.000000
94 4 1.000000
94 84 1.000000
94 93 1.000000
94 95 1.000000
95 5 1.000000
95 85 1.000000
95 94 1.000000
95 96 1.000000
96 6 1.000000
96 86 1.000000
96 95 1.000000
96 97 1.000000
97 7 1.000000
97 87 1.000000
97 96 1.000000
97 98 1.000000
98 8 1.000000
98 88 1.000000
98 97 1.000000
98 99 1.000000
99 9 1.000000
99 89 1.000000
99 90 1.000000
99 98 1.000000
END
#################################################################
SECTION4 (TrueSubGraph Information)
EndPoint0 EndPoint1 Weight
63 73 1.0
73 72 1.0
73 83 1.0
83 82 1.0
END
#################################################################
SECTION5 (Labels Information)
1 1 0 1 1 1 0 0 1 1 1 1 0 1 0 0 1 0 1 1 1 1 0 0 0 1 1 1 1 1 0 0 1 1 0 0 0 1 0 0 0 0 1 1 1 1 1 0 1 1 
END
#################################################################
SECTION6 (bt Information)
5 5 -5 5 5 5 -5 -5 5 5 5 5 -5 5 -5 -5 5 -5 5 5 5 5 -5 -5 -5 5 5 5 5 5 -5 -5 5 5 -5 -5 -5 5 -5 -5 -5 -5 5 5 5 5 5 -5 5 5 
END
#################################################################
