#################################################################
#APDM Input Graph, this input graph includes 3 sections:
#section1 : general information
#section2 : nodes
#section3 : edges
#section4 : trueSubGraph (Optional)
#
#if nodes haven't information set weight to null
#################################################################
SECTION1 (General Information)
numNodes = 100
numEdges = 200
usedAlgorithm = NULL
dataSource = SimulationData2
END
#################################################################
SECTION2 (Nodes Information)
NodeID Base Counts
0 0.145721 0.528238 -0.742744 -1.462859 1.204766 0.560499 -1.344786 0.637208 -0.526697 -1.497019 0.956981 0.622728 -0.951592 -1.277633 0.343022 0.874523 1.906508 -0.996945 0.512200 0.589263 -1.032297 -0.359857 2.137396 1.611724 3.062622 0.530380 -0.148496 -1.118521 1.225955 -0.723917 1.266582 1.736713 1.273734 -0.149001 -0.307567 0.328817 -0.195584 0.690048 -0.444166 0.781663 1.145775 0.563551 -0.737670 0.234396 -1.501300 -0.893363 0.697709 -0.227448 -1.212285 -0.433194
1 0.969432 0.437962 -0.637154 0.302199 -0.129765 0.392546 0.342700 1.264275 1.335751 0.008507 0.103355 -0.952080 0.668246 -0.573202 -0.788287 0.153261 0.865882 0.268640 -0.237442 0.129190 0.320612 -1.360568 -2.706781 0.398030 -0.029289 -0.707638 1.003597 -0.876319 0.192412 0.911156 -1.457033 0.124062 -0.714732 -1.392835 0.506907 1.594106 -0.395051 2.190434 -0.670260 -0.475928 -0.853691 -0.201558 0.528137 2.034862 0.639829 0.792449 -1.198664 -0.558396 -0.677774 -0.315753
2 0.580275 -0.965789 -0.284738 -0.307059 1.051634 -0.745930 -0.977354 0.072947 0.168424 -0.484357 0.527895 -1.202456 -1.330627 1.032017 -0.812543 0.232240 -0.760119 -0.689588 1.763139 0.308339 -0.177288 0.105505 -1.022657 -0.894969 -0.734865 1.486225 -0.510957 1.878011 0.238153 -0.112610 -0.810180 -0.899088 0.764197 1.519886 -0.308451 0.197756 2.099407 1.350311 1.007368 -0.536508 -1.112598 -0.928887 -0.988854 -0.170858 1.767962 0.204430 0.609860 -1.519351 1.417911 -2.528509
3 -1.043959 -1.679529 -1.891262 1.262167 -1.645743 0.526388 0.351288 -0.510611 -1.026031 -1.500135 -0.589999 1.195180 0.067135 -0.454336 -0.648365 1.907574 1.368585 0.333666 -0.102853 -0.187069 0.515102 0.030917 0.795705 0.435548 -0.162706 0.831439 1.103020 1.602427 -0.560241 -0.174185 1.263884 1.116937 -1.452400 1.113197 -1.559592 0.012950 1.064833 -0.434532 -1.030014 -1.741758 -0.933467 0.281654 -0.160398 -1.960955 0.406842 -1.058686 1.291573 -1.296059 1.720059 -0.618949
4 0.599675 -0.394384 0.940024 -1.484924 0.741435 -0.052036 0.194429 0.490733 1.131541 2.301821 -1.236383 0.400654 0.316823 -1.063473 0.295648 -2.893452 -1.530363 1.324831 0.118704 -0.407651 0.227877 -0.321727 -0.120031 -0.028531 -0.600760 1.047207 0.773223 0.261838 1.872463 0.082790 -0.423199 -0.630909 -0.423905 -0.508990 -1.671349 0.394791 0.538988 -0.297029 0.158854 -2.433217 -1.592085 0.918789 -0.256591 0.970338 -0.956560 -0.834482 -0.242612 -0.899889 -2.486659 -0.953166
5 1.063778 -0.623195 -0.006942 0.336425 -0.065003 -0.016738 1.975193 3.981817 -1.087805 -0.791904 4.646427 -0.114318 0.439021 0.321855 1.387641 -0.339282 1.814718 0.135394 0.895671 -1.350204 0.370664 -0.188757 4.812209 -0.473988 2.054849 -0.084889 -1.132941 0.028913 0.542366 -1.344036 0.402710 4.523028 -0.741545 0.407373 -0.389871 -0.159735 -0.037395 0.877116 4.559729 4.049933 3.776501 -0.932358 0.489780 2.392659 4.459360 -1.364877 0.350983 -0.554910 4.791118 0.072360
6 0.697604 -1.062828 -0.331407 -0.428421 -0.786403 0.886858 0.170034 3.765285 1.112169 -1.851174 3.821844 -0.048004 -0.091873 -1.535570 1.476623 1.860689 -0.805141 0.063271 1.166748 -1.388053 -1.128688 0.596576 3.450558 0.805915 0.521895 -0.076751 1.792898 0.501495 -1.769980 1.006124 0.416480 2.653974 -0.169652 0.017367 -0.266435 0.998795 -2.391433 -0.965787 3.643559 4.033372 3.443284 -1.060932 -0.128167 3.983670 3.762998 -0.367655 0.406732 -0.399763 3.928913 0.323567
7 1.033238 0.839787 0.394191 0.968958 -0.729405 -0.516426 0.601569 1.059586 -0.387289 -2.275946 1.126785 -1.517888 -1.150959 0.400423 -2.104756 -1.299282 2.229607 0.468366 -0.494008 1.453892 -0.537408 0.788466 1.113869 0.201057 1.135648 -0.017064 -0.383657 -0.495337 -0.326360 0.999341 0.924344 1.328149 -0.566850 0.341544 -0.314521 1.049021 1.092346 -0.458384 0.093411 0.775667 0.273912 0.366123 0.669847 0.681553 -2.138433 0.370237 -0.522038 -0.556166 -0.267160 -0.759129
8 -1.179340 -0.179406 0.534098 0.089655 1.651967 -0.713022 1.500330 0.157046 -0.370479 0.366431 0.399632 -0.703148 -0.934880 -0.296392 0.692971 -0.466680 0.537949 0.064593 0.775299 -0.469670 0.096055 0.084806 -0.985488 -1.720647 1.227307 0.740098 1.356191 1.459702 0.790060 -0.795157 -0.797798 -0.789295 0.358434 -0.362207 0.280039 -1.102435 0.715302 -0.040724 0.924868 1.265137 0.022097 1.508204 -0.334368 -1.923668 1.764349 0.071085 0.065911 0.493790 1.195138 1.104804
9 -1.259048 0.051572 -1.073245 -0.760417 -0.159323 1.124156 1.315329 0.394599 -1.659502 1.148982 -1.057806 -0.093528 2.604754 0.740339 0.813632 1.250116 -0.355838 1.871364 0.192470 0.925156 0.297841 1.231913 -0.837150 -1.587250 -0.238123 -0.537817 0.040863 -0.297167 -0.360315 0.360858 -0.938891 0.073492 0.268523 2.691404 -1.078462 0.259695 0.586956 0.704345 -0.423055 0.421926 -1.696131 -0.537217 -1.206338 1.173614 -1.425030 0.915273 0.229825 -0.123226 0.747279 0.076231
10 -1.238044 0.420221 0.657957 0.852109 -1.409465 0.734809 -0.952520 0.634154 -0.775175 1.568037 1.119653 0.101796 0.872181 0.218821 -1.168372 1.748960 0.878564 -1.718241 0.070650 -0.066973 -1.422705 -0.258609 0.322903 -0.156328 2.056485 -0.329179 -0.719868 1.547072 -0.679186 0.481375 -1.246264 0.462621 -1.358059 1.066786 -0.314116 0.026841 0.723590 0.420636 -0.156733 1.224408 0.011383 0.337586 -0.537424 -0.729335 1.180775 0.056950 -0.105057 -0.548284 -1.047686 -0.747795
11 -0.770537 -1.928502 0.142919 -0.567833 1.161472 0.937236 -1.470147 1.193877 -0.106667 -0.443780 -0.448293 0.181332 0.305140 0.343346 -2.388912 0.092077 0.840990 0.603705 -1.053640 1.329346 1.327807 0.056711 0.823152 -1.234251 0.763736 0.790790 0.591329 -1.823739 0.005939 1.224453 0.113362 0.752539 -0.514539 -0.064520 0.758722 -0.007145 1.325534 0.031613 -0.398596 -2.032335 -0.674592 0.373999 0.342692 -0.225582 0.251674 -0.776410 -0.078845 0.583174 -0.675432 -0.986086
12 -2.201333 -1.420889 0.322973 0.337915 -0.169238 -1.252547 -1.242458 -0.641016 -0.281155 0.311905 0.624203 -0.913111 -0.409532 -1.363681 0.085285 -0.127204 0.103595 0.770673 0.613963 -0.308688 -0.274776 -0.897980 -1.490590 -0.631649 -1.336737 1.047586 0.592371 0.836763 1.409697 2.353451 -0.840888 0.467670 0.236096 0.154018 -0.437276 1.090074 -0.740877 -1.507243 -0.007898 -1.042621 1.473639 1.520490 2.088071 0.430671 -2.907016 -0.113623 0.258841 -0.524788 0.124694 0.478677
13 -0.409776 0.065832 -1.402660 -0.071424 0.913977 -0.120699 -0.112554 0.318603 -1.196111 0.898810 0.219204 -0.118282 0.521922 -0.276669 0.600280 -0.525431 0.323196 -0.168216 -0.641910 -0.170007 0.857606 3.384359 0.476318 -0.769441 0.762745 -0.920015 1.058337 1.436162 -1.302362 2.251764 0.371562 -2.502670 1.107391 -0.096520 -1.319183 -0.915647 1.618873 1.599565 0.653305 0.945654 -1.428667 -0.920283 0.256668 1.203714 0.083142 1.321069 -0.881327 -1.671201 0.422381 1.607743
14 -1.076134 1.448393 0.506959 -0.016997 -0.955967 1.595514 1.010826 0.201859 1.228106 -0.276213 0.439779 1.460340 0.023266 -0.782742 1.039235 -1.402202 1.071596 -0.548579 -1.467315 0.056845 -0.989418 -0.287358 1.019388 2.245846 1.638379 -0.964066 1.170462 0.514331 -0.423516 0.894497 0.216239 1.902566 -0.191738 0.862701 -0.735067 0.822818 -0.457012 -0.709809 -0.183270 2.098488 -0.510473 1.653086 0.701292 0.770751 -0.332900 1.339533 0.987668 -0.513030 -0.546263 0.330261
15 -0.001221 2.477520 -2.638983 0.217167 -0.207991 -0.391271 0.078283 -0.407780 -0.166144 -1.020738 -2.571811 0.073524 0.223640 0.009070 -0.133759 -1.249089 -0.416541 -1.232510 -0.287587 -1.926334 -0.366670 -1.696729 0.525935 1.178457 2.092076 1.083387 -1.109753 0.213742 0.810947 -0.540894 0.393216 1.026233 1.892707 -0.537894 -1.363718 -1.127091 -0.343566 0.521267 -0.950071 0.436806 -0.685951 -1.152405 1.500689 0.988180 0.234186 -0.989764 0.189082 -1.206949 -1.693875 -2.518626
16 0.779386 -0.679113 -0.345919 -0.141000 0.382190 -1.092224 1.209002 5.092181 -0.472027 -0.473761 4.172547 -0.774148 -0.029701 1.317440 0.904708 -1.048678 1.068244 0.869086 -0.032718 1.714720 -0.251563 0.596509 3.749668 0.100150 0.268846 -0.081310 -0.825376 2.100264 2.078185 -0.378750 -0.739118 4.464625 0.907159 2.241150 0.892955 -1.249471 0.206557 0.406636 4.288165 5.006803 2.998080 1.380914 -0.690583 4.754893 3.194951 -0.385674 0.502619 0.579332 3.530400 1.089863
17 0.742331 0.466858 1.696909 0.013247 -0.445412 -1.015148 0.184340 4.205635 -0.834553 1.543010 4.804658 0.760562 -0.106856 -0.689232 1.494624 0.858147 -0.312042 -1.417484 -0.372301 -0.303204 0.539610 0.145619 4.700291 -0.414923 -0.528091 0.472106 1.846243 1.760894 0.399237 -1.913476 -1.950157 4.204786 -0.096754 -0.436760 -0.618466 -0.845204 -1.400758 -1.034852 3.426100 3.225512 4.281197 -1.239219 0.676408 2.873363 3.908200 -0.070824 0.589077 1.885403 2.184763 0.575307
18 -0.472133 0.374277 -0.493937 -0.792023 -0.425765 -1.159794 -0.745887 1.038178 -0.677674 0.853975 -0.194026 -0.760125 0.400535 -0.217490 -0.975479 -0.944285 0.147077 -0.496403 -0.345126 1.260173 0.582245 1.120212 1.849630 3.133580 -1.029472 0.028815 0.837999 -0.263722 1.624866 1.978215 -1.276063 -1.140945 -0.113867 0.393702 -0.927175 0.722918 0.003770 0.307514 2.409231 -0.982790 1.457645 1.823623 -2.141084 0.940893 -1.835633 -1.106393 1.881285 -0.431426 0.981291 -1.010905
19 1.066993 0.420901 0.851698 -1.280737 -1.053562 -1.197105 0.087134 0.213253 0.069886 1.604120 -0.093847 -0.732420 -0.006311 -0.077835 0.006397 0.615477 0.455488 -0.502733 -0.854880 -0.664332 0.964041 0.094947 0.115331 0.169901 0.229268 1.592291 0.795353 0.058980 -2.039352 0.687635 0.254434 -1.643600 -1.209719 0.852252 0.659923 -0.168801 0.307083 0.979627 0.826718 -0.667251 0.407178 -0.123223 0.267037 1.104626 -0.082982 -0.350909 -0.212285 0.404396 0.320857 1.249935
20 0.416667 -0.630787 -0.230271 0.902312 -0.596532 -0.243984 0.780471 0.750888 0.522179 -1.816108 1.024583 -0.960952 1.871836 0.931864 0.591301 0.466117 -0.731720 0.868743 0.810573 -0.279047 0.919774 -0.448637 0.511323 0.400572 -0.480849 -0.415128 0.433018 0.663510 0.053772 0.541129 -1.363597 0.546675 0.583133 -2.358443 -0.747427 0.576633 3.407604 0.330442 1.013649 -2.253793 2.864606 -0.591931 -0.229304 -0.505906 -0.380354 0.250634 1.457341 -0.086041 1.924310 -0.216681
21 0.733693 0.112781 -0.262198 0.831197 1.620684 -0.244487 -0.032534 -1.309225 -0.011074 -0.589032 -3.370068 -1.773879 0.114573 1.204122 0.025629 -0.228482 1.487247 -0.602886 1.317150 -2.197361 -0.406324 -0.984391 -0.626436 0.668782 2.165216 -0.538204 -0.871323 0.514200 -0.618538 -0.442895 0.824012 -0.231209 0.787567 -0.518567 -1.020125 -0.810447 0.116775 1.391420 -0.307830 -1.290219 -0.229903 0.672787 1.195289 0.705553 1.893337 1.073202 2.142240 0.221211 2.039761 0.729981
22 1.565755 -1.842482 0.758472 0.213916 -0.510652 -0.057829 1.351679 -1.239828 0.655052 0.250858 1.527148 -0.873743 0.643765 0.905909 0.349569 0.082292 0.970326 0.912349 -0.198161 1.446155 0.259281 -0.436843 -0.132201 -0.679147 -0.458064 1.161097 0.887496 0.495938 0.906938 -0.410869 -0.376817 -0.896701 -1.586307 0.665688 -0.493400 0.700425 -2.565417 -0.268863 -0.447533 -0.333188 -0.612998 -2.084825 -0.347735 0.196448 -0.437648 -0.588433 0.192552 -1.177714 0.102413 -0.551812
23 1.740130 -1.126547 2.219393 0.257851 0.828120 -1.443816 -0.579102 -0.909495 -0.392511 0.890611 -0.485476 -1.839734 0.397577 -1.418404 0.313740 -0.118382 0.284080 -0.425241 -1.443936 1.953926 0.689789 0.546169 -0.178885 -0.279205 0.172440 0.690309 -0.495877 -1.346606 0.523316 -0.405827 -0.679357 -0.575581 -1.732662 0.190109 -0.132872 0.833115 1.615486 -0.342924 0.277658 -0.258418 -1.756560 -1.393726 -0.938363 -2.900045 0.931056 -0.075369 -0.519405 0.054476 -0.991783 0.532213
24 1.022155 0.149873 -0.861670 -0.317707 0.656181 0.660313 -0.639685 0.332419 -1.771474 -1.276938 -0.372766 0.162958 -0.566853 -0.635884 -0.311205 -0.116352 -0.188868 -2.160029 -0.112629 -0.070365 2.280518 -0.964814 -0.394446 0.396687 -0.045604 -1.491518 0.111173 0.251101 0.685954 0.804683 0.033096 0.571276 0.281595 -0.048344 -0.072937 -1.992716 1.315741 0.284771 -0.685925 -0.535331 -1.287980 -0.046932 2.071064 -0.509502 0.441638 -1.930910 0.822693 -1.389235 0.784103 -0.579341
25 0.521161 0.976949 0.643964 -0.688441 0.507284 0.358128 0.209704 1.808955 0.820084 0.248193 -1.324906 -0.332423 -0.252799 -1.779100 1.940685 0.994678 0.944521 0.241815 -1.065040 0.817062 -0.027709 -1.449134 -0.226352 -0.936554 1.444116 0.867732 0.217993 -0.555883 -0.412387 -0.241109 1.583024 -0.824405 0.216376 1.158182 0.365175 -1.133535 0.026454 0.322029 0.300561 0.193640 0.635034 0.326583 1.498205 1.437537 -1.510421 1.047913 -0.324641 -0.496752 0.891241 0.886627
26 0.122170 0.211979 -0.477358 -0.318473 -0.878392 0.348348 0.574608 3.061938 -0.637771 -0.053419 3.042668 0.523832 0.294526 0.313013 -0.258416 0.658725 -0.118549 -0.380014 -1.183080 -0.501897 0.915046 0.671414 2.812732 -0.728836 -0.719943 0.429487 0.088205 -0.749505 -0.142979 0.734942 0.057278 4.833618 -0.736418 2.335125 0.212604 -1.333628 -0.287447 -1.955739 2.645107 3.957750 4.406274 -1.040257 1.074964 3.513614 5.092208 -2.207458 0.773923 -1.092439 5.036187 1.102803
27 -0.285003 0.437654 0.611612 1.556790 -0.225062 0.061874 0.225428 -0.717167 -1.303243 -1.590203 -0.267512 0.124850 -0.270868 0.869417 -0.351352 -0.632985 -1.939713 0.041973 -0.389799 0.108237 -0.093798 -0.696581 1.606092 -0.267672 0.853854 -0.606535 -1.541325 1.194972 1.989683 0.125421 0.518461 -1.666670 0.534260 0.210134 0.111098 -0.153757 -0.628025 -0.215036 0.003708 1.228786 0.140731 -0.848281 -0.227795 0.322212 -0.796353 1.387025 -0.904598 -0.081669 -1.051782 -0.531305
28 -0.488067 1.678272 0.538279 2.052039 0.790390 -1.108711 -3.329036 1.684114 -0.045801 -0.623574 -1.915757 1.515726 -1.702737 -1.525583 0.730477 0.317347 0.266024 0.065884 1.796274 -1.126833 -1.574201 2.331070 -0.723414 0.922618 -0.024517 1.358014 -0.143055 -1.375368 0.487524 0.695441 -0.176844 -1.397333 -0.882629 -1.287380 -1.335789 1.003026 0.871710 0.410415 -0.080041 0.591028 0.714087 0.789178 0.944483 0.826294 0.087238 -0.744344 -1.844023 0.319909 0.037870 0.413395
29 -0.808569 -0.037618 0.201786 -0.743772 -0.365004 -1.817885 1.589916 -0.367785 0.013837 0.205070 1.326160 1.987213 1.012082 -0.451796 -0.811723 0.370180 -0.997329 -1.613687 -0.168627 -1.128693 -0.738327 0.190290 -1.145679 0.568781 0.108863 0.800034 -0.488917 0.098916 0.339016 -0.370735 -2.595875 0.988674 -1.587017 1.412438 1.502265 -0.319012 -0.290067 0.096884 -0.516769 -0.892835 0.251563 1.763215 0.609754 0.507111 1.548516 -0.096164 -0.485508 0.148421 -0.212857 -0.012320
30 -0.459762 -0.608527 0.129736 -1.239156 -1.261441 -0.774433 0.683341 0.900448 1.548574 -1.168392 -0.180606 -0.137648 1.059724 0.408304 -1.385381 -0.159906 0.038100 -0.805131 1.060329 -2.493296 0.593816 0.225512 -0.908910 0.113074 -1.652551 1.148399 -0.178463 0.601925 -1.771776 0.311958 1.174753 -0.328621 1.788533 0.353852 0.563277 0.619598 -1.619673 1.509632 0.900298 0.347314 -1.873321 -2.290994 0.116879 -0.859587 1.911625 -1.123653 -0.276624 -1.296810 1.464188 1.599189
31 -0.868080 1.064937 0.196730 -1.038479 0.179413 -0.822686 0.993045 0.113019 2.098620 -0.423430 -0.480149 0.358350 -0.336178 -0.737908 -0.238627 1.426818 1.418883 0.467125 0.979733 -0.111555 -1.589107 -1.334956 0.110324 -0.199147 0.467273 -0.643481 -1.214248 -0.989553 0.216143 -0.502329 1.984883 -0.356553 -0.174827 0.974546 -1.589796 -0.376139 0.304217 -0.751391 0.370628 0.152104 -0.022065 0.711866 0.758669 1.418833 -0.775734 0.717218 0.131062 -0.063868 0.601704 -0.143123
32 -0.479167 -1.075766 -1.896318 -0.834259 -0.346316 -1.382067 0.347279 0.170201 -0.975907 -0.308690 -0.302973 -0.251592 -0.892525 -0.857745 1.140003 2.204515 0.407239 -0.209646 -0.208067 -0.260994 1.561073 -1.823929 1.182008 -1.429925 0.418250 0.769817 1.148250 -2.044672 0.732769 -1.522265 0.639905 0.231132 -0.021762 0.238736 -0.324725 0.293471 -0.636628 0.897178 0.537266 0.860082 1.371023 0.194053 -1.822071 -0.364347 -0.379309 0.312760 0.277437 -1.381147 1.412087 0.823063
33 -0.966228 0.301958 -0.000389 0.792386 -1.117927 2.662037 0.411946 -0.902298 0.750508 0.529907 -0.571013 0.552333 -0.686213 0.526596 -0.760305 0.116424 -0.031088 -0.239195 0.367472 0.516819 2.529353 -0.800375 -0.583586 -0.560264 0.763564 0.062814 0.196594 0.052686 -1.692184 0.276955 0.223594 -0.544737 0.636087 -0.620707 0.735096 -0.666303 0.072488 0.828521 -2.622988 -0.623975 0.191649 -1.552129 0.271591 0.182257 1.653735 -0.069986 0.128878 0.544778 2.049659 -0.920093
34 -0.239505 1.057306 0.722318 1.285358 0.026175 0.732691 -0.103926 0.618010 -0.020535 0.928871 0.711758 0.373789 1.117714 -1.579427 -1.286274 0.795081 1.900768 -0.997056 1.466375 -0.814186 -1.028290 0.097960 -0.997848 1.268642 -0.319524 -0.018424 -0.953690 0.215945 0.579515 0.215956 0.528271 -0.714439 0.718400 1.309261 -1.488300 0.378143 -0.898782 -2.195378 2.809086 -0.836336 -1.320714 -2.281690 -0.803761 0.041745 1.293492 0.987683 -1.274616 0.287983 -0.711420 1.170167
35 -1.919905 1.063871 1.001558 -0.059785 -0.170521 -0.835321 -2.003926 -0.256983 -0.467016 0.567658 0.134591 0.592587 -1.247152 -0.857377 -0.485912 -0.828642 -0.819699 -0.388397 0.056812 0.457731 -0.451348 0.996198 -0.936249 1.337593 1.716498 3.082667 2.421112 -0.046535 0.519414 -1.398859 0.826991 -2.093315 0.899029 0.282232 -2.230347 0.928500 0.829048 -0.187568 -0.047958 1.360288 1.106585 -1.335634 -0.011511 0.841957 -1.062010 1.124855 0.912749 -0.377234 -0.321062 0.773118
36 0.411288 -0.407306 0.599387 0.668254 -0.244418 -0.467696 1.278237 -0.782995 0.290236 0.544908 1.706693 -0.035706 -0.570149 -0.805053 -2.313599 1.233454 1.725498 0.736219 -0.311984 0.388206 1.691639 -0.103582 0.728572 0.574440 -0.084871 0.697202 -1.432525 -0.683964 1.660327 0.219421 -0.422995 -0.846059 0.101969 1.571347 -2.406516 0.148605 0.688999 0.938124 -0.294924 0.115487 0.216163 -0.647752 0.644076 0.539759 1.291315 -0.612190 -0.638168 0.535214 0.962490 0.220663
37 0.384722 -2.774366 0.157392 0.061443 0.841572 1.095269 1.630258 -0.331040 0.762444 0.182853 1.192143 -0.927341 -0.054532 -0.979773 0.289455 -0.755254 0.083618 -0.863527 0.082600 -0.106365 0.587940 0.859006 0.185126 -0.036872 1.789288 0.900311 -0.507404 0.266038 1.046759 -0.696818 0.289473 -0.078384 0.368100 -1.046639 0.983664 0.292394 1.225177 -1.163774 0.004810 0.573603 0.736152 0.357501 -0.311356 0.793501 -1.252515 0.262141 -0.366976 0.708872 -0.498824 -0.749867
38 0.383797 -1.722648 1.871488 -0.416887 -0.245913 2.918996 0.251907 -1.626182 -0.873304 0.795800 1.844692 -0.852439 0.999671 0.209982 1.018086 1.868288 1.128973 0.975815 1.473536 0.958065 0.185919 -0.784745 0.094112 0.300766 -0.122199 -1.043529 0.478830 0.748636 0.046936 -0.326865 1.445508 -0.600939 -0.174388 -1.791794 -0.025386 -1.038197 0.206808 0.190400 -0.512414 -0.312180 0.767654 -1.660589 -0.142089 -1.059642 0.114973 0.373822 1.100571 -0.859462 0.661595 1.209522
39 0.246768 -2.195688 2.298525 1.741408 -0.724204 0.505674 0.510507 0.633780 0.463696 1.782346 0.366922 -1.300277 -0.291030 0.072462 -0.536695 0.965200 -1.926617 0.650360 -0.185814 1.646596 0.056695 -0.814935 1.353038 -0.325328 0.589508 -2.358377 -1.067803 0.634807 -0.188813 0.287666 -1.923035 -0.114614 -0.084233 1.074213 -0.880836 0.563095 0.391333 -1.876820 -0.259239 -0.356268 0.096501 0.099963 0.048982 1.255157 0.514060 -0.607076 -1.622949 -0.411088 0.657393 -0.480842
40 0.199625 1.321388 -1.597869 -0.212586 -1.129550 0.973168 0.113364 -0.139784 -0.574883 1.142458 0.110038 -0.364665 -1.009086 0.679062 -0.487390 0.517707 -0.185471 -0.507881 -0.314749 -0.797715 -0.654670 0.903836 0.409480 0.584874 -0.080021 -0.833617 -0.132994 1.081828 -1.226361 0.999254 0.424283 2.278112 0.505741 0.222714 0.508890 1.332906 -1.174640 1.461883 -0.571515 -1.644309 0.488282 0.009128 -0.130850 -1.912577 1.222262 -0.872841 -1.703092 -0.615245 0.950371 1.382837
41 -0.430437 -0.313777 -0.694457 0.854489 -0.007179 0.553989 1.396322 0.335013 0.357212 0.655482 -0.430968 -0.202294 -0.096259 -0.982629 1.562794 1.438864 -0.619168 -0.353183 1.680682 -1.307772 0.701751 -0.296329 -0.243995 0.400446 1.299551 -2.327908 -1.490415 1.014805 1.191018 0.791149 -1.403090 1.328422 1.196486 0.113753 0.186423 0.658583 -0.349890 0.324643 -1.451982 1.322742 0.057097 0.694061 1.413710 -0.254444 -1.058311 -1.150065 1.199814 0.353440 -1.258570 0.840181
42 -0.562882 1.023798 -0.181603 -0.683181 -0.890700 0.015333 -1.693660 0.544639 1.497081 1.280532 1.064985 2.700636 0.833089 -1.539806 -1.346471 -1.961317 -0.963478 -0.147313 0.945412 0.668536 -1.212542 0.426586 1.050980 -0.356178 -1.061907 -0.118674 0.344880 -1.284851 0.155736 0.482376 -0.267548 -0.785410 -1.603841 0.235602 -1.854389 2.399289 0.456160 -2.259219 0.263650 0.601887 0.867352 -1.129485 0.077355 0.665174 0.716811 0.605890 -0.073303 -0.429632 -0.730589 0.964562
43 -0.051151 -1.487602 1.201067 -0.431292 0.723001 0.614791 0.680109 1.176370 -1.127567 0.187152 -0.656891 1.646392 0.744831 0.464549 0.127676 0.651494 -0.415262 -0.670979 -0.972805 0.916373 -0.097603 0.479813 0.095207 -0.949750 0.071352 -0.688328 -0.257575 0.570037 0.036910 -0.109367 -0.179080 -1.314107 -0.297245 -1.282914 -1.025524 0.588201 0.422994 -0.017435 1.159691 1.018216 -0.410782 0.373360 2.421603 -0.985183 -0.656440 -0.422512 1.519709 0.741776 -3.074834 -1.114222
44 -1.225575 1.371862 -0.200764 0.563685 -0.006055 0.285694 0.329080 0.927021 0.353573 0.521762 1.031737 0.413288 1.229773 -0.373067 0.813052 -0.863291 2.162744 0.305633 0.432305 -0.435238 -0.098499 -0.864262 -1.843493 0.699141 0.030959 -0.812642 -1.326145 -0.296278 -0.604203 0.047605 0.086264 -0.198398 0.752716 1.837880 0.660854 -0.875169 -1.631523 2.101307 1.264952 1.607084 -0.959423 0.197116 0.209603 0.744628 0.910182 0.167022 -0.566601 0.010862 -1.397011 0.189828
45 1.229374 -0.505553 -0.905080 1.043045 0.679455 0.173114 0.723780 -0.536985 1.445166 0.330575 1.213051 -0.765355 0.653288 -0.660405 -0.078109 0.149634 -0.154937 -1.120828 0.787201 -0.341070 0.026071 -2.398461 0.057892 -0.467595 -0.634466 -0.155240 -0.613594 2.062640 -0.341986 1.023142 -1.730739 0.160579 1.452092 -0.128288 -0.150742 0.298935 0.077855 0.081351 1.850825 -1.380334 -1.569478 -0.319064 -0.663428 0.452744 -1.198401 -0.961465 0.855505 1.176238 -0.439320 0.652710
46 -1.614037 -0.490278 -1.069467 -1.496228 -0.956707 -0.576549 -0.442890 -2.554603 -1.193965 -0.582485 -0.832345 -1.151063 0.427220 -0.267093 -1.003783 -0.115352 1.252348 0.028813 3.383375 -0.456167 -0.369673 -1.428349 -0.234950 1.558067 -0.663100 1.375578 0.899599 0.533528 -0.337848 0.207422 0.287885 -0.961545 1.290190 0.657316 3.557919 1.564188 -1.612225 -0.429990 1.507390 -1.090880 0.387833 -1.060305 -1.048030 1.040197 -0.236384 -0.029735 -1.227627 -1.391592 -2.026141 -0.720500
47 -2.303588 1.098093 -0.416451 -1.506513 0.426195 1.076598 -0.480072 0.360225 0.954494 -2.003461 -0.438447 1.431995 0.272412 -0.286255 1.066450 -0.555499 0.974677 -2.561578 -0.073306 -0.400044 -1.074387 0.768714 1.363416 2.186798 -1.172167 1.104141 0.652961 1.069382 0.478613 -0.031915 -0.863401 -0.783628 1.857933 -2.212094 0.104860 1.423531 0.609942 -0.047113 -1.036421 -0.061990 0.654646 1.564538 1.282947 -0.758263 -0.705907 0.168366 -1.260054 0.214150 3.251918 1.393213
48 -0.483114 -0.880117 1.217629 -0.193141 -1.318745 -1.089052 -1.890666 0.251990 -1.381952 -0.170633 -0.899661 2.208281 -0.137626 0.227340 -2.257796 -0.538318 -0.343741 -0.711929 0.821260 1.771054 0.784198 0.027032 0.670090 0.257488 0.826514 -0.257539 -1.136602 -1.955417 -1.551951 0.063342 0.909022 1.717824 0.226579 -0.356845 -1.354947 0.952902 -0.039770 -1.138918 0.345000 1.231823 1.677611 0.718467 -0.656205 -0.297312 0.088428 -1.114343 -0.668761 0.306280 -0.125059 -0.069421
49 0.894976 0.437753 0.344404 0.818624 -0.718177 -2.005620 2.021329 1.316557 0.270773 -0.170783 -3.234869 0.000629 -0.717077 0.669838 -1.224621 -1.202858 0.336853 -0.573384 1.074088 0.391933 -1.426291 0.191267 -1.120542 1.059659 0.266661 -1.517072 -0.225856 -0.145687 -0.168031 0.572776 0.708676 1.067865 1.055566 -0.489349 -1.453442 1.601243 0.151354 -0.788753 -0.708579 0.533792 -2.340368 1.685919 0.737192 -0.310950 -0.565403 -0.264808 0.213596 1.889252 -1.923738 0.930969
50 -0.569365 -0.189583 -0.275538 0.148930 0.476451 -0.059187 -0.486684 -0.698444 0.690007 0.698476 -0.609285 -0.628485 0.929672 -1.877059 -0.496230 1.338986 0.320610 -1.216891 -1.455848 0.714181 0.233389 0.624277 -1.042633 2.612169 -1.312544 1.405914 0.394964 0.764487 -0.477697 -0.151562 -1.570851 0.603070 -0.497352 0.348001 0.562841 -1.944289 -0.708756 0.139743 -0.044210 0.313704 1.874101 -0.596024 -0.279456 -0.120685 0.190271 0.786622 -1.628733 0.803439 -1.207695 -0.520058
51 -1.313119 -1.350448 -0.814688 1.060693 -1.045113 -0.547472 0.545876 -1.064642 -1.356678 0.550466 0.296730 1.391614 0.415588 -0.776139 0.316560 -0.334921 -0.635667 0.309863 -1.175563 0.214968 -0.391424 -1.559020 0.736415 -0.481741 -0.972974 -1.228672 0.174355 0.923847 0.979932 -1.246741 0.937435 -0.366557 -1.715936 0.209346 -0.844505 -2.009756 -1.636018 -1.723520 -1.260713 1.243711 -0.302256 0.396052 0.279418 -0.095470 1.335764 -1.679366 0.314586 -0.628754 0.240985 -2.401096
52 1.596311 -0.552942 -0.324932 -0.462431 0.157536 -0.722870 -0.558773 1.939534 -0.470024 0.424431 1.148389 2.066425 0.328646 -1.288121 -0.221385 -0.290068 1.007452 -0.635643 0.557866 -0.657104 0.028642 -0.530519 0.485960 -0.099772 0.463168 0.291563 -0.248926 -1.069548 -0.612557 0.000983 -0.197740 -0.611658 -0.024095 -0.330814 0.739969 0.051859 2.136516 -0.439454 1.758142 -1.503450 -0.697640 1.051927 -0.557925 -0.139852 0.378063 0.412596 -1.395291 -0.028405 0.626638 -0.901791
53 -0.322457 -0.557085 -1.404037 0.700713 0.355773 0.860502 -1.210831 -2.002833 -0.434007 0.626434 -0.591559 -0.443469 -0.715319 -0.801167 0.263053 0.962089 -1.330580 1.658030 -1.861339 -1.041038 0.841426 1.482187 -0.644506 -0.201849 0.302243 -0.790474 0.408239 -0.350837 1.306356 1.026105 -0.222935 -0.888409 0.520728 -1.298814 0.410213 -0.699094 1.498410 0.159021 -0.086405 0.741718 1.417388 -0.040861 0.981766 -1.037094 1.063137 -2.540422 -1.210845 -1.274232 -0.396674 0.560458
54 0.805607 0.408801 1.190814 -0.458470 -0.369443 0.464122 -1.333520 -0.995479 1.263519 0.945353 -0.212668 -0.952799 0.536232 -0.033983 1.394297 0.117878 -0.127959 -0.062520 1.141280 -0.362705 -0.115349 0.688939 1.127323 -0.993467 -0.529983 -1.226562 1.189796 -0.224894 -0.782982 -0.253355 0.177562 -0.146905 -1.440369 0.104432 -0.099564 -0.281847 -0.069646 -0.564228 1.897096 0.686667 0.222552 -1.008512 0.797451 1.140587 0.769881 -0.395934 0.479740 1.419109 0.377477 0.490796
55 -0.005822 -0.714579 0.524410 2.534627 -2.095140 0.090410 -2.106896 1.717658 1.645984 1.596351 2.198869 0.273277 1.286692 -0.144738 1.765597 -0.452276 0.553973 -0.337111 -1.275056 1.127150 0.060377 -0.069206 0.394485 0.009485 0.170032 -0.899837 -1.617287 0.059721 1.355198 -0.172455 -0.323500 1.500458 0.591459 -0.235166 0.737205 -1.081948 1.290387 0.240439 -2.725246 -1.015855 -0.153409 -2.279563 0.634989 -0.009616 -0.921256 0.461013 -1.155874 0.909691 0.149819 -0.469245
56 1.776383 0.889399 -0.311956 1.350331 -1.124028 1.240045 -2.177668 -1.648901 -1.298497 -2.290396 1.444158 1.237119 0.969586 0.081646 1.473108 0.786597 1.039744 -1.887242 -2.644577 0.345498 -1.417940 1.230442 1.484007 0.963583 0.952871 0.411807 0.867242 0.732710 -0.383170 -0.143120 -0.141133 0.273723 -0.978888 -1.931042 -0.377119 -0.334365 -0.360044 -0.467047 0.442642 0.412849 -0.618075 1.051136 -0.980620 0.284386 1.728066 0.807536 -0.139445 -1.283002 0.249028 -1.453518
57 -0.079268 -0.812163 -1.491822 -0.223115 0.503716 0.310693 0.047658 0.010709 0.138752 -0.645536 -0.856621 -0.081675 0.441976 -1.420995 -0.436718 0.573582 0.162604 0.461312 2.108613 -0.261759 1.168856 0.225246 -0.361729 -1.519439 0.684411 1.795898 0.405501 -0.058077 -0.743726 0.331445 1.271472 -0.038428 -1.752143 0.404417 -0.226347 0.012358 0.655190 -0.255423 -0.522219 -0.854480 -1.571002 -1.366171 -0.718962 -0.193368 -1.801779 1.964092 1.054723 0.252260 0.204336 0.764973
58 -1.260519 -1.234160 0.584669 1.026440 -1.179179 2.039659 -0.015225 -0.629277 -0.153880 -0.885881 -0.379701 -0.132132 0.103495 -0.722246 -0.397912 1.389467 2.092464 0.186537 -0.071738 -0.167176 0.354520 0.780483 0.857127 1.059862 -1.070005 1.120943 -0.775038 0.265041 0.196288 -1.340173 1.983630 -0.967225 -1.306493 0.276390 1.577028 0.204382 1.005048 0.787838 -0.171259 -2.152224 0.451829 0.035436 -0.727216 -0.700932 0.627253 0.300516 -0.302377 -1.011347 -0.440507 0.072827
59 0.503819 -0.189152 -0.730255 0.333965 0.729382 0.285037 1.081810 1.784465 0.060439 -0.292527 -0.988105 -3.096525 -0.299067 1.218800 3.281580 0.040850 0.618627 -1.545931 0.715993 -0.181945 -0.614819 1.274853 -0.707437 -1.314170 -0.080546 1.591397 -0.887348 -0.193049 1.187927 0.045550 -1.426973 -2.187614 -0.668342 -2.000972 0.750300 0.044878 1.027676 0.115410 1.176150 1.192500 -1.253217 -1.272050 0.869172 -1.915048 -0.457851 -1.723675 -0.362390 0.233813 2.053658 0.375390
60 0.858507 0.880760 0.077440 0.767584 0.870586 -0.111140 1.099172 -0.902833 1.979548 0.068198 -0.448064 -0.280324 0.692367 -0.489381 -0.883909 -0.843461 0.489260 -1.012631 0.939372 0.393204 0.338039 -0.950515 -0.033332 1.928531 1.107675 -0.684579 2.879775 2.678998 -0.571295 -0.861270 0.293600 0.788283 -0.775178 -1.387671 0.511784 -1.034649 1.890836 0.664496 -1.952382 -0.361959 -2.322406 -0.137373 -0.907050 -0.163069 1.032523 -0.462160 0.098129 0.776726 1.250400 -1.375320
61 1.354493 -0.425982 -0.020637 0.250315 0.418867 1.248203 -0.261581 1.190031 -0.898926 1.304180 -0.215437 0.258911 1.827100 0.138058 1.449383 -1.316905 -0.050935 0.623642 1.612096 1.972490 -1.555070 1.628248 -0.351875 -0.463737 -0.555414 -0.972478 1.214968 0.176696 -0.274185 1.115166 -0.612909 -0.682157 0.414195 0.922223 0.907572 -1.422412 1.353126 -0.636851 0.802154 0.853946 -0.880853 0.683002 -0.326746 1.051914 0.285199 0.815454 -0.753634 -0.632928 0.121110 -0.348519
62 1.267353 -0.033703 0.588684 0.627782 0.898692 -2.454092 -0.173585 0.072721 1.395863 0.566920 -1.700607 1.055811 0.651140 1.434608 0.067404 -1.256426 0.751431 -0.280042 -0.738450 0.759991 -0.419995 -1.731828 1.871647 0.137963 -2.115957 0.123155 2.453761 -0.843722 0.160341 -0.801842 1.275642 0.094761 0.180395 0.633827 0.176027 -0.836302 -0.154636 -1.023009 -0.565845 0.762623 -1.253620 0.793500 0.931841 -0.211307 0.966195 -2.096948 -0.212383 1.527280 0.912910 -0.503537
63 0.835276 1.695640 1.310754 -1.513173 -0.165753 -1.500037 0.653951 -0.042735 0.201056 0.758957 0.570850 -1.246559 0.850033 0.391122 1.596746 -1.533447 0.042632 -0.602779 1.246300 0.882381 -0.018053 0.034766 -1.043439 -0.210232 0.353224 0.916767 -0.602167 0.257591 -1.331095 -1.413714 0.472653 0.885480 -0.075745 0.576545 -0.878880 0.617999 -1.310434 0.157107 0.520487 0.500093 -1.317171 0.901804 0.178810 1.799896 -0.164895 0.492110 -2.030800 1.773404 -1.049738 -0.516675
64 -0.550803 -1.349230 -1.115581 -0.217825 0.099712 1.019479 1.105027 1.163680 0.890755 -0.909246 -0.872479 -0.500388 -0.530226 0.265729 0.311343 -0.678849 0.721615 -0.640065 0.915216 0.137477 0.487571 -0.210890 0.111203 0.845731 -1.101014 0.664544 -1.157981 -1.617696 1.714142 0.092679 0.494208 -0.404884 1.502698 0.495883 -0.837438 0.252092 -1.563594 0.565390 0.327366 0.861288 0.559040 0.388846 -1.761061 2.226866 -0.425454 1.872391 -0.778578 0.560853 -0.115546 0.431377
65 0.235521 0.303174 2.057603 -0.071906 0.162182 0.068407 -2.247346 0.873574 0.843419 0.200393 1.479478 -1.093084 1.248848 -0.463996 1.150940 -0.094103 -0.222291 -0.152176 -1.126479 -0.224223 -0.785474 0.818165 0.183799 0.932036 -1.213346 0.506413 -0.065508 -0.344856 -1.769921 -1.206246 0.830289 0.112733 0.786273 0.209886 -0.986623 -0.252983 -0.083076 0.097750 -1.082693 -1.991361 0.942771 -0.757112 -0.650982 -0.319556 0.413648 0.614891 -0.722198 -1.351274 -1.022224 1.216047
66 -0.481933 0.655092 0.291293 -0.955579 0.355177 1.641754 -1.464895 1.198916 0.382454 0.010702 -0.694198 -0.528509 0.558834 -0.288038 1.344788 0.835315 -0.666215 1.276762 -0.058445 -0.414298 1.044637 0.750123 0.903389 1.315143 -1.198803 0.550445 -0.170895 -1.181616 -0.855455 0.648617 0.345056 0.806742 -0.815542 -0.177808 -0.014826 1.320576 1.331490 0.513466 1.256050 0.305422 -0.039497 -0.232257 0.148579 0.655318 -0.881973 -1.038045 0.102175 1.164358 -1.908915 -0.171695
67 -1.384565 1.291659 1.487356 1.425180 1.073865 -1.774565 -0.361034 -1.478018 1.797794 -1.330283 0.830710 1.035445 -0.044663 -0.975320 -0.552093 1.660419 0.563928 -1.127647 0.573156 0.001423 -0.393139 -1.445132 1.035384 -1.291520 0.740344 1.036224 -0.457915 0.400921 0.591804 1.066347 0.221322 0.363151 -0.301279 -0.147024 -0.127129 0.005653 -1.159102 0.166730 -0.889386 0.409021 1.931701 -1.055016 -1.084458 -1.120677 -0.753886 0.248952 -0.756661 0.573055 -0.101068 -1.031663
68 -0.646791 -0.229526 -0.738031 -0.849407 0.672182 0.668250 0.308514 0.312112 -0.112124 0.330769 -1.004946 -1.215981 -0.180328 -0.694619 -1.522613 -2.054498 1.208626 0.931452 0.985503 0.996355 1.331573 -0.874473 -0.707631 -0.835154 -1.030292 -0.145203 0.466558 1.061529 1.227796 1.056553 -1.746045 -0.674739 -0.129155 1.414731 -0.199533 0.490444 0.238740 -1.621057 0.599318 -1.481393 -0.435342 -0.161253 -0.912904 0.569943 0.884331 -1.116178 -0.392010 0.463097 0.305431 0.217130
69 -1.188243 -1.188629 -1.746061 -0.471324 -1.310082 1.612793 1.483063 -0.035085 -0.335020 2.731709 0.891813 -0.415920 0.999833 0.158265 0.067436 1.128854 -0.409855 0.155917 -1.110147 1.027647 0.110204 -0.246219 0.330751 -0.799762 -1.282382 0.071459 1.418673 -2.105574 0.423398 0.388163 1.400744 -0.073866 0.655179 0.801157 0.297850 0.756635 -0.164150 1.667331 -0.510067 1.591248 0.411017 1.208936 -2.516337 1.075721 0.839611 -0.431527 1.376518 0.074206 -1.330598 -1.964237
70 1.253887 -0.141612 1.931720 -0.960557 -0.316038 -1.904354 -0.346043 -1.638949 0.538453 0.454576 0.841149 -0.769608 -0.169637 1.365095 0.821609 -1.311748 -0.256658 0.362806 1.899841 -0.586309 0.473795 -0.065962 -0.802423 -0.375394 -0.075577 0.527065 0.725569 0.610417 -0.743011 0.306920 -0.501758 -0.349166 -0.623453 -1.243935 -0.210498 1.022751 -1.317756 -1.050646 0.503674 -0.308177 -1.335335 -0.598188 1.250583 -0.835427 1.362424 -1.299784 -2.009965 -0.314207 1.926141 -2.027373
71 -0.176487 1.321672 1.137099 -0.089535 0.774567 -1.444898 2.169881 0.042952 0.708140 0.586618 0.372238 -0.161864 -0.079425 0.505763 0.788910 -1.037266 -1.145071 -0.346290 1.995422 1.526436 1.383624 0.465201 0.036636 1.576171 -0.699466 -0.468917 -0.333045 -0.230226 -0.699741 1.017567 0.955680 -0.933765 -2.210543 0.311059 -0.069964 -1.534658 0.838635 0.920415 0.435057 0.575077 -1.978417 -1.184776 0.259626 -0.854049 -0.171489 1.327628 -0.783725 0.287081 -0.417060 0.449180
72 -0.540370 0.474618 -1.425905 0.421941 0.593336 -0.201510 -1.182848 0.858708 0.664368 -1.472106 1.324581 -0.113661 0.305967 0.682122 -0.871617 0.934088 -1.373467 -1.971352 0.166693 0.846927 -0.750560 -0.331286 0.391812 -1.400034 -0.383182 0.705804 1.305176 -1.075824 0.079616 0.806830 -0.160388 0.296066 -0.035011 -1.661185 0.490629 -0.051150 0.145402 1.951725 0.874743 1.332021 -0.296961 -0.454755 -0.318458 -1.417179 0.546119 0.235045 1.021435 -0.758847 2.694052 0.492847
73 1.652704 1.000734 0.781840 0.393196 -0.626151 -1.364552 -0.429449 0.262631 0.026598 0.139563 0.624994 -0.833095 -0.526716 -0.919422 -0.940413 -0.019326 0.440083 0.013517 0.017025 0.661528 -0.576517 -1.593697 1.548153 -0.083322 1.741067 -0.774854 0.834048 0.703832 -0.951109 -0.387341 0.072390 -0.022798 -0.446734 0.632676 1.296473 0.069738 1.396233 -0.038405 0.217310 2.130916 -0.618470 0.963161 -1.235365 -0.026634 -0.405574 0.072010 -0.737540 1.039639 -1.932859 -1.291423
74 -0.624750 -0.185300 1.479400 -1.825527 -0.861048 0.884975 -1.881413 -1.491988 0.501514 0.064598 0.337145 -0.021157 0.626007 -0.479098 -1.162579 0.969836 0.329442 1.992755 -0.961519 -0.113334 1.313302 -0.868375 -0.396132 -0.208910 0.796280 0.400028 -0.247569 1.536620 0.281682 0.253385 -0.360453 1.579267 0.580809 -0.109895 -1.095528 1.368868 -0.988496 -0.645619 -1.419744 -1.220333 -0.218958 -0.522123 0.763640 -0.305510 -1.336229 -0.333382 0.643598 0.441626 -0.999519 0.548592
75 -0.578246 -0.918144 0.194644 0.847156 -1.689510 1.075212 0.723658 -0.109153 0.370383 -0.222022 0.642892 1.719199 -1.575177 -0.438110 1.123938 -1.155053 0.108148 1.186971 0.008995 -1.478580 0.027766 1.644199 -0.015881 1.278605 1.277942 -0.209880 0.552299 2.816578 2.087332 1.243193 -0.734845 -0.888547 -0.626581 -0.440997 -0.946311 -0.010375 -0.514501 -0.001745 0.849808 -0.642849 0.856093 0.212624 0.179986 0.075397 -0.106573 1.314519 1.232076 0.571655 0.394212 -1.760348
76 1.311463 1.222157 0.499214 0.464449 1.030944 -0.453808 0.081405 1.332556 1.034116 0.042983 -0.715377 -0.470188 -1.892696 -0.569566 -0.289307 1.512606 -0.210807 -0.087142 0.133507 -1.288644 0.889321 1.164616 0.903695 0.171856 -1.342645 0.341011 0.577849 0.262056 0.701792 -1.665956 0.659647 0.369629 1.476795 1.185883 0.472844 -0.219389 1.758117 -0.405757 0.246979 0.006717 0.608664 0.260677 0.451921 -0.547587 -0.829577 0.361056 0.349747 -0.134187 0.436450 -0.396060
77 1.708237 -1.115046 -1.892704 0.291430 -1.649636 -1.408840 1.624935 -0.029361 0.026574 0.181906 -0.192141 -2.874518 -1.483497 0.304008 -1.592643 -1.143598 0.433710 -1.230376 -1.251524 1.027716 -0.662680 0.193747 -1.047545 -0.693367 -0.069247 0.254766 0.591416 -1.352589 1.282246 -1.306186 -1.364599 -1.846472 -0.889884 -0.144717 -1.034099 -0.417151 -0.284512 -0.055048 0.214822 0.164378 0.497458 1.203461 0.738976 -0.966539 0.351347 1.461736 0.721216 -0.922123 0.583933 0.037935
78 1.701310 1.752329 0.259791 -0.697840 0.368553 -0.319178 0.200869 1.071113 0.313244 -0.932096 -0.941343 0.964221 -0.322360 -2.970832 0.234678 -1.339359 0.718494 0.119046 -1.466002 -2.695571 -1.186199 -2.131031 -0.589534 0.313161 -0.394284 -0.275688 -0.831031 0.987175 -1.712872 -0.442676 0.513171 1.187411 -0.184510 0.287773 0.718997 -1.191299 0.242311 1.131109 -0.448350 0.965543 0.891872 1.281310 0.065510 -0.881659 0.189705 0.357724 0.824042 0.216207 0.443909 -0.204471
79 -0.152625 0.005944 -0.674006 -0.752295 -0.149739 0.754411 -0.335417 0.688669 0.952340 -0.020844 -0.294091 -0.666088 1.952142 0.799233 -0.012480 -0.503224 0.660395 -1.199985 -0.604409 -0.163242 0.213107 -1.884474 0.505146 -0.424654 -0.663512 0.413244 0.748111 0.166273 1.505035 -1.178198 -0.551472 -0.531266 0.908981 0.684451 -1.311454 -0.764136 -0.278196 1.121159 1.642685 -0.385280 -1.231204 0.972325 0.647472 0.680461 0.655836 0.585448 0.468174 0.351578 -2.219611 -0.614037
80 -0.066574 -0.440169 -1.013077 1.023607 -2.326270 0.501431 1.232603 -0.666630 0.773318 -1.611369 1.355203 -1.452844 0.442775 0.283517 0.939392 1.013495 -0.165022 1.332692 0.623889 -0.587334 -0.379307 1.081318 -1.690328 -0.846765 0.341891 -1.883077 0.435226 -0.323913 -1.766149 -1.513966 1.520393 1.390840 1.108690 -1.527840 1.024746 0.007265 0.749761 -0.292516 -1.896236 0.332791 -1.277334 -0.319432 -0.926834 -0.398010 -1.099616 0.373518 -1.414584 -0.309428 -0.131040 -2.635276
81 -0.202405 0.622670 -0.873129 0.354163 0.216984 -0.249278 0.363192 -0.878764 0.226661 1.052162 0.562880 -1.917102 0.545468 -0.151229 1.083614 0.337554 1.428619 0.404536 -0.615989 0.214255 -1.844924 0.520590 0.437700 -0.180947 0.592037 -2.294496 1.146137 -0.391537 1.594957 -0.958369 -0.699049 0.276849 0.244840 1.742478 -1.424524 -2.437129 0.602830 -0.217193 -1.891676 0.654386 -0.812305 0.979163 -0.655878 -0.622772 0.182771 0.154278 1.872005 -1.826652 -3.307075 -0.316830
82 -0.601692 -0.107030 0.578320 0.780726 -1.000236 0.266186 -0.823499 -0.571265 0.293225 -0.855290 -1.198902 0.680571 -2.203603 -0.943017 -0.232598 0.671386 0.228482 -0.839024 -0.580937 -0.544233 1.033691 -2.332422 -0.198722 0.552658 0.016126 0.747860 0.924869 1.066785 -1.571772 -0.295676 -0.111736 -1.337885 -1.756208 1.667409 0.920688 -2.183096 -0.177885 0.528845 -0.833143 0.717017 0.756616 0.510803 0.734757 1.493267 -0.513916 -2.055766 0.848628 0.387075 -0.710540 0.522947
83 0.591289 0.825191 0.470720 -0.663007 0.559964 0.844996 -1.505172 0.066512 2.919219 0.511579 0.442246 0.265334 1.856458 0.025725 -1.491766 1.772370 2.485032 0.666322 0.224286 1.122527 2.067512 0.983344 0.040702 0.181336 0.028943 0.616349 0.135804 -0.035020 -0.038852 1.310800 -1.309559 -0.893636 1.436265 -0.452149 0.718760 -0.645227 -0.857837 0.080868 1.486551 -0.521193 0.069435 2.592914 -1.089755 0.157261 -1.088748 -0.125149 0.680022 -0.638303 1.198597 0.311478
84 -1.723021 0.831862 0.962114 3.126282 -0.829545 -1.551053 -0.016168 0.936916 -0.402763 0.492386 0.156219 -0.956708 0.490674 -0.619908 0.018375 -0.426947 -0.743930 1.059991 -2.559974 -0.034998 -1.254734 -0.159610 0.047783 -1.176198 0.556527 -0.589717 1.298473 -0.514009 -0.264768 0.590775 1.397559 -0.990617 0.868363 0.996272 0.538654 -1.178752 -0.642959 1.199598 0.469406 -1.521767 0.466681 -0.086508 1.265520 -2.063407 -1.153020 -0.993703 0.367087 0.927663 0.193968 1.358267
85 -0.957957 0.775048 1.356881 1.713109 -1.314874 0.452874 -0.320788 -0.977688 0.000921 0.967804 0.419735 1.705950 -1.794132 0.611770 -0.706081 -0.429404 -0.874669 0.111035 -0.895686 -2.015794 1.677082 -0.190893 0.203135 -0.611752 -1.628628 -1.244900 -0.440196 0.903386 -0.403648 -1.170775 0.230288 -0.342713 1.752841 -1.959403 -1.293650 -0.271705 -0.711824 -0.648966 0.665525 -0.654352 1.874425 0.155725 -1.340491 -0.670928 -0.238614 0.006368 -1.012475 -1.152344 -0.081857 -0.332137
86 0.632546 -1.531989 -0.394969 -0.951184 1.339038 -0.518315 -0.063418 -1.622067 -0.131981 0.217746 0.002261 -0.400603 -0.440502 1.148499 1.544971 -0.026891 -0.932466 -0.047549 1.702411 -1.199126 -0.200838 0.034174 1.634326 -1.415413 -1.300831 -0.747645 1.204207 -0.918581 -0.574275 0.834608 1.215490 -0.579481 -0.318584 0.649811 1.730595 0.268347 1.271351 0.604666 -0.184286 -0.700952 0.964316 1.496853 2.266519 -0.464675 -0.883364 -0.967735 -0.180084 1.482235 0.329269 1.669751
87 -0.604364 -1.076741 -0.608402 -1.480358 0.169984 1.017745 0.759755 0.514391 0.144682 0.943771 -2.258374 0.850725 0.969473 -0.797074 1.469183 -1.632056 -0.654610 0.046244 1.179573 -0.550310 -0.409705 1.351500 -1.015190 0.200080 -2.392771 1.531900 0.546638 -0.280002 1.116154 0.511126 -0.025761 2.268987 0.126907 -0.512516 0.128025 -1.279260 1.505844 -2.108194 -0.308924 0.852556 -0.834170 1.397140 -0.259695 0.612715 1.804027 0.586632 1.162027 -1.707637 -1.159344 1.475296
88 -0.660754 0.510380 0.588022 -0.260448 -0.206550 -0.753498 2.223345 -0.422559 -2.025680 0.205202 -1.795387 1.174301 0.330465 -1.100398 0.122853 0.585844 -0.514993 0.109567 -1.217411 -0.850696 0.140273 -0.181738 0.377607 -0.578477 0.294028 -0.615878 0.454631 -1.232056 -0.988015 0.829507 0.685365 1.342676 -1.286944 -0.436238 0.491539 0.572628 2.676649 -2.475290 1.422066 -1.201557 -1.631233 -1.366918 0.672686 -0.104046 -0.490911 0.047169 -0.626780 0.023971 0.794530 0.171876
89 0.487695 -2.616099 1.489017 0.310580 -0.414242 0.010029 -0.733358 -0.860540 1.302571 -0.977762 0.796418 -0.369915 0.483675 -0.169686 -0.122611 0.751828 0.340735 0.060801 -0.222918 0.502621 2.115808 -1.376598 -0.573820 -0.433665 -0.381931 1.123363 -0.429307 -0.675554 -0.781026 1.071175 -0.054699 -1.186974 -0.539023 -0.506703 0.765592 0.252711 -0.523890 -0.502393 -0.109777 0.303831 0.956428 -0.511267 1.058834 -1.105118 -1.591983 -0.181742 -0.453660 -0.175490 -1.407013 0.694270
90 -0.277144 -0.827196 0.909100 0.544868 -1.021136 -0.475866 0.778903 1.152857 -0.975218 -0.078703 0.355865 1.179886 0.853402 2.359523 0.011125 -0.931777 -0.021563 0.070859 1.362735 2.983275 -0.538551 -0.907753 1.281703 0.104318 2.826620 0.273739 -1.656357 0.028266 1.421184 1.533092 1.207137 -0.735868 -0.244139 0.618633 1.232461 0.569247 0.817662 -0.633415 -1.313441 0.776843 -0.765934 0.045701 -0.073269 -0.114050 -0.245798 1.209536 -1.360194 -0.214351 -0.181980 -1.461088
91 -0.239229 -0.486233 -0.732765 0.169302 0.701110 0.548068 -2.561871 -0.820499 1.285997 -0.258354 0.727813 -0.176047 0.089691 -0.087373 0.147572 0.673733 0.934020 0.262017 -1.810624 -0.235360 0.341988 0.412344 -0.886783 -0.891041 -0.296753 0.670725 -0.394645 -0.365455 0.025773 1.311071 -1.062115 0.102269 1.208351 1.407295 -0.954556 -0.056430 -0.143465 0.248409 0.902761 -0.281136 0.932630 1.120448 -0.676677 -0.742656 0.550836 -1.193959 -2.106447 1.158265 -1.052035 -0.333770
92 0.697845 1.403872 0.602519 -1.566898 0.581078 1.854745 0.438132 0.898515 1.477490 0.417825 -1.785465 0.714353 0.115665 -0.040999 0.906010 0.556541 0.174487 1.389951 -1.751965 -0.788460 -0.871111 0.365110 0.959424 -0.215642 2.306530 -1.962065 -0.055887 0.755368 0.417875 0.207919 -0.005941 -0.051707 -0.379655 -0.878047 1.096834 -1.850558 -0.251724 -1.992720 0.337210 1.065102 -1.662282 0.833148 -0.599324 0.437563 -1.189726 -0.078948 0.211313 0.177338 0.258809 0.033944
93 0.506633 0.622605 -0.470166 0.841396 0.730069 -0.740955 1.368957 -0.612089 1.699426 1.013323 -0.517093 1.403327 1.056291 -0.502015 -0.467681 -1.389552 -0.335016 -0.510380 -1.087209 0.067343 0.418424 1.605556 0.332700 -1.018172 -2.099333 1.043791 -0.292880 1.207590 1.000378 -1.175561 -0.347201 -0.543850 -0.588790 1.386952 -0.846043 0.340266 -0.055954 -0.551689 0.139248 0.918681 1.438026 -1.754261 -0.944925 -0.061675 1.513362 1.116463 -1.900939 -0.964414 1.174615 0.271094
94 -0.876357 1.017972 -0.038582 -1.875489 -1.185147 2.178373 1.348942 -0.637492 -0.524138 -0.597746 0.597944 1.715983 1.080204 -1.638915 -0.208748 0.189603 1.275385 -0.684693 -0.649676 0.285570 -1.048662 -0.384705 1.153936 0.617333 0.271751 -0.599889 0.950135 0.338008 0.048561 0.107087 0.078608 -0.418766 -1.642503 0.840428 0.001516 -0.436329 0.995493 -0.343954 -2.730112 1.806056 -0.073546 0.474269 -1.605568 0.122825 -0.563030 -0.974413 -0.036523 -1.661276 -0.060192 -0.038354
95 -0.178848 -0.865182 0.245813 -0.728182 1.425880 -0.920253 1.068266 -0.540879 2.038518 -0.732826 -1.025728 -0.850414 -0.557674 -1.319129 -0.358034 -0.331539 -0.531544 0.506396 0.059032 0.943709 0.380662 0.378154 0.100091 -0.640173 1.278986 -1.846055 1.231070 -2.636314 0.775233 -1.362897 -2.709765 -0.659322 1.574291 -0.648934 -1.669979 -0.197207 0.200989 -0.609442 1.735427 -0.932906 2.177058 0.029399 -1.602697 -0.584293 1.583704 0.628682 1.611406 -1.663284 -0.860090 -0.645662
96 -1.072115 -0.294867 0.863950 1.064525 -1.678391 0.006039 0.270977 0.108158 -2.162273 -0.949496 -1.031531 0.995917 -0.624465 0.806164 -2.889005 -0.584968 -0.314058 0.447318 1.048535 -0.893027 -1.950145 0.428520 0.988933 1.756594 1.286725 0.450327 -1.474601 -0.222580 0.034015 0.116498 -0.820355 0.999158 -1.191410 -1.153205 0.183461 1.618642 1.593446 0.106278 -0.413315 1.079680 1.057632 -0.355200 -0.038736 2.901160 -1.535993 -0.152600 0.833679 -2.239360 -0.705809 -0.634699
97 -1.024376 0.382641 0.902317 0.279661 -0.866533 -0.501167 1.010850 0.467483 1.299226 -0.201952 1.880395 0.009223 0.051028 -0.943287 -0.676496 -0.123840 0.649209 -1.088935 -0.784092 0.064130 0.054464 1.080311 -0.704433 -1.194659 -0.144612 0.750793 -0.961441 0.755349 -0.417705 -1.660038 0.661149 -1.188665 -0.245121 -0.008406 -0.089871 2.723645 -1.302918 -0.019813 2.161944 -0.993926 -1.026620 -0.134359 -1.033127 -0.217223 0.904179 1.021694 -1.063132 0.190610 0.529409 1.309216
98 -0.515661 -0.348958 0.012491 -0.131056 1.617900 0.623530 0.466852 -1.170620 0.339794 0.467752 -1.416047 -0.437569 -0.553156 -0.232907 -0.882707 -1.806498 0.951792 0.693881 -1.211776 1.061987 1.907227 2.773726 0.639956 -0.369785 -2.090137 -0.373032 2.934824 -0.753983 0.108663 -1.330420 -1.221194 0.136699 -1.427621 0.359474 -0.817005 -1.220959 -1.026808 0.997331 -0.425068 -0.912741 0.039660 -0.359259 0.884466 -0.764781 -0.374257 -0.287328 0.054941 0.365364 2.024407 -1.133426
99 -0.315915 2.019052 -0.048206 -0.803155 0.600262 -1.002484 2.479044 0.108236 -0.280611 -0.518973 -0.958201 1.333194 0.720612 0.943372 0.869860 -0.458674 1.179637 0.346887 -0.456442 0.343619 -1.389735 -0.505318 1.362062 0.003490 1.485001 0.602383 -0.628126 0.608165 -0.634175 -0.126510 -0.783473 -0.507781 0.656503 -0.074368 1.746302 -0.349305 0.875598 0.477549 -1.703612 -1.359559 -1.387338 -0.303968 -0.694792 1.705137 1.448308 0.030101 0.318729 -1.071296 0.870143 2.541906
END
#################################################################
SECTION3 (Edges Information)
EndPoint0 EndPoint1 Weight
0 1 1.000000
0 9 1.000000
0 10 1.000000
0 90 1.000000
1 0 1.000000
1 2 1.000000
1 11 1.000000
1 91 1.000000
2 1 1.000000
2 3 1.000000
2 12 1.000000
2 92 1.000000
3 2 1.000000
3 4 1.000000
3 13 1.000000
3 93 1.000000
4 3 1.000000
4 5 1.000000
4 14 1.000000
4 94 1.000000
5 4 1.000000
5 6 1.000000
5 15 1.000000
5 95 1.000000
6 5 1.000000
6 7 1.000000
6 16 1.000000
6 96 1.000000
7 6 1.000000
7 8 1.000000
7 17 1.000000
7 97 1.000000
8 7 1.000000
8 9 1.000000
8 18 1.000000
8 98 1.000000
9 0 1.000000
9 8 1.000000
9 19 1.000000
9 99 1.000000
10 0 1.000000
10 11 1.000000
10 19 1.000000
10 20 1.000000
11 1 1.000000
11 10 1.000000
11 12 1.000000
11 21 1.000000
12 2 1.000000
12 11 1.000000
12 13 1.000000
12 22 1.000000
13 3 1.000000
13 12 1.000000
13 14 1.000000
13 23 1.000000
14 4 1.000000
14 13 1.000000
14 15 1.000000
14 24 1.000000
15 5 1.000000
15 14 1.000000
15 16 1.000000
15 25 1.000000
16 6 1.000000
16 15 1.000000
16 17 1.000000
16 26 1.000000
17 7 1.000000
17 16 1.000000
17 18 1.000000
17 27 1.000000
18 8 1.000000
18 17 1.000000
18 19 1.000000
18 28 1.000000
19 9 1.000000
19 10 1.000000
19 18 1.000000
19 29 1.000000
20 10 1.000000
20 21 1.000000
20 29 1.000000
20 30 1.000000
21 11 1.000000
21 20 1.000000
21 22 1.000000
21 31 1.000000
22 12 1.000000
22 21 1.000000
22 23 1.000000
22 32 1.000000
23 13 1.000000
23 22 1.000000
23 24 1.000000
23 33 1.000000
24 14 1.000000
24 23 1.000000
24 25 1.000000
24 34 1.000000
25 15 1.000000
25 24 1.000000
25 26 1.000000
25 35 1.000000
26 16 1.000000
26 25 1.000000
26 27 1.000000
26 36 1.000000
27 17 1.000000
27 26 1.000000
27 28 1.000000
27 37 1.000000
28 18 1.000000
28 27 1.000000
28 29 1.000000
28 38 1.000000
29 19 1.000000
29 20 1.000000
29 28 1.000000
29 39 1.000000
30 20 1.000000
30 31 1.000000
30 39 1.000000
30 40 1.000000
31 21 1.000000
31 30 1.000000
31 32 1.000000
31 41 1.000000
32 22 1.000000
32 31 1.000000
32 33 1.000000
32 42 1.000000
33 23 1.000000
33 32 1.000000
33 34 1.000000
33 43 1.000000
34 24 1.000000
34 33 1.000000
34 35 1.000000
34 44 1.000000
35 25 1.000000
35 34 1.000000
35 36 1.000000
35 45 1.000000
36 26 1.000000
36 35 1.000000
36 37 1.000000
36 46 1.000000
37 27 1.000000
37 36 1.000000
37 38 1.000000
37 47 1.000000
38 28 1.000000
38 37 1.000000
38 39 1.000000
38 48 1.000000
39 29 1.000000
39 30 1.000000
39 38 1.000000
39 49 1.000000
40 30 1.000000
40 41 1.000000
40 49 1.000000
40 50 1.000000
41 31 1.000000
41 40 1.000000
41 42 1.000000
41 51 1.000000
42 32 1.000000
42 41 1.000000
42 43 1.000000
42 52 1.000000
43 33 1.000000
43 42 1.000000
43 44 1.000000
43 53 1.000000
44 34 1.000000
44 43 1.000000
44 45 1.000000
44 54 1.000000
45 35 1.000000
45 44 1.000000
45 46 1.000000
45 55 1.000000
46 36 1.000000
46 45 1.000000
46 47 1.000000
46 56 1.000000
47 37 1.000000
47 46 1.000000
47 48 1.000000
47 57 1.000000
48 38 1.000000
48 47 1.000000
48 49 1.000000
48 58 1.000000
49 39 1.000000
49 40 1.000000
49 48 1.000000
49 59 1.000000
50 40 1.000000
50 51 1.000000
50 59 1.000000
50 60 1.000000
51 41 1.000000
51 50 1.000000
51 52 1.000000
51 61 1.000000
52 42 1.000000
52 51 1.000000
52 53 1.000000
52 62 1.000000
53 43 1.000000
53 52 1.000000
53 54 1.000000
53 63 1.000000
54 44 1.000000
54 53 1.000000
54 55 1.000000
54 64 1.000000
55 45 1.000000
55 54 1.000000
55 56 1.000000
55 65 1.000000
56 46 1.000000
56 55 1.000000
56 57 1.000000
56 66 1.000000
57 47 1.000000
57 56 1.000000
57 58 1.000000
57 67 1.000000
58 48 1.000000
58 57 1.000000
58 59 1.000000
58 68 1.000000
59 49 1.000000
59 50 1.000000
59 58 1.000000
59 69 1.000000
60 50 1.000000
60 61 1.000000
60 69 1.000000
60 70 1.000000
61 51 1.000000
61 60 1.000000
61 62 1.000000
61 71 1.000000
62 52 1.000000
62 61 1.000000
62 63 1.000000
62 72 1.000000
63 53 1.000000
63 62 1.000000
63 64 1.000000
63 73 1.000000
64 54 1.000000
64 63 1.000000
64 65 1.000000
64 74 1.000000
65 55 1.000000
65 64 1.000000
65 66 1.000000
65 75 1.000000
66 56 1.000000
66 65 1.000000
66 67 1.000000
66 76 1.000000
67 57 1.000000
67 66 1.000000
67 68 1.000000
67 77 1.000000
68 58 1.000000
68 67 1.000000
68 69 1.000000
68 78 1.000000
69 59 1.000000
69 60 1.000000
69 68 1.000000
69 79 1.000000
70 60 1.000000
70 71 1.000000
70 79 1.000000
70 80 1.000000
71 61 1.000000
71 70 1.000000
71 72 1.000000
71 81 1.000000
72 62 1.000000
72 71 1.000000
72 73 1.000000
72 82 1.000000
73 63 1.000000
73 72 1.000000
73 74 1.000000
73 83 1.000000
74 64 1.000000
74 73 1.000000
74 75 1.000000
74 84 1.000000
75 65 1.000000
75 74 1.000000
75 76 1.000000
75 85 1.000000
76 66 1.000000
76 75 1.000000
76 77 1.000000
76 86 1.000000
77 67 1.000000
77 76 1.000000
77 78 1.000000
77 87 1.000000
78 68 1.000000
78 77 1.000000
78 79 1.000000
78 88 1.000000
79 69 1.000000
79 70 1.000000
79 78 1.000000
79 89 1.000000
80 70 1.000000
80 81 1.000000
80 89 1.000000
80 90 1.000000
81 71 1.000000
81 80 1.000000
81 82 1.000000
81 91 1.000000
82 72 1.000000
82 81 1.000000
82 83 1.000000
82 92 1.000000
83 73 1.000000
83 82 1.000000
83 84 1.000000
83 93 1.000000
84 74 1.000000
84 83 1.000000
84 85 1.000000
84 94 1.000000
85 75 1.000000
85 84 1.000000
85 86 1.000000
85 95 1.000000
86 76 1.000000
86 85 1.000000
86 87 1.000000
86 96 1.000000
87 77 1.000000
87 86 1.000000
87 88 1.000000
87 97 1.000000
88 78 1.000000
88 87 1.000000
88 89 1.000000
88 98 1.000000
89 79 1.000000
89 80 1.000000
89 88 1.000000
89 99 1.000000
90 0 1.000000
90 80 1.000000
90 91 1.000000
90 99 1.000000
91 1 1.000000
91 81 1.000000
91 90 1.000000
91 92 1.000000
92 2 1.000000
92 82 1.000000
92 91 1.000000
92 93 1.000000
93 3 1.000000
93 83 1.000000
93 92 1.000000
93 94 1.000000
94 4 1.000000
94 84 1.000000
94 93 1.000000
94 95 1.000000
95 5 1.000000
95 85 1.000000
95 94 1.000000
95 96 1.000000
96 6 1.000000
96 86 1.000000
96 95 1.000000
96 97 1.000000
97 7 1.000000
97 87 1.000000
97 96 1.000000
97 98 1.000000
98 8 1.000000
98 88 1.000000
98 97 1.000000
98 99 1.000000
99 9 1.000000
99 89 1.000000
99 90 1.000000
99 98 1.000000
END
#################################################################
SECTION4 (TrueSubGraph Information)
EndPoint0 EndPoint1 Weight
16 6 1.0
6 5 1.0
16 17 1.0
16 26 1.0
END
#################################################################
SECTION5 (Labels Information)
0 0 0 0 0 0 0 1 0 0 1 0 0 0 0 0 0 0 0 0 0 0 1 0 0 0 0 0 0 0 0 1 0 0 0 0 0 0 1 1 1 0 0 1 1 0 0 0 1 0 
END
#################################################################
SECTION6 (bt Information)
-5 -5 -5 -5 -5 -5 -5 5 -5 -5 5 -5 -5 -5 -5 -5 -5 -5 -5 -5 -5 -5 5 -5 -5 -5 -5 -5 -5 -5 -5 5 -5 -5 -5 -5 -5 -5 5 5 5 -5 -5 5 5 -5 -5 -5 5 -5 
END
#################################################################
