#################################################################
#APDM Input Graph, this input graph includes 3 sections:
#section1 : general information
#section2 : nodes
#section3 : edges
#section4 : trueSubGraph (Optional)
#
#if nodes haven't information set weight to null
#################################################################
SECTION1 (General Information)
numNodes = 100
numEdges = 200
usedAlgorithm = NULL
dataSource = SimulationData2
END
#################################################################
SECTION2 (Nodes Information)
NodeID Base Counts
0 0.776616 4.260832 5.048598 5.297225 4.459542 5.561430 5.620316 4.813070 5.228991 3.565239 5.704405 4.358222 5.490298 3.517474 5.331833 5.393997 7.634842 4.543168 3.082188 4.281538 5.864961 2.917894 5.702260 4.158093 4.902471 4.971386 6.859510 4.773040 4.349299 3.506741 6.763243 5.283592 4.787475 5.250637 4.257572 4.235993 4.840078 5.219772 6.461498 4.157795 5.217573 4.009751 5.624347 2.792424 4.081193 6.416275 4.185207 4.533997 4.442243 6.341178
1 1.307297 5.512518 5.431793 5.210443 6.203505 5.826908 5.146736 6.055909 3.445078 6.855304 3.705328 3.672173 5.566920 5.484635 5.789584 4.201329 3.483016 4.182140 3.825371 2.540104 4.584925 3.777062 5.204979 6.926389 4.974388 6.676766 4.005855 4.344755 3.077668 4.900097 4.513459 3.558292 5.231620 3.878131 3.891947 3.290604 4.852591 4.424929 4.933798 4.273868 5.645554 3.688434 4.860132 5.229493 5.985023 4.587315 6.247320 4.118232 4.388250 5.340282
2 -0.208448 5.692381 4.051323 4.574739 4.454612 3.697941 5.506562 4.566201 3.660994 5.414586 5.413103 3.047205 4.931234 5.677722 5.392805 5.797290 5.065908 5.838998 5.033169 5.423199 4.726730 4.324506 4.842668 5.937968 6.792825 5.349395 5.044371 5.986318 3.937647 5.140790 5.332182 6.444677 5.777678 6.396685 4.468169 4.884719 3.605255 4.374626 5.043078 5.510670 4.554002 4.278641 3.483934 4.910601 6.086746 4.455095 3.955624 3.001137 6.168852 5.548654
3 0.225943 -0.514566 -0.459453 1.637550 -0.562713 0.573155 -1.935773 0.196897 -1.761653 -1.212595 0.232868 1.421707 0.241553 0.445524 -0.602075 0.247662 1.510925 1.180258 -2.624124 -0.969358 -0.637652 -0.549100 -0.628195 1.488137 0.706107 -1.095374 0.081465 1.125088 -0.985100 -1.758240 0.034833 -0.687636 -0.204930 -0.300919 0.095556 2.234552 0.752116 0.924675 0.207521 -1.278414 -1.296391 1.878193 -0.291930 1.846818 -1.628353 -1.610567 0.859171 0.580743 1.301862 2.638105
4 0.612782 -1.061032 -0.102516 1.045239 1.279822 -0.207660 -0.597702 -0.313172 -1.315058 0.545819 -1.074239 -0.635936 -0.000247 -0.693902 0.392499 -1.628726 -0.878881 -0.560460 -0.176953 -0.286724 -2.613453 2.146982 -0.366573 1.452135 -1.258352 0.151343 -0.651410 -0.406660 0.348502 0.827196 -0.499910 0.168341 -1.330409 -0.850334 -0.429084 1.573422 -2.246175 -1.933465 2.091168 1.223285 0.108548 -1.254223 1.407988 -0.320043 1.500309 1.116495 1.456964 -0.499396 -1.806353 1.410278
5 0.666724 0.931247 -0.587338 2.755765 -1.101089 0.319697 0.112821 0.815399 -0.632374 0.901061 1.316068 0.710344 -0.393350 -1.137485 -0.482442 0.135402 0.268827 -1.290024 -0.017525 0.075686 -2.779029 -0.231447 0.069244 1.895251 0.706855 -1.654740 -1.553833 0.345619 -0.821417 0.418518 -0.480357 0.376523 0.163609 -0.611426 1.368324 1.140745 0.121931 0.139649 1.371638 1.808084 1.446334 -0.923779 -1.245930 0.161095 1.911186 0.940726 -1.297398 -0.080723 0.104164 0.332884
6 -0.334570 -0.482467 -0.790467 -0.595563 -3.128861 0.634936 -1.488345 0.206155 1.865031 -0.193772 1.060293 2.675789 -1.870416 1.577493 1.919187 1.327589 2.595779 0.617464 -1.374313 1.132845 1.715316 0.250005 -0.846682 1.084859 -0.292711 -1.772683 0.120875 0.180951 -1.225019 2.020328 -0.116022 0.815605 -1.110130 -0.804420 -1.121141 -0.320773 1.429523 0.200378 0.251112 -0.731610 1.025924 -0.436459 -1.049417 -0.604954 -0.001250 -0.270927 -1.851995 0.108421 0.968331 -0.323398
7 0.700542 -1.175527 -0.078301 -0.666029 -2.459621 1.970730 -1.091078 -0.367457 -0.511317 -0.628861 1.256640 1.072242 0.668595 -0.424669 -1.271954 -0.283162 1.905683 -1.653912 0.173498 -0.485191 0.382803 -0.934425 0.504437 -0.122325 -0.053799 1.331270 0.411413 1.570095 -1.694619 -1.672262 -1.144853 0.529230 0.770555 0.426149 0.806357 1.148325 1.150179 1.260255 -0.406045 0.724057 -0.769270 -0.570332 -1.406126 0.734688 -0.888316 0.796929 0.362383 -1.839971 -0.243577 0.042819
8 -0.315692 0.507203 -2.601557 -1.604079 -0.196994 -0.593780 -0.611597 -0.572235 1.468788 0.850759 0.552421 1.042640 1.012390 0.740088 0.539853 -0.493392 -0.235504 1.210536 0.069511 1.672319 -0.900654 -1.808156 -0.642028 1.599624 -1.520172 1.504970 -0.524409 0.230805 1.466671 0.012414 0.408974 0.646159 -1.889518 -1.152912 -0.032932 -0.963619 -0.274498 -1.876045 0.492698 0.297382 1.178975 0.507176 0.775023 0.079814 -0.190187 -1.607456 1.364718 -0.096528 0.366314 0.577412
9 -0.571663 6.582084 3.265016 4.285451 4.507795 3.630408 2.913628 4.339683 4.816866 5.536657 4.056052 4.667657 3.652437 5.514750 5.077442 6.251982 6.119369 4.580251 5.178845 5.203831 4.949866 6.382131 6.669846 3.335462 6.255310 4.601355 5.366272 3.383497 5.086946 6.695229 3.696783 4.822759 4.450546 3.359144 5.671458 4.788867 4.442281 4.455145 7.191569 5.279420 5.420989 5.925377 3.391842 3.981895 4.310908 5.166218 4.583301 4.853823 3.111255 4.426910
10 0.133561 -0.544073 0.319533 1.005585 -1.742217 -0.619108 0.363557 -0.267475 -0.634914 -0.415030 0.870605 -1.419316 0.237659 -0.291341 0.542132 2.015664 -1.338125 -1.268446 0.459090 0.328933 0.140031 0.124006 0.519428 -0.509639 -0.556927 -0.006184 -0.498803 0.189175 0.734671 1.046114 -0.979784 0.613911 -0.495301 0.504375 -0.743891 -0.281983 -0.332990 -0.900464 0.408796 -0.108940 0.829575 -0.810435 0.064829 -1.392587 -0.238798 0.948169 -0.690429 1.056155 1.723886 0.344054
11 1.299693 0.670270 -0.236310 -2.194449 0.658774 -0.862930 -1.062128 -0.001432 -0.072143 0.503096 0.168118 -2.656574 -0.687779 1.474063 1.423315 -0.293699 -1.287190 -0.348422 1.020738 1.114468 1.222502 0.760802 -0.207225 0.043505 -0.736115 0.342928 -2.750213 -0.646521 0.021904 -0.564903 -1.344447 -1.088949 -0.170668 -0.803709 -1.664033 -0.404734 -0.962193 -0.151939 0.532103 -0.905237 -0.628924 0.372752 0.310963 0.003060 -0.430629 0.485499 -0.818928 0.214372 -0.328558 -1.755188
12 -0.900063 5.251830 6.816037 4.231599 6.472030 5.421194 4.979733 5.150072 3.423771 4.159675 6.755966 4.548635 3.491892 4.682011 6.387726 4.933220 4.984253 4.555981 5.134209 4.214808 4.160211 4.332914 5.590724 4.654517 5.174101 4.559951 4.399236 5.841350 4.715661 7.455185 6.166919 4.757096 4.435529 5.100427 6.836640 5.764485 5.896265 3.725272 5.023618 5.682079 6.998343 5.470002 6.681041 3.803963 6.040534 5.009893 4.839185 4.175983 5.484800 4.184459
13 0.649171 0.130376 -0.538867 -0.194333 0.417842 -0.704422 1.858002 1.067909 0.359772 -0.111383 -0.146441 -1.075581 -0.398343 -1.521924 0.270550 1.431577 0.827967 -0.158830 0.860062 0.901833 1.435497 1.287280 0.281666 -0.201938 -0.106707 0.228984 0.850112 2.281452 1.887253 0.420571 0.926311 -1.153144 -1.081632 0.597591 -0.434804 -0.654473 -1.455712 0.203296 -0.598683 0.941111 0.141503 -0.989100 -1.565188 -3.893253 0.105556 -1.036311 -0.046119 1.068376 0.134808 -0.187981
14 0.342621 0.252243 -0.175388 -0.823965 -0.275178 -0.655124 -0.468168 -1.057771 0.303256 0.696911 -1.994724 0.866468 -0.397532 0.087960 1.360720 -0.214230 -0.046815 -0.335288 0.044012 -0.161467 -2.017536 0.294343 1.130739 -0.074725 0.005921 0.619793 2.347968 0.703233 -1.348407 -1.159326 1.606603 -1.762128 -0.386315 0.919342 -0.036120 -1.090800 2.124933 0.488993 0.937380 1.124693 1.123830 -0.177541 -0.755589 -0.031634 1.026974 1.357354 -0.989301 -1.232530 1.637391 0.786167
15 -0.203536 0.199556 0.319200 0.356207 -0.537322 0.513419 -0.457527 -1.111967 -1.338439 1.105234 -0.343711 1.060044 -0.952615 -0.960317 0.465729 -0.855455 0.722676 1.085316 -0.075982 -0.925584 -0.044782 0.779879 -0.104835 -1.145896 0.788843 -0.095588 1.312835 -0.619428 -0.644213 -0.516390 -0.017845 -0.252633 -0.944560 -0.853576 0.291932 -0.773778 0.190139 -0.641247 -1.285534 -0.113859 1.873176 -1.482766 0.242394 2.051766 0.151692 -1.474603 1.266984 -0.399935 -0.069608 -1.175618
16 0.360152 1.400458 -0.340399 0.653696 0.577835 1.113110 0.006229 -0.986924 0.113204 1.013191 1.601592 0.273317 -2.033323 -0.334774 -0.359973 0.090556 1.799803 -0.323376 -0.360209 -0.903379 0.491443 -0.376597 -2.496093 0.111807 0.582824 0.347617 -1.555966 0.335097 1.396794 0.014007 -0.294358 0.879582 0.044288 -0.213671 -2.111169 -0.667047 1.335691 0.810114 -1.227564 -0.503215 1.025102 0.426479 0.618741 1.193571 -0.755141 -1.646483 -1.042569 0.135932 -2.450405 -1.930818
17 -0.057341 -0.187435 0.069169 -0.786162 0.781099 0.750454 -0.127710 -0.568901 0.493898 -0.313121 -0.448072 1.857329 0.094608 0.150103 -0.586499 -0.326008 -1.658639 -0.676030 1.350334 1.067536 -0.487466 1.779018 0.268639 0.598700 0.255935 1.193349 -0.127977 0.355995 0.912015 0.325820 -1.606741 1.017996 -1.234691 0.535750 -1.079451 -1.015185 0.319162 -1.504118 0.292825 -0.156027 2.014828 -0.409024 0.101097 0.783083 1.091193 0.313106 -0.228828 -1.730107 -0.379514 -0.081755
18 0.640341 0.797596 2.297242 1.890103 0.090390 0.648311 0.322105 -0.665836 0.126274 0.493950 0.743436 4.069974 -0.524130 0.923117 -0.735630 -0.272723 1.847024 1.180188 -1.569486 1.317208 1.363522 0.778303 -1.348915 0.794030 0.709069 -0.492300 1.182326 -0.304800 -0.869846 -1.682661 0.644244 1.385696 0.483681 -0.029223 2.353605 1.273514 -0.844138 -1.189266 -0.801228 -0.273850 0.353751 1.752321 -1.898266 -0.246212 1.540163 -0.358586 0.703671 -0.076778 0.500024 0.606598
19 -0.715957 4.344995 5.252507 4.295278 4.280403 4.926707 5.396282 7.115257 4.589434 4.492049 5.659872 3.402822 6.613224 5.963563 5.643810 5.920406 4.565836 6.161819 5.163976 2.861948 5.397410 5.066445 2.403684 5.272988 4.336457 4.483936 3.662613 3.181175 6.097591 5.518444 5.583964 4.156583 3.914567 6.409146 5.015429 6.885544 3.975658 5.648391 5.050906 6.631374 4.886572 2.558486 4.755328 3.853952 5.984794 5.101762 5.685249 3.864243 5.730216 4.252477
20 0.739583 -1.268651 0.396859 -1.020202 -1.787432 0.533874 0.549739 0.772959 -1.002403 -1.398570 -0.583161 -0.142467 -0.689011 -1.243467 0.406496 0.517205 -0.271262 -0.699426 0.796438 -1.190668 -1.073091 0.832458 0.594928 -0.692710 0.691187 0.719953 -1.227588 0.418563 1.574594 -1.863457 -0.108163 -1.679353 0.053632 -0.449350 0.211705 -0.642722 0.038589 -0.955351 -0.973370 -1.102598 1.016958 1.190209 -0.503595 1.053302 0.024828 0.142772 -0.508135 -0.077962 0.221119 2.151762
21 0.299244 -1.062582 0.736659 -0.035028 0.224497 -0.595082 -0.473216 0.942258 -0.863943 -0.119200 -0.690952 0.585439 -0.027366 -0.225878 -0.316624 0.047421 0.043177 -0.275806 -0.873164 -0.355836 1.650763 1.427855 0.279660 -2.666643 -0.626092 -1.338572 0.894633 -1.660615 1.892479 0.447374 0.389459 -1.904960 -0.949438 0.757722 0.170498 0.071028 -0.549628 -0.653133 0.220807 0.684691 1.124835 -1.730839 -2.244678 0.457497 -0.053294 1.199992 -0.062843 1.237439 0.226639 1.792079
22 -0.462592 4.181718 4.748767 7.125417 4.906441 6.665730 5.266802 4.371113 3.963593 3.275434 7.017270 5.720536 6.075027 5.185078 4.819237 3.236035 5.207983 5.111468 3.953141 6.567541 6.049047 5.825603 4.698940 5.215230 5.470821 4.075205 5.157365 4.736527 4.205401 4.728661 5.169292 6.000408 4.952688 4.646094 6.830485 4.342135 3.713461 6.214238 6.981324 6.203284 4.800402 6.754742 2.789789 4.810243 4.853930 4.882719 4.954177 6.536760 5.080688 5.729673
23 -1.265512 5.158924 6.256597 5.878393 4.027753 5.517867 5.754613 5.519982 5.858889 6.026449 4.639447 2.725666 5.472227 4.160687 5.297333 4.144301 4.057752 6.014615 4.624565 4.936504 3.900343 4.966610 6.701570 3.147651 4.385330 4.591363 5.343187 5.408736 4.700895 3.017673 3.046942 4.255610 5.151201 6.603361 4.402440 3.949909 5.302484 5.065719 5.108663 5.742875 4.439602 4.428219 4.919611 6.261070 5.190996 3.231331 6.262160 4.917438 3.682184 6.211942
24 -0.655520 0.847438 -0.308212 -0.004917 -0.485680 0.214760 0.141068 0.679703 0.431838 0.373713 -0.628340 -0.209382 1.238872 0.578022 -0.988553 -2.139076 0.985817 -0.162418 -0.572504 -0.935760 -4.264082 -0.231861 1.588069 2.063218 -0.214338 -0.412986 1.789800 -1.204516 -1.782628 -0.107259 -0.027206 0.056670 -0.975925 0.280880 0.351423 0.383410 -1.316937 -0.092322 -0.922976 0.730382 1.119256 0.297918 -0.596128 1.795800 0.095313 0.408907 -1.277787 0.074679 1.524859 -0.367553
25 -0.226495 1.832519 -0.251725 -0.036017 -0.858555 3.585519 0.703773 -1.371347 -0.084310 0.705221 -1.078057 -0.109312 0.289828 0.881141 0.010320 0.762463 -0.733963 0.009792 0.281813 1.371166 0.114840 -0.686133 1.321898 0.904291 1.682006 0.183221 0.321506 -0.865373 -1.247482 0.506319 0.482280 1.491099 -0.327770 -1.454871 1.013696 0.002348 0.436492 -0.834275 -1.591633 1.940314 -0.237549 2.275946 0.705459 0.586649 1.044300 1.207378 0.235565 0.186574 0.158942 -0.464810
26 -1.969365 1.459487 -0.767937 1.177516 -1.245455 -1.609420 -0.107290 -0.404029 1.048838 0.614851 1.783978 0.832503 0.598389 0.200014 -1.576592 -0.593523 -1.315887 2.082422 -1.870677 -1.495236 0.253263 0.777135 0.601325 1.024295 0.253351 0.483543 0.024940 1.266248 0.108116 1.084510 0.409204 0.274863 0.399608 0.261363 -0.329314 -0.895150 1.269957 -0.332778 0.466617 -0.690693 -2.543325 0.527999 -1.424415 0.380827 -1.640042 -0.421096 -0.171325 -0.659667 1.403810 -1.856577
27 0.507118 0.991889 -1.900696 -0.657103 -0.171455 0.630217 0.335956 0.149721 -0.816713 -0.175867 -1.295346 -0.426926 0.164762 -0.299913 -0.981459 1.519632 -0.362914 0.568652 0.187931 -3.576903 0.351567 -1.147696 -1.326261 0.090942 -0.849411 1.309581 1.331137 0.831507 -0.441944 0.078826 -0.176772 1.089991 0.912057 -1.608810 -1.046632 0.281895 -0.243216 -0.898549 -2.114973 -0.397734 -1.215018 0.134303 -0.248465 -0.075136 0.017094 -1.771931 1.377111 0.394444 0.933817 -0.700889
28 -0.941243 -0.724904 0.109862 0.980410 -2.237059 0.533972 1.028192 0.602975 -0.558142 -0.743297 -0.003299 -0.222047 -0.435032 -0.208739 0.422776 1.152649 0.746497 0.141666 -1.092943 -0.745323 0.167515 0.255675 -0.269044 1.186185 -1.875686 0.704855 1.452051 -1.523292 0.353328 -0.687935 0.652328 -0.238074 0.967552 0.617493 1.667658 2.013184 -0.539677 0.031412 2.143848 -0.291338 0.360907 0.318705 0.669993 -1.177288 0.797999 -0.709477 -1.744001 0.599080 -1.598670 0.057173
29 1.306015 0.500126 -0.568451 1.622451 0.171877 -1.810289 1.243967 -0.918184 0.317960 -0.986201 -0.622202 0.760113 0.333062 -1.053441 0.495661 -0.169738 -1.812216 -0.861704 1.460003 -0.056189 1.215830 0.532191 0.362281 -0.179917 -0.907342 0.404317 -0.894486 0.494622 -0.392261 0.205286 -0.712158 0.762505 0.823133 -0.150585 0.597579 -0.389865 0.128576 -0.412654 1.115709 0.266379 1.638744 0.590076 0.667251 1.158131 1.634099 -1.846788 -0.142976 -0.600391 1.641543 -1.181225
30 -0.818424 0.945816 0.733955 1.253120 -2.757798 2.809258 -0.447281 1.519501 -0.586130 -1.028874 -1.841389 0.135955 0.780447 -0.156384 0.825076 1.377492 -0.048004 -0.180780 -0.133903 0.224729 -1.569248 0.633619 0.746185 0.920004 -1.607936 -0.979665 -0.716634 -0.952996 0.298936 0.658816 -0.979945 0.931320 -0.043754 -1.657433 -0.261055 1.090797 1.394241 0.488373 0.089677 0.871540 -0.937321 1.625205 1.745070 0.314440 -0.072226 0.336758 0.284638 0.026740 -0.116533 -1.085347
31 -0.298542 1.563219 -2.281621 -0.009426 0.099236 -1.115339 1.683915 -1.895523 -0.011776 -0.578348 0.170646 -0.261135 -0.143170 1.075444 -0.629631 0.003511 0.599766 -1.083013 0.970226 -1.166615 -1.007703 0.469436 -0.544598 1.644296 -0.641980 0.933575 0.909854 -1.461349 -0.556047 -0.203574 1.832055 -0.482565 0.363135 -0.929529 0.836027 0.055987 0.627248 -0.412434 0.369876 0.350138 -0.489388 0.912647 -0.983947 0.699010 -0.209390 1.180813 -0.610739 1.431581 -0.023695 0.312256
32 -0.269812 0.480130 -0.257530 0.335831 -0.147912 -0.872637 -0.375291 2.069982 -0.581261 -0.695122 1.375940 0.134019 -0.980344 0.535840 1.132442 -0.106322 -0.249381 -0.232249 0.893032 0.830157 -0.144030 1.510979 0.889628 1.162665 2.188165 1.461174 0.511803 1.415663 0.470999 0.839002 1.873145 -0.181085 0.083994 -1.036011 0.983196 0.070191 0.970715 0.293634 2.092142 0.176171 -1.362837 0.101219 1.495621 0.256365 0.318560 0.338912 -2.514432 -1.805058 0.440313 -1.623702
33 0.577012 -0.441406 0.509525 -0.063802 -0.162811 -1.093874 0.078341 0.896027 0.362919 0.624091 -0.166358 -1.014769 0.141111 0.095102 -0.734932 0.330536 -0.919504 -0.623592 -1.865891 -1.462253 1.320683 1.295361 1.396069 0.003717 0.351549 -0.161627 0.760566 -1.746283 0.933794 0.079415 -0.749737 -0.175099 -0.113646 0.475038 0.749823 -0.452284 -0.244282 -1.217791 2.213801 1.275171 -0.500916 0.514813 0.397351 0.103631 -0.095925 0.220391 0.168244 -0.121058 -0.602709 0.431715
34 -0.712832 -1.016172 2.089738 -2.129649 -0.199035 -0.794384 -1.464127 -0.099432 0.803033 -0.033542 0.586255 -1.418044 -1.327534 0.171092 -0.711930 0.715245 -0.025799 -1.438793 0.796224 1.560343 0.095252 0.001246 -0.025704 0.640775 -0.430309 -0.968088 -0.508674 1.454353 2.033337 -0.353299 0.265347 1.307351 0.326130 1.042877 0.481639 -1.422473 -0.706462 0.631322 0.877420 2.477818 -0.122956 1.438900 -0.406723 -0.264617 0.076710 0.167450 0.968855 -0.426094 1.272031 -1.418381
35 0.257472 0.424379 0.148252 -0.308212 0.011085 -0.781267 0.440423 -0.082886 -0.776816 -1.170733 1.289860 -0.295951 0.998577 0.185338 -1.339535 0.467409 -1.475290 1.275132 1.128816 -1.050632 0.620554 0.608287 -0.615654 0.094531 -0.843015 -0.965498 -0.877282 0.009034 -0.981741 -0.227661 1.824786 0.470928 -0.418432 1.500029 -2.062009 0.686423 0.643885 -0.018481 0.883728 -0.207113 -0.565636 -1.231423 0.240352 1.946937 -0.221390 0.220920 -0.235814 -0.316924 -0.153096 0.389005
36 1.545204 -0.091643 -1.762256 1.398481 -1.412628 1.640587 -0.740778 -1.631269 -1.063564 0.134588 1.672398 0.505313 -0.566219 -0.342624 -0.882897 0.826923 0.682397 1.048924 1.060557 1.945938 -0.500550 -1.645881 0.178931 0.106567 -0.596474 0.868748 -0.365548 2.053493 1.598006 -0.067882 0.609785 0.673515 -0.341223 -0.403167 -0.204205 -0.000244 -0.030821 0.616961 -0.298522 -0.321147 -1.017622 1.303041 0.057292 -0.625507 0.159327 -1.110360 -2.872372 1.223554 -0.682254 0.303789
37 1.522028 0.550281 1.159824 -0.179302 1.423110 -1.367469 -0.158510 0.484530 -0.836175 -1.278349 0.346882 0.324672 0.803159 0.348655 -1.265063 -0.222780 -0.766136 -0.256454 0.701285 -0.149050 1.483516 -0.008081 -0.528532 0.508501 -0.079776 0.306760 1.920969 0.360936 -0.519795 -0.223581 0.298352 -0.354698 -1.548556 -1.192940 -1.756274 0.114659 0.200685 0.658324 -0.049682 0.357660 -0.288547 0.322922 0.598946 -0.406335 -0.055649 1.136147 -0.055269 0.440251 1.889053 0.425624
38 -1.272925 1.641176 2.838442 -1.059665 -0.276562 -1.949913 0.126853 -1.444354 -0.882428 0.164113 0.399368 -0.409732 0.310066 -1.312337 0.568332 -1.140549 0.874237 -0.038252 1.900193 -0.810245 -2.824929 0.499943 -0.128953 -0.825480 2.336483 1.089052 0.320504 -0.099910 0.115813 -0.419591 1.157124 -0.022836 0.584144 -0.771719 1.019451 0.550270 -0.315620 -2.079351 -0.962110 0.027971 0.750468 -0.882372 1.669848 -0.859366 -1.244801 -0.873735 0.987472 -0.233364 -0.867703 -0.012340
39 0.269755 0.957092 0.404736 -1.681683 0.676333 1.140544 -0.253149 0.019452 -1.625301 2.150434 -2.241164 -1.592945 -2.299159 0.868031 -0.659826 -0.018038 -1.161063 0.347851 0.368547 1.328560 -0.759256 0.119047 -0.543293 0.939884 1.853922 -0.106194 -0.480262 0.584122 -1.482349 -1.255706 2.593179 -0.599669 0.879030 0.838542 1.711556 1.799504 1.451466 -1.686530 1.466700 -2.024755 1.085802 0.061782 1.750445 -0.468870 -1.437580 0.116456 -0.709091 -0.255901 -1.234042 1.516108
40 -1.235768 -0.234546 -0.154378 -1.156556 0.886267 0.418466 -2.170683 -0.305371 0.557556 0.591833 -0.422880 0.883112 0.401792 -1.001466 -0.732782 -0.135935 -0.765561 -2.556734 -1.195094 -0.594091 -0.776600 -0.129986 0.781994 -0.713162 1.431058 1.601136 -1.262322 -0.199322 1.061144 -0.355835 -0.157429 -0.093825 -0.864186 0.285789 0.183387 0.046879 1.917894 -0.369810 2.360326 0.895303 0.665784 -1.161893 0.228365 2.064232 1.575333 -2.067876 0.170612 -0.281169 -1.706994 -1.423211
41 -0.656643 0.669936 0.048248 0.210919 0.714404 0.687207 -0.029443 -0.016293 -0.470629 -0.684688 -1.235414 -0.459168 1.333541 0.479099 -0.780989 -0.016495 -1.253245 -0.805206 -0.162206 1.928149 0.044585 -0.366331 -0.561519 -0.700286 0.644117 0.168313 -0.176731 -0.186367 -0.535360 -0.879933 0.214176 -0.202024 -1.230196 2.131305 1.634506 0.032122 -0.172253 -0.517831 -1.834517 -0.424256 -1.250235 -0.161946 -0.519524 1.776447 -1.161674 -0.536176 -1.594686 1.302469 -0.383413 -0.460170
42 0.109108 1.021614 -0.530009 -0.327240 0.458230 0.361658 0.171149 -1.255401 -0.418728 1.260130 -0.604198 -1.577920 1.313644 -0.433848 -1.309479 -1.636618 -1.438018 -0.710363 -0.613347 -0.556459 0.482489 -1.314070 -0.200460 0.863965 0.713157 -0.012630 -0.954872 0.165711 0.054635 -0.572802 -0.557716 0.474675 0.624510 -0.359983 0.206622 -1.525805 0.849287 0.011948 1.160842 -1.118558 0.343019 -1.249144 -0.916742 -1.199670 -0.061680 0.802860 -0.243072 -0.295878 0.840083 0.952627
43 1.580498 -0.044117 -0.944264 -0.282930 1.292399 0.464008 0.826869 -1.394930 0.785097 -1.388369 0.229465 0.149129 0.110866 -0.332370 0.714984 -1.760170 0.743661 2.220576 -1.231331 -2.355512 1.946951 0.813420 -1.141544 -1.272407 0.486299 0.022824 0.512525 -0.065683 -0.651922 -0.104248 -0.007304 -0.915281 1.371458 1.057582 0.017916 0.325900 0.831246 -0.157704 1.179098 -1.317659 -0.121972 0.321364 2.608048 0.077043 -1.150519 0.948224 0.131619 1.275628 -0.064209 -0.197558
44 -0.141721 0.727059 0.269950 -0.018246 1.100183 -0.187411 0.348682 0.535942 -2.125011 -0.001358 -0.570404 0.072474 -0.955032 1.053607 -1.066919 -0.187220 0.999258 1.409186 -0.572375 0.092224 -0.064194 0.741623 0.681125 -0.374208 -1.297913 1.274892 -0.222664 0.823523 0.064743 0.975966 -1.401403 1.046637 0.649649 -1.890510 0.117714 0.504598 -0.901910 0.903454 1.643320 -0.654031 -2.249656 2.330096 0.317079 0.555358 -0.286197 -0.306458 0.601319 -0.378798 -0.071784 -0.767796
45 1.204003 -0.782988 -0.588594 0.152060 -0.015971 1.409894 -0.804457 0.582455 -0.045371 -0.345417 0.526242 0.109342 0.763834 -0.065827 -0.741173 0.195152 0.481489 -0.396379 0.702122 0.343189 -0.147108 -0.241598 0.450375 -1.091876 -0.073907 0.615712 0.357863 0.415475 0.031596 0.985086 1.008975 0.578440 -0.575871 -1.462118 -2.054032 -0.796173 -0.663188 -1.048888 0.113877 0.180553 0.388068 -0.427735 -0.152593 -1.996729 -0.139382 0.875078 0.075398 -0.663901 1.232332 -0.452456
46 -1.451985 -2.192229 1.221612 -0.035875 0.119356 -0.067252 0.389134 -0.393457 -1.271801 0.377945 1.498590 0.335432 1.130190 0.030732 -0.877299 1.465400 0.715040 0.536371 -0.121441 -2.092385 0.977836 0.176809 -0.176395 -1.143407 -0.999089 -0.198826 -1.177229 -0.659357 -0.845548 -1.348004 0.477697 -0.100301 1.808255 -1.379079 -0.065819 -0.310895 -0.320185 0.268088 0.088526 0.588963 0.344263 -0.243179 1.548324 0.403864 1.377767 0.661083 0.360031 0.301366 1.557686 0.091130
47 -0.904553 1.902044 0.124509 0.317270 1.240812 0.061049 -0.690438 -0.400630 -0.667010 0.076695 0.047605 1.078362 0.279135 0.653125 -0.723552 -1.683803 0.206581 -0.395511 -0.683554 -0.630991 -0.375019 -1.381788 -0.188747 -0.379871 1.342386 0.104847 0.137382 0.812526 -1.976062 -1.310197 -1.439989 1.673337 -1.488630 -0.215880 -0.068386 -0.015187 0.634925 0.188909 -0.126506 0.103989 0.715847 0.796988 0.074764 -0.216867 0.843163 1.153096 0.558479 1.442494 -0.513611 0.523589
48 -1.733373 0.544322 -0.029589 2.500964 0.066270 0.314993 -0.134567 2.031080 -0.266946 0.527773 0.462992 0.144469 1.519694 -0.068452 1.060772 -0.243799 0.932799 0.488513 -0.019120 -1.420863 1.833327 -1.032681 0.978391 0.373459 0.507146 -1.170473 -0.165029 -1.396008 1.206625 -0.512330 -0.983344 1.384746 0.451397 -0.944312 -0.918424 0.884501 -0.781939 -0.181087 0.622847 -0.942054 -0.718198 0.864146 -1.818114 -1.205743 -0.580514 0.498618 0.263124 0.024450 0.474113 -0.549219
49 -0.660748 1.253226 -0.279653 -0.766651 0.390109 -0.833969 1.716468 -1.587616 0.956695 1.258333 -2.267384 -1.177494 -0.386324 -1.998488 1.956566 -1.100961 0.368804 1.249617 1.566989 0.584227 -0.901847 0.765553 -1.012043 -0.620381 0.493723 -1.061799 -1.191355 -0.612876 -0.739061 -0.225022 0.277763 -0.377939 -1.626193 0.697613 -0.537731 0.278453 -1.127602 0.511929 2.162864 1.038049 0.410905 1.277260 1.415455 -0.128848 -0.339700 0.295731 -0.309273 0.831078 -0.566718 -0.400636
50 -0.730276 -0.535388 -0.302907 -3.301516 0.130389 -0.884352 0.515264 -1.397848 0.455326 1.380335 -1.346115 0.816758 -1.034951 0.977753 -1.681672 -0.650929 1.536057 -1.353625 -0.188012 -0.392663 0.792983 -0.427384 -0.517537 -0.417911 -0.336680 0.365723 0.109761 -1.287545 -0.757743 0.136556 -0.959006 0.116429 0.485806 1.289398 0.630821 0.492815 -0.792731 0.522655 1.298573 -0.395931 -0.085753 0.577848 -0.899734 -0.902497 -0.459909 -1.222485 -0.038372 0.330832 -0.399722 1.411403
51 1.252265 1.156352 -1.159298 -0.032113 -0.258094 0.337448 -0.334011 0.102992 -0.419325 -1.644948 1.419796 0.550659 -0.027672 -1.041337 2.241543 -1.179182 -1.468819 0.447943 -1.083586 0.657063 0.316406 2.441879 0.227139 -0.702490 0.406341 -0.564791 0.081511 -0.142620 -0.428736 0.668602 0.092329 1.249904 -0.453519 -1.370889 -1.207077 1.614709 1.641514 0.032668 0.779834 0.054987 0.105348 -2.385094 -0.778815 -0.168777 -0.284517 -1.075680 0.411213 0.742618 -1.195575 0.346359
52 0.048429 2.145572 -1.227220 -1.850145 0.557670 0.740208 1.143749 1.537929 2.586224 -0.789699 1.453461 1.036758 1.164340 0.510285 -0.543710 0.983823 1.245296 -0.536700 -0.044476 1.748879 -1.644720 1.356230 -1.767165 -0.323261 0.092959 -1.136634 0.450831 0.041386 1.813803 -0.446350 -0.738677 -0.945735 -0.313793 0.143490 1.041254 -0.443385 -0.345198 -1.041357 -0.229104 -0.357006 1.946835 -0.708407 0.399217 1.114338 -0.111147 -0.040355 -0.166490 0.641362 0.445166 -2.163216
53 -0.655998 -0.525169 0.840871 -0.380744 -0.108752 1.004921 -0.096073 -0.206179 -1.584394 -0.939086 0.789775 1.140777 0.278960 -1.443828 -1.437500 -0.414298 0.026135 -1.083770 -0.788406 0.979188 -1.172177 -0.466995 0.160987 0.893717 -1.230506 -0.826472 0.289218 -1.538169 -0.148175 -0.764892 -2.342332 -1.379867 -1.238264 1.579153 -1.281019 -0.529873 -1.017076 -0.169952 0.549437 0.680925 0.852047 -0.106381 -0.444466 0.246911 -0.220564 -2.236168 -0.021541 -0.804287 -1.260946 2.196522
54 0.598210 -0.749677 1.132114 0.283684 -0.277161 -0.530936 0.217996 -0.054675 -0.546308 1.271731 -0.455050 -0.371344 -1.167686 1.859971 -0.445238 -0.511542 -1.245331 -1.090352 0.234264 0.371091 -0.212067 -0.738775 -0.511232 -0.917040 -0.053501 -1.148033 -1.983624 -1.361818 -0.199699 -1.392658 -0.314236 1.505325 0.885259 -1.066107 0.143056 -0.405697 0.821965 1.189100 -0.264163 1.560260 -0.414264 -0.257433 -0.692721 1.262826 -0.964360 0.729626 1.318496 0.008442 0.677843 0.163778
55 1.490187 -1.336663 0.873415 0.351996 1.085473 0.161305 -1.611879 -0.664091 -1.554622 2.252320 -0.373523 1.769230 0.688470 0.297605 -0.983356 1.129159 -0.018602 -0.382953 -1.053564 0.027001 -0.772271 1.220142 -0.919734 -0.169683 0.784079 -0.168535 -0.223121 3.208148 -0.054093 0.888474 -0.637510 1.436789 0.448541 0.725562 -0.564411 -1.037009 -0.247183 -0.675462 0.627722 -0.040362 2.483904 -0.087811 -1.004803 0.507014 1.129483 -0.306558 -0.946883 -0.100418 0.406128 1.402009
56 -0.262011 0.099332 -1.330982 0.097921 0.081422 0.293822 1.349966 -0.037858 0.910810 0.651339 -0.727132 -0.719504 -0.816078 -0.820205 -1.412229 -0.677147 -0.437093 -0.153105 0.369337 0.781415 -0.622030 0.148372 0.484463 -0.448639 1.579173 1.513785 0.694982 0.303319 1.057204 -1.636684 0.323983 -1.368538 0.593619 0.304544 -1.205102 0.658861 -0.472978 0.367738 -2.419546 -0.447698 -1.349576 0.033323 -0.216963 -0.620498 0.232334 -1.728557 -1.402208 1.929319 -0.045370 0.387453
57 -1.137090 0.653693 0.172815 0.703130 0.164421 1.562735 -0.293404 1.883833 0.334303 -0.814070 -2.116512 0.342567 -1.609318 0.275167 -0.487469 0.233255 1.129042 -0.249261 1.973985 1.453888 -0.009877 2.057396 -0.922521 1.215247 1.685624 2.047908 -1.425183 -1.145361 -0.703469 -0.290054 0.460400 -1.019573 -0.508332 0.955553 -2.016457 0.110904 -0.067029 0.533634 1.565103 0.739026 0.815496 -0.466291 1.966207 -0.048545 0.315313 -0.924900 0.415983 -0.311582 -0.797977 -0.279410
58 0.120994 0.999934 1.612109 0.346576 -0.168602 -0.048634 0.095201 -1.271244 0.647045 -1.217333 -1.223146 -1.013068 0.489649 -1.142318 -0.923224 -1.239765 0.142889 -1.184882 0.407609 1.115742 2.181055 -0.356184 -0.761198 -0.264784 0.719062 -0.248229 -0.648211 0.686365 1.480649 -0.468163 -1.135381 -0.148980 -0.382372 0.963173 -0.563094 -0.660002 0.497087 0.123520 -1.060153 -1.356123 0.181587 -0.420719 1.151417 1.868075 -1.034399 0.874065 -0.306846 -0.567433 1.674797 -1.378325
59 -0.426228 0.455678 0.245185 -1.362630 0.574741 -1.442711 0.731809 -1.210475 -0.620691 -0.272987 -0.343024 -1.208890 0.113102 -0.951522 -0.075151 0.024012 0.445547 -0.448606 1.028460 -0.832114 1.171025 1.783000 -0.142913 -0.151772 -0.245961 -0.253247 1.210112 -0.728510 1.951507 -0.658325 0.197445 1.402786 -0.226255 -0.631529 0.179743 0.075953 -0.537099 0.128637 -1.130707 1.154214 0.399639 0.343355 0.300392 2.060534 0.233483 1.339152 1.237895 -0.642286 -0.346404 -1.257173
60 -0.935179 0.939449 -0.247899 -1.449653 0.263804 0.695567 0.220374 0.572080 -0.062582 0.575461 -0.362267 -2.981482 0.239305 -1.328535 1.025813 -1.086630 -0.188047 0.027339 -1.498383 -1.583989 1.270966 0.418115 -2.784382 -0.916981 1.683650 0.648534 -1.811619 -1.387788 -0.684717 0.300590 0.063009 -0.999125 -0.313424 1.035218 -0.229061 -0.301237 -0.448057 -0.421210 -0.087392 0.514387 0.221460 2.158253 -0.052432 -0.515874 -1.142782 0.411642 0.441371 -0.665339 -0.558855 -0.939352
61 0.571386 -0.775775 1.597080 -1.145325 1.018830 -1.029075 -0.101042 0.580756 -0.488246 -1.546976 0.233660 -0.006895 0.353290 -1.048582 -0.335140 0.605084 -1.510120 -0.382621 0.010785 -0.178701 1.480747 0.362303 -0.607478 1.359852 0.067011 0.495579 -1.658862 -0.194120 0.243829 -1.046106 -0.277665 0.543807 -0.555802 1.533479 1.210004 -0.300911 -0.710458 2.087634 -2.670866 -0.924724 -0.434482 -1.536023 0.900365 0.677708 -0.122247 0.453723 -0.437396 -0.410893 0.723750 0.419565
62 1.157146 -0.908049 2.397538 1.266584 -1.584545 -0.643788 -0.390287 -0.810035 -0.703637 0.537281 -0.215069 0.764386 0.173030 0.870027 0.215878 0.473252 -0.306699 -0.581224 1.319822 -0.097587 -0.032247 0.251862 -0.978678 0.410122 0.704165 0.474264 0.168635 0.909251 -0.192859 0.394224 -0.997071 -0.173709 -1.597668 -1.375736 0.585831 0.538366 -0.411165 1.286268 -0.681870 0.038913 -0.567381 1.240035 -0.058364 -0.198262 -0.445950 1.394548 -0.586931 -1.111459 -1.187062 0.365210
63 0.139026 0.693341 0.274593 0.263731 -0.624689 -0.027180 -0.327405 0.694743 -0.372805 0.456828 1.303116 -1.115165 -1.060852 -0.896524 0.128195 0.327089 0.008575 -0.132717 0.277157 -1.177996 0.668963 -0.383640 0.338043 1.265557 0.192000 -0.662716 0.640758 -1.105654 -0.493014 -1.186095 -1.222890 0.426787 1.210397 0.747371 -2.843639 -1.225612 -0.435489 0.115206 0.368633 -1.302784 0.577768 0.832739 -0.085557 -0.664492 0.875787 0.248324 -0.065490 -0.801826 0.374035 -1.045607
64 -0.403616 -1.499980 0.274076 1.593019 1.024237 1.034527 -0.425344 0.923526 0.872248 -0.475209 -0.399907 0.015592 -1.778455 -2.395575 1.371981 0.813785 -0.551089 -1.331151 -0.638270 0.696153 1.481207 0.269078 -0.061213 -0.813639 0.229647 2.368657 0.572772 0.091154 -0.353709 1.574756 -0.089361 0.535314 0.914831 0.534949 0.116282 -0.691886 -0.233774 1.991067 -0.482988 -1.384611 0.416947 -0.348929 -1.354326 -0.237824 -0.431347 -0.993420 -0.377738 0.163658 0.936250 -1.825502
65 -0.256105 -0.585348 -2.136822 -1.495164 1.690551 0.254603 0.072552 1.075776 0.424387 -0.613627 -0.036017 1.673979 0.553105 -1.145028 -2.507233 -1.441171 -1.586240 -1.586209 -1.030556 0.433540 -0.345344 1.126371 1.538435 -0.586594 0.265641 -0.772130 -1.388369 0.944313 -0.574799 0.350677 -0.716920 1.000393 -0.256970 0.958274 -0.612068 -0.421981 0.239986 -0.956950 -1.058604 -0.716032 -0.552107 1.022084 -0.536266 0.888430 -0.907427 -0.168166 0.596050 -0.806376 0.461473 0.444996
66 0.377361 -0.925093 1.457757 -1.636740 -0.492817 0.376727 0.159734 0.588466 -1.926075 0.255485 -1.422712 -1.220221 -0.604473 1.236763 -0.952970 -1.003537 1.702759 -1.692467 -0.467957 -1.446355 0.539305 -1.385191 -0.212900 -0.940261 0.250170 -0.240225 -1.433853 0.141272 -0.470446 -0.559536 1.210581 0.620226 0.437761 -0.835792 -0.492815 0.063925 -0.180916 0.245370 0.596117 1.232125 -1.098500 -0.020569 -0.131980 -0.249669 -0.274466 -0.699153 -0.477063 0.133301 -0.726046 0.196757
67 0.603256 -0.602842 -1.498729 -2.676805 1.144663 -0.071457 -0.174337 -0.586069 -0.636742 1.174687 1.175068 0.178329 1.199848 0.462374 -0.878586 1.036398 0.617576 0.145974 1.052122 0.201007 -0.282329 0.727762 -1.356260 0.939207 0.328786 -0.871764 2.122899 1.390544 0.383889 -0.095296 0.378953 -0.394045 -0.761100 0.247229 -1.719638 -0.161910 0.326435 0.368842 0.409360 -0.045893 0.523263 1.020243 0.623414 0.538900 -1.040074 0.926676 -0.708446 -0.340715 -0.822811 -0.060427
68 0.847308 0.439443 0.455923 0.552246 -0.771658 -0.534439 -0.931424 0.258257 -0.318622 1.592082 1.578319 -0.047416 0.727468 0.006398 -0.445411 0.274494 0.833299 0.355582 -1.377113 -1.429172 -0.764427 -1.079530 -0.983201 1.382515 -0.898569 0.206271 -0.304867 0.231525 0.004965 -0.698710 -0.240603 -0.999256 -0.292331 -0.071000 0.705991 -0.392419 0.337855 -1.095950 0.802827 -0.364627 -0.690634 -0.799837 -0.529173 -2.849102 -0.033934 0.194412 -1.893575 0.338395 -0.245379 -0.750039
69 0.593931 -0.881131 1.395587 1.764121 -0.479465 -2.042375 0.275932 -2.662353 0.039254 -0.288258 -0.029887 -0.725998 -0.097666 -0.886535 0.381354 -2.823693 -0.101546 -0.427640 0.374202 -0.352440 -0.606841 0.363582 0.779014 0.107356 -0.553819 -0.382515 0.879919 0.171223 0.646458 2.174929 -1.000476 -0.399462 2.198920 0.786080 -0.188130 -0.421776 0.592897 0.079702 0.390074 -1.456099 0.070901 -2.710096 0.847698 0.084170 1.164690 -0.257729 -0.797297 1.420980 0.143640 -1.915880
70 0.125136 -1.345829 -1.415117 0.115843 -0.021690 -2.080176 -0.356371 -0.691358 0.589366 0.596645 0.187831 0.241070 1.913139 0.616112 0.609631 1.694007 2.171133 -1.402323 0.036911 -0.030434 0.551216 0.093868 -0.251021 0.216874 -0.960207 -0.643580 0.596055 1.062123 -0.107410 0.434361 0.406437 -0.981227 2.201483 -1.498053 0.018835 1.773499 0.144685 -1.028661 -0.348160 -1.037723 0.356224 -0.081916 -0.528070 0.836792 0.139650 -0.526664 1.387992 0.299302 -0.930485 1.177498
71 0.333754 1.682681 0.400519 2.073703 -0.282116 3.260101 0.181804 -0.300762 -1.207645 2.391441 -0.486258 0.116313 1.476240 0.268507 0.731632 0.943040 0.926362 -0.421532 0.321666 0.216690 1.538458 0.531164 -0.504932 1.104094 0.174864 0.899769 -0.708467 -1.977679 0.061568 -0.222962 -1.026217 -0.720423 -0.340995 0.916808 1.810537 0.026038 0.353838 -0.910928 0.154349 1.132444 -0.346788 0.207184 0.914098 -0.688290 -0.340778 -0.842753 1.230186 -0.240136 0.826154 -1.686820
72 -0.225875 -1.778419 1.332184 0.313897 0.433203 -0.854669 -0.506631 0.464457 0.284268 -1.209629 -0.363457 0.087755 0.777874 -0.824516 -0.496826 -0.080812 1.472957 0.684770 0.382721 1.536027 -1.525927 -0.982131 -0.644583 -0.021797 2.641559 0.357097 -0.082881 1.310574 -0.762542 0.031894 -0.622685 -0.163581 0.163384 -0.108667 0.372210 -1.810986 0.457878 0.688216 0.083855 -0.741342 0.784575 0.167812 2.225863 1.814246 0.635201 -0.455441 -0.058210 -0.363776 0.173250 0.066616
73 -1.679276 1.676356 0.092856 2.066303 -1.597165 -1.050203 -0.383377 -0.161646 -0.029275 -2.036981 -1.234035 0.296092 0.267949 0.836002 -0.583109 1.132392 2.197901 0.398865 -0.338504 -3.231574 -0.501223 0.151252 -0.041861 0.345367 0.057234 -0.764209 0.314126 0.896753 1.202435 -0.901999 -1.406412 0.749377 1.128855 -0.539587 0.832403 -0.022880 0.608080 -0.050449 -0.543539 1.136658 0.506634 -0.301346 -2.704616 -1.956915 -0.470735 1.197721 2.080537 -0.456184 -0.250376 -0.866505
74 0.530555 -1.073181 -0.255855 0.846730 0.957445 -0.845212 1.163332 -0.577419 0.489024 -0.602434 1.005192 -0.026262 1.871207 -0.849701 1.660522 -0.647952 -0.164049 -1.105886 3.704869 -0.689443 0.206631 0.067779 -0.439390 -1.045716 1.109963 -0.721251 -1.729368 -0.873056 -0.266832 0.160039 -1.706273 1.230593 -0.832412 0.792716 -0.687894 -0.174492 0.107878 -0.849297 0.337874 -1.191979 -1.112650 -0.646696 0.597735 -0.333935 -1.004620 -0.449096 0.725688 0.833531 -1.090691 1.233043
75 0.859308 -0.012285 0.274473 -0.215531 1.497169 0.368277 1.856411 1.225798 -1.788846 -0.118815 0.489423 0.711475 0.082762 1.092605 -0.352678 -1.441710 -1.683366 -0.390492 -1.094781 0.040980 -1.048785 -0.026496 -2.234090 0.974259 -0.432350 1.455516 0.827836 1.016117 0.487606 -0.865001 -0.296886 -0.137897 0.922274 -1.086482 0.677232 1.806874 -0.183881 -1.610876 -1.715731 -0.452528 -1.289701 -0.508517 0.007467 -0.734154 0.890300 -0.613018 -0.097328 -0.805452 0.834087 -1.940820
76 -1.314157 -0.579930 0.835409 -1.630040 0.058746 0.190335 0.354903 -0.909797 0.161887 0.661252 0.542399 0.591663 0.364919 1.988921 0.970826 0.816142 -0.805914 0.554730 -0.392066 -1.230548 3.553491 0.110866 -0.391008 -0.063514 1.056413 -0.531330 1.160504 -0.578249 1.157987 0.208154 0.288003 1.244253 0.206470 0.331144 -1.462990 -0.569944 -0.059461 -0.411871 0.003129 -1.352432 0.238871 0.108120 0.018365 0.342026 -1.245443 -0.799565 -0.949909 0.173665 -1.128700 -0.606223
77 0.260908 0.465629 0.564249 -0.180464 1.069529 1.429635 0.789770 0.575441 0.363342 0.154230 0.708853 -2.240809 -0.445364 -0.365758 0.021730 1.038783 -1.044607 -0.229602 -2.749573 1.177040 -0.291196 -0.564073 -0.232914 -1.231106 0.588709 -0.603609 -1.974226 -1.375393 0.319831 1.745502 -0.570884 0.075729 0.808901 0.498143 1.172601 0.741370 -0.307947 1.704258 -0.361225 -0.051825 -0.847763 -1.393534 -0.123835 -0.200783 -1.171453 -0.294062 1.116857 -0.297260 -1.083677 -0.524427
78 0.224848 0.516396 1.083344 1.016796 -0.430354 -1.182622 0.094395 -0.395549 1.612767 -0.489520 -1.372044 -0.160527 0.304835 0.449663 0.342129 -0.221180 0.664074 -0.074226 -0.347697 0.551332 -1.835862 0.264274 -0.468846 0.020009 0.822709 -1.514618 -0.193650 0.476245 1.281379 1.485659 0.047336 0.951815 1.427226 -0.542673 0.377562 -0.783429 0.250583 -0.574668 -0.403338 0.435620 -0.969797 0.539971 0.027156 1.805766 0.336113 -0.235496 0.561458 0.333252 0.526317 1.070141
79 1.075757 -1.153572 -1.163675 0.047666 -0.701810 0.652108 -0.260520 0.601839 1.227209 0.707097 -1.998441 2.060229 0.109183 -2.928772 -0.061102 -0.978010 -0.269740 -0.616104 0.971262 -0.527831 -1.393045 1.827968 -0.355726 2.082622 -0.309701 -1.561294 0.859883 -1.366461 -1.195955 0.567958 1.593120 0.142916 -1.371291 0.354093 -0.256758 -1.335006 0.132287 1.149739 0.413223 -1.200932 -0.532536 -0.642823 -0.545928 -1.562058 -2.895979 1.935717 -0.878672 -0.693195 -0.043126 -0.334262
80 0.840374 -1.832799 1.372957 -0.169635 -0.199936 -1.045649 -0.830685 0.738738 0.804047 -0.289541 -0.368784 -1.145419 -1.562289 0.504320 -0.432883 0.011016 0.385684 -0.152307 0.186400 0.639352 0.578718 -1.534380 0.126919 -0.402797 -0.021311 0.989871 -0.494226 0.700533 0.428095 -0.402489 0.354604 1.749433 -0.103463 0.430541 -0.393846 -0.433196 0.711253 -1.122928 -0.058673 -0.275983 1.112990 1.510126 1.501313 1.346321 0.402722 -0.092748 0.907602 -0.723791 -0.297612 -0.501826
81 0.552096 -1.158666 0.645195 0.576225 -0.380590 0.544564 -0.166974 1.448353 0.716080 1.159432 -1.667187 0.765381 1.038101 -0.691696 -0.461397 -1.418157 0.727366 -0.481802 1.234878 -0.006753 0.396344 2.700942 0.810388 -0.700294 -1.047426 1.350698 0.460294 0.378374 -0.738478 -0.012817 -0.042219 -0.315395 0.122884 1.334833 -0.695658 -1.708928 0.238924 -0.751349 1.846060 -0.017494 -0.081234 0.779678 0.735466 -1.522866 0.772256 -0.640934 -0.119374 0.313045 0.774357 0.804242
82 -0.401154 1.242340 -0.367277 0.405995 2.763449 -0.775799 0.998946 0.445211 -1.110406 1.416850 -1.056375 0.364184 0.262907 -0.188140 1.975290 0.675237 -0.169198 -1.265849 1.201149 1.677499 0.221349 0.326376 -0.718456 -1.645052 0.257751 0.173824 -1.910112 -0.285943 0.008948 -0.289637 1.328471 0.538096 -1.065552 1.960562 0.445637 0.456332 -2.476081 -0.841350 -0.665924 1.269544 0.012768 -0.177549 -1.855449 -2.050246 -0.061134 -0.577551 0.498767 0.369706 -0.478738 0.264199
83 0.074242 0.445896 -0.271644 -0.437103 -1.225625 -1.642940 -0.022325 0.234817 0.575429 -1.800934 -1.460813 -0.305263 -0.649233 -2.597710 1.416537 0.105376 -0.216143 0.266845 -1.565775 1.400281 -1.128614 0.102135 0.831019 -0.929468 0.281860 1.114854 -1.399794 -1.393464 0.625477 -0.685915 -0.296498 0.715712 -0.059280 0.845768 -1.169351 -0.295687 -0.562927 -1.228344 2.105292 -0.886159 0.117441 0.501336 -0.097431 2.490845 0.800027 0.243243 -0.734361 0.152624 0.002663 -1.251696
84 -0.372488 -0.478144 -0.064659 -1.328433 -0.039755 1.054856 -0.410713 -1.555243 1.276575 1.293838 0.382974 -0.665602 1.244318 -0.471665 0.671754 -0.182235 0.804188 -1.923779 0.087600 1.096086 -0.713552 -1.217644 1.587751 -0.769545 0.575097 -1.378525 0.314180 -0.450115 0.029048 0.693679 -0.221188 -0.805855 0.828885 -1.356114 0.170618 0.312114 0.126977 -0.032716 0.048791 -0.700980 -1.303654 0.099984 0.308379 1.640244 -1.163254 -0.941631 0.163901 -1.660254 -0.149951 -0.247590
85 -1.513954 -0.883552 0.632329 -0.669901 0.196260 1.530444 -0.811529 -0.446396 -0.076079 -1.716558 -0.756156 0.787623 -0.810417 -2.111024 -0.808044 -1.831413 -1.416745 0.898789 0.775362 -0.469103 -0.984782 -0.611747 -1.207234 0.382918 -1.283099 -0.251960 -0.501999 1.141409 0.781509 -2.058164 -0.046162 0.587113 -1.007756 -0.055064 0.512527 -0.844612 1.518489 0.772493 -0.573235 1.284627 0.399733 0.769461 -0.492751 -0.759877 0.515434 0.565124 -1.110265 -1.088381 1.296276 0.001044
86 -0.271213 0.720602 -0.957346 0.905142 -0.549721 -0.413068 0.486240 -2.782725 0.229868 0.481549 -0.305489 0.881296 -0.498767 1.213702 -0.594392 1.083110 1.809756 -0.990027 -1.230639 0.098240 2.807726 0.076369 -2.608740 1.423993 1.064097 0.820926 -0.631131 -0.117557 0.332704 0.080043 -0.135000 0.229273 0.160656 0.051307 -0.879009 0.812305 -0.210136 -0.878199 -1.045398 -1.292434 -0.934738 -0.639226 -1.103279 -0.402322 -1.010661 0.635569 0.785492 1.285704 1.579561 0.737361
87 0.672444 -1.010579 0.194098 -1.691047 -1.417621 2.173834 -1.342357 -0.148411 -0.559538 0.264419 -0.281420 1.066017 2.768540 -0.229783 -0.150818 0.944677 -0.210117 -2.129185 0.952184 1.267036 0.890102 2.868667 0.332372 -1.036323 0.167687 -0.897711 -0.721627 -1.439141 -0.031011 1.132029 -0.371195 -0.575964 -0.142283 1.890622 -1.526012 0.431204 1.438247 -1.524500 0.720116 0.490622 -0.513400 -0.008213 -1.141253 0.159672 -0.351539 -0.179581 -1.425684 -0.787171 0.257470 -1.275876
88 -0.380826 0.488720 -1.650480 1.398428 1.385266 -1.819691 0.955836 -0.736046 -0.420999 0.582144 -1.084655 -0.235435 -0.878262 -0.327510 0.005163 -0.803585 0.005066 1.131481 1.590842 0.296409 -2.824859 0.494733 0.731531 -1.200984 -1.931999 0.593091 -0.963251 -1.270987 -1.661794 1.792367 0.465378 0.113157 -0.173463 1.287727 -0.517123 0.390420 -1.061927 0.137239 1.013632 -0.593716 1.672494 0.410765 -0.505594 -0.253633 2.186038 -0.206545 -0.915168 -0.472778 0.367405 -0.783098
89 -0.125805 0.578645 1.208565 -0.341370 0.163651 -0.294771 0.243466 -0.758428 0.859561 -0.748927 -0.207385 -0.680488 -0.862279 -1.140813 1.058983 0.905875 2.880548 -0.226807 -0.018924 -1.648665 -0.240881 -1.143760 0.158069 -0.127792 0.464774 -0.179827 -0.979603 0.009844 -0.554814 0.546670 0.647200 -0.294941 0.357809 -0.638447 -0.668708 0.706929 -0.144198 -0.284295 -0.000606 -1.548303 0.506399 0.339300 -0.202454 0.803016 0.656903 -0.397811 -0.161650 0.514834 0.435831 0.463400
90 0.203417 6.105337 3.444677 4.857538 5.412247 4.583181 5.625428 5.002681 5.492306 3.995116 4.851281 5.340783 6.982193 4.188001 4.292493 5.566837 5.524963 5.183695 4.273940 5.474452 3.857841 5.828374 6.746300 5.349965 4.830422 5.138642 5.052525 6.024541 4.244269 4.526416 1.665518 5.648762 4.726823 3.894462 5.980584 5.285689 3.229715 5.492485 4.556544 4.060378 4.664726 6.723094 5.505996 4.127725 3.197465 5.598556 5.492300 7.574129 4.836947 4.011913
91 -0.342879 -0.255839 1.279241 0.723080 0.432748 -0.274546 0.507009 -0.914875 0.798529 -0.872995 -1.231727 -1.606374 -1.077864 -2.190197 -0.223333 -0.544200 0.673184 -1.294662 2.099540 -0.981797 -0.101535 0.725204 0.573415 0.764622 0.628851 -1.754902 -0.615830 1.437421 -1.820376 -0.493028 -1.280653 -0.826587 -0.838412 0.481935 -0.736546 -0.074448 -0.449294 -0.941574 1.579338 -0.087451 0.231079 1.894192 0.008835 0.806820 0.260251 -0.027059 0.841707 0.273771 -0.343500 1.178136
92 -1.255894 1.066146 -0.106635 1.358950 -0.208881 0.550032 0.109442 -1.661997 -1.956312 -1.348404 -0.424022 -0.525424 -0.799484 -0.174522 0.025116 -0.230236 -0.687286 -0.685778 1.063934 -0.091365 -1.360340 -0.307842 -0.615341 -0.455219 -0.957881 -0.538028 0.767263 0.007932 -0.199375 -0.990079 1.792198 -0.659575 0.941439 -0.876218 0.100776 -1.570184 0.412632 -0.587833 -0.368808 0.500994 -0.679393 0.092791 -1.568547 1.063007 -1.680381 0.495457 -1.032854 0.087533 -1.255195 -0.095181
93 0.074280 -1.253582 -1.139284 -0.169822 1.897565 -0.536864 -0.073763 -0.463111 -1.024026 0.095554 -1.619204 0.050046 -1.275605 -0.303842 0.361790 -0.068202 -0.157688 -0.537926 0.163801 0.139239 -1.270984 0.184565 -0.390071 0.914157 0.185085 0.328862 -0.768731 -0.368607 -1.324622 0.054256 0.476370 1.301368 0.690304 1.563922 0.988554 0.897194 -0.242617 1.492839 0.007068 -0.169418 0.626129 -1.085242 1.763066 2.299581 -2.545340 -0.076560 1.425695 -0.071230 1.196277 -0.057947
94 -0.209637 0.915299 -0.955605 0.157814 -1.611874 -1.406194 1.954147 -2.197180 0.707535 0.098097 -1.608199 0.776891 -0.037179 -0.445886 -0.419207 -0.338521 -0.453034 0.288377 -0.478368 1.349494 -0.596405 0.683113 2.114612 -0.983754 0.960858 -0.305560 -0.004866 -0.568017 1.155991 -0.126289 0.916231 -0.409510 0.446618 -1.013380 0.602977 1.683987 1.785878 -0.267876 -0.647505 -1.551996 -0.425899 -1.556497 0.148697 1.445705 0.887369 1.421064 1.022199 -0.774949 -0.409737 -0.342734
95 -0.070611 -0.102182 -0.351024 -0.708561 0.923759 -1.691924 -0.190961 0.224417 2.553233 -0.185928 0.985224 -0.359511 -0.977833 -1.861214 -1.891297 -0.352970 0.882651 0.673118 0.097220 -0.833580 1.323768 0.371585 0.258332 -2.968753 0.497195 0.125378 -1.571304 1.376353 0.510014 1.127689 1.493904 -0.228238 -0.036925 -0.797704 0.274297 -1.518928 0.088208 -0.024438 -0.684479 -1.812674 0.425460 0.031009 0.462889 -0.014418 0.419246 -0.659660 0.439356 0.888366 1.070029 -0.018546
96 -0.477525 1.047048 -0.637902 0.213050 0.014629 0.571835 -0.518169 -1.651117 0.010197 0.881940 0.306769 -0.897577 -0.991807 2.046946 -1.955912 0.014892 -0.021222 1.003755 -0.448990 0.047615 0.197313 -0.259895 0.932652 -0.434453 0.802202 -0.996102 -0.128635 -0.916710 -1.287103 -0.178416 -0.701693 1.934116 -1.081790 0.838342 -2.714161 -1.568137 0.325175 -0.142373 0.634488 -0.537512 0.407719 0.692714 -0.011753 -0.291081 0.348412 2.045712 -0.143921 0.842849 0.179069 -0.022312
97 -0.155794 -0.715233 1.448376 1.143585 0.855147 0.057230 -0.685222 0.686537 0.414648 1.371987 -1.373302 -0.036215 -0.201189 1.626058 -0.829560 -0.019427 0.269539 -1.406245 -1.208823 -0.066374 -1.112276 0.723226 -0.251683 -0.102212 -1.139674 -2.304848 -0.436574 0.329352 0.026763 0.577333 -1.678900 0.304251 -0.877890 -1.338104 -0.383708 1.981200 -1.325390 0.345618 0.001627 -1.251634 1.766882 1.305549 -0.368416 -0.638348 -0.563684 0.497781 -0.355580 -0.174105 -0.204089 -0.623990
98 -0.060385 0.773786 1.074648 1.311592 -0.669627 -1.162771 1.174855 -2.141787 0.266586 1.318555 1.886045 0.635988 1.423725 0.581772 -0.319726 -0.579345 0.824323 1.165042 0.433161 1.129532 1.323009 0.338824 0.311244 1.121882 -0.909080 -1.097623 1.523834 0.044493 0.704508 1.615723 -0.664976 -1.707242 0.521550 -0.381135 0.426772 -0.255204 -0.452487 0.761015 -0.912294 1.001072 -1.615982 1.404707 0.286757 1.666029 -1.598080 -0.285271 0.023665 -0.185813 -0.675458 0.495889
99 0.500120 6.463682 4.227350 4.329486 4.211105 4.208616 5.840533 5.818088 5.424969 5.070969 5.871862 6.799432 1.986815 5.088164 3.114561 6.173136 4.701238 5.040990 2.913623 7.163055 5.859437 5.590426 4.815448 5.978824 3.927734 5.428219 3.692788 4.224997 6.013512 3.222312 6.172015 3.230197 7.157956 5.317748 5.772508 4.641861 4.935605 6.223394 5.567528 4.515751 4.499347 5.127023 7.610739 4.383444 6.393117 5.158602 5.472581 5.536004 3.525781 6.200412
END
#################################################################
SECTION3 (Edges Information)
EndPoint0 EndPoint1 Weight
0 1 1.000000
0 9 1.000000
0 10 1.000000
0 90 1.000000
1 0 1.000000
1 2 1.000000
1 11 1.000000
1 91 1.000000
2 1 1.000000
2 3 1.000000
2 12 1.000000
2 92 1.000000
3 2 1.000000
3 4 1.000000
3 13 1.000000
3 93 1.000000
4 3 1.000000
4 5 1.000000
4 14 1.000000
4 94 1.000000
5 4 1.000000
5 6 1.000000
5 15 1.000000
5 95 1.000000
6 5 1.000000
6 7 1.000000
6 16 1.000000
6 96 1.000000
7 6 1.000000
7 8 1.000000
7 17 1.000000
7 97 1.000000
8 7 1.000000
8 9 1.000000
8 18 1.000000
8 98 1.000000
9 0 1.000000
9 8 1.000000
9 19 1.000000
9 99 1.000000
10 0 1.000000
10 11 1.000000
10 19 1.000000
10 20 1.000000
11 1 1.000000
11 10 1.000000
11 12 1.000000
11 21 1.000000
12 2 1.000000
12 11 1.000000
12 13 1.000000
12 22 1.000000
13 3 1.000000
13 12 1.000000
13 14 1.000000
13 23 1.000000
14 4 1.000000
14 13 1.000000
14 15 1.000000
14 24 1.000000
15 5 1.000000
15 14 1.000000
15 16 1.000000
15 25 1.000000
16 6 1.000000
16 15 1.000000
16 17 1.000000
16 26 1.000000
17 7 1.000000
17 16 1.000000
17 18 1.000000
17 27 1.000000
18 8 1.000000
18 17 1.000000
18 19 1.000000
18 28 1.000000
19 9 1.000000
19 10 1.000000
19 18 1.000000
19 29 1.000000
20 10 1.000000
20 21 1.000000
20 29 1.000000
20 30 1.000000
21 11 1.000000
21 20 1.000000
21 22 1.000000
21 31 1.000000
22 12 1.000000
22 21 1.000000
22 23 1.000000
22 32 1.000000
23 13 1.000000
23 22 1.000000
23 24 1.000000
23 33 1.000000
24 14 1.000000
24 23 1.000000
24 25 1.000000
24 34 1.000000
25 15 1.000000
25 24 1.000000
25 26 1.000000
25 35 1.000000
26 16 1.000000
26 25 1.000000
26 27 1.000000
26 36 1.000000
27 17 1.000000
27 26 1.000000
27 28 1.000000
27 37 1.000000
28 18 1.000000
28 27 1.000000
28 29 1.000000
28 38 1.000000
29 19 1.000000
29 20 1.000000
29 28 1.000000
29 39 1.000000
30 20 1.000000
30 31 1.000000
30 39 1.000000
30 40 1.000000
31 21 1.000000
31 30 1.000000
31 32 1.000000
31 41 1.000000
32 22 1.000000
32 31 1.000000
32 33 1.000000
32 42 1.000000
33 23 1.000000
33 32 1.000000
33 34 1.000000
33 43 1.000000
34 24 1.000000
34 33 1.000000
34 35 1.000000
34 44 1.000000
35 25 1.000000
35 34 1.000000
35 36 1.000000
35 45 1.000000
36 26 1.000000
36 35 1.000000
36 37 1.000000
36 46 1.000000
37 27 1.000000
37 36 1.000000
37 38 1.000000
37 47 1.000000
38 28 1.000000
38 37 1.000000
38 39 1.000000
38 48 1.000000
39 29 1.000000
39 30 1.000000
39 38 1.000000
39 49 1.000000
40 30 1.000000
40 41 1.000000
40 49 1.000000
40 50 1.000000
41 31 1.000000
41 40 1.000000
41 42 1.000000
41 51 1.000000
42 32 1.000000
42 41 1.000000
42 43 1.000000
42 52 1.000000
43 33 1.000000
43 42 1.000000
43 44 1.000000
43 53 1.000000
44 34 1.000000
44 43 1.000000
44 45 1.000000
44 54 1.000000
45 35 1.000000
45 44 1.000000
45 46 1.000000
45 55 1.000000
46 36 1.000000
46 45 1.000000
46 47 1.000000
46 56 1.000000
47 37 1.000000
47 46 1.000000
47 48 1.000000
47 57 1.000000
48 38 1.000000
48 47 1.000000
48 49 1.000000
48 58 1.000000
49 39 1.000000
49 40 1.000000
49 48 1.000000
49 59 1.000000
50 40 1.000000
50 51 1.000000
50 59 1.000000
50 60 1.000000
51 41 1.000000
51 50 1.000000
51 52 1.000000
51 61 1.000000
52 42 1.000000
52 51 1.000000
52 53 1.000000
52 62 1.000000
53 43 1.000000
53 52 1.000000
53 54 1.000000
53 63 1.000000
54 44 1.000000
54 53 1.000000
54 55 1.000000
54 64 1.000000
55 45 1.000000
55 54 1.000000
55 56 1.000000
55 65 1.000000
56 46 1.000000
56 55 1.000000
56 57 1.000000
56 66 1.000000
57 47 1.000000
57 56 1.000000
57 58 1.000000
57 67 1.000000
58 48 1.000000
58 57 1.000000
58 59 1.000000
58 68 1.000000
59 49 1.000000
59 50 1.000000
59 58 1.000000
59 69 1.000000
60 50 1.000000
60 61 1.000000
60 69 1.000000
60 70 1.000000
61 51 1.000000
61 60 1.000000
61 62 1.000000
61 71 1.000000
62 52 1.000000
62 61 1.000000
62 63 1.000000
62 72 1.000000
63 53 1.000000
63 62 1.000000
63 64 1.000000
63 73 1.000000
64 54 1.000000
64 63 1.000000
64 65 1.000000
64 74 1.000000
65 55 1.000000
65 64 1.000000
65 66 1.000000
65 75 1.000000
66 56 1.000000
66 65 1.000000
66 67 1.000000
66 76 1.000000
67 57 1.000000
67 66 1.000000
67 68 1.000000
67 77 1.000000
68 58 1.000000
68 67 1.000000
68 69 1.000000
68 78 1.000000
69 59 1.000000
69 60 1.000000
69 68 1.000000
69 79 1.000000
70 60 1.000000
70 71 1.000000
70 79 1.000000
70 80 1.000000
71 61 1.000000
71 70 1.000000
71 72 1.000000
71 81 1.000000
72 62 1.000000
72 71 1.000000
72 73 1.000000
72 82 1.000000
73 63 1.000000
73 72 1.000000
73 74 1.000000
73 83 1.000000
74 64 1.000000
74 73 1.000000
74 75 1.000000
74 84 1.000000
75 65 1.000000
75 74 1.000000
75 76 1.000000
75 85 1.000000
76 66 1.000000
76 75 1.000000
76 77 1.000000
76 86 1.000000
77 67 1.000000
77 76 1.000000
77 78 1.000000
77 87 1.000000
78 68 1.000000
78 77 1.000000
78 79 1.000000
78 88 1.000000
79 69 1.000000
79 70 1.000000
79 78 1.000000
79 89 1.000000
80 70 1.000000
80 81 1.000000
80 89 1.000000
80 90 1.000000
81 71 1.000000
81 80 1.000000
81 82 1.000000
81 91 1.000000
82 72 1.000000
82 81 1.000000
82 83 1.000000
82 92 1.000000
83 73 1.000000
83 82 1.000000
83 84 1.000000
83 93 1.000000
84 74 1.000000
84 83 1.000000
84 85 1.000000
84 94 1.000000
85 75 1.000000
85 84 1.000000
85 86 1.000000
85 95 1.000000
86 76 1.000000
86 85 1.000000
86 87 1.000000
86 96 1.000000
87 77 1.000000
87 86 1.000000
87 88 1.000000
87 97 1.000000
88 78 1.000000
88 87 1.000000
88 89 1.000000
88 98 1.000000
89 79 1.000000
89 80 1.000000
89 88 1.000000
89 99 1.000000
90 0 1.000000
90 80 1.000000
90 91 1.000000
90 99 1.000000
91 1 1.000000
91 81 1.000000
91 90 1.000000
91 92 1.000000
92 2 1.000000
92 82 1.000000
92 91 1.000000
92 93 1.000000
93 3 1.000000
93 83 1.000000
93 92 1.000000
93 94 1.000000
94 4 1.000000
94 84 1.000000
94 93 1.000000
94 95 1.000000
95 5 1.000000
95 85 1.000000
95 94 1.000000
95 96 1.000000
96 6 1.000000
96 86 1.000000
96 95 1.000000
96 97 1.000000
97 7 1.000000
97 87 1.000000
97 96 1.000000
97 98 1.000000
98 8 1.000000
98 88 1.000000
98 97 1.000000
98 99 1.000000
99 9 1.000000
99 89 1.000000
99 90 1.000000
99 98 1.000000
END
#################################################################
SECTION4 (TrueSubGraph Information)
EndPoint0 EndPoint1 Weight
19 9 1.0
9 0 1.0
0 1 1.0
9 99 1.0
99 90 1.0
90 0 1.0
1 2 1.0
2 12 1.0
12 22 1.0
22 23 1.0
END
#################################################################
SECTION5 (Labels Information)
0 1 1 1 1 1 1 1 1 1 1 1 1 1 1 1 1 1 1 1 1 1 1 1 1 1 1 1 1 1 1 1 1 1 1 1 1 1 1 1 1 1 1 1 1 1 1 1 1 1 
END
#################################################################
SECTION6 (bt Information)
-5 5 5 5 5 5 5 5 5 5 5 5 5 5 5 5 5 5 5 5 5 5 5 5 5 5 5 5 5 5 5 5 5 5 5 5 5 5 5 5 5 5 5 5 5 5 5 5 5 5 
END
#################################################################
