#################################################################
#APDM Input Graph, this input graph includes 3 sections:
#section1 : general information
#section2 : nodes
#section3 : edges
#section4 : trueSubGraph (Optional)
#
#if nodes haven't information set weight to null
#################################################################
SECTION1 (General Information)
numNodes = 100
numEdges = 200
usedAlgorithm = NULL
dataSource = SimulationData2
END
#################################################################
SECTION2 (Nodes Information)
NodeID Base Counts
0 0.321961 0.505732 0.105843 1.598246 0.900714 0.288660 -0.227402 0.774245 -0.322909 -0.874075 -0.084311 2.363291 2.127814 1.511947 -0.231597 1.543033 -1.072489 -0.182840 -2.599194 0.334535 -1.152362 -1.339832 -0.558326 1.620946 -1.636077 0.587856 -0.640723 0.885976 -0.450482 -0.198255 -1.349526 -0.009203 0.082237 -0.771503 0.528769 0.123491 0.412268 1.042185 0.383789 0.226275 -1.442738 0.332443 0.409402 0.939500 -1.345654 0.196870 -0.781293 0.690278 1.264537 0.518700
1 0.203424 0.922877 0.354276 -0.102659 -0.150512 -0.787805 0.107393 1.486607 -0.721448 -0.060707 -0.698305 -0.031054 -0.725806 0.060171 -0.569212 -0.020945 1.274514 0.088375 0.517912 -0.457793 1.241850 -0.413901 -1.127410 -0.410830 -0.138806 -0.303154 -0.654908 -0.094452 -1.190564 0.778950 -0.231064 1.963282 0.324735 1.046745 -0.439170 0.439179 0.743101 -0.701034 -0.641886 1.085900 0.691997 -0.906044 -1.711883 -1.135412 -1.931771 0.563752 0.068706 -1.168683 -0.987628 1.961235
2 -0.541889 -1.658754 1.498087 0.548301 -0.463920 -0.726631 0.390648 0.877166 2.323639 1.207887 -1.192990 -0.284765 -0.687065 0.603220 -1.949761 -0.440973 -0.814103 1.302308 0.284194 0.810727 1.022540 -0.504356 -3.022530 0.159296 -2.590667 -0.393055 0.093725 0.785618 -0.061685 -0.953043 1.410584 -1.023742 -0.985632 -0.336674 0.035940 0.521124 0.576512 -1.215743 -1.951974 -0.196167 2.406756 1.247737 -0.497512 0.768327 -0.889126 -1.678653 1.949827 -0.012870 -1.354974 -0.071086
3 0.600745 -0.639344 -0.562419 -0.617948 -0.741964 -0.374311 -0.043761 -0.498241 -0.048885 0.495213 -0.539784 1.448329 -0.600434 -1.254333 0.030060 -0.862563 0.548361 -0.202986 0.794921 0.920507 -0.807778 -0.007623 2.112357 1.777247 -0.189021 -1.206083 2.396305 0.667152 3.060486 0.282995 -0.228371 0.511843 0.185801 -0.387974 -1.633734 -0.559526 0.832828 0.549621 -0.931642 2.157353 -0.671298 0.026256 0.589569 0.041970 0.150914 0.919737 0.445916 0.992934 -1.123096 -0.255547
4 -0.977670 -0.804338 0.505417 -0.666630 -1.783437 -0.724498 -0.009935 1.458300 -0.106026 -0.075180 -1.535912 -1.530065 0.077690 -0.170137 -1.789367 0.513973 0.311104 -0.472126 -1.873403 -0.397413 1.166969 -0.064306 -1.852900 0.249692 1.759190 -0.375218 -0.624649 0.015317 0.117623 1.941200 -0.116459 0.890657 1.765755 -0.188628 -1.921853 -0.671987 -0.743833 0.485930 -0.690677 0.685788 -0.878823 1.124099 -0.774959 -0.046168 1.277082 -1.496687 -0.556190 0.476513 1.350932 -1.012484
5 -0.464714 -2.114975 -0.219414 1.352818 -0.734847 0.232374 1.864836 -0.147677 0.126326 -0.108518 -0.667964 0.574385 -1.409885 1.023479 0.209019 -0.636209 1.122512 0.543009 0.528086 -0.656452 0.635713 -1.106794 -0.426908 -0.737173 1.177409 -0.320334 1.549166 -0.703868 1.538735 -0.070839 -1.135037 0.661718 -0.223853 0.253031 0.436369 1.161203 0.042904 -2.296719 0.046263 0.158157 1.120088 -1.485060 -0.394900 0.665544 0.102345 -0.059077 2.350222 -0.233026 1.129350 1.002772
6 -1.540165 0.762926 0.541633 -1.135778 -1.172525 0.287429 -0.431258 -0.508401 1.159217 -0.462740 1.544409 0.764664 0.945737 0.523075 -0.451271 0.567103 1.973399 1.208392 -1.046385 -0.711389 1.454511 0.846239 0.841723 -0.598418 -0.539192 1.620078 -0.320176 -0.121092 -0.279615 0.034125 -0.249569 0.357761 -0.882084 -1.185917 -0.167734 0.446816 -0.194839 -1.655732 -0.592397 0.149714 -1.266020 -0.330644 0.484838 0.948938 -2.574636 -0.271662 1.823908 0.800291 -1.013685 1.011821
7 -0.647647 -0.245834 -1.257171 0.155214 -1.569572 1.172661 0.936314 1.044947 0.757359 1.280701 -1.562994 -0.075124 0.916567 0.944616 -0.374085 -1.428041 -1.278775 -1.074626 0.474362 -0.254294 1.413632 -0.549387 -0.183916 0.361509 1.522672 -1.276193 -0.024293 -0.161118 -0.130350 -0.779950 -1.979676 0.226534 -0.096736 -0.251892 0.987614 0.120031 -0.386145 0.117827 -0.313769 -0.123721 0.278317 0.801744 0.147788 1.404722 1.958167 0.539648 0.127146 -0.338936 -0.148489 -0.283287
8 1.273635 1.003104 1.221706 0.723372 1.505021 0.916274 0.644779 -0.447904 1.895000 -0.263835 0.077981 0.069391 -0.999767 -0.994670 -1.031736 -0.346642 0.403270 1.044250 -0.185862 -0.569270 -2.039359 0.806872 -1.471603 -1.814643 0.276919 1.618155 -0.502092 -2.286320 0.247720 1.446675 -0.426570 -0.949821 1.015950 0.797772 -0.130695 -0.064469 -0.406255 0.515782 -0.287454 0.243324 0.210114 0.299851 -0.617561 0.521886 1.513186 -1.704780 -0.946386 0.410152 0.060427 -0.638834
9 -1.332631 1.852299 -0.566409 0.565472 -1.414391 -0.421172 0.673146 -1.577423 0.293001 0.078540 0.834152 -0.035343 0.708070 -0.934533 0.359062 -1.247828 0.026787 0.171012 0.777019 0.569185 -1.097759 0.480610 0.248353 1.566782 -0.019806 0.023099 1.121129 0.366684 -0.836793 0.809066 0.707407 -1.036204 -0.349404 -0.473382 0.286634 -0.749764 1.524360 1.704600 -0.904954 -1.755936 0.659448 -0.558135 0.369289 -0.966185 0.368718 0.484504 0.147256 1.590321 0.819749 -0.396818
10 -0.191212 0.925246 -1.534213 0.646340 -0.133843 0.447817 1.335510 0.499548 0.271738 -0.546233 -0.024791 2.100003 0.710948 1.026926 0.711162 0.331537 -0.152249 0.386410 0.328774 0.730657 -2.120047 1.017869 -0.084201 0.739872 -1.717881 -1.653853 0.654064 -0.235777 0.056088 -0.385697 -1.400205 1.361036 0.045087 -0.183308 -0.753992 -0.387833 -1.107139 0.110168 -1.289367 -0.881328 0.421896 0.354877 0.265948 1.286678 -0.361711 1.260675 0.299031 0.081531 -0.070162 1.956773
11 -0.639349 -0.141246 -0.880327 1.291012 0.149724 -0.688683 -1.332043 -2.228850 -0.140291 -0.480782 0.742362 2.046383 -0.710129 -0.189850 -0.425920 0.998864 -0.319916 0.348334 -2.171321 0.620200 1.001392 -1.408254 -0.912163 0.303683 -1.078555 -0.022163 0.423994 -0.292512 0.259356 -1.599005 0.097452 0.076640 1.242838 -0.061876 0.111616 0.420564 0.480878 1.631973 -1.455495 -0.429891 -1.297653 -0.270725 1.118559 0.305885 -0.277240 -1.516594 -0.717529 0.356580 -0.634897 -1.583754
12 -0.455530 -0.328454 -0.493597 0.583337 -0.240851 -1.383164 1.081574 -0.313800 -0.697598 0.504110 0.360798 -0.363990 0.125433 0.239402 -0.088104 0.106309 -1.031490 0.760980 -0.656470 -0.283540 -0.745667 -1.148664 1.219540 0.091213 1.132940 -0.892427 -1.219717 -0.412034 0.143060 0.232975 0.532670 -2.421747 0.940434 -0.657522 -0.801691 0.227878 0.321996 0.490797 1.641700 0.571721 -0.677764 -0.022672 -1.775971 -0.376332 1.277637 -0.814501 0.530872 -0.510270 -1.388548 0.102230
13 -0.087978 0.947538 0.601068 0.554492 -2.771704 -0.673630 -2.630779 -0.774531 -1.267760 0.423593 0.955133 0.049760 1.033027 0.086147 -0.236356 -1.720351 0.779749 2.814903 0.510026 -0.230815 1.215913 -1.098343 0.916520 0.408590 -0.978797 0.365515 1.522566 -0.030772 -0.169853 0.463836 0.889312 -0.015501 -0.219134 0.585665 -2.095535 -0.379365 0.766935 -0.347587 1.437369 -0.648682 0.109052 -1.908077 -1.504413 0.809851 -1.194513 -1.623742 -1.075581 0.009242 -2.037509 1.222686
14 0.257434 0.378812 -0.312890 0.266931 -0.598568 2.291554 -1.283060 0.428771 -0.283286 -0.957017 0.139411 2.304383 -0.244425 -0.196961 -1.437099 0.133152 -0.100201 1.094124 0.696786 -0.433521 -0.969080 0.437369 0.753458 0.204500 -0.104734 -1.195389 -0.497697 -1.072508 0.759888 -0.078754 1.573372 -0.340309 0.254101 -1.624386 0.120213 1.278821 0.814292 -0.133080 -1.145163 0.085876 1.125254 0.348324 1.566839 0.895298 1.302439 0.397569 0.626991 -1.139762 -0.813973 -0.432572
15 -2.275295 -0.459334 -0.406198 0.500862 0.324532 0.080163 -0.039124 1.261688 0.298764 -1.047518 1.100279 -0.262155 -1.609324 -0.067429 -0.569721 1.093753 0.445676 -0.884768 -0.752701 -0.575808 -0.253675 0.193597 1.823740 0.153748 2.572539 0.998375 0.507988 -0.576921 1.788628 -0.979621 0.225489 0.142582 -0.344720 0.013700 -0.032276 -0.795075 -0.802726 -0.422775 0.984985 -0.461293 -2.296278 1.606585 0.476479 1.620332 -0.545529 1.501369 0.102421 -0.069122 -0.120510 0.808638
16 0.218597 -0.666996 0.594283 -0.285225 -0.910531 -0.644489 -1.370455 -0.739534 -0.353097 0.013502 -0.157127 -1.404913 -0.005667 -1.922333 -0.416625 -0.038153 0.112352 1.401950 0.018236 -0.138682 -0.394579 1.679128 1.822806 -0.161136 -0.135023 -1.344100 -0.336573 1.084773 -0.230888 -0.902952 0.732083 0.313496 -0.700233 0.840189 -0.762248 -1.593004 0.942912 -1.521879 -0.153153 -0.873657 1.480678 0.005922 -0.543946 0.042964 -0.116930 1.469151 -0.269371 0.751225 -1.558742 -0.477704
17 -1.253586 -0.860647 -0.619057 -0.155811 1.159154 -1.009676 0.569466 -0.079890 -0.243324 -1.084829 -1.609348 0.138676 -0.075807 -2.147283 1.218602 -0.620427 0.560608 1.217697 1.759575 -1.379275 -1.230892 -2.161485 0.725008 -1.566827 0.878739 -0.183242 -0.996121 -0.257606 0.612052 -0.675170 -0.279273 0.114310 0.617147 0.813934 -0.216526 1.756658 2.607421 -0.782941 0.845841 -0.239033 0.542002 -0.216818 -0.555267 -0.060214 -0.632860 -1.477895 -0.354862 1.664585 0.536777 -1.055670
18 -0.481411 2.182299 1.379437 0.389467 2.019565 0.201277 0.087450 0.288395 -0.513969 0.611581 0.777633 -0.464989 1.436247 -1.579669 -0.939712 -0.011244 1.201209 0.618182 0.137142 -1.055892 -1.410385 0.472716 -0.204589 0.831305 0.310493 -1.775074 -0.655963 0.510083 1.710247 0.630838 0.925331 0.619011 0.591389 -0.950180 1.307693 0.638695 0.910907 1.630843 1.535300 -0.467134 -0.799441 0.656416 1.409995 0.007873 1.632892 1.924649 -0.321598 1.106294 0.845819 -1.392883
19 -1.073368 0.176581 -0.973325 -0.458968 -0.339042 -1.156087 0.418836 -0.758582 1.056274 -0.846361 1.896110 1.319665 -1.506215 2.440543 0.501294 1.109647 0.284685 0.292008 -0.876384 1.110145 0.635179 1.272492 0.186771 0.297686 0.455391 0.180099 0.304535 -0.212240 0.178598 1.976287 0.906762 -0.563998 -1.214337 0.530659 -0.851237 -0.830385 -0.110720 -0.499333 -1.573783 -0.953075 -1.081078 -0.562122 -1.003830 -1.412113 -1.334423 0.799575 0.381306 0.311898 1.378444 -0.232668
20 -0.831783 0.798011 -0.536414 1.720308 0.210801 0.230595 -0.440778 0.597111 1.408771 -1.586163 1.250361 1.838357 -0.506164 -0.383438 -0.155728 0.429201 -0.853201 -0.668301 -0.477569 -0.108990 0.224076 1.645344 0.083302 -0.500623 -0.056189 1.359768 -1.019266 -1.826182 -0.017105 -0.028203 -0.549005 -0.218665 -1.422310 -0.211396 0.369744 -0.439616 -0.062578 -0.324072 -0.120520 -0.305291 0.362731 0.163748 -0.435236 -1.472634 -1.766401 -0.281712 -0.568507 0.287491 -0.293449 0.087437
21 0.229575 2.095984 0.045360 -0.513306 0.263540 0.222669 0.269397 -0.801604 -1.059896 1.627857 1.018057 1.140255 -2.039600 0.234789 2.055091 1.135474 -0.454090 2.092771 -1.045470 0.296083 -0.232900 -0.660854 0.041223 -2.601913 0.626483 0.063832 0.192873 -1.755097 1.317944 1.339328 -0.736700 0.113175 -1.421007 0.691878 -2.147939 -1.388424 0.686786 1.478464 0.481450 -0.140993 0.389091 0.290452 -0.851241 0.619378 0.923388 -0.053415 2.684402 1.412026 1.430788 -1.108660
22 0.109957 -0.931386 -1.553708 0.919964 -2.211033 0.434832 -0.635738 -0.435316 0.656470 -0.503520 0.591998 0.310798 -1.983461 -1.849478 0.676769 0.482756 -1.044849 -0.434976 -0.492836 -0.001406 0.505539 0.230374 -1.974425 1.484464 0.841834 1.229154 0.764333 -0.544596 -0.391906 0.296537 -0.824074 -0.679869 0.347656 1.448170 -0.277419 -0.814629 0.465942 1.405102 -1.606018 0.064695 -0.555979 1.256349 -0.514792 0.031041 -0.321911 -0.634460 -0.152318 0.101026 1.115117 -0.968355
23 -1.901161 0.843105 1.264702 0.129849 -1.242072 0.707592 -0.617107 1.167716 -0.393683 -1.176230 -0.585407 0.253086 0.412099 0.769962 0.822556 -0.246058 0.689872 0.645595 -1.565823 0.234930 -1.087176 -0.566236 -0.710408 1.725679 -1.058927 0.638784 0.526920 -1.086963 -1.436122 -0.542278 -0.477328 -0.035360 0.126322 -0.445289 0.712771 -0.432610 -1.099088 -1.050850 -0.768484 0.875732 0.990271 -1.663820 -0.751249 0.408815 -1.102307 0.740820 0.393327 -0.922757 -0.178945 1.292771
24 1.464774 -0.850714 2.622461 -0.309118 -0.052125 0.434797 -1.824223 0.671247 -0.072365 -0.288859 -1.474787 -1.026224 1.234184 1.476165 -0.614654 -0.624999 0.456092 -0.925585 0.524494 1.207504 0.217314 -0.652739 -0.408985 0.306045 0.374568 -0.058754 0.763040 -0.430927 0.914254 0.145963 0.126584 -0.413768 0.310710 -0.753886 0.255688 0.475656 0.290787 1.235459 0.159536 -0.866920 -0.401711 0.444915 -0.324611 0.118156 -0.693004 1.298889 -2.416311 -0.918048 -1.136707 -1.232821
25 0.309959 -0.032416 -0.170438 0.792699 1.433135 -1.204132 0.496316 -0.264563 -0.706784 -0.594660 0.717142 2.425490 0.253015 -0.494061 0.662877 0.369292 -0.703893 -0.279252 -0.042368 -0.988796 1.116055 0.703321 0.635558 -0.056581 0.131342 0.008243 0.203490 0.051414 -0.974373 0.931560 0.364787 0.976408 -0.680923 -1.264322 -1.074756 -0.968908 -0.367985 1.673761 1.082556 0.279841 0.108794 0.148219 1.630152 2.097227 0.071407 -0.342318 -0.075755 -1.065733 -0.219692 2.060359
26 -0.861808 -0.537706 -0.127042 0.702994 -0.093533 0.640908 -1.403927 0.233222 -0.070383 0.334085 1.700167 0.134927 1.007216 -0.156856 0.138656 -0.443696 -0.437857 -0.194510 -1.009070 1.520846 -0.474609 0.325121 1.233554 0.084722 0.778619 1.178226 0.284451 -0.758695 0.697549 -0.742110 -1.039809 0.465281 0.641968 -1.240996 1.490055 -0.190988 1.217946 0.067141 0.102306 -0.370965 -0.576702 0.620898 -0.268747 0.283517 -0.192979 0.103400 1.251686 -0.722655 -0.170787 0.896962
27 -0.646077 -0.481103 -0.988229 -0.884877 0.137232 -1.787614 0.109938 -0.578289 1.891193 0.304546 -2.136048 0.638472 -0.110324 1.014191 0.249042 -0.205124 1.717769 1.470246 -1.323714 -0.250106 1.251685 -0.815602 -0.412310 1.654003 0.352118 -0.747778 1.252385 0.130650 -1.545647 -2.248358 -0.167341 0.329067 0.395061 -0.755644 0.748253 0.181225 -0.850026 1.168224 -0.130939 -2.021232 1.602886 0.373963 1.736240 2.101926 -0.604173 0.517903 1.078259 -1.798768 -0.256785 1.270513
28 1.713171 -1.134768 -0.313213 -0.071943 1.955994 -0.217289 0.146749 0.835457 0.717024 -0.287916 0.772466 0.648916 -0.829945 -0.914823 -0.947057 0.232586 -0.830827 1.357936 0.244305 -0.774316 0.179662 1.229873 -0.611689 -0.647306 -0.021747 -0.553571 -0.565655 1.009091 1.704024 0.455575 1.915425 0.749814 0.859222 1.304906 -0.327413 -1.795105 1.146049 -1.607699 -1.437607 -0.595514 0.954410 -1.499714 -0.616152 0.844006 1.299366 0.217649 -0.609451 0.048320 -1.607010 -0.278497
29 -0.490944 0.426703 1.500894 0.242365 0.169780 -1.056591 -0.941827 0.203802 0.436715 0.641156 -0.684594 0.544765 0.130952 -0.891408 -0.348635 -0.210045 0.110294 -0.051801 0.907660 0.144461 0.654655 -0.390466 1.921217 0.915466 1.046093 1.326850 -0.856248 -1.265529 0.267546 0.021354 -0.576537 -0.465202 1.626494 -1.652639 0.954368 1.136366 -0.037433 -1.133640 1.370414 1.331737 0.308040 0.007364 -0.196727 0.514187 0.339849 0.428439 1.382195 -0.575880 -0.370363 0.256893
30 -1.044286 -1.522025 1.096346 -0.255337 0.230353 0.916867 -0.307873 0.660539 0.203427 0.752746 -1.531765 -0.400230 0.073839 1.132998 0.252724 0.010634 0.312465 -0.214142 -1.195378 -0.567424 -0.110093 -0.138299 -0.162065 0.301109 -0.182820 -0.483897 1.506349 -0.082518 -0.044516 -0.277148 1.212767 -0.202076 0.594076 1.004047 1.489922 0.468400 0.491867 -0.941963 0.421347 0.990764 -0.214983 -0.985615 0.942088 -0.752711 -1.591254 0.707755 0.249359 -0.993315 0.009016 -0.043511
31 -0.052589 0.523780 0.032207 0.813812 -0.479018 1.048961 -0.050962 0.447112 1.141078 -0.023441 -1.910197 -2.255236 -0.615670 -0.866188 -0.791076 -0.912131 -0.201230 -1.222291 -0.915761 -0.819740 -1.392387 -0.219215 -0.113239 0.762645 -1.773123 1.653048 1.483449 0.749243 0.981073 0.701638 0.872842 0.383613 0.565897 0.938504 0.591353 -0.957085 -1.058777 0.360212 0.657033 0.667624 0.503047 1.145181 -0.138895 0.570238 -1.857422 -0.805087 -1.055927 0.379972 -0.248327 -0.216615
32 -0.008759 -0.472106 -0.995958 -0.622296 -0.128394 -0.104435 -0.272778 -0.731654 -0.121721 -0.324371 -0.070093 -0.955199 0.222794 0.343061 -0.596838 0.043379 1.837894 -0.621118 -0.813668 0.181302 -0.749875 -0.403213 -0.286802 -0.206947 -1.972329 1.054900 1.381556 0.918617 2.076194 2.337205 0.546567 -0.180518 1.175906 -0.048349 0.434294 1.898086 0.332800 1.300882 -1.299850 1.071572 1.351371 0.988962 -1.275504 1.083430 -0.094328 -0.567200 1.678847 0.761294 0.106212 0.078680
33 -1.036385 -0.947205 -0.126934 -0.311035 -0.241351 1.224390 0.771335 -0.618732 -0.776748 -0.362500 1.203238 0.042728 -0.329341 0.904643 -0.138574 -0.786662 0.634482 1.383829 1.353772 0.167639 -0.115885 -0.900987 1.195637 -0.221361 1.235229 0.275114 0.275561 -0.898941 -0.882840 -1.294174 -0.760616 0.775810 -0.700402 0.401075 -0.812178 -1.625670 -0.042682 0.597581 -0.508284 -1.218811 0.580454 1.128750 -0.178126 0.228154 -0.920716 1.752554 0.253884 -0.623987 -0.715175 1.677895
34 1.280959 1.098018 1.223671 -1.462373 0.220460 -0.701372 -1.152377 -0.099331 1.958735 0.527968 -1.194437 -0.029110 -0.974457 -0.191397 0.529514 -0.560794 1.464470 1.573349 -0.331049 -0.195075 -0.854681 0.072626 -0.167404 1.129625 0.124458 -0.289542 2.175178 -0.428651 -0.154752 -1.092989 0.508157 0.402224 -1.731989 -0.875844 -0.808674 1.220091 -1.578572 0.002671 0.202183 0.988881 -2.583669 -2.034607 1.326985 -0.565626 -0.034971 0.763293 0.249067 2.241480 1.682703 0.146240
35 1.489997 0.096952 0.599840 -0.805389 -1.798527 -1.786969 -1.021906 0.621956 0.045224 0.921661 1.546406 -1.591846 0.171677 2.284418 0.252856 0.280053 -0.247380 -1.074446 0.396319 0.761999 1.039517 -0.325947 -1.020856 -0.969440 1.101201 1.755205 -0.005940 -0.334422 -0.034256 -0.398072 -1.698940 0.203526 -0.836735 0.694176 -1.032306 1.145184 1.025372 -1.072701 1.355666 -1.246366 0.578552 0.219093 0.919725 -1.520132 -1.643457 0.692181 0.380453 -0.788658 0.630178 1.096678
36 -0.447141 0.765576 -1.851336 1.604648 0.510988 -0.639437 -1.378812 -0.641585 -0.955883 -0.550792 -0.762376 -0.394546 1.161291 0.993688 1.176423 0.584535 -0.225333 0.079855 -0.211362 2.514672 1.205554 -0.455293 -0.178073 1.266366 1.170223 1.882951 0.105968 -0.078239 0.813680 -1.709014 -0.798699 1.531234 1.368925 -1.172450 0.123877 -1.499114 1.680380 0.906304 0.824238 0.909157 0.044029 -0.038391 1.061677 0.719349 -0.661566 -0.667227 -0.150687 -1.614997 -0.750475 0.731368
37 -0.364567 -1.074091 -1.374871 0.661021 0.518182 1.368507 1.299686 -0.439508 0.053544 -0.545434 0.746518 -0.202122 -0.047073 0.971308 -0.333901 1.335675 0.734217 -1.141734 -1.417590 0.414504 -0.235315 1.101077 0.552547 -0.435084 0.172141 0.344789 1.044702 -0.315663 0.189576 -1.286393 1.810523 0.979944 0.527640 -0.069066 -2.112596 -0.942188 -1.865003 1.148894 1.307724 -1.400338 0.080796 0.153601 -0.645885 1.714200 -0.233598 0.271667 -0.135164 1.402214 -0.157178 -1.012181
38 0.643624 0.959466 0.706192 1.385834 -0.308609 -1.009640 -0.524206 1.436544 -0.229501 -1.407151 -2.016305 0.806569 -0.488292 -0.279732 0.995769 -0.359614 -1.212785 0.129394 -1.381145 0.891009 1.907381 0.121324 0.378196 0.123507 -0.136641 -0.319068 -1.414444 -0.327187 0.214621 1.461504 1.370388 1.748601 -0.099732 0.207832 -0.646149 0.296468 0.785730 0.614693 -0.577712 0.451734 -0.420172 -0.535348 0.046923 -0.819340 -0.403122 -0.464322 2.085071 0.346481 1.125663 0.061336
39 -1.038437 -1.280894 0.536494 -1.056436 0.486740 0.684966 0.487156 -0.806714 -0.623581 -0.446515 -0.453933 -0.345256 -1.594305 -0.448888 -0.496014 -0.054190 0.558198 -1.207670 -0.237594 -0.833368 0.127911 0.689272 -0.276589 -0.189455 -0.537950 0.523011 0.452030 -1.139304 -0.176546 0.159330 0.154535 1.234891 -0.666978 -1.069357 2.141580 -1.361435 -0.851099 1.605682 -0.644943 -0.471272 -1.616444 0.507403 0.267901 0.693468 -0.586789 -0.378121 0.675971 0.677245 -0.723806 -2.032229
40 -0.070031 -0.972812 1.342535 0.632070 -0.114038 -1.597969 -1.611893 -0.706967 -0.747455 -1.135448 0.020608 -0.118291 -0.426780 1.048796 -0.723782 -0.408731 1.939630 -1.266808 2.267562 2.685457 -0.761303 0.626915 -0.606260 -0.054327 -0.928180 -0.676458 0.203797 0.009017 0.414338 0.504752 -2.388500 -1.086035 0.537234 -0.393953 -0.667232 0.555053 0.516425 0.449843 -1.024914 -0.891617 0.007286 -0.278460 -0.126716 -0.868037 1.348259 1.431733 -0.743136 -0.368032 0.159461 0.020127
41 -1.073963 1.539392 -0.717098 2.271831 0.244552 -0.647349 -1.133048 0.263923 1.409375 -0.130049 -0.886827 0.231903 -0.274189 0.514917 0.476111 -0.334797 -1.325586 -2.546102 0.861056 -0.160208 -0.327944 -0.855356 -0.145897 0.113291 0.529549 -0.284155 -0.658058 0.847240 -0.408713 -0.928191 -0.389306 -1.573653 -2.843535 1.894613 0.325329 0.247747 0.058397 -0.152773 -0.928656 -1.494388 0.767188 1.618164 0.093630 0.756474 -1.330661 0.318203 -1.050133 -0.562596 0.114105 0.734460
42 1.735423 1.253675 0.249940 1.143357 1.844293 -0.298135 1.861131 2.089326 2.743107 0.285880 -0.284601 -1.199568 0.286265 0.482365 0.215730 0.573479 0.253410 -0.620457 0.112106 0.670338 -0.647910 -0.050966 0.499525 -0.937863 -2.001548 1.786462 1.507464 0.209017 -0.489813 -1.298267 -0.598270 -0.236556 1.918774 0.810819 0.529987 -0.275184 0.796818 0.333211 -0.831560 0.038940 -0.997688 -1.085122 2.180127 -0.657845 0.697635 -1.700346 2.463335 -0.511687 -1.675405 -0.923177
43 0.582748 0.394803 0.013403 1.287342 -0.184969 -2.036035 0.570736 0.007529 -0.203645 1.144126 -2.132295 1.093404 0.872407 0.872276 0.465003 -1.425975 0.098898 -1.313662 -0.625676 1.183211 -0.584649 -0.288060 0.994321 -0.037805 1.315446 -0.614496 0.910919 -0.131951 -0.766450 1.009485 -0.926987 1.107660 -0.094964 1.353767 -1.509496 0.104123 -0.770445 0.473045 -0.097697 0.639959 -0.275585 -2.186809 0.082469 -2.014814 -0.623664 1.131016 -0.007310 -1.708542 -0.304351 -0.011711
44 0.247895 0.276314 -0.976043 -0.603762 -0.442643 0.449558 -0.132597 0.439647 -0.660911 1.952000 0.007251 1.318762 -0.907519 -1.771634 0.929626 0.831712 0.355721 -1.460789 -0.219245 -1.596628 0.241379 0.285865 -2.937403 0.423686 -1.017456 0.758818 1.511871 0.452416 -0.666281 -0.946603 0.488055 -0.564794 -0.445433 -0.051975 -1.681546 1.666258 -0.053715 -0.897410 0.492956 0.242426 2.320891 0.321346 0.329487 0.581552 -0.327359 -1.080642 2.191279 0.057282 0.835199 -0.555378
45 -0.669425 -0.844388 1.176490 -1.325290 0.995661 -0.985544 -0.878616 0.373267 -0.481003 0.845067 -0.242144 -1.607119 -0.717295 -0.229985 0.057620 1.231652 -0.936275 0.831224 1.920503 -0.023734 1.144001 -1.520757 -0.804055 -0.650735 0.023027 0.181601 -2.936214 -0.498301 -0.453621 1.379979 -1.489777 0.943061 -1.167011 -0.018937 -0.501462 -0.982887 -0.730717 -0.840888 2.770508 1.287963 -0.570672 -0.163185 0.480466 0.777043 -0.486000 -0.098893 -1.338850 -0.330086 -0.265624 -0.123800
46 -0.329495 0.749231 -0.607418 0.692499 -1.848161 -0.311228 -0.798532 0.439266 0.705742 0.155828 0.468588 1.023153 -1.670468 0.250617 -2.254568 0.490159 -1.655237 -0.040965 -0.725653 0.890615 -0.746588 0.291722 0.611459 -0.245790 -0.354132 -1.082103 0.119947 0.657992 0.508230 -1.871202 -3.872307 2.018451 0.630727 1.714160 0.104704 0.908388 0.930546 -0.200688 0.999599 -1.024120 -0.438268 0.428807 -0.856418 0.148509 0.116930 -0.347084 0.709506 0.280459 -0.962649 -0.869892
47 -0.197882 -0.305104 -0.542900 1.537731 -0.110240 1.648725 -0.607614 -0.090695 -0.986631 0.546843 -0.234660 0.267433 -1.438412 -0.357368 1.044491 1.461777 0.388075 -0.716560 0.518914 0.878249 1.639579 -0.189054 -0.538075 -0.103838 1.097003 0.916743 0.049233 -0.618892 -0.933566 0.831044 0.045884 0.947798 -1.001581 -0.054128 -0.620203 -0.863772 -1.794612 1.591878 0.857668 -1.215783 0.274427 -0.448748 0.718017 0.166600 1.172610 1.078848 1.234006 1.533801 0.800320 -1.857955
48 0.529726 1.255917 0.080074 0.183722 -1.302293 -1.332302 0.282628 -0.259308 1.973291 1.702044 -0.254455 -0.021261 1.607716 0.077108 0.921405 -0.410979 0.863470 -0.453730 0.318039 0.181209 -0.750031 2.307224 0.206975 -0.527267 2.423984 -0.143270 0.105618 -1.007329 -0.304112 0.011335 -0.734540 0.234020 0.660325 -1.597021 -0.159029 -0.608599 1.173480 0.627159 -0.070068 -1.360957 -0.764139 -1.561298 1.085876 0.526449 -0.950201 0.702162 -0.727764 0.786003 0.911009 0.726519
49 0.132036 1.000828 0.327774 -1.666198 0.045274 -1.084027 -0.539198 -0.823335 0.674832 0.001282 -2.261397 0.620803 1.280122 1.527952 0.597417 -0.010250 -1.008238 0.606511 -0.619970 0.668234 -0.994588 -0.447274 -0.533971 0.690286 -0.597603 0.074914 -0.946796 0.022653 0.322811 0.935049 -0.805453 0.414681 0.068344 0.283022 -0.395159 -0.841136 0.688792 -0.998005 1.677200 -1.245087 0.133711 -0.787832 -0.688046 -0.265375 0.030503 -0.796077 -0.027403 -1.272145 1.912123 0.069327
50 -0.203527 0.650364 -0.900890 0.244200 -0.263727 -0.164015 1.417651 0.379288 -0.054602 0.260767 -0.737619 -0.257791 -0.020390 -0.576350 0.428562 0.030174 0.624960 1.669818 -0.377356 1.059043 -0.387499 -1.058059 0.180966 1.726286 1.064784 -2.666467 0.856057 -1.625815 2.041315 -0.745573 0.715793 0.425625 -0.064573 -1.642148 -1.288130 0.310819 -0.801459 0.403650 -1.215562 -0.121354 -0.259646 1.236007 -0.731591 -0.175418 0.240685 -1.274861 0.081212 -0.792534 -1.489550 -0.217276
51 1.423165 0.803637 1.413217 -0.098448 -0.002930 0.408135 -0.834372 -1.483244 -0.595979 -0.773600 -0.990229 1.689454 -0.578570 0.997038 -0.657035 -0.421387 -0.399097 0.528517 0.246958 1.651473 -2.146921 -1.688968 0.529678 -0.963962 -0.030526 -1.474420 -1.541087 1.666554 -0.615758 -0.793183 -0.379001 -0.845281 -0.124321 0.457498 -0.257543 -0.827875 -1.315919 -0.358003 0.758441 0.096518 -1.025798 -2.323627 -0.725510 0.414676 1.190948 -1.325827 -0.866068 -1.645319 0.465774 0.349957
52 1.763539 0.480366 1.490920 0.537057 0.380718 -0.898322 -0.149943 -0.523338 1.548161 -0.824784 -0.793213 0.173485 -1.431622 1.728085 -2.038529 -0.623023 0.252902 -0.795246 1.450561 1.059745 0.278782 0.160349 1.457056 0.156754 -0.161452 -1.138765 2.093258 -0.602531 0.791628 -0.746798 0.832006 -0.350243 0.256386 -0.419597 -0.344104 0.672697 0.540080 -0.034685 0.102209 0.977512 0.055553 -1.518671 0.565630 -0.054170 -0.370039 -0.790675 -1.152939 2.916366 1.279567 -0.746255
53 -0.156041 -0.092124 0.432000 0.083127 0.046808 0.519523 -1.311563 -0.078439 -0.987854 -0.224299 0.423144 0.081955 0.742899 0.301751 1.399196 0.175779 -0.038641 0.666437 0.278764 0.662943 1.151104 -1.270474 -0.513440 0.126337 0.646746 0.347693 -0.385601 -0.996118 -0.522030 -0.437840 0.218008 0.940239 1.892193 -0.254302 1.317946 0.439727 -0.744211 -1.692201 1.193158 -1.806873 1.216778 -0.575667 0.667168 -1.191807 -0.896200 0.627376 0.128151 0.327870 -1.044014 -1.123406
54 -2.223042 -1.142936 0.461914 0.499796 1.218231 0.370675 0.544629 -0.029993 0.604908 1.072233 -1.175323 1.643912 -0.638768 -0.593148 -0.916614 -0.577551 0.168670 -0.828538 -1.003798 -0.033211 0.139446 -0.364794 -1.818574 1.450501 -0.523461 -0.151624 0.272140 -0.069275 -0.911824 -1.744198 -1.146151 -2.170243 0.382445 0.108536 -0.872374 1.070638 -1.248571 0.659666 -1.519543 0.384987 0.163468 1.021076 0.501250 1.536243 0.431932 2.037763 -0.192135 0.204457 -0.304334 -1.599071
55 -0.469523 0.616656 -2.608379 -0.329325 -1.342946 -0.529455 -0.330274 -0.759605 -1.598707 0.752500 0.376427 -0.567254 -1.100172 -0.580014 0.789227 0.650345 0.042522 -1.138876 -0.806076 -1.169629 0.796387 -1.155574 0.565745 -1.826742 0.491767 0.487276 -0.475426 -1.444150 -1.267502 -0.620516 -1.257751 0.351972 0.465125 0.313603 -1.655653 -0.897027 0.359507 0.684404 1.503122 0.198398 2.306440 -0.556905 0.371291 0.340335 -0.094711 1.694975 -0.017702 -0.299410 0.275248 0.547319
56 -1.404255 0.326099 0.645935 -0.555716 0.944833 -0.528922 1.272686 0.788606 -2.137456 -0.295160 -0.763138 -0.286745 0.300827 -1.061589 2.308636 0.242178 0.908843 -0.278778 0.071329 -0.353396 1.029482 1.116931 -0.140937 -1.079064 -1.607451 2.081116 -1.689351 -1.310086 1.064041 0.329091 -2.262689 -0.611369 -0.680488 0.324998 0.553364 -0.120162 0.250991 1.347869 0.147963 0.087185 1.580589 2.262056 1.147509 -1.787909 -0.355128 -0.473428 0.314614 0.376014 1.381970 -0.158412
57 1.631570 0.832845 0.999769 0.477370 2.072137 -0.695681 0.844628 -0.874175 -0.366176 1.127593 -1.085893 -0.438692 1.855488 -0.144773 1.292634 0.878091 -1.674881 -1.426409 -0.983774 0.680868 0.882374 -1.936651 0.226882 1.027238 0.497208 -1.051390 1.396901 -0.929156 -1.521729 -0.889765 -0.791413 -0.208625 -0.768395 -0.961359 0.407045 2.708466 -0.594802 0.128456 0.773214 0.355667 0.032882 1.597643 1.470769 0.588268 -0.459578 -0.532916 -2.231776 -0.583773 -0.968130 0.712356
58 0.285588 1.604073 0.788190 -0.330762 -0.974909 -1.274437 1.174576 -0.258962 -0.929832 -0.847313 -0.185294 0.360552 -0.286023 -0.537441 2.804113 0.056267 -0.228818 1.334358 -0.270764 0.336334 -1.227007 -1.766330 1.407312 0.235323 -0.059023 0.155224 0.788575 -0.637112 -0.649119 -1.837108 -0.019689 1.808760 -1.411270 0.555935 0.076584 1.435385 2.182332 -0.210032 1.210914 -1.762270 -0.457288 0.465853 1.308374 -0.210690 0.462806 2.174327 -0.727103 0.369324 -0.028485 -1.732238
59 -1.451727 0.468454 1.086739 0.372782 -0.081757 1.138131 1.026976 0.059944 -0.199782 1.505455 -0.962314 0.265319 -0.408620 -3.053106 1.821493 -2.181839 1.387268 0.613635 -0.699726 1.126004 0.182085 0.141429 0.444418 0.233794 0.054006 0.081590 1.681379 0.515208 -0.489419 0.568568 0.276998 1.712693 -1.773061 0.743046 -1.467659 -0.463433 0.224098 -0.275285 1.453061 -1.508247 -0.288990 0.154267 0.071745 0.416051 1.618900 -0.491597 1.679706 0.587737 0.373148 0.659132
60 1.030705 0.200473 1.218108 -0.317765 2.380697 1.272794 -1.777116 -1.800249 0.027584 -0.179488 -1.141177 -0.980070 0.151649 0.225641 1.309042 1.407908 0.221495 0.458165 1.467939 -1.433515 -0.699536 1.107306 -1.126009 -0.926796 1.129274 1.461540 -1.201761 -0.983266 -1.856545 -1.702872 -1.720884 -0.482399 0.894985 -0.316650 -0.383692 0.820292 -2.267075 -0.942547 -1.349993 -0.308851 1.051120 -0.125668 1.254518 0.298611 0.685039 1.208040 -0.329354 -1.423398 0.910135 2.295434
61 0.683715 0.795458 0.272566 1.608599 -1.772314 0.975811 -0.357954 -0.477494 0.221930 -1.290042 1.075540 -0.911773 0.740902 -0.345111 0.966338 1.594606 -1.180125 -1.579211 0.814718 0.995745 0.411711 -0.071812 -0.558588 -1.327009 -0.232047 -1.088771 -0.176173 -0.434331 1.428012 -0.293710 -1.546907 -1.064936 0.368284 1.972737 1.173310 -1.217380 1.461182 -0.691691 1.216711 -0.725563 -0.300604 -0.604999 -0.832531 0.892176 0.535152 -0.425831 0.909203 0.010899 1.674722 -0.039834
62 -0.031217 0.309935 0.630918 0.577598 -1.093193 -0.190718 0.061872 -0.452694 1.063260 -0.602758 -1.328222 -0.076359 0.323828 -1.055400 0.264188 0.347526 1.023574 2.234968 -0.939773 0.178546 -0.739719 0.322019 -0.143112 -0.367734 0.244778 -0.953422 -1.500318 3.171204 1.377991 -0.295466 1.583272 1.106120 0.819762 1.048055 1.487300 -0.032241 -0.384637 -0.039933 0.115045 -1.413055 -0.182076 1.319073 0.994866 -0.825611 -0.100151 1.608699 0.438665 -0.099664 -1.585501 -1.405580
63 0.656864 -0.788343 -0.618403 -0.225693 -0.126520 -0.326623 -0.907544 0.689555 2.151461 0.439787 0.986698 1.217445 -1.454416 0.197964 -0.299272 0.155708 1.616409 -0.099965 -0.568059 0.415766 0.520909 0.142102 -0.860045 0.380682 -1.893304 2.608033 -1.077800 1.595209 0.292313 0.288219 -0.980428 0.706331 -0.812856 -0.001692 0.670159 0.012746 -1.767328 -1.282745 1.253379 -0.083707 1.131335 -0.334646 0.096685 -1.603499 -1.763924 0.303940 2.515772 0.078758 -1.056303 2.470758
64 0.531103 -0.028024 0.061997 -1.510057 1.325378 -0.072726 1.782779 -0.325118 -1.208405 2.338677 1.437060 -2.399006 -0.794514 -0.434319 -0.489435 -1.739717 0.664309 -0.938775 -0.653852 -0.009956 -0.728482 0.473051 0.017767 -1.240887 0.768348 0.939991 -0.885059 1.817417 -0.892851 0.180061 0.076451 -0.773923 0.190674 0.225363 -0.747928 -0.041590 -1.004946 0.752043 -0.269597 1.528889 -0.010313 -0.296725 -0.729593 -0.859379 1.059252 -1.477762 1.470308 -0.556202 -2.256854 1.260359
65 0.794949 1.625146 2.878880 2.640953 2.951721 3.815736 4.310811 4.729471 3.746455 2.766951 6.325478 0.201854 4.895064 -1.719470 2.107105 2.428149 -0.348825 2.790625 2.833254 3.195296 0.076478 1.149755 2.900744 1.377291 3.987798 2.892510 1.492541 3.309134 0.043892 2.903582 1.323868 -0.522208 5.291401 3.796364 4.493485 3.356280 2.717828 4.585946 0.428549 4.734635 1.453190 2.993095 3.054428 0.227835 1.384873 2.454841 2.110595 4.434762 2.763428 3.035977
66 3.929009 4.730369 3.642072 1.037614 2.690393 2.587867 3.825392 5.080484 3.115032 3.642143 2.275351 -0.347252 2.112701 -1.051448 2.332443 3.458862 -0.978160 2.110977 3.419045 2.211548 1.510482 2.666934 2.653052 0.562443 3.488276 1.531117 2.498953 4.694524 -1.246040 2.138770 -0.448921 0.499238 2.856080 2.773087 2.589794 3.239336 1.685218 2.350032 1.126626 4.205756 3.653078 3.582888 2.597200 0.991128 4.414376 3.363450 0.736598 3.973738 4.313584 2.189522
67 2.454443 3.123377 3.937299 2.920146 3.587648 2.478970 4.708211 2.081535 2.145693 2.589871 4.688604 0.130826 1.071742 1.282531 3.557706 2.157168 0.783142 2.738982 2.941578 2.783075 0.362342 2.838839 3.464722 -0.137816 2.216652 4.656698 2.964895 2.619309 0.383360 3.918866 -0.125272 0.241240 2.233431 2.133625 3.059349 1.263001 4.766907 2.707688 -0.094856 4.193853 2.995577 3.440079 3.949328 0.136508 2.712462 1.601013 2.527953 4.336259 1.903516 2.985683
68 3.451861 4.675441 3.365010 2.125807 2.691648 3.531346 3.507631 2.590308 2.846206 2.680439 2.875684 0.207506 3.620234 -0.586322 1.201215 3.626323 0.124876 2.350943 4.227969 2.538490 0.518787 2.146942 2.712914 2.324143 3.161995 2.497042 3.632844 4.090206 0.958887 2.013312 -1.248574 -0.012628 3.796558 4.100977 2.154975 3.709358 3.019944 2.267729 -1.218958 4.395125 1.798890 3.615285 3.553641 0.506152 3.461113 3.165577 2.422261 2.362059 2.149839 3.990913
69 0.707190 -0.619690 -1.487764 -0.704614 -0.655325 -0.065684 0.026547 1.297072 -0.141215 -0.684160 -0.855438 -0.606033 -0.169977 2.040871 1.817606 0.355664 1.131633 0.212724 1.625951 -0.346858 -0.138712 0.702096 -0.312284 -1.547567 -0.439653 -0.077702 -0.332388 -0.672858 0.147735 0.794825 -0.647400 -1.613823 -1.300804 -2.521349 1.358655 -0.406530 1.840529 -1.230779 -0.901223 3.450721 1.636531 -0.232339 0.993979 0.337283 -0.660885 -2.728848 0.986492 1.215109 -0.765107 -0.394285
70 5.500507 1.783677 2.713018 4.159445 2.128504 2.870600 3.503960 2.777109 4.413946 3.739055 3.641349 -0.753887 2.298545 -0.637682 2.878579 2.754964 0.555601 3.839180 3.311384 1.999974 0.623078 3.552421 2.487529 0.459083 3.249004 3.216957 2.281779 2.918707 0.170861 4.143764 0.362302 -2.594489 1.705519 3.717726 2.634564 2.234664 0.985539 3.225961 -1.886701 2.751002 0.932550 3.921250 3.253136 -1.104325 2.389904 3.848847 3.540202 1.914688 1.687541 3.452754
71 0.668693 -0.329086 1.354611 -0.003585 -0.195452 -0.515464 0.890164 -0.219588 -1.523497 0.503775 0.945827 -1.402769 1.461958 -2.083690 -1.471024 0.209646 -1.510322 -0.443122 0.385319 -0.531418 0.016480 -1.638940 0.030934 0.127727 1.130846 -1.240175 1.123221 0.825810 -0.971557 0.968588 -0.841789 2.212980 1.534646 -0.257648 2.407565 1.227176 1.798788 1.208446 -1.016324 -1.403053 1.109276 -0.349336 0.231778 1.293209 0.603028 -0.224847 -0.050610 1.389929 -2.419949 1.688851
72 0.106293 0.514353 0.634439 1.838559 -0.708980 -0.999208 -1.447821 1.744663 -0.029667 0.473872 -0.686469 1.496944 1.522653 0.429561 0.267844 -0.387879 -0.452665 -0.778806 -0.011866 -0.343718 -1.193153 0.471330 -0.315969 -0.401971 -0.678022 1.159750 -0.399852 0.337418 0.470786 -0.522275 -0.116445 0.733458 -1.978810 0.191518 0.084441 -1.001527 -0.212689 0.911963 -1.618045 0.296013 0.238235 0.068524 -0.873612 0.325310 0.047111 -1.279122 -0.112000 -0.110261 0.866540 -0.459025
73 -0.716372 -1.994082 0.473946 0.158744 -0.755883 0.059095 -0.150697 -0.128624 -1.609234 0.575780 -1.119770 -0.196330 -1.391215 0.294220 2.045547 0.586401 -0.967556 0.749732 0.754215 -0.000317 0.668949 1.772856 0.395421 0.323508 0.155823 -1.032512 -1.755787 -0.895351 -0.015720 -0.922608 -0.051912 0.789190 -0.686069 -0.212092 -0.549376 2.702935 -0.394198 -0.180415 1.047505 2.016682 0.313132 0.749963 -1.043406 0.908276 0.965179 -0.669035 0.039623 -0.226400 -0.082105 0.643105
74 0.737574 1.121458 1.245075 1.315287 0.063136 1.762105 0.132986 0.845511 0.592055 -0.501949 -0.425618 -2.362115 -1.749208 -0.023717 1.569028 2.140374 -1.033922 1.270220 1.264377 0.139059 -0.118816 0.782305 -1.225066 0.926632 -0.639460 -0.004419 0.880024 -1.724893 -0.912083 -0.637822 0.519257 -0.343796 1.884279 -0.581407 0.847301 0.392630 1.414857 -0.897388 0.200348 -1.279479 -1.136848 0.190739 -1.032526 -0.143746 -0.768703 -0.314393 1.231529 -0.731228 0.955987 -0.760751
75 -0.794909 -1.600379 -0.695626 -0.337420 -0.612805 0.412792 1.505539 -0.470898 -0.099581 0.787441 -1.561264 -0.809211 -0.114268 -1.083431 -1.553017 -0.015889 1.596117 -0.361957 0.609088 1.545613 -0.842240 0.282536 -0.951219 0.983652 1.256416 -1.179976 2.442967 1.557176 0.203920 -0.076115 -1.251843 0.996206 -1.362853 0.227741 1.075499 0.579404 -0.219238 0.311869 1.112158 -0.100078 0.994804 -0.659401 -0.813617 -1.495247 -0.481981 -1.797178 -0.085750 -0.323862 0.649854 -0.191017
76 0.817635 0.013159 1.716345 -0.478821 -2.166761 -0.054628 0.159832 2.107890 -0.254354 -1.164853 -0.423997 2.139312 0.228437 1.000803 -2.213242 -0.470264 -0.004527 0.273253 1.637199 0.052211 0.058877 -2.074749 -0.436177 1.577463 0.996641 -1.007358 -0.525821 -0.641403 -1.917081 -1.869862 1.322991 0.420586 -0.353155 -1.250614 -0.529880 -0.061064 0.262473 0.558740 -0.101299 1.610182 0.050214 -0.236998 -0.435840 0.148982 -0.834318 2.246146 1.606874 0.939788 0.448815 -0.730047
77 2.481172 3.239374 4.211926 5.004936 3.435201 4.851038 1.823177 4.270226 4.472198 4.654068 3.009303 0.868349 1.469999 1.397994 2.776704 3.769141 0.177854 3.857974 3.099289 2.782272 1.427402 2.184101 1.487704 -0.101329 3.412553 3.850399 3.288428 3.037234 -1.251366 3.580687 0.597886 -1.169973 0.333694 3.695855 2.471705 3.424763 2.458110 3.892135 0.998019 1.770385 2.907415 2.307747 2.906161 -3.345227 3.626353 5.254554 1.461187 3.345452 3.310367 3.189426
78 3.064969 2.584221 3.442200 2.805066 0.976929 2.637737 1.849620 0.447199 1.985596 3.733947 2.119192 -1.111508 2.900287 -1.382477 2.126471 4.284325 -0.784296 3.557840 3.495712 3.286132 0.924000 2.197955 3.078415 1.035995 2.384837 1.777585 1.784920 2.289719 -0.068356 3.629821 -0.675505 0.751316 2.875569 0.677646 1.914070 2.694754 3.462787 2.168015 -1.351660 3.638694 2.947288 1.814273 1.929160 -0.307170 2.621402 2.569008 3.446344 3.138224 2.361723 3.330157
79 2.345331 2.234474 1.816239 5.103341 3.380730 4.994514 4.590619 5.422614 0.953248 2.904135 2.643288 0.387771 3.702532 0.556973 4.233344 2.350861 -0.162992 4.224512 2.963331 3.838463 -1.812848 4.525349 2.237658 -0.012846 2.759048 1.431783 3.105570 2.443779 0.183892 3.626320 -1.635538 0.920103 3.820248 2.344515 5.133959 3.859932 3.148095 2.929924 0.353483 3.039629 3.760910 3.102394 2.378502 0.176991 3.051812 2.866827 2.722865 3.725591 3.064711 3.621733
80 3.705067 2.753460 3.149310 2.577994 0.204328 2.688589 4.007849 4.120641 2.878176 1.954674 1.406548 0.590767 1.629489 -1.355557 5.310294 4.660675 0.775998 3.703246 3.469102 3.100861 0.677328 0.308836 3.387540 -0.659044 2.883833 3.825043 3.089559 4.092378 1.351596 3.215940 0.477383 0.329690 2.351146 3.133740 3.742231 4.948137 2.301765 2.618867 0.242150 2.578381 2.676436 1.969992 5.022459 3.068820 2.987184 2.670313 2.400521 2.981005 4.638815 4.112192
81 -0.328996 1.387670 0.375250 0.019810 0.783447 1.573946 1.615264 0.637890 0.074764 -0.514318 -0.948382 2.217085 1.222587 -0.283240 -0.871806 -2.991018 -1.277347 -0.078189 -0.692706 0.085840 0.814910 0.294643 -1.019653 0.091239 0.719511 -0.308132 -0.390784 -0.700249 -0.057891 -0.940650 -0.637794 -0.786890 -0.600819 0.420629 -0.516875 -0.058593 -0.117046 0.151408 -0.253384 -0.419548 1.006587 0.592170 0.163796 -0.157403 0.935644 0.546646 0.162220 -1.100276 -2.283386 0.136663
82 1.610005 -0.543285 0.210405 -0.895650 -1.327095 0.407305 -0.831622 -0.752523 2.261318 1.483909 1.431670 2.212244 -0.701862 -0.570607 -0.943983 -1.142233 0.217354 -1.614665 1.080601 0.012735 0.574791 1.615068 0.278558 1.314025 -2.589820 0.136663 -0.199790 0.723694 0.335956 1.370219 -1.028900 1.286002 1.380772 0.966301 0.146537 -0.040491 -1.788170 0.858041 -0.756544 0.926807 0.908122 -0.061699 0.809469 -0.026019 1.422040 0.254779 -0.003913 -0.141143 0.318934 0.846500
83 0.561685 0.225156 0.157312 -0.161745 0.971319 0.585623 0.926779 0.264876 -0.917893 -0.561780 -0.327368 -0.578826 1.132143 -1.213358 -1.948636 1.747501 -1.283642 1.504984 1.102979 -0.550324 1.076752 -0.706911 -1.026641 -0.235782 -0.682006 2.045082 1.817328 -1.627599 -0.352385 -2.035599 -0.576413 -0.446009 2.165782 -1.760792 1.484048 1.518756 -1.519105 -1.207802 0.354674 -0.077200 0.216000 1.494195 -0.866472 -0.713496 0.199807 0.113933 -0.651122 1.074049 0.723739 0.748609
84 -1.609536 -1.108641 -0.299116 -0.575485 -0.208197 -0.676651 1.091545 -0.988272 0.354517 -1.117013 0.749307 -0.560149 -1.176726 -1.286174 0.507307 0.124719 0.416465 -1.841515 0.732422 -0.478980 -0.266306 0.338763 -0.086186 0.736585 -0.614497 -0.161997 -0.759469 -0.320466 -0.545492 0.234057 -1.415011 -0.936670 -0.701157 0.793324 1.011717 0.740514 -1.470613 -0.048019 0.640385 0.138705 -0.509109 -0.597495 1.792207 -1.378106 -0.973258 0.468321 -0.765672 -2.090967 -0.356797 0.343850
85 -1.284306 -0.470026 -1.062766 -0.980701 1.511563 -1.625085 0.248408 0.266823 0.034036 -0.385866 0.204437 -1.096848 -1.517569 1.206065 0.250321 1.188216 0.624941 0.803809 0.233941 0.628742 -0.003164 -0.853969 -0.212304 0.777089 1.254210 1.089623 -0.853463 -0.038352 0.315464 2.290389 -1.414320 1.269695 -0.648498 0.622596 0.451480 -1.109435 -0.504163 1.588702 1.868553 0.541751 0.236090 -0.563326 0.390004 0.080483 1.075211 -1.622313 1.068652 0.862515 -0.096551 0.996675
86 -0.366659 1.637636 -0.652520 0.265794 -0.996952 -0.496721 -0.921424 0.451643 -0.298616 -0.633563 0.117528 1.536744 -0.268643 -0.965086 -0.225999 0.085164 1.558390 0.788406 0.394061 -1.500788 -1.534307 0.229536 1.693926 -0.947469 0.401516 0.246618 1.153774 0.832135 -0.159566 0.106912 -1.224112 0.395887 0.108406 0.974252 0.158900 0.021453 0.652652 0.783300 -0.934479 -0.341258 1.287387 -0.418666 -0.957953 -1.697022 -0.344942 -0.605844 -1.330834 0.491101 0.906856 -0.258460
87 0.872047 0.251949 1.058465 2.138934 -0.612657 0.231717 0.179974 0.379455 -0.844752 0.249622 0.770649 0.034399 -0.704201 -0.110450 -0.214671 1.179525 -0.526585 -2.074712 0.146683 -1.412061 0.843199 1.025422 -0.247737 -0.158127 0.289838 1.202920 3.566642 -0.752816 0.399503 1.306589 -0.949895 -0.749473 -1.290316 -0.447862 0.750163 -0.969747 -0.920473 -0.228728 0.185652 1.145496 -0.016621 0.408982 -0.321240 0.451397 -1.250631 -0.168319 -0.227685 1.882034 -0.167562 -1.423555
88 0.030110 1.455797 -1.784917 -0.614474 -0.636907 -1.153855 -1.114617 0.146234 0.269149 0.246938 1.261853 -1.696673 0.543505 1.808858 1.525757 -0.412880 0.014968 -0.107702 0.794064 -0.227598 0.295136 -0.586169 -1.609948 -1.231942 -0.245336 -0.961342 -0.682606 3.013878 -1.016738 0.704695 0.495137 -1.353645 -0.063433 -2.075212 -1.403477 -1.779045 -0.688143 0.174051 -0.315660 -0.154195 1.622157 1.555205 1.623782 0.913419 0.975156 0.314330 -0.799603 -0.496749 0.152846 -0.063480
89 3.173435 2.946731 2.105332 3.474142 3.001775 3.296240 3.125810 4.081621 3.196634 3.747870 2.207664 0.035615 4.625630 2.391999 4.782103 3.560612 -0.083817 3.388744 3.312391 3.037419 -0.338065 1.260722 3.607924 1.323413 4.462317 4.411644 3.628906 3.685184 -0.688438 3.280757 0.794397 0.130495 2.107175 2.875304 2.432132 4.005609 4.868163 3.433325 1.219831 2.840249 3.513646 4.141741 3.239798 -0.715272 -0.016361 3.041589 3.508234 1.697359 2.405200 4.109903
90 1.535805 -0.565251 -1.539376 0.200679 0.584274 -0.492514 -0.444600 0.560979 -1.112153 0.221859 0.785407 -0.556508 -2.618145 -0.138512 -1.266076 -0.706830 0.802911 -0.357315 -0.134329 0.663941 0.617076 -2.154464 0.069504 -0.265223 0.582382 -0.632404 -0.435646 0.985808 -0.789801 -1.021584 0.049679 1.509648 0.941855 0.476175 1.238118 -1.239213 0.756131 0.375131 -0.808286 -0.836095 -0.245119 1.455929 -0.195919 0.996865 -0.785654 -1.098975 -1.396329 1.162096 -0.528798 1.358730
91 -1.398556 -2.643607 0.898736 -1.107964 0.019397 -1.729989 -0.113696 -0.374579 -1.467696 0.469662 0.494047 0.679771 0.608654 0.049037 0.117427 -1.601909 0.187123 -0.020192 -0.238695 0.633446 1.185131 0.932058 1.999598 -0.271261 -0.818588 1.019443 -0.001745 0.910414 -1.481952 -0.378682 0.215711 0.401661 -1.021718 -1.045900 0.907676 0.520953 0.253120 -0.848651 2.438011 0.826466 -0.399662 0.405616 2.004066 -1.591372 1.393734 1.198235 -0.296628 1.348543 -0.286424 -0.873725
92 1.603850 0.027404 -0.434309 -0.014505 -0.264775 0.649662 1.815388 -0.737007 -0.210310 1.086614 -0.575232 -0.350410 -0.127338 0.011122 0.610088 -0.805376 0.777408 -1.414931 -0.631049 -0.916076 0.379054 -1.615288 -1.017771 0.572798 -0.175473 0.063819 0.663899 0.005595 0.819609 0.711151 0.121623 -0.894739 -0.791162 -0.894457 -0.966908 0.068593 0.079461 1.145875 -0.378507 0.559205 -0.926891 -0.168368 -1.410668 0.435060 1.964801 0.314521 -0.351455 -0.288991 0.194475 -0.165209
93 0.755926 1.095727 0.636860 -1.953735 0.138578 -0.252978 1.651386 -0.298288 0.180522 0.602878 -0.599379 1.831883 -0.893748 0.288920 0.703045 -2.152601 2.676857 1.665196 -0.890317 -1.945956 0.614072 0.003710 0.441852 -1.062132 -0.613062 0.634656 -1.428494 0.699468 -0.401240 -0.470795 0.365847 0.528929 -1.531035 -0.208664 -0.262507 0.742479 0.178187 0.698626 -0.026228 -0.915729 1.266001 1.335388 -0.439218 0.562638 0.330056 0.827542 -0.149176 0.971318 1.022105 1.538519
94 1.213066 0.576308 -0.266124 0.107120 1.101918 0.073640 -0.761628 -1.455589 0.289524 -1.445882 -1.175697 -0.732478 0.660842 1.105054 -0.494787 -0.651293 0.146356 0.023672 0.492632 0.711573 0.576267 1.901018 -0.397282 -0.918384 -1.241323 -0.763550 -0.809634 -0.389522 0.030558 -1.407255 -0.410329 -0.262943 0.014676 0.513701 0.296979 0.076654 1.751213 0.866923 1.056060 -0.098483 -1.687613 -0.307114 -0.262521 0.901498 2.563859 -1.749367 0.534778 0.030700 -0.892310 0.391066
95 0.810882 0.723442 -1.125819 -0.381787 0.567268 0.375180 -1.012886 -0.580975 1.423457 -1.631910 0.693934 0.033775 0.701493 0.694068 -1.216042 1.279619 1.014566 -1.582332 -0.240858 -0.544305 1.084122 0.413231 -0.472283 1.462782 0.949926 -2.080312 -0.635476 -0.445664 1.659238 0.948607 0.147079 -2.162556 -0.184865 -0.458363 -0.803552 0.968342 1.265044 0.976135 0.445549 1.021983 -0.292063 -1.102964 -0.658968 0.069205 0.350097 0.083895 -0.165359 -1.531625 -0.110016 -0.150155
96 -0.125437 -0.716330 0.737413 -0.473838 0.043576 1.122184 -1.021641 1.313145 -0.677456 0.381202 -1.391007 1.164315 1.228270 -0.102148 -1.174039 0.574129 1.583413 0.438990 1.221616 -0.114966 -1.818915 -1.221734 0.135305 0.981539 -1.259411 0.605414 0.867142 -1.697941 -0.353378 -0.932231 1.135320 -0.352799 1.103406 -1.602097 0.363567 0.168502 -0.131490 2.210185 -0.533265 -0.574431 0.995832 -0.280430 -1.128829 -0.942347 -0.460652 0.650274 -0.321361 0.022319 1.283486 0.982268
97 0.178385 1.399724 -1.621232 1.621949 -0.450944 -0.545454 -0.004529 -2.189527 -1.025712 0.523158 0.251354 0.688264 -3.340298 -0.625582 -0.498527 1.465936 -0.110107 -0.473574 -2.246312 0.709804 -0.361445 0.204119 -0.655827 -1.341246 -0.150621 -0.272309 0.961663 -1.063570 -1.749702 1.675824 -0.444733 -0.777658 -0.949541 0.184881 -0.252884 -0.358444 -0.738581 -0.700672 0.395717 -2.269561 1.663203 0.486850 -2.293553 0.497240 -0.377579 -1.692848 -1.883453 -0.127958 -0.278136 -0.866853
98 -0.516154 -0.084909 0.784041 1.345413 2.106166 1.303090 0.956267 0.002043 -0.407285 1.261104 -0.515970 1.846043 -0.805237 1.118748 -1.284098 0.473208 -0.859304 -0.200449 0.113123 -1.502551 1.549042 -0.124490 -0.693931 1.014321 0.848399 0.908749 -0.831815 0.926210 0.607966 0.343343 -0.796438 -0.970261 -0.711039 0.045993 -0.404015 -0.400339 -0.095557 -1.481258 -0.259362 -0.589619 0.142715 -1.097275 -0.185703 0.007661 0.575365 -0.750886 -0.108229 0.447942 -0.496031 -0.457765
99 -0.146406 1.747073 0.885093 -0.960499 0.891261 0.326472 1.217446 -0.413064 -2.411886 0.451319 0.190100 -1.245095 -0.620853 0.178139 -0.688416 1.470806 -0.815293 -0.044489 -1.564047 -1.479071 -0.155996 1.834732 -0.184236 0.468625 0.752898 -1.065069 -0.415740 -0.608236 -1.316537 0.972489 2.012235 0.110960 0.896596 1.831934 1.044349 -0.046660 -0.415970 -0.778807 -0.310182 0.153027 0.047731 0.803188 -0.137631 -1.633770 0.249531 0.341524 -0.204426 -1.293300 0.776870 0.413643
END
#################################################################
SECTION3 (Edges Information)
EndPoint0 EndPoint1 Weight
0 1 1.000000
0 9 1.000000
0 10 1.000000
0 90 1.000000
1 0 1.000000
1 2 1.000000
1 11 1.000000
1 91 1.000000
2 1 1.000000
2 3 1.000000
2 12 1.000000
2 92 1.000000
3 2 1.000000
3 4 1.000000
3 13 1.000000
3 93 1.000000
4 3 1.000000
4 5 1.000000
4 14 1.000000
4 94 1.000000
5 4 1.000000
5 6 1.000000
5 15 1.000000
5 95 1.000000
6 5 1.000000
6 7 1.000000
6 16 1.000000
6 96 1.000000
7 6 1.000000
7 8 1.000000
7 17 1.000000
7 97 1.000000
8 7 1.000000
8 9 1.000000
8 18 1.000000
8 98 1.000000
9 0 1.000000
9 8 1.000000
9 19 1.000000
9 99 1.000000
10 0 1.000000
10 11 1.000000
10 19 1.000000
10 20 1.000000
11 1 1.000000
11 10 1.000000
11 12 1.000000
11 21 1.000000
12 2 1.000000
12 11 1.000000
12 13 1.000000
12 22 1.000000
13 3 1.000000
13 12 1.000000
13 14 1.000000
13 23 1.000000
14 4 1.000000
14 13 1.000000
14 15 1.000000
14 24 1.000000
15 5 1.000000
15 14 1.000000
15 16 1.000000
15 25 1.000000
16 6 1.000000
16 15 1.000000
16 17 1.000000
16 26 1.000000
17 7 1.000000
17 16 1.000000
17 18 1.000000
17 27 1.000000
18 8 1.000000
18 17 1.000000
18 19 1.000000
18 28 1.000000
19 9 1.000000
19 10 1.000000
19 18 1.000000
19 29 1.000000
20 10 1.000000
20 21 1.000000
20 29 1.000000
20 30 1.000000
21 11 1.000000
21 20 1.000000
21 22 1.000000
21 31 1.000000
22 12 1.000000
22 21 1.000000
22 23 1.000000
22 32 1.000000
23 13 1.000000
23 22 1.000000
23 24 1.000000
23 33 1.000000
24 14 1.000000
24 23 1.000000
24 25 1.000000
24 34 1.000000
25 15 1.000000
25 24 1.000000
25 26 1.000000
25 35 1.000000
26 16 1.000000
26 25 1.000000
26 27 1.000000
26 36 1.000000
27 17 1.000000
27 26 1.000000
27 28 1.000000
27 37 1.000000
28 18 1.000000
28 27 1.000000
28 29 1.000000
28 38 1.000000
29 19 1.000000
29 20 1.000000
29 28 1.000000
29 39 1.000000
30 20 1.000000
30 31 1.000000
30 39 1.000000
30 40 1.000000
31 21 1.000000
31 30 1.000000
31 32 1.000000
31 41 1.000000
32 22 1.000000
32 31 1.000000
32 33 1.000000
32 42 1.000000
33 23 1.000000
33 32 1.000000
33 34 1.000000
33 43 1.000000
34 24 1.000000
34 33 1.000000
34 35 1.000000
34 44 1.000000
35 25 1.000000
35 34 1.000000
35 36 1.000000
35 45 1.000000
36 26 1.000000
36 35 1.000000
36 37 1.000000
36 46 1.000000
37 27 1.000000
37 36 1.000000
37 38 1.000000
37 47 1.000000
38 28 1.000000
38 37 1.000000
38 39 1.000000
38 48 1.000000
39 29 1.000000
39 30 1.000000
39 38 1.000000
39 49 1.000000
40 30 1.000000
40 41 1.000000
40 49 1.000000
40 50 1.000000
41 31 1.000000
41 40 1.000000
41 42 1.000000
41 51 1.000000
42 32 1.000000
42 41 1.000000
42 43 1.000000
42 52 1.000000
43 33 1.000000
43 42 1.000000
43 44 1.000000
43 53 1.000000
44 34 1.000000
44 43 1.000000
44 45 1.000000
44 54 1.000000
45 35 1.000000
45 44 1.000000
45 46 1.000000
45 55 1.000000
46 36 1.000000
46 45 1.000000
46 47 1.000000
46 56 1.000000
47 37 1.000000
47 46 1.000000
47 48 1.000000
47 57 1.000000
48 38 1.000000
48 47 1.000000
48 49 1.000000
48 58 1.000000
49 39 1.000000
49 40 1.000000
49 48 1.000000
49 59 1.000000
50 40 1.000000
50 51 1.000000
50 59 1.000000
50 60 1.000000
51 41 1.000000
51 50 1.000000
51 52 1.000000
51 61 1.000000
52 42 1.000000
52 51 1.000000
52 53 1.000000
52 62 1.000000
53 43 1.000000
53 52 1.000000
53 54 1.000000
53 63 1.000000
54 44 1.000000
54 53 1.000000
54 55 1.000000
54 64 1.000000
55 45 1.000000
55 54 1.000000
55 56 1.000000
55 65 1.000000
56 46 1.000000
56 55 1.000000
56 57 1.000000
56 66 1.000000
57 47 1.000000
57 56 1.000000
57 58 1.000000
57 67 1.000000
58 48 1.000000
58 57 1.000000
58 59 1.000000
58 68 1.000000
59 49 1.000000
59 50 1.000000
59 58 1.000000
59 69 1.000000
60 50 1.000000
60 61 1.000000
60 69 1.000000
60 70 1.000000
61 51 1.000000
61 60 1.000000
61 62 1.000000
61 71 1.000000
62 52 1.000000
62 61 1.000000
62 63 1.000000
62 72 1.000000
63 53 1.000000
63 62 1.000000
63 64 1.000000
63 73 1.000000
64 54 1.000000
64 63 1.000000
64 65 1.000000
64 74 1.000000
65 55 1.000000
65 64 1.000000
65 66 1.000000
65 75 1.000000
66 56 1.000000
66 65 1.000000
66 67 1.000000
66 76 1.000000
67 57 1.000000
67 66 1.000000
67 68 1.000000
67 77 1.000000
68 58 1.000000
68 67 1.000000
68 69 1.000000
68 78 1.000000
69 59 1.000000
69 60 1.000000
69 68 1.000000
69 79 1.000000
70 60 1.000000
70 71 1.000000
70 79 1.000000
70 80 1.000000
71 61 1.000000
71 70 1.000000
71 72 1.000000
71 81 1.000000
72 62 1.000000
72 71 1.000000
72 73 1.000000
72 82 1.000000
73 63 1.000000
73 72 1.000000
73 74 1.000000
73 83 1.000000
74 64 1.000000
74 73 1.000000
74 75 1.000000
74 84 1.000000
75 65 1.000000
75 74 1.000000
75 76 1.000000
75 85 1.000000
76 66 1.000000
76 75 1.000000
76 77 1.000000
76 86 1.000000
77 67 1.000000
77 76 1.000000
77 78 1.000000
77 87 1.000000
78 68 1.000000
78 77 1.000000
78 79 1.000000
78 88 1.000000
79 69 1.000000
79 70 1.000000
79 78 1.000000
79 89 1.000000
80 70 1.000000
80 81 1.000000
80 89 1.000000
80 90 1.000000
81 71 1.000000
81 80 1.000000
81 82 1.000000
81 91 1.000000
82 72 1.000000
82 81 1.000000
82 83 1.000000
82 92 1.000000
83 73 1.000000
83 82 1.000000
83 84 1.000000
83 93 1.000000
84 74 1.000000
84 83 1.000000
84 85 1.000000
84 94 1.000000
85 75 1.000000
85 84 1.000000
85 86 1.000000
85 95 1.000000
86 76 1.000000
86 85 1.000000
86 87 1.000000
86 96 1.000000
87 77 1.000000
87 86 1.000000
87 88 1.000000
87 97 1.000000
88 78 1.000000
88 87 1.000000
88 89 1.000000
88 98 1.000000
89 79 1.000000
89 80 1.000000
89 88 1.000000
89 99 1.000000
90 0 1.000000
90 80 1.000000
90 91 1.000000
90 99 1.000000
91 1 1.000000
91 81 1.000000
91 90 1.000000
91 92 1.000000
92 2 1.000000
92 82 1.000000
92 91 1.000000
92 93 1.000000
93 3 1.000000
93 83 1.000000
93 92 1.000000
93 94 1.000000
94 4 1.000000
94 84 1.000000
94 93 1.000000
94 95 1.000000
95 5 1.000000
95 85 1.000000
95 94 1.000000
95 96 1.000000
96 6 1.000000
96 86 1.000000
96 95 1.000000
96 97 1.000000
97 7 1.000000
97 87 1.000000
97 96 1.000000
97 98 1.000000
98 8 1.000000
98 88 1.000000
98 97 1.000000
98 99 1.000000
99 9 1.000000
99 89 1.000000
99 90 1.000000
99 98 1.000000
END
#################################################################
SECTION4 (TrueSubGraph Information)
EndPoint0 EndPoint1 Weight
65 66 1.0
66 67 1.0
67 77 1.0
77 78 1.0
78 68 1.0
78 79 1.0
79 89 1.0
89 80 1.0
80 70 1.0
END
#################################################################
SECTION5 (Labels Information)
1 1 1 1 1 1 1 1 1 1 1 0 1 0 1 1 0 1 1 1 0 1 1 0 1 1 1 1 0 1 0 0 1 1 1 1 1 1 0 1 1 1 1 0 1 1 1 1 1 1 
END
#################################################################
SECTION6 (bt Information)
5 5 5 5 5 5 5 5 5 5 5 -5 5 -5 5 5 -5 5 5 5 -5 5 5 -5 5 5 5 5 -5 5 -5 -5 5 5 5 5 5 5 -5 5 5 5 5 -5 5 5 5 5 5 5 
END
#################################################################
