#################################################################
#APDM Input Graph, this input graph includes 3 sections:
#section1 : general information
#section2 : nodes
#section3 : edges
#section4 : trueSubGraph (Optional)
#
#if nodes haven't information set weight to null
#################################################################
SECTION1 (General Information)
numNodes = 100
numEdges = 200
usedAlgorithm = NULL
dataSource = SimulationData2
END
#################################################################
SECTION2 (Nodes Information)
NodeID Base Counts
0 -0.655601 0.204343 0.292620 1.635671 0.249463 0.235794 -0.507227 0.016336 1.050944 1.198310 0.557673 -0.692361 -1.190240 0.417813 -0.143803 -0.401559 0.567296 -1.026252 0.569853 0.745083 1.312175 0.847912 1.307740 -0.416972 0.501752 0.154254 -0.065477 0.243279 -0.021221 0.505382 -1.570301 -0.678786 0.590355 1.183470 -1.066790 0.516586 0.020246 -1.195278 -0.252113 -0.521472 -0.369869 0.594041 1.075975 1.848059 -0.295930 0.842647 -0.300754 0.884936 -1.452705 -0.414163
1 0.107888 1.155569 1.140402 2.372046 0.854266 -0.687500 -0.019404 0.476933 -1.518032 0.078119 -0.380222 0.728415 1.971064 1.521996 -1.416178 1.205525 -1.961707 -0.671447 0.505622 -1.173219 -0.392397 -0.149276 -0.235825 0.373028 0.838406 -0.297210 -0.312564 -1.066660 0.942943 0.544615 -0.257405 -0.692823 -0.521332 1.303073 0.928280 0.543993 0.168966 0.104472 0.716513 0.034469 0.408301 -0.010955 -0.887729 1.100021 0.389246 1.925683 0.857549 2.590577 -0.069213 0.396879
2 0.278220 -0.435167 1.241839 1.111333 -0.150605 1.558230 -1.058807 -0.629157 0.507196 0.895108 -1.278680 -0.750710 0.636036 -0.489283 1.312002 0.990831 -0.018207 -0.843446 0.652157 0.455964 -0.207332 0.256949 0.621894 -0.838182 0.479166 -1.298874 -0.426396 0.473056 0.167767 1.239147 2.103587 0.928719 -1.898093 1.236879 0.260899 0.032703 0.180333 -1.518212 -0.733109 -0.482365 0.762040 0.800581 -1.957944 -1.125787 -0.314261 1.909401 0.449765 -0.182553 -0.066711 0.720136
3 -1.569139 1.031054 1.062013 -0.084988 0.083258 1.076550 0.334833 0.398608 0.689481 -1.658713 1.059748 0.075581 -1.844578 0.568314 -0.171130 1.283095 -0.173779 -0.010785 1.121666 -0.328739 0.940808 0.189741 -0.753115 0.151506 -0.164516 -1.358038 1.541611 -0.269626 0.636558 0.244939 1.629896 1.385133 0.408184 0.213544 0.541965 1.143407 1.197128 -0.723405 -2.334225 -0.545704 0.670939 -2.309447 0.929755 1.207968 -2.054873 -1.976774 -0.428293 -0.588792 0.675844 0.129673
4 0.190775 -1.239999 -0.250046 0.122103 0.336878 -0.760126 -1.401586 0.282955 0.603610 1.165797 -1.584655 2.385229 -0.063352 0.681233 0.806621 0.231568 -0.496325 -0.687988 -0.407659 -2.267455 1.176292 -0.458641 0.556550 -0.444446 -0.160155 0.384926 -1.520359 0.465962 -0.749032 1.824955 -0.415109 1.445398 1.304912 1.198973 -0.276770 1.681365 0.288978 -0.524158 0.495154 -0.585823 0.010854 0.568512 -0.184214 0.309520 -1.356642 -0.527297 0.519900 0.356687 -0.857252 -0.623086
5 -0.361964 0.516939 -0.839111 0.868540 -0.122855 -1.682896 -0.834688 -1.157889 -0.418923 0.119476 0.112701 1.151089 0.840172 -1.396432 0.193979 0.180546 1.034770 -1.496121 -1.035391 0.886133 0.431342 -0.008718 2.051362 1.016218 -0.922449 0.772589 -0.340121 0.642964 -0.984582 -1.416554 -0.840764 -0.493961 0.731814 -0.548888 -0.131125 -0.917616 1.479866 0.330975 -1.062934 -0.078193 0.138526 0.241663 -0.185113 0.318692 0.916613 -0.289342 -0.218494 -0.307983 -0.754381 0.514937
6 0.176763 -0.483143 0.951052 -0.025551 -0.219078 -0.122594 0.809334 0.700649 0.075005 0.874144 0.841808 -0.130731 1.452244 1.072658 1.784190 -0.459281 2.249562 -0.681653 0.309412 -0.984926 2.554328 0.096580 0.585910 -0.138836 0.195815 -0.368742 -1.251126 0.766208 -0.688062 -0.961546 -0.569730 -0.149177 2.059130 0.080662 1.340663 0.843097 0.490917 0.379365 -0.701753 -0.584921 1.144565 0.826030 -2.476901 0.836866 -0.480302 0.191266 -0.422699 0.031262 -1.588207 -0.206159
7 0.521712 4.238768 0.570201 3.578343 -0.906054 2.948655 3.598877 0.331022 0.425429 2.324502 -0.796764 -0.380915 -0.564221 0.126325 -1.222965 4.148194 -0.042256 3.798023 -0.089649 2.556108 4.034221 1.390701 2.873033 -1.532620 4.379371 0.622867 0.176029 4.274007 -0.703792 4.599383 -0.290159 -0.131586 3.310731 4.407925 3.807420 -0.201555 -1.344320 -0.762071 0.662369 -0.150830 -0.782491 0.724146 -1.270088 2.977048 3.158258 1.045904 3.671024 -0.100269 4.407675 4.859429
8 0.061454 -1.666202 -0.046584 0.694570 0.426667 1.189405 -0.203032 -0.165365 0.119908 0.320051 0.068546 -0.613981 0.246565 0.415314 -0.168640 -0.430084 -0.623916 -1.444055 -0.444047 0.558067 1.222693 1.723387 -0.308159 -0.503614 -0.704651 -1.145727 -0.021310 0.984349 0.460495 -0.640796 0.723177 -0.915588 0.627555 -0.233882 -0.720793 -0.837076 0.846576 1.574317 -0.444696 -1.081157 -0.582681 -0.049711 -0.134425 -3.803471 0.535417 -1.092869 0.435603 0.720662 -1.493597 0.041172
9 0.988719 -1.587138 0.489456 2.374227 -1.249526 0.194385 0.332258 0.290685 -1.934698 -0.227763 1.173209 0.612066 0.948030 0.176904 -1.069378 -0.690471 -0.341935 0.986915 -0.949374 0.035646 -2.372213 0.643355 0.834049 1.008554 0.235878 0.219828 -0.758761 1.572512 -0.331114 1.368844 -0.353773 1.878706 0.151227 0.169934 -1.523702 -2.015796 0.430326 1.474274 -0.920504 -0.889225 1.021510 1.063694 -0.110991 -0.618007 -0.053897 1.575422 1.204676 1.469918 0.749919 0.404885
10 0.371833 -0.909161 -0.851049 0.687830 -0.519014 -0.073811 0.171453 -0.812024 2.496386 0.937923 -0.158536 0.440192 3.270917 -0.942984 -0.532872 1.884405 0.092874 0.584245 -0.333268 -0.372036 0.633813 -0.371102 -0.033458 -1.812886 0.964842 0.545925 0.087831 -0.270149 -1.657241 0.789958 -1.062515 0.299680 1.106596 -0.327233 0.775711 0.735962 0.292825 -0.775447 2.052061 1.139444 -0.105081 1.137741 1.626800 -0.389788 0.495341 0.243506 0.173856 0.288831 0.205592 0.018900
11 0.863758 -0.338668 1.753150 0.472773 -1.123295 0.791582 1.556981 -0.128515 -1.018127 0.675509 -0.796847 0.986043 -0.615606 0.379560 0.993403 0.638361 1.394111 -0.073418 1.026349 1.271949 0.979633 -1.108182 -0.262197 -0.199969 1.476262 -0.252646 1.215186 -0.225450 -0.453036 0.035399 0.464873 0.099435 0.647822 0.995798 -0.509525 0.935332 1.529854 0.303295 0.583149 0.446635 -0.852562 0.199154 -0.291774 2.065150 -0.192817 0.817203 -0.034734 -0.749095 2.444293 -0.576062
12 -0.563699 1.189908 -1.170956 -0.168812 -0.248043 -1.903896 0.024093 -0.895156 -0.860078 0.890998 1.766705 -1.172137 -0.846028 0.324134 -1.808327 -1.507356 -0.014087 0.076765 0.324819 -0.441441 -0.735945 0.864557 -1.355904 -2.485798 -1.201079 -1.728588 -0.517207 -1.741646 -0.683350 0.192195 1.491556 -1.123233 -0.438336 0.394580 -1.176038 1.422126 1.251195 0.417530 0.132826 0.104773 -0.374667 -0.678066 -0.008523 -0.406695 0.495253 1.444581 -0.076339 -0.473193 -0.586161 1.386061
13 0.003598 -0.403998 0.911401 0.215658 0.204139 -1.176059 -1.530907 -1.132193 0.136902 0.939516 0.669968 2.111078 1.343767 1.030223 0.779762 0.430173 0.500525 1.290451 -0.137840 2.046616 -0.356865 1.205110 -1.050187 -0.449086 1.923500 -0.086087 -1.111247 -1.695229 0.348594 -0.731024 -0.210785 0.318284 1.335407 0.224830 0.202480 -0.808653 0.684673 -1.934175 -1.136393 -2.005428 -0.110817 -0.117405 1.455025 0.830488 -0.886485 0.609174 0.740079 0.869479 -0.332426 -0.860496
14 -1.733336 -0.698090 0.350728 -1.101581 0.516165 -1.895165 0.286560 0.086677 1.114318 -0.282991 0.115796 0.820454 1.164864 0.840973 0.082419 -0.125299 -0.671211 -0.421824 1.106988 -1.653543 0.687278 1.189776 -1.561577 -1.481931 1.842425 -0.770806 1.590530 0.208293 -0.974623 -0.425568 -1.319291 0.600650 1.079835 -0.113404 0.159851 2.107250 0.028683 -0.479753 -0.354038 -0.304248 0.116343 -0.617527 2.059630 -1.027526 1.087360 1.452868 -0.725781 1.085263 -1.641356 -1.162674
15 0.340175 -0.557607 1.361875 0.351894 0.417144 0.281933 -0.039126 -0.518551 0.277955 1.559688 -1.203347 0.288338 -0.269956 0.598928 0.558059 0.081942 -0.567258 -1.565486 0.853717 -1.181803 1.570143 0.675064 1.610225 0.828584 -1.232119 -1.293621 0.012783 0.472618 -1.228850 -0.349595 1.224111 -0.088673 -1.124221 0.479612 -0.802337 0.492500 1.193865 0.051829 0.353274 0.250092 2.639925 -0.897624 -1.869607 -0.783134 -0.203088 0.280956 1.434417 -0.793662 0.487074 -0.012623
16 -0.697235 -0.722430 -0.351124 0.891009 0.408534 0.823350 -0.855381 -1.248899 1.157036 0.294674 1.258296 0.146970 0.833935 -1.037201 1.818761 -1.184605 -0.013463 0.420057 0.377509 -1.189015 0.883820 -1.116129 -2.104897 -1.139875 -1.447337 -1.615808 -2.941686 -0.169323 1.306862 -0.125000 -1.074098 -2.233123 0.364624 0.239775 -0.724646 -1.340907 -0.284344 -0.235035 2.211714 -0.272277 0.375128 -1.269109 -0.129054 1.145563 -0.373861 0.330888 -0.003979 -0.154922 0.652267 0.103545
17 -0.127093 0.027450 0.103576 -1.594609 -0.883018 0.440615 -0.344413 0.449923 0.472233 0.096205 -0.419855 0.591947 -1.530155 -1.451683 -0.910073 0.853151 0.578437 0.688782 -1.044490 0.531917 0.635442 0.849312 0.941079 -1.549796 -0.263482 -0.140265 -0.308038 -0.855247 0.204800 0.949436 0.917688 1.918476 1.583601 1.086521 -0.244788 -0.970733 0.217011 0.013533 0.198634 2.269339 0.615615 -0.073251 0.258365 -1.120479 -1.341147 -0.302301 0.844488 -1.344760 -1.069252 0.534662
18 1.250064 -0.459264 -0.917452 -0.194111 0.514722 -1.033216 1.086464 1.301562 1.851383 0.669074 2.156055 0.059737 1.894395 0.869566 0.054895 -0.541534 1.198742 0.261955 1.887683 0.599002 0.111719 0.443914 -0.050819 -0.309984 0.626827 2.089439 -1.213689 0.672866 0.780487 -1.087968 0.581125 0.732082 -0.736076 -0.661306 0.527254 -2.386294 0.887583 0.077662 -1.960151 -0.867778 -0.278779 1.686826 -0.654275 -0.579479 -1.154514 -1.152759 0.910551 1.291747 -0.660295 0.044005
19 0.704861 0.394208 -0.132114 0.154490 1.413642 -0.604087 0.133179 1.795878 0.441329 -0.928795 0.720962 0.369256 -0.143337 -0.954190 1.251597 2.549121 -0.287590 1.554322 0.268246 -0.305155 -0.261017 -1.341596 -0.419713 -0.070587 -1.817121 0.751865 0.313409 0.095634 1.098145 0.172067 -0.699015 -1.487548 -0.417398 -2.443302 -1.794014 -1.984694 -1.567562 0.879597 1.395377 -0.966232 1.348871 1.014542 1.604007 0.624862 -0.449887 1.299920 -1.640655 1.169543 -0.550361 -0.638571
20 0.196573 -0.437733 0.158684 -0.785441 -0.697141 -0.221150 0.164754 0.630641 -2.295581 0.770369 1.074066 0.676297 0.137759 0.326535 0.232430 0.942930 0.725818 -0.083485 -0.033389 0.046529 -1.003779 -0.465175 1.754292 0.069441 -0.652103 -1.047401 -0.998980 0.809385 -0.493001 -1.378073 0.199809 -0.389414 0.292664 1.233078 1.180720 -0.408359 -0.299625 0.754989 0.573135 0.127890 0.093729 -0.015299 -0.166743 0.629839 1.839201 0.783608 -1.496701 1.346386 -1.740574 1.574080
21 0.400824 0.817444 0.107762 -1.486092 -0.917711 0.482727 -1.461854 1.653834 0.338351 -1.299644 0.061027 1.466045 0.047533 0.417726 -1.629196 0.409742 -1.793466 -0.150066 0.481247 -0.836408 -1.112849 -0.243172 -0.092087 -1.221767 0.118176 0.061090 -1.792693 0.287228 -0.805305 -1.500664 1.263741 -0.575818 1.952399 -0.910049 0.453252 2.322126 -1.189560 0.762964 2.114845 1.643678 -0.354257 -0.684586 -1.343147 -1.491564 -1.338282 0.309931 0.701884 -1.005795 0.982453 -1.284459
22 -0.573182 0.374005 1.133481 -0.630182 -1.767167 1.143805 0.212212 0.760599 -0.785481 -1.515494 -0.007266 1.112693 -0.928641 0.572607 0.733703 0.344437 -1.584929 -2.001562 0.483344 0.390363 -1.312027 1.536799 0.262936 0.214613 0.864369 1.054416 -1.276242 0.060794 -0.775939 0.900125 0.172155 0.248532 -0.126998 0.867097 0.288381 0.492392 -0.279879 -0.592351 -2.220586 0.463541 -0.813498 1.285639 -1.558026 0.092815 -1.305744 -1.549135 -1.007686 0.610409 1.406992 0.787941
23 0.024932 -0.870371 0.123971 0.863893 -0.084896 -0.086270 -2.175082 -0.258383 0.022692 0.602499 0.024368 -0.306622 0.170989 -0.073977 -1.311536 -0.780160 -0.924151 -2.242444 0.614924 -0.414649 -1.153940 1.403824 -0.393408 0.895035 -0.234064 1.627799 -0.965060 1.491471 0.808180 0.295605 1.681762 1.608411 0.773609 -0.723860 0.784360 0.693580 0.164386 0.261050 0.715505 0.038115 -0.389825 -0.157332 0.130032 0.170539 0.255944 1.028237 -0.660748 0.176789 -0.515934 -1.674143
24 -0.923636 -0.930945 -1.009941 0.484618 0.206416 -0.823271 -1.515603 1.857040 -2.184816 -0.168631 0.138969 -1.498344 0.775633 0.342964 -0.207050 0.885427 0.287732 -1.055500 0.617144 0.164845 0.553660 0.477418 -0.413661 -0.850343 -1.459046 0.268697 -1.141547 -2.318292 0.739674 1.074562 0.329060 0.638066 -0.326313 0.953386 -0.748895 -1.150143 0.082647 -0.470319 0.768587 0.965131 -1.118978 1.398593 -0.710914 2.709956 0.246959 0.602616 0.162015 1.576158 1.633155 1.699822
25 0.029828 2.355716 -1.825955 -0.356695 0.174851 0.870957 0.820568 -0.770459 0.243687 0.641976 0.529204 -1.829720 -0.369250 0.309168 -0.999614 1.104257 0.616645 2.367325 -1.185681 0.718127 -0.803234 -0.797578 -0.399468 1.175351 0.442666 -0.098682 0.037405 -1.280351 0.940817 0.499791 -0.331189 0.676314 -0.579576 0.451879 -1.406931 -0.008869 -2.020398 1.090284 -1.459787 0.424955 1.395799 0.296075 0.657351 -1.702956 -1.262749 0.244855 1.790647 0.861709 -0.136925 -0.226091
26 3.273932 1.905658 0.348897 -2.966761 -0.775760 0.038716 1.083551 0.798669 -0.259886 -2.224437 -0.383663 1.526448 0.030709 1.395571 1.684643 -1.761027 -0.080973 0.360593 -1.160360 0.795196 -0.140871 0.194316 -1.206288 0.143125 0.008780 0.710821 -0.120286 1.408899 -0.497832 1.090488 -0.841489 0.936488 -0.874102 -0.926689 0.994614 -0.113063 -0.644011 -1.088964 0.653355 1.499973 0.055233 -0.734597 1.444390 -0.959684 -0.264462 1.178779 -1.742377 -0.186387 1.629978 -0.120223
27 1.559341 0.261429 -0.985943 0.549682 0.367564 -0.361853 0.690965 -0.029243 0.910873 0.333070 0.220902 0.075304 -0.832037 0.419713 -1.547165 -1.021136 0.526323 0.934316 -1.799696 -1.327795 1.537272 1.302548 0.964136 1.567356 0.153468 -1.786856 1.237128 0.849406 -0.496424 -0.121918 0.917435 -0.898762 1.348614 -2.197774 1.088867 -1.649983 0.738083 -0.861566 0.029531 1.109125 -0.790210 0.282138 0.530728 -0.164143 -0.965523 0.854243 0.281430 2.199426 1.235173 0.670307
28 -0.313820 -0.002866 -1.166840 1.546023 -1.407984 1.872604 -0.463398 -1.003609 -1.098204 -0.925103 1.236115 1.302970 0.492909 -1.242700 -0.911711 0.138385 0.129333 -0.502011 1.355278 -0.101126 1.296540 -0.478635 -1.897605 -1.169146 1.071203 0.304667 -0.342810 0.437402 -0.361280 -0.660843 -0.834579 0.222769 1.066247 -3.080413 -0.638697 0.453637 0.305359 -0.882914 0.376780 0.842990 -0.936130 -0.100664 -0.918375 0.435765 -0.319782 1.253347 0.538635 -1.039497 0.121411 1.023897
29 0.240703 -0.569317 0.661604 0.408675 -1.070448 0.476157 -2.621442 -0.486612 0.216485 0.716946 0.333404 3.066600 0.407665 -0.829956 -0.223660 0.071221 0.134782 1.322205 -0.423806 0.127247 -0.895553 -0.089069 -0.750468 1.050815 -0.778033 -0.319220 -0.432297 1.080742 2.344419 -1.040748 -1.269696 -0.183188 -0.701975 -0.431057 1.802836 -1.404105 2.043527 1.454076 -0.404386 0.242400 -0.460578 -1.337914 0.621274 0.301895 -1.825316 0.389277 1.207860 -0.474420 1.827518 -0.451774
30 -0.652277 -0.640772 -0.587742 -0.036497 -0.023931 0.589643 -1.026998 0.704633 -0.437356 0.070008 1.463563 -0.535485 -0.114482 2.251812 -0.117299 0.333936 -1.010957 0.340827 -0.760144 -0.087369 0.443937 -0.735303 -1.258262 -0.721013 -0.353532 -1.130740 0.870056 2.415207 -1.067991 -0.872990 -0.548766 -0.915219 0.056606 0.266807 -0.248269 0.635147 -0.172530 -1.462440 -0.586442 -0.020865 -0.383410 -0.900125 0.652078 -0.984655 -0.187752 -0.293318 0.664455 -0.440863 -1.665784 -0.596697
31 -0.449800 -1.346916 1.064811 -0.434204 -0.443967 0.086053 -0.010685 1.801981 0.023266 1.592855 0.258478 0.071523 0.675777 -1.365511 -0.319588 0.388797 1.033360 -1.976283 -0.064086 -0.199781 -0.429712 -0.186753 -0.278717 -0.195081 1.121861 0.604293 -1.124291 0.476290 0.588230 0.529160 -0.483304 0.432909 -1.481663 0.752073 1.417732 0.824886 -2.140461 1.441138 1.462880 0.017410 -0.574415 -2.388388 0.560026 -1.127604 -0.003646 -0.878176 1.096708 0.135564 -0.698934 0.675090
32 -0.665824 -0.206747 1.846440 0.168603 -0.282457 0.136305 0.178735 1.229373 -0.417643 0.976056 -1.180963 0.909935 1.740009 0.213463 -0.737734 0.369645 -1.127129 0.295337 -0.072998 -1.428964 0.744911 -0.170905 0.932708 -1.346596 -1.097431 0.199355 1.186792 1.049896 2.518444 -0.723120 1.208113 1.264201 -0.034158 -0.197960 -0.657435 0.842645 0.171580 0.003674 0.536145 -0.324832 -0.344777 0.269253 -0.082286 0.310544 -0.746184 -0.346405 -0.033429 0.311812 -1.601160 -1.465229
33 1.168534 -0.130543 -0.485376 -0.115009 -0.984138 1.490201 -0.318006 1.636384 1.253850 0.498146 -1.989639 0.773923 -0.093505 -1.119205 -0.595588 -0.174884 0.885910 0.261859 -0.636988 -1.178841 -1.980726 0.318499 1.364526 0.821876 -0.034758 0.936369 -0.123807 -1.757973 -0.392952 -0.709156 -1.881358 -0.261682 -0.158147 -0.669604 0.010045 0.605211 1.210156 -0.401588 -1.464284 -0.149534 -0.684713 0.686988 0.983578 -1.060847 -1.028657 1.300942 0.058941 -1.513815 -0.481675 0.727435
34 0.170888 -0.410266 -0.843399 -1.374610 -0.974249 1.170232 0.492487 0.122121 -0.012961 0.199890 -0.854940 -1.099791 -0.641629 -1.558278 1.377727 0.399937 -1.842210 -0.112122 1.316272 0.773257 -1.236970 -0.386848 1.187542 0.565042 -0.416980 -0.226582 0.000944 0.158197 0.282000 0.929397 -1.675732 -0.953638 0.353205 0.594231 -0.506986 0.257583 -1.044559 1.261976 -0.687639 1.910564 -0.725856 1.178398 -1.193207 2.373231 -0.156234 -1.114337 0.181789 0.080777 -0.031725 -0.426007
35 -0.156073 -1.743754 -0.810174 -1.167094 0.967230 1.784694 -0.895075 0.338616 1.491049 1.028822 0.594289 -0.392628 1.855950 -0.138627 -1.138803 0.960361 -0.288200 -1.503024 -0.191243 -0.030007 -0.556498 0.593750 0.084589 0.404516 0.134439 1.319708 0.238820 1.502134 1.191471 0.311115 0.491180 -0.648361 -1.247340 0.230974 0.693207 0.046098 1.456702 0.912711 0.508595 0.257499 2.567850 -1.736172 1.072332 -1.249135 -0.620636 0.977789 -1.145502 0.050595 0.050689 -0.455715
36 -1.547268 -1.220098 -2.081542 0.576116 -1.172504 -1.067650 -0.528406 0.625823 -1.184311 1.376438 0.414090 -0.419452 -0.329710 0.749308 -1.432246 0.800455 0.225162 0.713287 -0.742747 -1.217979 2.764700 -0.299798 2.660296 -0.774323 0.955060 -0.902517 0.292558 -0.470300 -1.135255 -1.036340 -0.435658 -1.937843 -0.192416 1.056085 -0.438283 -1.526198 -0.275576 0.745977 1.713709 0.381245 0.754964 -0.717465 -0.944000 -0.983938 0.460783 -2.251555 -0.014409 0.302067 -2.257570 -1.310716
37 0.642743 0.288479 2.738191 -1.019256 -1.684950 1.528362 0.837879 0.844143 -0.718204 0.847491 0.613509 -0.417228 -1.084525 1.280373 1.042942 -0.553386 -0.655869 0.830826 -1.653238 -0.691001 0.485989 -2.308427 0.292257 -1.329760 -0.914558 0.400202 0.238458 0.101135 0.442695 -0.830928 0.492356 -0.609275 0.582282 -0.214990 0.832887 0.597960 0.273110 -0.191476 0.354010 -0.976176 -0.067797 0.175904 -0.066233 -0.009170 -1.430817 -0.565012 0.151869 -1.799991 1.858817 1.012742
38 -0.051591 -0.113772 -1.518337 0.785040 -0.478104 1.991051 1.256180 -1.349283 0.987714 -0.222827 -1.474312 0.157395 -0.049829 0.834118 -0.014796 -0.031103 0.325244 0.971012 1.375745 -0.101064 -0.051040 0.405423 0.203688 0.966120 -1.033555 0.086343 -0.421679 -0.530071 1.232223 0.614814 -1.192237 -0.719400 0.020752 0.188111 -0.034379 -0.621169 0.306970 -0.597985 1.673402 0.822267 0.130201 -0.402901 0.807812 -0.334433 -0.521351 2.228104 0.906052 -0.920739 -0.205687 0.849543
39 -0.708119 -0.426457 0.125529 1.085170 -0.018560 -0.203385 -0.287079 -1.054514 -0.374966 0.641719 -1.467481 -2.368726 1.476465 -0.428895 0.470379 -0.132361 -0.320375 -0.971770 0.395978 -0.408891 0.703436 1.060929 1.236273 0.830762 0.103005 -0.263202 0.439671 -0.423480 -0.328846 0.331436 -0.803815 0.172216 -0.531807 -0.882597 0.487380 1.040798 0.499801 0.325302 0.048731 -0.970436 0.445275 1.015765 -0.394989 0.882096 1.108847 -0.688620 -0.910785 0.800432 -0.931734 -1.161747
40 1.519152 0.091863 -0.045193 -0.395031 -0.501386 1.848491 1.021321 -0.326526 0.415681 -1.124247 -0.180451 -1.027722 -0.171071 0.579344 -0.301803 -0.172073 0.489373 -0.455031 0.482689 2.327651 1.533842 -0.683981 -0.583445 1.000232 1.168342 -0.500300 0.120551 1.886298 -0.283166 0.567252 1.313480 -0.288114 1.830368 0.413511 0.689436 0.195180 -0.312800 -1.283237 -0.288299 0.019421 -0.818718 0.750122 -0.759515 -1.076665 -0.512127 1.182659 -2.198198 -0.819283 -0.675687 1.255335
41 -0.092036 1.006581 -1.901541 -0.714000 0.324071 -1.905162 -0.793009 -0.357232 1.109368 -0.114311 -0.943895 1.058508 0.308796 0.476858 1.152019 -0.793460 1.972964 1.398443 0.032894 0.219438 2.415722 -0.036636 -1.329154 1.558747 -0.192394 -2.169048 -0.234208 0.445651 1.945833 0.264107 -0.340783 2.476569 2.101221 0.735483 0.967432 -0.739140 2.360016 0.002906 0.860215 1.845002 0.830474 0.034580 0.376902 1.086752 -1.260329 -0.089437 -1.212667 0.910656 1.259795 -0.101260
42 0.405340 -1.535444 -0.524888 -0.044101 0.977983 -0.989150 -1.062023 -2.603339 0.916946 0.932189 -0.315555 0.634420 0.245971 -1.416033 0.441168 -0.353670 -1.478055 0.427569 0.144810 -0.596038 -1.014771 -0.853986 -1.481015 -1.355154 -0.220166 0.366695 0.568217 -0.963774 1.314934 0.667672 1.262279 0.616157 -0.527627 0.419290 0.642772 0.641061 1.268234 -0.296917 1.213610 0.960706 -0.377535 0.432156 1.275687 -0.277358 1.090303 1.154523 -1.782804 0.472612 1.290855 0.248366
43 -0.567900 -1.223520 0.550172 0.891732 1.621304 0.001422 1.877555 0.049790 -0.095844 0.595298 -0.335864 0.234689 0.007529 0.035312 1.634309 -0.026562 -1.908305 -2.029692 0.513435 0.026584 1.645992 0.942548 0.051625 -0.322016 1.269669 -0.676986 0.245993 0.797660 1.668741 0.575153 -0.857001 -0.240678 0.858449 -1.276904 0.370823 -1.507872 0.312922 -0.116255 -0.420140 -0.517972 -0.555330 0.619113 0.974225 -0.460400 2.658983 -0.702304 -1.291494 -0.971333 0.161236 1.301638
44 -1.013020 0.561972 -1.075084 -0.098938 -0.039394 -0.086300 -0.905370 -0.029807 -1.152315 0.547140 0.667596 1.663495 -0.175772 1.903779 -0.245527 -0.850512 0.689029 -0.381597 1.471978 0.555220 -0.495107 -0.525745 -0.837076 -0.008593 -0.751728 -0.244947 0.708750 -0.047153 -1.245824 -0.280218 -2.406437 -0.026007 0.551200 -2.182787 -0.764353 0.503543 0.079324 0.260540 1.064888 0.054916 -1.053005 0.884532 -0.190417 2.356966 -0.092790 0.856995 1.442497 0.491978 1.460784 0.636058
45 -0.845215 2.196509 1.736241 0.414193 1.980622 0.431226 -0.049689 -0.678394 0.586863 0.241480 1.244848 0.844219 0.481177 -0.156046 -0.314135 0.944953 -0.437596 1.000637 1.399606 -0.675115 -0.002753 -0.116596 -1.166036 1.389811 0.799553 -1.013146 0.723562 -0.028324 1.514741 -0.042921 -0.453752 -0.176814 -0.519212 -0.552726 -0.895393 0.469127 -0.673265 0.175271 0.494345 -0.341153 0.809077 -0.762290 0.312848 0.835007 0.895116 -0.874623 1.319916 0.507345 1.497791 0.341611
46 0.553934 -0.138267 -0.007585 -0.136434 1.833814 0.738212 -0.683328 0.033502 1.522159 0.685179 -0.028631 0.125881 -0.404748 0.153092 -0.829170 0.091671 0.101627 0.502531 0.737995 -0.690867 0.621150 0.793208 -0.308848 1.755768 0.476120 -0.290445 -2.094082 1.211677 0.047369 0.239912 1.072069 -1.862847 -1.393733 0.479676 0.468469 0.175301 -0.333145 -1.116097 -0.195600 -2.031904 1.068927 -0.556588 -0.987729 0.329551 0.858601 -0.268389 1.515211 -1.257103 -0.701826 1.435242
47 1.745356 1.498834 0.851415 1.669058 1.894572 -1.715688 0.168867 -1.029088 -0.406347 -0.395067 -1.568358 0.225360 -0.104361 -0.143872 -0.719394 1.116621 -0.536696 0.186910 0.322051 1.919413 1.534341 -0.640191 0.127026 -0.516170 1.229692 -1.003729 0.044735 0.326771 -4.386051 0.176950 1.078838 0.055732 -0.981418 0.698088 0.189219 0.012399 0.589595 -0.857293 0.326708 -0.757114 1.537768 -1.491799 1.052712 1.837664 0.536219 0.637667 -0.650792 0.660142 -0.242288 0.339368
48 -0.568101 -1.250585 0.343011 1.399594 -0.923371 0.498427 0.742882 0.401203 -1.649181 -0.994397 -0.532208 0.050809 0.383808 -0.335950 0.593433 -0.355810 -1.902232 -0.315213 1.128503 0.028692 0.757695 -0.104075 0.101566 1.221704 0.114273 1.482718 0.989462 -0.388632 0.344653 0.572156 -0.230025 1.839545 1.161303 0.747148 0.429426 1.012465 -0.716424 0.087576 -0.252914 0.631984 -0.478304 0.125831 -1.402782 -0.177114 0.423946 -0.344690 -0.170135 -0.727424 0.006279 1.189181
49 -1.396273 0.205503 -0.869053 -0.209371 -1.234146 0.822262 0.991121 1.091374 2.466765 -0.987613 0.132942 -1.711858 1.223372 -0.648453 -1.640730 0.455554 0.589857 -2.432886 0.873133 -1.211648 0.469019 -1.158602 -0.344092 0.416978 -0.079516 0.822966 -1.500503 -1.318686 0.276347 0.534301 1.736039 -1.593984 -1.941541 0.320946 0.758033 0.312646 -0.384821 -0.638326 -0.388049 -1.368812 0.507565 -0.417840 0.196978 0.569109 0.801845 -0.517430 0.543137 0.286134 0.373472 1.221775
50 0.629332 1.610864 -0.423028 -1.689446 1.110949 1.388610 1.227424 0.698184 -2.356064 -1.524052 -1.775093 0.474092 -0.124455 1.606448 1.072759 0.799722 -0.016123 -0.715766 0.641100 -0.142096 -1.605177 -1.743100 0.309412 -1.289788 0.936104 -1.078419 0.242489 -0.436535 -0.756788 -0.033252 0.671488 0.968078 -0.461847 0.465518 2.493213 -0.167701 0.024932 -0.115096 0.446194 -1.543538 -0.262946 -0.014857 -0.727571 1.488549 -1.534873 0.306292 0.140275 -0.481960 0.665318 0.817629
51 0.300793 -0.020344 -1.013726 0.900926 0.084950 0.449312 0.875483 -2.545618 0.385035 0.580125 0.497939 -1.025125 -0.570461 1.939839 -0.228792 2.129020 0.315530 -0.051084 1.121776 0.110281 1.148337 -0.751836 -0.825081 0.816959 -0.037495 0.723338 1.244541 0.643595 0.060877 -1.898201 0.329409 0.243915 0.864639 0.330552 -1.226730 -0.824057 1.388162 -0.346015 0.229326 1.105304 -0.230331 -1.132337 -0.211860 1.411753 -1.984594 1.415084 -0.321595 -0.693348 0.954099 0.159354
52 -0.984662 -0.422729 -1.634063 0.941130 0.116177 0.389396 0.340221 -0.746508 -0.043983 0.474289 1.620584 -2.307171 1.186109 -0.324276 0.112626 -1.454438 0.248925 0.233339 0.762257 -0.586286 0.227803 -1.545502 0.438465 -1.450234 0.545035 0.582550 -0.961736 0.821705 2.138689 0.867078 -1.520197 -1.648424 -0.305501 -2.134989 0.036637 0.175275 -0.202509 -0.502315 0.822851 -0.219092 -0.087571 0.743838 0.046466 -0.462616 -0.015649 -0.555057 2.051107 -0.264629 -1.695460 -1.333301
53 0.519105 0.232143 -0.022158 -0.886467 0.476886 -0.349480 0.492981 0.764202 0.571165 -1.578205 0.348741 -1.068584 -3.145911 0.775819 -0.592894 -0.345343 -0.096910 1.804894 -0.178537 -0.028406 1.002876 -1.393705 0.018628 0.887777 -1.281148 0.283727 0.617629 -0.858940 -0.063904 1.349181 0.464384 0.981068 -0.280089 0.333128 -3.118525 1.447743 0.760725 1.203836 -2.346080 -0.911972 -1.281671 0.692634 0.052224 0.880958 0.905764 0.294225 0.176854 -0.966209 -1.291608 -0.603116
54 -0.493520 -1.185338 1.699031 0.054441 0.324763 -0.098098 1.509556 0.393259 2.031915 0.258519 1.064609 0.774109 -0.416571 -2.143293 0.785819 1.183461 -0.054039 0.539560 1.108506 -1.228865 -0.522081 -0.838393 1.884614 0.563505 0.005136 -1.065924 -2.168474 0.631027 -0.807937 0.551154 -0.154691 -1.110129 0.385400 -0.623983 -0.198666 0.391384 0.593748 1.044869 1.301299 0.106013 -0.810745 -0.404172 -0.720614 -0.581547 0.785334 -0.342059 1.802149 -0.793833 0.665002 -0.949701
55 0.376694 -0.155232 1.306661 0.879745 -2.335973 -0.524815 -1.432196 -1.109520 0.340068 -0.783281 -2.019737 0.283577 -1.201996 -0.269121 1.467707 0.075904 -1.368110 0.499497 -0.017356 0.974929 0.629383 0.045616 0.916685 -0.180645 -0.021413 2.161197 -0.009093 0.518710 1.072188 -0.009832 1.034342 0.027277 -0.362935 -0.516232 -0.185616 0.492855 -2.024084 0.761744 0.475909 -0.316463 -1.158738 1.041525 -0.454518 -0.506788 -1.617495 2.215334 -0.432064 -0.178009 0.639988 1.203351
56 -0.633522 -2.832461 0.511951 -0.560018 -0.046939 0.898898 0.410448 0.444022 -1.265929 -0.423138 -0.290501 0.841435 1.264771 1.133703 0.503576 -0.744512 -0.348639 -1.594082 -0.106817 0.914821 2.137350 -0.731476 -1.839100 -0.041549 -1.349611 0.702682 -2.158829 1.286614 0.119510 -0.196785 -1.040614 -0.138566 -0.375806 0.778330 0.134429 -1.586661 -0.262832 -1.874145 0.283408 0.888567 -0.945750 0.504558 -0.272662 0.883437 0.080721 -0.061769 -0.846218 2.420710 -1.831426 -1.994679
57 2.303486 -0.175700 0.124817 0.632097 1.321399 2.517694 0.292204 -0.557527 0.889872 0.243975 -0.294739 0.109305 0.560104 0.601246 -0.442964 -0.602970 -0.057959 0.813893 -0.682452 0.207913 0.565861 0.452484 -1.521248 -0.312879 1.384884 -0.659571 -0.488711 0.290923 1.505764 1.303858 0.620187 -0.012498 1.223364 -0.175398 0.322492 0.054141 1.017016 -1.892699 -0.194388 0.320330 0.306322 0.643907 0.158656 1.662989 -0.043763 0.884269 -0.177022 0.684633 1.138269 0.033462
58 -1.098905 -1.897079 1.345788 0.553398 2.626605 -2.028981 0.022033 2.063660 0.918458 -0.668563 -0.311295 -0.440834 0.025701 -0.582354 2.513881 -0.277773 -0.300535 1.146894 -0.183791 -0.197116 -0.750023 -0.721380 0.504290 -0.328852 -0.008228 -1.688802 0.092661 0.387908 -0.430803 -0.699795 -0.651466 2.057408 -0.695836 -0.282779 0.288341 -0.063906 -1.978347 -0.067585 -0.575804 -1.909938 -2.030784 0.717634 -0.374832 -0.411051 1.370446 -0.563458 0.888623 0.694991 0.284035 -0.818672
59 1.599266 1.142602 0.084578 1.730268 0.424726 0.729719 1.943115 -0.289082 0.024582 1.491934 0.019477 0.512058 -0.138218 -2.487857 1.364136 2.569872 0.534691 -0.359472 -0.885307 -0.128046 1.681510 0.761046 1.000821 0.092117 1.903939 -0.028189 -1.320282 1.278956 -1.266739 1.493959 1.789573 -0.330632 -0.025505 2.235376 0.002956 0.173284 -0.714051 0.810907 0.301524 0.529941 -0.315071 0.003468 0.323710 -0.488068 0.381248 0.715393 0.636131 2.075401 -0.044075 0.370832
60 1.299022 0.842522 -0.061593 -0.041481 1.842348 2.675351 1.313402 0.659153 0.102236 0.610521 -0.394714 -1.241218 0.099972 0.174867 -1.115965 -0.450785 -1.369159 0.381750 0.102202 -0.101906 0.777703 0.648158 -2.622581 2.416232 0.273024 -0.149943 0.147374 -1.724459 -1.171963 -1.629487 -0.673252 1.424378 0.415261 -0.909631 1.055797 -1.739694 0.177596 0.308264 -0.219271 -0.778748 -1.551210 -0.197578 1.092757 -1.419661 -1.096255 -0.032429 -0.196897 1.030445 -0.067124 -0.008507
61 1.382866 0.445028 0.247628 -0.507478 -0.674859 -0.898147 -0.943963 0.766975 -0.082040 1.500555 0.154250 0.124339 0.197921 0.986457 -0.930277 -0.764423 0.558667 -0.891611 -1.198870 -0.672836 -0.665233 -1.428519 0.471585 0.540592 0.678004 0.694927 0.002231 -0.889726 -0.672017 1.238951 0.549540 0.880972 1.321688 1.544730 0.211582 -1.044069 -1.450263 -1.269857 -1.587289 0.452643 -0.050029 -0.529684 0.283437 -1.301443 1.602518 -2.317820 0.492675 0.768626 0.678917 1.123903
62 1.579098 -2.072830 0.349135 1.455251 -0.427907 1.451432 -1.068746 -0.699733 0.903091 1.036943 -1.035086 -1.503906 -0.917330 0.784901 -0.141404 2.799982 0.945163 -0.447934 -0.124712 1.975158 -0.666715 -0.750550 0.089882 1.491082 1.242182 -1.181202 -0.187135 1.601875 -0.224074 0.298664 1.607471 0.034626 0.887908 1.234899 0.153908 0.511988 -1.180328 -1.524254 1.565657 1.358397 -0.497427 0.282974 -0.839790 -1.051586 1.143169 -0.597317 -0.652977 -0.631169 1.219344 0.018390
63 1.013171 -0.487198 0.557026 0.272094 0.407926 0.949872 -1.072007 -1.773624 -2.174219 1.221156 -1.724905 0.053516 -0.375521 -2.282143 -0.149676 -0.730214 -1.899475 -0.299876 1.528177 -1.365735 0.973997 0.588242 -0.424345 -0.251176 -0.649648 -0.379639 1.095833 1.798142 -0.419668 -0.466053 1.064719 -0.449258 0.458100 -1.392239 -0.197074 0.576323 -0.340171 -1.130343 0.121493 -0.112317 -1.778158 -0.102388 -0.133024 0.235308 0.139233 -0.768984 -0.395350 -0.731627 1.132616 0.693378
64 -0.153020 0.201769 -0.595695 0.821015 -0.290857 -0.234753 -0.514677 0.686641 1.581577 1.094869 0.762284 0.633331 -2.322150 1.492673 -0.954683 -0.917121 0.725189 -1.663074 0.383075 0.232777 0.285080 -1.263468 -0.511718 0.426443 2.975609 -1.978985 -0.706414 -2.807758 0.722425 0.426909 -0.576918 -0.455995 0.373249 -0.668674 0.240043 0.626716 -0.790242 -0.050424 0.426835 0.668096 -1.060973 0.468290 0.008983 -0.890368 -0.611925 -0.304461 -0.164296 -0.855019 -1.196623 -0.214633
65 -1.187947 -0.900944 0.854125 -0.275676 -0.536217 -1.118911 -1.777527 0.066536 0.277736 -1.014841 -0.203935 0.305104 2.538659 0.351359 0.367520 0.293729 -0.152769 -0.414904 1.327454 1.276567 -0.731979 -0.137615 -0.926059 0.132782 0.287582 -0.187396 0.482846 0.007281 0.309794 -1.532935 1.141571 -1.264462 -1.580746 0.807950 -0.051981 -0.278154 -0.642617 0.992920 -0.241962 0.637865 -0.355935 0.000272 -0.498228 0.274257 -0.368750 -0.330480 -1.753407 1.744107 -1.439369 -0.505372
66 1.628108 -0.422103 1.415547 -1.116386 -0.756948 -0.650494 1.275955 0.352724 -0.293727 1.206291 -1.583408 1.135598 0.517920 -1.561926 0.227699 -0.745918 0.365785 -0.738097 0.751973 -0.353223 0.591534 0.030176 1.669034 -0.119616 0.341469 0.126211 -0.046662 1.104862 0.206859 0.980987 -0.721406 -0.066794 -0.049179 0.522518 1.613257 -1.313323 1.136311 -0.301395 -1.097116 -0.109496 -0.160206 0.883001 -1.696640 0.204067 0.729203 0.272686 -0.727742 0.537707 0.330814 0.732117
67 -1.777182 -0.216308 0.040363 -0.742838 -0.704531 0.307320 -1.167046 1.635268 1.437378 0.120176 -0.312608 -0.590711 -0.914872 1.137346 0.295128 0.567198 -1.550956 0.663408 1.157842 1.772706 -0.004846 -0.768902 -0.174678 1.623015 -0.716108 -0.115130 1.921341 -0.794256 -1.114661 0.920101 0.739745 -0.186841 -0.963405 1.728757 -1.082854 0.748099 -0.676796 1.084692 0.273843 0.095353 0.095791 -0.890362 1.224952 0.371661 -1.179655 0.171387 0.844483 0.312838 1.764631 -1.260133
68 -1.423095 1.152879 1.275333 1.260776 0.214117 -0.397667 -0.014756 0.659817 -1.586497 0.917348 -0.391750 0.434759 -0.384701 -0.477681 1.254220 1.362194 0.869511 -1.784605 1.000732 0.002549 0.603610 1.473668 -0.236113 -1.526670 1.621387 -0.696172 -0.033445 1.176807 0.942840 -0.778981 -0.704409 0.406138 0.561431 1.709279 1.713444 -1.095508 0.907639 0.144585 -0.283276 0.987566 -0.590112 0.946183 -2.015430 -0.042787 0.476952 -1.558673 0.185521 1.159676 0.067029 -0.394488
69 -0.496542 0.332147 0.315663 -1.134188 1.519887 -0.068086 0.639848 -0.559268 0.201450 1.365349 -0.531857 -1.723298 0.472300 1.762714 -0.489157 1.405854 -2.189073 -0.788368 -1.624147 -0.390135 -0.461455 -0.540996 0.515657 -1.593975 -0.263361 -1.488001 -0.575713 0.489272 0.125892 0.341701 -0.499216 0.563497 0.272438 0.118657 1.646760 1.845214 -0.885112 1.791346 0.290072 -1.328227 -1.795418 0.163328 1.120454 2.532975 0.075840 -1.411082 -0.980275 0.624728 0.987046 0.305959
70 1.291469 1.207374 -2.148656 -1.197030 1.813995 0.573168 -0.311205 0.035953 -0.440475 -1.001117 0.688769 -1.387116 0.605750 -0.664290 0.888959 -2.674835 -0.162789 -1.697825 0.333746 0.328689 -1.419133 1.646526 -0.093571 2.566039 1.447892 -1.067195 -1.041009 -0.169597 -0.015117 1.638886 1.138218 -0.060514 0.603001 -0.457443 0.230685 -1.266717 0.592831 0.109080 -1.590166 0.833233 0.075865 0.614543 1.360082 -0.865575 0.910643 -0.170373 -1.570965 0.577222 -1.709392 1.224119
71 -0.060826 1.367479 0.297553 -0.989979 1.278700 -0.069492 -0.409024 0.901850 1.117205 -0.836345 -0.225298 1.219643 -2.525431 0.434701 -1.132574 -0.481658 1.430994 -1.328378 0.955726 -0.739770 -1.403710 0.797497 -0.247660 -0.719754 -0.752651 -0.553496 -2.716469 0.670055 0.730030 1.330328 0.819691 0.498212 -0.450520 -1.910126 0.061622 0.925281 -0.119147 -1.020375 0.970926 -1.358988 -1.291120 1.308491 0.408377 -1.477928 0.230068 -0.419442 -1.381023 1.208836 -0.601192 0.547379
72 -0.032182 0.184105 -0.553831 -0.028256 -0.354326 0.575355 0.336809 -1.031103 0.869094 0.464473 0.570338 -0.915178 -1.267994 -0.865909 0.424295 -1.976328 1.933708 -0.109586 -0.342808 -0.685361 -0.358425 -1.814106 0.418034 -0.471319 -0.169567 -1.771686 -0.373188 1.534187 -0.424739 -0.139140 -1.376348 -1.208657 -1.763370 -0.147195 -1.730390 1.795426 -0.187556 -2.674400 -0.311731 0.654199 -0.227623 0.089690 1.745692 0.471458 -0.995614 0.918549 1.100916 -0.217862 0.341620 0.866791
73 0.397465 -0.215620 0.544606 -0.601624 -0.190517 0.453763 -1.354003 0.198323 -0.325542 2.343667 -2.929846 0.054983 0.382545 1.309492 0.875775 0.812002 -1.475874 0.138793 1.267503 0.691451 -1.010128 0.037330 1.274502 -0.070144 -0.781534 1.118526 -0.195947 0.050660 -0.645244 -0.570531 -0.263673 0.253343 -0.296907 1.690286 1.712549 -0.052950 -0.454359 1.017474 -1.751765 0.549466 1.326396 -0.203491 -0.702915 0.723012 0.355299 -0.070478 0.339231 -0.275192 1.281166 0.272437
74 -0.075259 -0.267813 -0.622401 0.015758 0.869786 -0.108365 1.095057 -0.201883 0.057120 -0.212843 1.049361 -0.174047 -0.298356 -1.116238 -0.007840 2.336255 1.611212 -0.439405 1.644416 -0.848384 0.073579 0.073828 0.797617 1.106160 1.950258 1.952007 -2.587637 -0.630205 -1.215211 0.468495 -0.474205 0.342321 -0.050360 0.177726 -2.032181 1.958742 -1.580812 0.163822 0.370348 -0.228725 1.202353 -1.941203 -2.117170 -0.893588 -0.270688 0.248785 2.362465 -1.254467 -1.213378 -0.935830
75 -0.045042 -0.931939 0.201996 0.297916 -1.214042 -0.127657 -0.200593 0.451559 0.114426 -1.489648 1.348582 -0.094161 1.050196 2.102589 0.531157 -0.513294 -0.788651 2.632440 0.033034 1.581402 0.077141 -1.357217 0.537977 -0.024131 0.739495 -1.058745 -0.898194 0.304854 0.452274 1.263428 -1.833816 -0.399941 -3.093388 -1.491041 -1.029070 -2.127430 1.208711 0.770121 0.429069 1.908197 -0.228451 -0.714814 0.781935 -1.176000 0.581827 -1.126974 -0.525398 -0.028746 -0.814559 -1.354066
76 -1.089021 0.225410 -0.815373 0.178436 0.586723 1.345435 0.733893 0.606381 -1.733758 0.637059 1.174672 -0.044056 1.232538 1.384431 1.798599 -0.720952 -0.359882 1.197117 0.816930 -0.460814 -0.101156 -1.059938 0.272419 -0.314611 -1.458218 -0.503533 0.960180 2.028152 0.436161 0.543375 -1.748694 -1.249933 -0.019887 -1.450293 1.320587 0.396131 -0.871663 -1.078129 -0.584271 2.168222 -1.350139 0.538150 0.243060 0.722852 1.583841 0.486273 -0.021869 -1.597745 -0.403219 1.399539
77 -0.606961 4.829250 -0.636038 3.941440 0.126317 3.997540 3.753155 0.639459 -0.235136 -0.075306 -0.380091 0.420726 -1.189276 -0.514816 0.581188 2.867006 -0.477433 3.346287 0.233052 3.696878 2.025753 0.367653 4.323549 -1.539930 4.672382 0.068792 -0.880437 4.993673 0.304530 4.904580 0.850093 0.264854 4.558315 3.363308 5.020709 -0.874957 -1.054922 0.569197 0.063482 -0.005729 -2.243664 1.106169 -1.954566 3.698969 4.477691 2.171375 3.874698 -0.130579 5.001702 4.519639
78 -0.478544 -1.601437 0.322391 -2.122963 0.389095 1.335561 -1.882033 1.926817 0.910068 -0.560824 0.703326 0.162515 0.454148 -1.123913 2.373538 0.141386 -0.696374 0.504924 -2.450994 0.373885 -1.229121 -1.744994 -0.517176 -1.567107 -0.053862 -1.075680 -1.893436 -0.852448 -0.810460 -0.209640 1.683383 0.210234 -0.358745 0.339991 -0.692529 0.144924 -0.331620 -0.151578 0.977440 -0.500071 -0.011689 -1.482920 -1.727147 -0.899790 -2.718748 -1.455018 0.095381 -1.591778 0.114666 0.656759
79 2.071992 0.305522 1.187071 -0.772527 0.815115 -0.207038 -0.890494 2.672214 1.068533 -2.433840 -1.416846 -0.815900 1.103442 -0.343619 -0.847827 1.069756 1.849181 -0.743652 0.686112 0.662509 2.264603 -0.053056 -2.942904 -0.176394 -1.200462 -1.481143 1.468852 2.326614 0.251258 -2.697428 0.163317 -0.226203 0.223207 -1.038089 1.162147 1.709484 -0.950832 -1.376666 0.127371 0.351364 -0.179548 1.261569 -0.571734 -0.252942 0.250209 2.086956 -0.649988 0.590460 0.545930 0.064882
80 1.831825 2.677213 0.065180 -0.693136 -0.695908 0.478818 -0.724388 -2.653179 -0.351446 -0.217959 1.314308 -0.475052 -0.423838 -0.016863 1.034519 0.063129 0.629510 -0.977440 0.541047 0.482315 1.161327 -0.659262 -0.342030 -1.408748 0.449042 1.562309 -1.725563 0.499245 -0.046310 0.495524 -0.186017 -0.014300 1.394422 -0.301486 -0.702708 0.894093 -1.811443 0.133539 0.735101 -2.305331 -0.451224 1.928417 0.214326 1.312423 0.351672 -0.692960 -1.087113 0.982772 -1.035806 0.992675
81 0.113490 -0.721516 1.200664 2.683879 2.011236 0.031746 -0.097843 -0.881208 0.307373 1.685347 -1.009034 -1.100388 -0.074989 0.636732 0.351821 -1.649802 -0.477672 0.007004 0.488597 0.587852 0.270771 -0.496977 0.630192 1.418809 -1.365391 0.486426 -0.235088 -0.529692 -0.510002 0.059032 0.423407 -1.045463 0.225246 1.556055 0.594587 0.384378 -0.507284 -1.511382 0.123605 -0.517269 0.112119 -0.386615 0.518505 -1.134561 1.660722 0.679603 -0.887654 -0.010656 0.083473 -0.673576
82 -0.626137 0.392908 0.214521 -0.433048 1.346645 1.056208 -0.253656 1.150121 1.428117 0.537047 -1.770269 1.919299 0.344816 0.314739 0.584528 0.329298 0.298599 -0.863995 -1.037337 -0.528799 -1.318542 -3.003513 -0.854452 -2.100737 -0.483408 0.414846 -0.676967 -0.045200 0.499248 0.327914 -0.762944 2.574450 -1.061563 1.110631 -0.134283 -0.084575 -0.886177 1.034163 -0.370668 -0.178818 0.228017 -1.411543 -0.284465 0.612937 1.797699 -1.592218 -0.037795 1.974051 -0.152253 0.253024
83 0.172133 -0.791363 -0.536532 0.704730 -0.479289 0.158133 0.624808 -0.086166 -0.496755 -1.264493 -0.001763 0.687435 1.394827 0.299852 0.164638 0.111207 0.474039 0.548104 -1.389984 -0.435410 0.297002 0.606774 -1.620559 -0.474645 0.131411 1.164625 -0.258810 0.008114 -1.261407 -0.966958 0.759875 1.409448 -0.425560 0.182733 0.505465 1.102951 1.014573 -1.246706 -0.249648 -0.267416 -0.899706 -1.154027 -0.010742 0.578038 0.824362 2.749364 1.522260 0.474409 -0.935885 0.446476
84 0.617442 -0.795379 -0.620250 -0.689925 0.905721 -0.092801 0.625330 -1.958644 -0.756730 0.010786 1.138153 0.660748 0.048811 0.974043 -0.070574 0.777280 0.968891 0.589011 -1.049467 1.163010 -1.591216 -0.573409 0.069311 -1.067444 -1.318800 -0.184648 -0.867480 0.196137 1.042507 1.153528 0.674236 -1.328047 0.035030 0.406728 0.353935 -2.093572 -1.148297 0.610163 -2.071152 -0.400559 0.142767 0.734625 -0.371008 0.483333 1.811901 -1.078881 2.452296 0.612019 0.670339 -0.086904
85 0.808629 0.538520 -0.292202 -0.062216 0.813974 0.658018 -1.415522 -0.879031 -1.566085 -0.097741 -0.895107 -1.027383 0.765118 -0.415559 -1.661177 -0.826985 0.851716 0.034100 0.725430 -0.844979 -1.126074 -1.256184 1.916294 -1.162970 -1.045716 -0.087899 -0.489394 1.317764 -1.539057 0.451509 1.006305 -0.210500 -1.388659 -0.994520 -2.127882 1.560573 -0.096255 0.363546 -0.911845 2.635427 1.089743 -0.353848 -0.392298 -0.035714 -0.610103 0.651264 -0.098989 -0.653666 1.503988 -0.280938
86 0.208366 0.939696 2.779063 -0.105864 0.632603 1.311723 0.331470 -0.906925 0.254227 0.319701 -1.537861 -0.139390 -0.791656 -0.960823 -0.903423 1.356244 -1.247796 -0.478441 -0.629977 0.989947 -0.429126 -0.073226 -0.254357 -0.382166 0.006882 0.221423 0.357854 -0.805389 -1.861642 -1.644848 0.233567 0.997543 -0.526458 0.272138 1.469620 -0.542508 -0.630366 -0.951423 -0.713469 -0.524791 -2.753514 -0.124017 -0.793978 -0.882511 1.263410 1.208212 0.913766 1.954331 0.214812 -1.788166
87 0.515984 4.374774 -0.263243 4.592811 -0.033027 3.589647 4.496460 0.942112 1.586470 -1.353207 0.537647 0.073803 -1.515318 -1.636600 -1.378503 4.865917 0.543486 5.700277 -0.459042 3.989861 4.033542 -0.588652 2.255379 -0.546717 6.480300 0.246321 0.273410 4.879092 2.464089 4.334597 -1.878643 0.595698 2.914885 3.225711 4.160500 -0.042992 -1.438042 -1.489260 -0.494900 0.481612 -0.403430 -0.732765 2.136170 3.898974 3.668498 1.332956 4.761445 1.047141 1.445051 6.120089
88 -1.109266 0.842339 -1.166634 0.473101 0.207684 0.131891 0.218465 -0.107611 1.794897 -0.004163 0.811863 -1.586675 0.982819 -0.224035 1.282522 -2.183510 0.305300 -1.439190 -0.615777 0.390325 0.442203 -0.365199 0.567320 0.628740 -0.263801 0.167161 1.580904 -0.409155 -1.078942 0.066538 -2.072630 0.146452 0.647770 -0.119306 0.013966 0.650879 -0.289065 0.689134 0.036120 0.013464 0.192097 -0.222282 -0.622432 -0.292239 0.330632 0.334966 -1.144223 -0.366465 -0.713299 -1.928311
89 0.224872 -0.972605 0.027753 -0.821517 2.365045 0.121604 0.090387 0.237971 0.214059 2.021385 -0.394399 0.043251 -1.339101 0.938637 0.393204 1.777005 0.967452 0.516578 0.033194 -0.601323 -1.211880 -0.884394 -0.272925 0.193311 -1.286283 2.456066 -1.789162 0.278076 1.998347 -0.997251 0.388652 -0.397318 -0.457864 -0.352972 0.587590 -1.273811 -1.498149 0.952535 -1.318763 -1.812666 0.264763 -0.620589 -0.730148 1.863164 0.595580 0.386807 -0.684866 0.731741 -1.894686 -0.127123
90 1.579197 1.088020 1.446109 -0.207529 0.313820 1.069599 -0.082099 0.549155 -0.140566 1.241382 0.385638 0.778315 -0.409394 1.010397 -0.363816 0.548260 0.177885 1.304676 1.154078 -0.203057 -1.584921 -0.923832 0.414165 0.900180 -1.815840 -0.248382 -0.093860 -0.153296 0.015185 -0.450020 -0.554751 0.447572 0.633176 0.894016 -1.442467 0.480316 1.041684 -0.309579 0.579395 0.162867 0.773309 1.570635 -2.233649 -1.315652 -1.143026 2.027196 -0.449727 1.545950 -0.138953 -0.718375
91 0.273370 -0.902956 0.669284 -1.300416 1.047533 1.145640 -0.306655 -0.918816 -0.879550 1.349150 -1.611884 0.762785 -0.090577 1.259158 -0.604810 -0.778310 -1.040814 -0.027373 -0.859999 -0.673029 -1.754268 -0.306407 -0.417471 0.470466 -0.794824 1.867185 -0.310807 -0.156279 -0.779421 -0.500489 0.220067 1.754298 -0.305031 -0.669252 -0.490904 -0.319507 0.146698 0.823775 1.290574 -0.137678 0.422998 -0.219735 0.319576 0.019149 -0.202936 0.618562 -0.286424 0.037493 1.281292 -1.484732
92 -0.321294 0.849968 1.419551 -0.455743 0.695858 -0.615189 -0.608335 -0.902002 -0.395809 0.600175 -0.262632 -1.550249 1.689328 0.529529 0.346212 1.304362 0.804926 1.403078 -0.533117 0.919723 0.594095 -0.483870 0.923062 -0.379321 -3.345377 -0.136253 -0.877314 0.610404 0.728572 0.639611 -0.111850 0.112170 0.725678 1.990570 0.154588 -1.056241 -1.511142 -0.207778 0.124035 0.396441 0.190127 0.164635 -0.711493 -0.895005 -0.614397 0.269511 -0.914397 -1.011154 0.381546 -1.125602
93 -1.255136 0.839173 0.001130 -0.278757 0.814463 1.229927 -1.258198 0.653056 -0.594694 0.300705 1.281314 -0.731169 1.882993 -0.368176 -0.634690 -0.573861 1.993533 -0.155378 0.086218 0.801344 -0.001351 0.121131 1.345653 0.030959 -0.497280 1.413817 1.105029 0.061264 -1.486848 0.605629 0.550404 1.587113 0.633774 -0.774066 -1.168321 0.921065 -0.310909 1.605013 0.173696 -1.463652 -1.204008 -0.881865 1.138030 0.113886 -1.461449 -1.844299 -1.497976 -1.732344 -1.918375 0.926463
94 0.929324 -1.139328 0.268267 -0.706525 -0.234165 -0.170714 -0.012153 0.465967 0.015409 -0.360956 1.761350 1.920361 -1.502988 0.805979 1.013130 1.033533 0.767516 -0.317443 -0.077619 0.476745 0.903012 3.190493 1.194531 0.760498 0.259878 -0.299653 0.637604 -0.291714 0.658180 0.867962 -1.289781 -1.407210 -0.790225 -0.412501 -1.611484 -1.081507 0.916304 -1.403763 0.680859 0.624403 0.600909 -0.653261 0.473177 -0.697010 1.291121 1.126563 -0.656751 1.232899 0.813845 -0.203482
95 0.129605 -0.391472 -0.175993 0.899270 0.905736 0.630696 -0.687632 0.072509 0.656169 0.108649 0.039007 1.692465 -0.470593 1.564012 -0.303279 -0.737566 0.140337 1.104054 -0.211739 0.351385 -0.143370 1.112850 -0.065092 -0.888026 -0.479843 0.242160 0.000355 -0.149129 0.636456 -0.422336 -0.474331 0.135808 -0.823138 -0.214574 -1.507883 -0.869946 1.049545 -1.476590 -2.625872 0.376150 0.026122 -0.403498 0.925070 -0.731095 2.156857 -0.415271 1.816492 -0.139049 -1.473028 0.141080
96 -1.133551 1.576125 0.513844 0.639344 0.153027 -0.129976 -1.145115 0.987006 -0.093172 0.092699 -0.824366 -1.412294 -1.351091 0.720328 0.237008 1.119534 -0.573705 1.203999 -0.045902 -0.233035 -2.558249 -0.601181 -0.647618 -0.795083 -1.016153 0.910840 -1.440699 0.832039 0.446255 -0.283882 -1.660535 -1.187294 -1.492523 -0.153945 -0.500785 -0.678003 -0.298373 -0.906109 -1.075186 -0.995970 -0.876464 -0.851978 -1.118635 -0.458814 0.308285 -0.047598 -1.255692 0.454909 -1.708159 -0.431375
97 -0.165768 4.702675 0.297638 3.396465 0.309078 2.796618 3.114882 0.064076 -0.191972 -1.226790 0.522600 0.537425 1.317186 0.540673 -0.143957 3.629858 -1.762162 5.595319 -0.804795 3.076695 3.724556 -0.960368 5.196250 -0.837556 5.944366 0.704877 -2.052024 5.700664 2.611900 2.742138 -1.256715 0.582551 3.716754 3.768918 3.554986 -0.275825 0.365241 1.225951 -0.403196 0.078805 0.043509 -0.164202 0.063164 3.871307 3.344180 -0.268477 4.369343 -0.225063 2.328410 5.008491
98 -0.454197 3.526944 0.717591 4.702467 -0.970528 4.750489 3.658590 -0.360201 1.775233 1.462812 -0.294206 0.539874 -1.287784 0.431669 0.363863 4.013991 -0.105426 3.587316 0.962400 3.384348 3.268210 -0.119560 6.145501 -1.069560 3.558007 -1.844132 1.184075 4.575057 -0.258277 4.097587 -1.503573 -0.889488 4.080963 4.727300 2.590600 -0.670923 -0.422762 0.724258 0.210051 -0.096048 -2.083522 0.154210 -0.217809 5.244563 3.932847 -1.281139 4.410848 -1.436254 4.547971 3.139249
99 0.256684 -0.712901 1.131108 -0.662578 0.878478 0.106119 -0.573885 -0.014875 -0.124130 -1.055721 0.781197 -0.185284 -0.091550 -0.602653 -0.302524 -1.901429 1.102199 0.193756 -1.952329 -1.958411 -0.557461 1.661474 -0.685078 -1.278957 1.500057 -0.850389 -0.110313 0.223237 0.964097 -2.339428 -0.379768 -2.095713 0.109122 0.348883 -1.390468 1.114673 0.669176 0.216640 -0.557819 -2.201557 0.480785 -1.445838 1.910693 0.039500 1.916489 0.057512 -0.349912 0.528553 0.488637 0.559796
END
#################################################################
SECTION3 (Edges Information)
EndPoint0 EndPoint1 Weight
0 1 1.000000
0 9 1.000000
0 10 1.000000
0 90 1.000000
1 0 1.000000
1 2 1.000000
1 11 1.000000
1 91 1.000000
2 1 1.000000
2 3 1.000000
2 12 1.000000
2 92 1.000000
3 2 1.000000
3 4 1.000000
3 13 1.000000
3 93 1.000000
4 3 1.000000
4 5 1.000000
4 14 1.000000
4 94 1.000000
5 4 1.000000
5 6 1.000000
5 15 1.000000
5 95 1.000000
6 5 1.000000
6 7 1.000000
6 16 1.000000
6 96 1.000000
7 6 1.000000
7 8 1.000000
7 17 1.000000
7 97 1.000000
8 7 1.000000
8 9 1.000000
8 18 1.000000
8 98 1.000000
9 0 1.000000
9 8 1.000000
9 19 1.000000
9 99 1.000000
10 0 1.000000
10 11 1.000000
10 19 1.000000
10 20 1.000000
11 1 1.000000
11 10 1.000000
11 12 1.000000
11 21 1.000000
12 2 1.000000
12 11 1.000000
12 13 1.000000
12 22 1.000000
13 3 1.000000
13 12 1.000000
13 14 1.000000
13 23 1.000000
14 4 1.000000
14 13 1.000000
14 15 1.000000
14 24 1.000000
15 5 1.000000
15 14 1.000000
15 16 1.000000
15 25 1.000000
16 6 1.000000
16 15 1.000000
16 17 1.000000
16 26 1.000000
17 7 1.000000
17 16 1.000000
17 18 1.000000
17 27 1.000000
18 8 1.000000
18 17 1.000000
18 19 1.000000
18 28 1.000000
19 9 1.000000
19 10 1.000000
19 18 1.000000
19 29 1.000000
20 10 1.000000
20 21 1.000000
20 29 1.000000
20 30 1.000000
21 11 1.000000
21 20 1.000000
21 22 1.000000
21 31 1.000000
22 12 1.000000
22 21 1.000000
22 23 1.000000
22 32 1.000000
23 13 1.000000
23 22 1.000000
23 24 1.000000
23 33 1.000000
24 14 1.000000
24 23 1.000000
24 25 1.000000
24 34 1.000000
25 15 1.000000
25 24 1.000000
25 26 1.000000
25 35 1.000000
26 16 1.000000
26 25 1.000000
26 27 1.000000
26 36 1.000000
27 17 1.000000
27 26 1.000000
27 28 1.000000
27 37 1.000000
28 18 1.000000
28 27 1.000000
28 29 1.000000
28 38 1.000000
29 19 1.000000
29 20 1.000000
29 28 1.000000
29 39 1.000000
30 20 1.000000
30 31 1.000000
30 39 1.000000
30 40 1.000000
31 21 1.000000
31 30 1.000000
31 32 1.000000
31 41 1.000000
32 22 1.000000
32 31 1.000000
32 33 1.000000
32 42 1.000000
33 23 1.000000
33 32 1.000000
33 34 1.000000
33 43 1.000000
34 24 1.000000
34 33 1.000000
34 35 1.000000
34 44 1.000000
35 25 1.000000
35 34 1.000000
35 36 1.000000
35 45 1.000000
36 26 1.000000
36 35 1.000000
36 37 1.000000
36 46 1.000000
37 27 1.000000
37 36 1.000000
37 38 1.000000
37 47 1.000000
38 28 1.000000
38 37 1.000000
38 39 1.000000
38 48 1.000000
39 29 1.000000
39 30 1.000000
39 38 1.000000
39 49 1.000000
40 30 1.000000
40 41 1.000000
40 49 1.000000
40 50 1.000000
41 31 1.000000
41 40 1.000000
41 42 1.000000
41 51 1.000000
42 32 1.000000
42 41 1.000000
42 43 1.000000
42 52 1.000000
43 33 1.000000
43 42 1.000000
43 44 1.000000
43 53 1.000000
44 34 1.000000
44 43 1.000000
44 45 1.000000
44 54 1.000000
45 35 1.000000
45 44 1.000000
45 46 1.000000
45 55 1.000000
46 36 1.000000
46 45 1.000000
46 47 1.000000
46 56 1.000000
47 37 1.000000
47 46 1.000000
47 48 1.000000
47 57 1.000000
48 38 1.000000
48 47 1.000000
48 49 1.000000
48 58 1.000000
49 39 1.000000
49 40 1.000000
49 48 1.000000
49 59 1.000000
50 40 1.000000
50 51 1.000000
50 59 1.000000
50 60 1.000000
51 41 1.000000
51 50 1.000000
51 52 1.000000
51 61 1.000000
52 42 1.000000
52 51 1.000000
52 53 1.000000
52 62 1.000000
53 43 1.000000
53 52 1.000000
53 54 1.000000
53 63 1.000000
54 44 1.000000
54 53 1.000000
54 55 1.000000
54 64 1.000000
55 45 1.000000
55 54 1.000000
55 56 1.000000
55 65 1.000000
56 46 1.000000
56 55 1.000000
56 57 1.000000
56 66 1.000000
57 47 1.000000
57 56 1.000000
57 58 1.000000
57 67 1.000000
58 48 1.000000
58 57 1.000000
58 59 1.000000
58 68 1.000000
59 49 1.000000
59 50 1.000000
59 58 1.000000
59 69 1.000000
60 50 1.000000
60 61 1.000000
60 69 1.000000
60 70 1.000000
61 51 1.000000
61 60 1.000000
61 62 1.000000
61 71 1.000000
62 52 1.000000
62 61 1.000000
62 63 1.000000
62 72 1.000000
63 53 1.000000
63 62 1.000000
63 64 1.000000
63 73 1.000000
64 54 1.000000
64 63 1.000000
64 65 1.000000
64 74 1.000000
65 55 1.000000
65 64 1.000000
65 66 1.000000
65 75 1.000000
66 56 1.000000
66 65 1.000000
66 67 1.000000
66 76 1.000000
67 57 1.000000
67 66 1.000000
67 68 1.000000
67 77 1.000000
68 58 1.000000
68 67 1.000000
68 69 1.000000
68 78 1.000000
69 59 1.000000
69 60 1.000000
69 68 1.000000
69 79 1.000000
70 60 1.000000
70 71 1.000000
70 79 1.000000
70 80 1.000000
71 61 1.000000
71 70 1.000000
71 72 1.000000
71 81 1.000000
72 62 1.000000
72 71 1.000000
72 73 1.000000
72 82 1.000000
73 63 1.000000
73 72 1.000000
73 74 1.000000
73 83 1.000000
74 64 1.000000
74 73 1.000000
74 75 1.000000
74 84 1.000000
75 65 1.000000
75 74 1.000000
75 76 1.000000
75 85 1.000000
76 66 1.000000
76 75 1.000000
76 77 1.000000
76 86 1.000000
77 67 1.000000
77 76 1.000000
77 78 1.000000
77 87 1.000000
78 68 1.000000
78 77 1.000000
78 79 1.000000
78 88 1.000000
79 69 1.000000
79 70 1.000000
79 78 1.000000
79 89 1.000000
80 70 1.000000
80 81 1.000000
80 89 1.000000
80 90 1.000000
81 71 1.000000
81 80 1.000000
81 82 1.000000
81 91 1.000000
82 72 1.000000
82 81 1.000000
82 83 1.000000
82 92 1.000000
83 73 1.000000
83 82 1.000000
83 84 1.000000
83 93 1.000000
84 74 1.000000
84 83 1.000000
84 85 1.000000
84 94 1.000000
85 75 1.000000
85 84 1.000000
85 86 1.000000
85 95 1.000000
86 76 1.000000
86 85 1.000000
86 87 1.000000
86 96 1.000000
87 77 1.000000
87 86 1.000000
87 88 1.000000
87 97 1.000000
88 78 1.000000
88 87 1.000000
88 89 1.000000
88 98 1.000000
89 79 1.000000
89 80 1.000000
89 88 1.000000
89 99 1.000000
90 0 1.000000
90 80 1.000000
90 91 1.000000
90 99 1.000000
91 1 1.000000
91 81 1.000000
91 90 1.000000
91 92 1.000000
92 2 1.000000
92 82 1.000000
92 91 1.000000
92 93 1.000000
93 3 1.000000
93 83 1.000000
93 92 1.000000
93 94 1.000000
94 4 1.000000
94 84 1.000000
94 93 1.000000
94 95 1.000000
95 5 1.000000
95 85 1.000000
95 94 1.000000
95 96 1.000000
96 6 1.000000
96 86 1.000000
96 95 1.000000
96 97 1.000000
97 7 1.000000
97 87 1.000000
97 96 1.000000
97 98 1.000000
98 8 1.000000
98 88 1.000000
98 97 1.000000
98 99 1.000000
99 9 1.000000
99 89 1.000000
99 90 1.000000
99 98 1.000000
END
#################################################################
SECTION4 (TrueSubGraph Information)
EndPoint0 EndPoint1 Weight
77 87 1.0
87 97 1.0
97 98 1.0
97 7 1.0
END
#################################################################
SECTION5 (Labels Information)
0 1 0 1 0 1 1 0 0 0 0 0 0 0 0 1 0 1 0 1 1 0 1 0 1 0 0 1 0 1 0 0 1 1 1 0 0 0 0 0 0 0 0 1 1 0 1 0 1 1 
END
#################################################################
SECTION6 (bt Information)
-5 5 -5 5 -5 5 5 -5 -5 -5 -5 -5 -5 -5 -5 5 -5 5 -5 5 5 -5 5 -5 5 -5 -5 5 -5 5 -5 -5 5 5 5 -5 -5 -5 -5 -5 -5 -5 -5 5 5 -5 5 -5 5 5 
END
#################################################################
