#################################################################
#APDM Input Graph, this input graph includes 3 sections:
#section1 : general information
#section2 : nodes
#section3 : edges
#section4 : trueSubGraph (Optional)
#
#if nodes haven't information set weight to null
#################################################################
SECTION1 (General Information)
numNodes = 100
numEdges = 200
usedAlgorithm = NULL
dataSource = SimulationData2
END
#################################################################
SECTION2 (Nodes Information)
NodeID Base Counts
0 1.083698 0.552771 -0.032439 0.145016 0.978761 0.420996 -2.154423 -1.081087 -0.573195 1.055958 0.201470 2.546776 -0.713865 0.439637 0.659051 0.371999 -0.932741 -0.373365 -2.049852 -0.667445 1.917178 1.105551 0.939574 0.984316 0.930540 -1.353813 -0.756034 -0.215896 -0.044611 -1.373300 1.018248 -0.577065 -1.129706 0.925812 -0.510250 -0.618069 0.538351 0.173335 0.703363 0.442124 -1.858289 -0.860077 0.380377 0.160347 -1.334651 -1.686822 0.245606 0.357966 -0.021635 0.508745
1 -0.250625 0.680071 1.488880 1.277102 -0.825301 -0.464776 2.050163 0.070176 -0.741021 -0.911054 0.515788 1.307637 0.935270 0.881711 -1.100824 1.017625 0.891245 2.152537 0.278675 -0.068896 1.361137 -0.634903 -0.844515 -0.595574 0.410665 -0.304257 1.613970 -1.706963 0.302593 2.010236 -0.313764 0.389407 1.027107 0.823630 -1.005934 0.963110 1.088968 1.587981 -0.861721 -1.179572 -0.077514 -0.095767 1.406001 -0.386588 -0.516831 -1.151547 -0.214327 0.539728 -0.198130 1.134330
2 -1.356820 0.374186 -0.178414 -0.173721 -0.413043 0.268813 0.422001 0.153208 0.872137 -0.003578 1.640916 0.338263 0.192023 0.184501 -0.349281 0.639793 -0.973213 -1.221254 -0.273393 -0.167726 -1.084957 -0.377780 -1.038904 1.078999 0.220477 0.649434 -0.553266 -0.080252 0.395652 0.231946 1.218143 1.629581 0.054538 -0.166081 0.600379 -1.471967 0.745973 0.659059 2.133537 0.981098 -0.661104 1.688348 0.041361 1.439784 -0.049832 0.803509 -0.801787 0.097059 0.827859 0.703446
3 -1.981747 -0.775442 -0.287600 -0.408804 -0.177182 -0.170436 -1.378967 -1.162726 -0.196458 -0.096274 1.269792 -1.503968 -0.581439 0.597942 1.618218 -1.134917 2.313111 -1.905808 0.901005 -1.903313 -1.635260 0.651349 -0.639393 0.381509 -1.284466 -0.627604 -0.263382 -0.707746 1.847319 1.343350 0.302928 0.254874 0.244587 1.491498 -0.495873 1.420201 0.884305 1.250747 1.553953 -1.766655 0.179555 2.619267 -1.473417 0.526555 -0.471574 0.165436 0.615495 0.502191 1.364236 -0.543575
4 0.164521 -0.930606 0.747279 0.106454 0.206120 0.902640 4.151332 0.839933 -1.036598 2.258183 0.185446 4.547517 0.343107 -1.081730 0.938300 1.729301 0.462362 -0.229491 0.679251 -0.203588 -0.417044 1.253229 -0.001790 5.088556 -0.220972 -2.164269 1.203912 -0.166374 2.539684 1.214483 -1.547751 0.362153 0.464338 2.375134 -0.190502 0.456212 0.237483 -2.022515 -0.620008 0.437607 1.007879 -0.826725 -0.123512 0.887881 0.095374 0.537320 0.044770 -0.543964 -1.040976 4.945549
5 1.025319 -1.466478 -0.527946 0.663590 -1.049793 -0.134277 3.634981 1.005609 -0.517375 -1.985190 0.440389 4.814250 -0.224417 0.415969 0.277299 -0.103706 -0.167744 -0.354676 0.928674 0.516044 0.436495 0.528943 0.652315 3.802782 -0.585126 -0.571519 -0.061743 -0.062732 4.902515 1.148273 0.234971 0.378979 -2.225336 -0.872856 -0.015305 1.377874 -0.781643 0.025853 -1.777146 0.491014 -2.689711 0.314289 0.181631 -0.617457 -0.752875 1.067787 0.760663 0.020528 -0.557680 3.237238
6 0.585808 -0.226351 1.028120 -0.106760 -0.257090 1.441867 3.688973 -1.319242 0.561757 -1.596206 -0.689030 4.326510 -1.049739 0.410484 0.203321 -0.265505 -2.009462 -0.313062 0.027562 -0.358555 -0.248290 0.274052 -1.451964 4.554638 2.010670 0.913025 -0.750147 2.603897 3.874322 -0.729686 -0.564945 1.288706 -1.159007 0.485056 -0.779350 0.286343 0.989867 1.390846 -0.187747 2.152771 1.011312 0.323156 0.649825 -0.421085 1.389569 0.282106 -0.052184 -0.948401 0.715344 3.376010
7 -0.065767 0.641408 0.336666 0.677049 -0.122824 -1.218064 0.921172 -0.554583 -1.381899 0.547632 -0.030317 -1.074095 -1.657056 1.872272 1.742587 1.142992 -1.845060 1.449221 -1.436023 0.230003 -1.247557 -0.295046 -0.786146 0.806946 2.647531 -0.115860 0.686621 -0.035112 -0.870519 0.211551 -1.311101 -0.038815 0.432679 -0.939885 -1.639248 0.007178 0.773224 0.174756 0.790724 0.250842 -2.117450 1.995276 1.835298 1.240182 -0.059250 -0.726669 -0.590847 -0.702806 1.687849 -0.516209
8 -0.101940 0.386274 -0.160982 -2.254406 -0.510276 -1.932916 3.509418 1.398873 0.231768 0.037042 -0.149222 3.302157 1.253104 -0.592835 0.405020 0.670665 -0.444266 0.197411 -0.750812 -0.214165 0.980498 0.701533 0.362553 3.612272 -0.547442 0.543726 0.307943 -0.634236 3.389704 -0.319195 1.874572 -0.721186 0.713604 -0.192883 -1.877344 -2.277497 -0.347657 -1.191211 0.589355 -1.220520 0.376155 -1.186198 0.147295 0.361741 -1.456404 -0.606209 -1.007014 -1.451885 -1.765749 5.750683
9 -1.286409 1.353909 0.755447 0.194458 -0.586600 0.591324 4.499083 0.355916 -1.714053 1.716661 0.516013 4.246526 0.640235 1.207965 -0.099244 1.771435 1.064673 1.726501 -0.642936 0.583139 -2.225515 -0.984431 -1.232454 6.219393 -1.988856 2.366868 0.257119 2.083601 3.641052 -1.927155 -1.067099 0.397627 0.212956 1.270608 1.420818 -0.156889 -0.629210 -0.053282 -0.269081 -0.912282 0.461299 -1.632002 -1.784178 0.015175 -0.157140 0.760145 0.415505 0.443092 0.481395 2.113107
10 -0.843324 -1.034361 -0.544015 1.027379 -1.250347 0.614822 -2.761913 0.345470 -0.318771 2.054771 -0.277087 -0.069712 0.577172 0.172534 1.061651 -0.057609 -1.094171 0.924405 0.279575 -1.158279 -0.914403 -0.295314 -0.724947 1.837891 -0.469691 0.411863 0.415146 -0.066628 1.941043 -0.241091 -0.051698 2.222815 1.138470 1.680678 -0.862445 -0.988243 -0.452096 0.145142 0.739424 -0.629807 -0.478216 -0.114856 -0.372184 -0.230960 0.448734 -0.600912 -0.749919 -0.520507 -2.898567 0.430126
11 0.625691 -0.237595 -0.258290 -0.011736 0.447640 -1.100985 -1.080635 -0.271903 1.388009 -1.368412 -0.202308 -0.567309 0.021592 0.141026 1.309760 1.362306 0.260624 -0.357341 -1.773049 1.712554 -0.123077 -0.192936 -0.425763 -1.005086 -1.681083 -1.017194 -3.040257 0.025829 0.301329 1.668948 -0.739868 -0.413609 0.131034 0.648566 0.563141 0.252035 -0.698490 -0.676481 -0.290291 0.165871 0.250127 0.193544 -0.026074 0.104235 -0.358503 0.399251 1.938590 0.183935 -0.034272 0.834221
12 0.006532 1.573010 -0.900132 -0.175654 -0.433430 -0.757512 -0.784180 1.144284 1.522014 -0.570683 0.917728 1.253063 -0.441757 -0.200963 -1.953396 0.225679 -0.511230 0.441318 -0.146917 -0.461443 2.031950 -0.099724 -0.417268 -0.125733 0.301473 -0.269949 -0.382526 1.050917 1.801466 -1.669763 0.258520 -0.306222 1.120862 0.698223 -0.481931 0.426656 0.772971 0.288724 1.353000 0.089175 -0.526958 -0.525100 -0.158486 -0.954768 -0.635098 0.193255 0.075407 1.228421 1.255636 -3.348519
13 -0.158684 -0.832085 0.063196 1.228498 -1.203794 -1.397916 0.174111 -0.806145 1.147709 0.993495 1.180413 -0.305167 -0.054607 0.322761 0.161502 1.009503 -0.112792 2.292521 -0.069787 -0.032724 0.873156 0.010276 -0.951982 -0.257343 -1.012895 -0.516864 0.962229 -1.132016 0.156907 1.151253 2.341977 -1.101710 -0.154106 -1.588778 0.624784 -0.892125 -1.949302 0.824774 2.869648 1.513656 -0.995896 -0.224373 0.896566 1.146864 -0.341523 0.149521 -1.254622 0.939070 -1.621310 0.043760
14 -0.009594 -1.021598 -1.143466 -1.757737 -0.019977 -0.810549 -0.165053 -0.225498 1.907956 -1.059635 -0.032999 -1.394392 0.197161 -0.208334 -0.557590 1.831746 1.459613 0.438591 -0.711096 -0.939355 -0.273563 -1.496583 -0.220250 -1.095298 -2.209425 -0.243650 -0.205160 0.692439 0.603400 -0.811105 2.697054 -0.571638 -0.408441 -1.512187 0.324814 -1.071649 -1.136817 0.853941 0.480540 -0.388939 0.282146 0.182423 0.720098 1.026353 -2.805958 0.678939 -0.046165 1.096709 -0.351318 -0.232958
15 0.477797 0.486398 -0.377238 0.123572 -0.543525 -0.129559 -1.045338 -0.004476 -0.971856 1.110348 1.477741 0.983100 0.113027 1.038951 -1.075534 0.724101 0.310056 0.706563 0.109412 -0.407103 -0.786323 0.216575 -1.189146 -1.138356 0.608325 1.098058 -0.789257 0.848877 0.063276 -2.461826 -0.066182 0.268944 1.040472 1.068687 -0.092399 -1.097964 -0.388733 -0.009001 -0.446797 1.306293 -0.486545 -0.434483 -0.138970 1.055174 0.400042 -0.480669 -0.931260 -0.770604 1.539689 0.294277
16 -1.336061 -1.761743 0.097843 0.925094 0.362480 -0.391742 4.134090 -0.426583 -0.849814 0.511159 0.001266 3.262519 0.224204 -0.982555 -0.573616 0.205770 0.290506 0.128918 -0.858714 -0.855801 0.069049 0.663369 1.307661 4.280867 -2.079327 -0.690557 -1.202346 -1.487441 6.526459 0.895214 1.976337 0.623289 1.183694 -1.607002 -0.795181 -0.731530 -0.014643 0.058696 1.939741 0.218796 0.102282 -0.082210 -0.349034 1.717445 0.003460 0.304139 1.239129 -0.119520 -0.095340 2.349983
17 -1.669025 1.912207 0.024720 0.099527 1.582058 -0.058281 5.821499 -0.596617 0.122479 0.058306 1.430430 4.621439 -0.249500 -0.526778 1.702090 -1.466136 0.284435 0.044116 -0.348075 0.708384 -0.846145 -0.780273 -0.463440 3.497870 0.568559 -1.654682 0.708333 -1.040279 3.925172 -0.465650 -0.194324 -1.014948 -2.184417 -0.322035 0.730035 0.372075 0.630177 0.475794 -1.449619 1.515750 -0.184871 -0.725404 1.589343 -0.789467 -1.390277 -1.265956 -1.695326 0.828429 -0.539997 4.332848
18 0.142790 1.466453 0.661515 1.305721 -0.782408 -1.273225 6.296152 -1.513465 -1.573808 1.247434 0.744652 4.692484 0.971097 0.362014 -0.138272 0.406494 1.497391 -0.091230 0.643181 0.095231 -0.056546 -1.096685 -0.719267 4.387373 2.137942 0.489310 -0.195168 0.634635 5.525302 0.675147 -1.316912 -0.474396 -1.293591 1.006222 -0.976948 -0.288607 0.026263 -0.370768 0.570084 1.396338 0.058608 -0.428240 -0.759277 0.674167 0.058037 0.057340 -1.428703 0.953154 -1.088056 2.242752
19 -1.054170 -1.663233 0.520912 -1.191887 0.058482 -0.931727 6.120412 -0.942748 -1.393927 -0.273062 0.440348 4.187093 1.713931 1.330828 -1.041385 0.153862 -1.188340 -0.912503 0.990358 -0.300321 0.558283 -0.791362 2.098669 3.089515 0.365555 1.391679 0.593705 0.350871 3.463458 1.901016 -0.393803 -0.703165 0.969322 0.479493 -0.087558 -2.545048 -0.368374 0.834728 0.465857 -0.723484 0.334181 0.317276 -0.315669 -1.038509 -1.101453 -0.920370 -1.351121 -0.987481 0.383833 4.988284
20 -1.421805 0.879331 2.710574 0.032614 0.374884 -0.274892 -0.766935 0.216728 -0.262046 0.099616 0.003781 0.265729 -0.935870 -0.686286 -0.866240 -0.500921 -0.735153 -0.470711 0.328252 -0.894958 -0.045453 -0.490065 0.267487 -0.070830 -0.021357 -0.373683 1.416384 -0.033126 -1.101889 1.465300 1.391990 -1.024587 -1.389749 -1.197429 -1.386902 -1.734276 -0.449115 2.150511 -0.258673 0.569725 0.541271 -0.576755 -1.155589 0.027148 0.884221 0.509279 -0.535900 0.042679 0.626932 0.496816
21 0.016695 0.998961 -0.342805 -0.668089 0.240445 1.315793 1.101314 1.561711 -0.796046 1.459851 0.281599 0.416832 -0.551372 0.305561 -1.092067 -1.663949 0.946470 -3.397407 -0.079818 -1.082897 1.286447 0.037738 -0.917402 -0.290290 3.264290 0.501406 0.895216 0.055078 -0.324653 -0.404224 0.362693 -0.375353 -0.215601 -0.509722 0.653226 2.320859 0.265500 0.650056 -0.906951 0.289474 1.631324 0.953221 1.032495 -1.232062 0.664737 1.344695 0.464557 0.381659 0.134425 -1.461683
22 -1.091625 0.417197 -1.458502 -1.160458 -0.758627 1.724747 0.786098 -1.980841 -0.118841 -0.388514 -0.842170 -0.997324 -0.841064 0.932214 -0.840885 0.491566 0.811253 -0.078521 -0.009276 -1.562891 -0.722904 0.023910 -0.872695 -0.719235 0.801613 0.952495 -1.367881 0.034638 -0.066797 -0.004669 -0.662237 0.577263 0.284876 -1.651982 0.079494 -1.694971 0.294652 0.247186 -0.268793 -0.843082 0.801395 0.640428 0.262737 -0.247657 -0.387563 -0.294929 -0.175936 -0.626988 0.441306 0.316780
23 -0.411941 0.597233 -0.431814 -3.157696 0.170552 -1.070131 1.078202 0.483300 0.682083 -0.212077 -0.216158 0.572053 1.575096 1.962091 -1.158974 0.826336 -0.874657 -0.155138 -1.607497 -1.013093 -0.358131 -1.208097 0.221547 -0.951324 0.306237 -0.278741 0.105316 0.416838 -1.255053 0.867508 -0.034253 0.041499 -0.233316 2.375817 -1.249947 -0.190561 1.063158 3.134754 0.422511 0.307411 0.618844 -0.639499 -0.138198 1.149611 1.176511 -0.052913 0.954850 0.783285 -0.240702 -0.570877
24 0.813661 1.687744 0.526242 -0.670137 0.025749 0.296856 0.477555 -0.929427 -0.454699 -0.466297 -0.070547 -0.721497 0.690912 0.425663 0.475388 -0.506076 -1.835859 0.218898 -1.245297 -1.908783 -1.508050 -0.107890 0.884852 1.430609 -0.563483 -0.218521 1.424397 0.440240 0.352376 -0.693524 -1.820974 -0.894766 0.084670 0.810990 -1.631760 0.336126 0.028798 -0.289535 0.267522 -1.766513 1.760372 -0.971085 -0.097142 -0.499776 -1.301267 0.542253 -0.621784 -2.163901 -1.834071 -1.024960
25 0.529025 1.642865 0.353691 -1.693210 1.033393 0.713059 -0.629781 -0.144740 -0.619906 -1.204003 -0.020981 0.262671 -0.080285 0.666604 1.488049 0.206015 0.799178 0.364597 -0.034402 1.323897 0.032835 -2.141505 0.592467 1.202738 -0.243943 -0.663197 -1.519122 -0.882457 -0.373736 -0.591440 -0.343544 0.484532 -0.257788 1.580763 -0.343704 -2.809460 1.213448 -0.800991 1.647409 0.653372 0.780583 0.737517 0.658611 0.180766 -0.310812 0.738287 0.233303 0.707213 -0.783065 0.698930
26 -0.007522 0.736213 0.178370 -1.471834 0.738521 1.413546 0.229064 2.797797 0.045704 -1.094396 -3.189889 -0.127068 -0.413394 0.085701 -0.566088 0.125189 -0.856940 -0.573500 0.765981 0.250341 0.120778 -1.029615 0.933185 -0.450859 0.466773 0.415704 0.378148 0.037894 0.115935 0.103527 -2.639434 0.123630 -0.216249 0.600045 -0.433039 -0.634996 0.335246 -1.769024 -0.973343 -0.924408 -0.052873 -1.199378 1.738086 -0.443985 -2.745134 -0.094397 0.635681 0.668471 -0.675276 -0.729596
27 -1.129293 -0.433851 1.247687 0.080772 -0.977708 -0.382293 -2.727688 -0.848583 -0.436516 1.071721 0.307510 -0.975645 -0.203196 0.814351 0.427145 -0.348544 -0.975804 -0.672537 1.212530 -0.692414 0.753459 0.129217 1.000134 -0.003056 -0.389322 1.539998 0.246382 1.469734 -0.281804 -0.974511 -0.771288 -1.564629 -0.739049 1.106344 0.615399 -0.656506 -0.916143 0.758907 1.320393 -0.871943 -0.344525 -0.044374 -0.611737 1.807285 -0.095036 0.243697 -0.195772 0.736301 -1.470235 -1.039381
28 1.556857 -0.988161 -0.380614 0.749137 0.084906 -0.843081 -0.004386 -1.379051 -0.676683 -0.473538 -0.156386 -0.153647 -1.705862 -1.224439 1.178246 -0.116810 -0.062217 0.520232 0.879915 -0.088778 1.690857 -0.245608 1.134258 2.232614 -0.999042 0.821932 1.321058 0.066211 -0.383519 0.193059 0.105711 0.894246 0.790857 1.478524 0.317941 -0.778974 0.699842 -0.265372 -0.796307 0.378922 -1.609778 -1.226672 0.749399 0.633578 -0.127949 -0.882371 -1.426297 -0.832285 -0.767557 -0.698750
29 -1.144105 -1.874291 -0.044746 0.938899 -1.588887 -0.782860 -0.180310 0.722353 -1.615997 0.286244 0.926889 0.437354 0.531688 -0.497166 -2.439853 -1.893317 -0.950533 -0.655020 -0.242917 1.345338 0.242596 1.202840 0.572359 0.721431 0.669028 1.043098 1.007730 0.816622 -0.820429 -0.649264 0.924685 -0.201057 -0.228627 -1.738457 -0.832188 -1.791603 1.376283 0.275419 -0.958273 1.089928 -0.119834 0.419536 -1.643889 -0.243851 -2.000562 -0.798552 0.721930 -0.595191 -0.519568 0.291406
30 -0.041511 0.573406 0.609494 0.542598 0.584557 -0.108245 -2.062661 1.657204 -0.382587 -0.118447 1.046594 0.435240 -0.953257 0.470648 -0.669896 0.463136 -0.671303 -1.499203 -0.285634 -0.428804 0.826179 1.121943 -2.644044 -0.556715 -0.104994 -1.018870 -0.699995 -0.418557 1.292566 0.666107 1.662454 0.307635 -1.388703 -0.614705 0.914351 -0.479402 -1.413757 -0.231557 1.912877 0.314088 0.649203 0.797178 0.669514 0.787380 0.782720 -1.739975 0.944838 -1.176764 -0.585761 -0.381024
31 2.230525 -0.977828 -2.124142 2.151291 -1.362133 -0.605644 1.800765 -1.185811 0.540693 -0.599702 0.672345 -1.139996 0.627651 0.668114 0.143738 -1.107445 -0.135688 -1.767699 -0.320334 0.252642 -0.017905 0.183539 0.377823 -0.591553 1.339058 -2.584834 -0.940292 0.319312 -0.023201 2.210994 -0.712541 0.355206 -0.334323 1.027799 -0.491120 -0.399426 -0.571530 -1.373367 -1.087806 0.899130 0.320134 -1.037027 1.297501 -1.514877 -2.127435 1.809861 -1.030240 -0.022477 -0.581795 -0.977837
32 0.623129 0.755523 -0.848833 0.267119 -1.230321 0.053115 0.295961 -1.078148 0.741485 -0.461483 0.342418 -0.463021 -2.130479 -0.109235 -1.300270 1.205159 0.426275 0.126912 -1.663714 2.638085 -0.039909 -1.256082 -0.218898 -1.032747 -0.138450 -1.881661 -0.907222 0.669668 -1.651318 -1.394872 -0.934253 0.108925 0.208883 0.715227 -0.096272 -0.024455 -0.819412 -0.403031 -2.166639 0.458226 0.537814 2.069446 -0.128315 0.273944 0.134265 -0.628410 -1.336067 2.267709 0.829595 0.084474
33 -0.329627 0.634492 0.247688 1.743494 0.856777 0.614288 1.204025 -0.434731 0.047447 -0.275978 -3.513160 -1.215466 0.487093 -1.934638 -0.280799 2.711859 -0.353748 -1.349762 -0.681258 -0.082173 0.290046 -0.953894 1.454368 -0.212168 -0.189984 0.520557 0.612191 0.341006 0.111296 -0.245043 -0.242737 -0.279007 2.770303 0.003890 -1.559291 0.566644 -1.165180 -0.834372 0.612701 0.573717 -0.591079 -1.719250 0.760025 0.433412 0.628280 0.093638 -0.746423 -0.095702 -0.440444 1.093442
34 -1.463074 -1.775675 -1.099511 1.166783 -1.354969 -0.114683 -0.076082 0.418889 0.095016 -0.474324 -0.794581 1.296453 -0.135244 1.181598 -1.133233 -0.391497 1.154825 2.279731 1.936894 0.014079 -0.573289 -1.285690 2.777592 0.026119 0.774964 1.485832 -1.620115 -0.399305 0.608606 -0.389287 -0.121700 -0.286125 -1.204195 0.954603 -0.404539 1.081794 0.042042 0.037409 1.516019 -0.943364 -2.154288 0.516325 0.263244 0.493946 -0.756223 -0.428544 -0.686355 0.216539 0.323835 -0.401617
35 0.066305 1.772315 1.959991 -1.297043 0.236493 -1.151673 -0.897442 0.178879 0.289572 -0.085789 2.260324 1.148596 0.077352 -2.066005 0.969829 -1.786109 0.463895 1.097050 -0.571108 -1.798231 1.313989 0.176205 0.045912 0.157223 -0.380474 -0.921788 -0.296768 -1.331666 -0.194586 0.125683 1.666992 -1.532358 1.644174 -0.118618 1.548905 -0.086393 0.770406 -0.909714 0.967100 -0.553091 2.035374 -0.394127 -0.659930 0.205489 -1.045928 -0.757235 -0.394853 2.162770 1.284635 0.239005
36 0.757051 1.289425 0.359885 -0.186440 -0.168924 -0.229172 0.277805 -1.848885 0.140807 1.474266 -0.052076 0.699899 0.691867 -0.944012 1.679262 1.028373 -0.489741 -1.553349 -0.345788 -1.564914 -0.615796 -0.830846 -0.483503 1.347927 -0.788551 0.787114 -0.764549 0.680004 -0.381643 -0.708739 -0.037531 0.647612 1.088958 0.404332 -0.289406 0.276515 -0.279427 -0.616602 -1.421150 -1.174071 -0.424268 0.309991 0.638505 0.282690 0.814392 -0.816368 -0.052480 -0.216056 -1.169565 0.697211
37 1.045576 0.218871 1.156259 -0.207086 -1.429335 0.275430 -1.603660 0.411778 1.157467 -0.128015 -0.947610 0.753672 -0.739096 -1.090173 0.171186 -1.287966 -0.293763 -1.596102 -0.952270 -1.041332 0.715842 1.366512 -0.759870 -0.002060 0.472344 0.034796 0.321668 -0.885701 -0.065057 -1.046493 0.629950 -1.705095 -0.510826 0.053089 0.800558 -0.596524 0.624338 0.371489 0.029701 0.643812 -0.375212 0.664882 -0.268733 0.282614 0.640273 1.397578 -0.820208 0.700089 -0.891654 0.145464
38 1.906712 -1.492561 0.040188 -0.199996 0.478632 -1.215433 -1.296282 0.767722 0.358603 0.665753 0.581105 0.774106 -0.891821 1.077537 0.855002 -0.558104 -1.287351 1.094184 -0.002897 0.263994 -0.033666 -0.195551 -0.735213 -0.304148 1.530107 0.076503 0.430766 1.609733 -0.867688 0.540212 0.328124 1.402872 1.077209 -0.335081 2.254773 1.136979 0.003845 -1.564953 0.236377 0.049164 -0.763862 1.464531 0.071587 0.005796 1.003801 1.187591 0.648481 -0.292026 -0.266815 0.277476
39 0.935091 0.549714 -0.568118 0.953340 -0.374886 1.164610 0.062726 -0.711067 -1.617098 0.385071 -0.985535 0.400048 0.088949 -3.027801 1.184317 0.757594 -1.052449 -0.532079 -0.212882 -1.587660 1.674634 1.882099 -0.890066 0.824817 0.088867 0.585478 0.058311 0.240314 0.317473 -0.996917 -1.168696 0.917929 0.791896 -1.725891 1.828370 -0.515652 0.072717 -0.008909 -1.109037 0.744504 -1.016621 1.150159 -0.913098 -0.525228 0.245343 -1.052961 0.367584 0.021860 0.537050 0.019820
40 -0.957752 0.651713 -0.947520 -0.253439 -0.288035 -0.745412 0.121562 -1.733212 0.122629 0.110467 -1.616137 -0.330917 -0.292109 -0.095733 -1.053860 -0.699195 2.132199 0.486886 0.833038 -1.137735 0.684622 -0.506503 -1.101389 -1.405291 0.047418 -0.235232 -0.526558 -1.318811 -0.053470 0.046500 1.092907 0.764128 0.459910 0.671436 1.628016 0.174866 -1.170392 -1.182340 -0.800896 -0.059433 -0.596374 0.633708 0.769274 -0.845812 -3.128522 -1.338298 0.832834 1.386576 -0.122840 -1.752342
41 0.569045 0.817848 1.047231 -1.118804 -1.076359 -2.332524 -0.704914 -1.283109 0.296803 1.707579 0.162474 2.461580 0.223175 0.036021 0.313852 -1.593793 -0.090660 -1.352669 -0.917299 0.020080 0.677071 0.895594 -0.161930 -0.284197 0.380394 1.018873 0.556369 -2.065232 1.803512 -1.777536 -0.513493 1.434960 1.421417 -0.394970 -0.132896 -0.675694 0.320426 0.376163 0.057223 0.001533 3.378891 0.696297 0.600382 0.365729 0.366982 -0.513473 0.127961 1.454672 -0.312017 1.802877
42 -0.775951 0.392369 -0.264886 -0.399752 0.172666 0.100318 -0.325935 0.784854 -0.086101 -0.632771 0.625517 -0.790579 0.807958 -2.190324 -0.925435 -0.080804 -1.150393 -1.629132 0.062074 -0.632076 1.227892 0.456553 1.286657 -0.148300 1.098928 0.531857 1.011801 -0.009470 0.047068 0.658971 0.990718 0.745289 0.124501 -0.934580 0.314267 0.473285 -0.782417 1.445090 -1.828930 -0.829676 0.297496 0.013587 0.534189 0.255665 0.500495 -0.018257 -0.816703 -1.256797 1.117484 1.072396
43 0.831301 1.024807 0.689537 0.646506 -0.867310 0.843650 0.067322 0.254669 0.854328 -2.355163 1.053535 0.001370 -1.583053 -1.227500 -0.341302 1.755392 0.323751 -0.145374 -0.420480 -0.105450 -0.023099 1.861379 -1.146413 1.139510 1.817393 -1.180866 0.832414 0.520090 -1.528060 0.636571 0.177580 0.581012 1.793623 -0.545422 -0.818492 -1.176956 -0.703569 -1.239523 1.214158 0.227193 -0.957717 -1.814763 -2.310808 -0.936338 -0.383151 0.039357 -0.366001 -0.725236 -0.304172 0.411576
44 -0.221548 -0.068042 0.971980 -0.123585 -0.545394 -0.465476 0.045243 -0.192804 0.023528 -0.905915 1.387890 -0.129560 -0.334281 0.558397 1.273455 1.442281 0.081588 -0.977400 0.247609 -0.301730 1.705359 0.071487 0.362339 -0.246789 0.767273 0.385456 1.652977 0.388285 0.110378 -0.892876 2.583444 -0.546984 0.664077 -0.534889 -0.839538 -0.698549 -1.077322 -1.750561 0.684787 -0.877352 0.863695 -0.258575 0.775885 -1.025415 0.849659 0.159037 -0.320215 -1.018759 -0.727114 2.182435
45 -0.527211 -1.708398 -1.470171 1.895010 0.971387 0.909783 -0.195182 1.459588 2.246894 0.899309 -1.777191 -1.699891 0.323892 -1.888926 1.101459 -0.903357 -0.250845 0.249152 0.417089 -1.374546 0.639784 -1.599321 0.748585 0.447151 1.077419 -1.360524 -0.692649 1.073242 1.449134 0.805037 0.659124 -1.871896 1.899398 -0.092698 1.135465 -0.762481 1.436217 0.093483 0.042094 1.595455 -0.528488 -1.266125 -0.143623 -0.337446 1.476676 0.791796 -0.324577 -1.237387 -0.532370 -0.683173
46 1.236784 -0.779513 0.649677 0.666045 0.634919 -0.553830 0.385143 0.157441 -2.434954 0.326543 -1.266902 -1.300013 -0.289808 0.037361 0.934698 1.730069 -1.284477 0.069870 0.409570 -0.342760 2.429470 0.127589 -0.022871 -0.484972 -0.820993 1.435133 0.326745 0.114655 1.177000 1.106193 -0.825430 1.338001 0.384752 -0.441336 -0.355237 -0.025289 0.464590 -0.245819 -0.902806 -0.536557 -1.022717 -0.346894 -2.647579 -0.105551 0.053098 -0.774098 -1.078950 -1.656292 -1.635419 -0.072872
47 0.359631 1.448812 -0.638683 0.049942 0.667474 -0.468263 -0.767920 -0.452304 -0.468181 -0.411170 -0.093007 -0.618781 -0.744016 -0.317000 1.224826 0.193877 -0.562180 -0.011867 1.794229 0.030641 0.657275 -0.578410 0.204588 -0.603140 -1.080066 -1.385925 -1.145330 0.083788 -1.778652 -0.390532 -0.525965 0.610981 -0.016899 -1.085147 1.048189 0.790069 0.756646 0.981311 0.160315 0.647182 1.067264 1.490110 -0.366630 1.183256 0.041679 2.169659 -0.303972 1.154715 -0.796988 0.368400
48 -0.212128 -0.012393 -0.899438 1.119413 -0.714882 0.341107 0.629550 0.443340 0.681599 -1.190567 1.245105 1.123746 0.864199 -0.119132 0.201815 2.233059 -0.394240 0.156428 -0.025480 0.463063 -3.020817 -1.199364 -0.238988 0.933808 0.717728 -1.168674 0.337561 1.070201 -0.228351 0.191406 -0.284392 1.988890 -1.174875 0.875046 -0.888407 1.783804 -0.715172 -1.173924 -1.090193 0.557296 -1.242930 0.238964 0.726948 -1.746641 1.090796 0.119164 0.672050 1.034612 -0.485035 0.687349
49 -1.433948 0.827352 0.053539 -0.771990 0.849800 0.072538 1.892172 -0.079080 -0.570314 1.283654 0.662195 -0.565916 0.129208 -0.995329 1.570206 0.902650 1.530940 -2.132863 -1.741574 -2.664789 0.497457 -0.924069 -1.459511 -1.579345 1.692029 -0.756756 -1.355370 1.073458 0.239383 -1.438406 -1.842001 0.655487 -0.510597 1.304730 1.350246 0.329935 0.371130 2.270908 0.437358 2.060715 -1.318070 0.015566 -1.697915 0.628770 -1.080093 -1.723612 1.587256 0.159941 -0.411907 -1.890184
50 -0.294693 -1.605454 -0.177510 -1.572151 -0.056151 1.104625 1.383965 1.077542 0.188489 0.111566 -0.749336 -2.952199 -1.175291 0.480959 -0.489904 0.267020 1.013083 0.804498 1.956676 -1.560150 0.547150 1.171419 0.886668 -0.301215 -0.528251 -2.126956 0.380920 1.666642 -1.875434 -0.270510 -0.406653 -2.635231 0.208362 1.011566 -1.571832 1.301344 1.759041 -0.857666 0.217485 -0.044560 0.609906 0.924788 -1.640074 0.203669 -0.850615 -0.428163 1.078348 -0.605624 0.604729 -0.968244
51 1.452452 -1.929997 -0.578521 0.390179 -0.971052 0.770390 -0.128957 1.370113 0.586219 1.431525 -0.284908 -0.787457 -0.182422 -0.558202 -1.268745 0.173333 1.115512 0.006851 0.350159 0.414134 -0.325384 -1.327463 -0.572841 0.603402 -0.357485 1.001422 -0.234421 0.825501 0.379046 0.757148 0.674347 -0.086549 -0.212772 0.475543 0.203789 1.328935 1.152373 1.863214 -0.471037 -0.596763 1.190482 2.378995 0.178572 -0.286986 0.351690 -1.389744 -0.381991 0.734799 1.041702 0.188492
52 -0.468960 -0.855980 0.536461 -0.089657 -0.868550 -0.166660 0.569971 0.281130 1.586907 0.957811 -0.660019 2.843879 -0.962880 0.179039 0.046458 -0.824072 -0.254734 -0.355511 0.328907 -1.867063 -1.075095 -0.729835 -0.315737 1.891654 0.135712 -0.786508 0.148294 0.304853 -0.499412 0.522750 1.367078 -0.989628 0.823489 -0.865082 -0.319384 -1.789350 -0.613488 -1.566042 -1.349047 -1.714719 -0.724385 -0.779754 0.614389 0.633938 0.828685 -2.747286 1.126063 -0.163292 -0.656968 -0.199903
53 0.655751 0.798296 1.027167 0.178352 0.203399 -0.050917 0.067076 1.408877 -0.079965 0.548465 -0.160678 -0.580592 1.048601 1.779469 0.019827 -0.517725 0.644254 -1.195194 -0.106630 0.012159 0.913078 -0.246712 1.092772 -0.393686 -1.410990 0.892372 -0.986940 0.519964 -0.977418 0.553222 -0.293953 -1.501884 -0.149887 0.789668 -0.217843 -1.441800 1.307118 0.458369 0.295321 1.230003 -0.357342 -0.155647 0.586583 -0.147244 -1.307252 0.142809 1.403352 -0.046189 2.170675 1.906484
54 -1.396617 -0.448795 -0.050329 0.609739 0.811967 0.078531 -1.567406 0.012439 0.477242 1.719322 -0.945379 -1.320601 -0.180478 -0.754336 1.502350 -0.239559 -1.876158 -0.400695 -1.174385 -0.060538 1.997916 0.865668 1.686097 -1.172978 0.194469 -0.063345 1.146310 0.634186 2.642908 0.681688 2.296125 0.290726 0.190494 -0.884686 1.758234 -1.577062 0.799724 1.008493 -0.270497 -0.480745 -1.157430 -0.077003 1.156546 0.894041 -0.889054 -0.738255 0.477289 0.115193 2.806804 -1.254276
55 0.313980 0.721953 0.049196 1.025818 -0.087674 -0.872634 0.878845 0.641925 -0.638898 0.349045 0.719186 -0.548574 -0.832720 -1.224550 -1.624282 -0.156752 -0.795953 0.370132 -0.220262 -0.937345 -0.130106 -1.220313 -0.184939 0.526203 -0.058528 1.161546 -2.591391 2.407108 -0.779073 0.958911 0.250640 -1.275543 1.500560 0.551455 2.276458 2.465301 -1.602709 -0.984674 -0.961133 -0.641538 -0.727529 -0.691367 -0.710581 0.943126 1.694642 -0.553476 -0.302613 -0.618740 0.441021 -1.505791
56 -0.300769 -0.264635 -0.624716 0.732925 0.501960 -0.785262 1.541662 0.429193 0.794115 1.658687 -0.228433 -2.291259 0.533336 0.540998 -1.084250 -1.165560 0.511286 0.323710 -0.473771 0.206716 -0.354126 0.545751 0.253882 -2.134149 0.534362 -0.844134 -0.296716 -2.866992 -0.269287 -1.149213 0.155464 -0.589436 0.674749 -0.615237 -2.551870 0.064634 -0.524869 1.278869 0.256021 -0.079759 -1.725016 0.415530 -0.399569 -1.874739 0.502641 -1.483181 0.540374 -0.976948 1.195866 -0.021384
57 0.059682 2.020671 1.253425 -2.008728 1.146057 -1.335881 1.495218 1.550401 0.230355 -1.597092 0.097272 0.676242 -0.001806 0.092790 -0.047564 -0.752582 0.825620 -0.025581 0.997263 0.005829 -1.013626 -0.504727 1.343201 1.679764 0.138559 1.259925 0.075721 0.618212 1.727575 0.029763 -0.005668 0.177834 -0.923838 -1.336758 -0.592966 -0.090556 1.753485 -1.759584 0.372609 -0.372873 0.841953 -0.239359 1.525259 -0.315814 -0.130537 1.745270 -0.399596 -0.821526 1.398730 -0.335387
58 1.532582 -0.103306 -1.736980 0.659130 -1.519243 0.568729 -0.241250 -0.164131 1.900507 -0.335721 1.602075 -1.523108 -0.233999 -0.589991 -0.296700 0.207886 -0.830698 0.014216 1.277818 -0.894022 -0.233454 -1.792769 -0.875379 -0.960904 -2.412499 -0.968694 0.206878 -0.165221 0.502788 -0.519697 1.717024 0.666026 0.218408 -0.411576 1.560658 0.806388 -0.530292 0.081492 -0.317281 1.170989 0.541995 0.805402 -1.404723 1.129706 0.792438 0.823391 -0.163437 0.568052 0.919932 0.912365
59 0.696254 -0.506970 -1.955611 -1.163197 1.550085 -2.426688 0.743606 -0.031746 -2.112918 2.347242 0.485736 0.041219 0.826054 -2.003681 0.836688 -0.159066 0.585019 -0.517505 -0.108353 0.982822 -0.134240 -1.217197 -1.737870 1.588381 0.831025 0.393912 1.099895 -0.584778 0.044908 2.110859 -0.806622 -0.816887 -1.326759 -0.957482 -1.315975 0.741983 0.370783 0.216641 -0.175061 -1.145339 -0.149795 0.439788 1.060729 1.210141 -0.195754 -1.747317 0.217562 0.583900 -1.073291 -0.247435
60 -0.180067 -0.140971 0.641614 -0.132247 1.021031 -0.183142 -0.503832 0.789698 1.164346 0.944377 0.165565 0.824557 0.718128 0.660968 -0.072319 -0.292223 1.818509 2.044777 0.851257 -0.846368 0.263397 0.474142 -0.179288 -1.564199 -0.671342 -0.240966 0.240893 1.046802 0.196526 0.592145 -1.025776 -1.051672 0.923885 0.559380 0.140340 1.050175 -0.796176 1.351571 -0.723683 0.535178 -1.136363 0.291295 -0.265466 -0.795948 -0.385282 -0.395044 -1.425987 0.298504 -0.724806 -1.040393
61 -0.276968 -1.345966 -0.873922 2.301307 1.135106 -1.226376 0.572716 0.368311 -0.539894 0.968625 2.215590 -0.018084 -0.105036 -1.015888 -0.962623 1.381551 -1.172999 -0.113052 -0.820380 -0.083663 -1.113024 -3.202144 0.630861 2.256893 -1.207299 -0.034204 0.231147 -0.622917 -0.251857 -0.918049 -2.094106 -0.410889 0.026601 1.015590 0.783057 0.678218 -0.752923 -0.435964 1.312390 -0.837344 0.781585 1.661641 -0.565897 0.059847 -0.239412 0.163062 0.060257 0.624599 1.953370 0.540091
62 -0.666483 -0.886559 -0.507618 0.129827 -1.373144 -1.543861 0.724298 1.589955 -2.840811 0.635397 -2.098988 0.189289 1.528680 1.310981 0.224260 1.755473 -1.962596 -0.755138 0.051067 1.059117 -0.422269 -0.675570 0.907179 0.879061 -0.452397 0.796941 -1.011032 0.797514 -1.268778 -1.340630 2.079238 -0.322976 0.082143 -0.182493 0.273282 -2.232875 -0.210603 0.416020 0.541537 -0.120278 -0.975851 0.341578 -0.663381 -0.012109 0.251020 2.951680 0.262699 -0.569214 -1.900008 1.180476
63 0.686791 -0.540904 -0.063318 -0.906890 -0.214301 0.831535 -0.235415 -0.195520 -0.255679 0.208948 -0.379569 0.981612 1.185544 -0.539735 -0.503341 0.002195 0.207587 -0.534675 0.553377 0.941205 1.896819 0.453118 0.448405 -1.590861 -0.529285 -1.530611 0.062800 -1.178584 0.149751 0.554197 0.768890 0.924625 0.212230 -0.821630 0.267292 -0.623524 1.600768 -0.646628 -0.940667 0.197124 0.132211 -1.313651 -0.261389 -0.670322 0.302804 0.003489 -1.724659 0.431108 0.963845 0.522898
64 -0.274953 0.545142 -1.422011 -0.130113 -0.296845 0.090079 0.667928 0.362037 -0.266007 0.034958 0.266942 1.112270 0.645508 -1.178882 0.890370 1.898028 0.990159 -0.932768 0.017448 1.693808 -0.983059 -0.090612 1.927044 0.043170 -0.979353 0.163312 0.863626 -0.396483 -0.658166 0.498281 -0.407016 -1.126898 -0.011756 1.050455 0.003029 1.657484 0.121089 0.432718 0.384016 -0.231868 -1.303139 1.971240 -0.699908 -0.379978 0.962352 0.061188 0.128462 -1.429878 -0.238227 1.247390
65 -1.254497 -0.110833 -1.302686 -1.381278 -0.128767 0.203002 0.986610 -0.335344 0.709186 0.407517 -1.357450 -0.861378 0.894336 0.084149 0.052684 -0.330004 0.448853 0.123688 0.794536 -0.522452 0.910697 1.266826 -0.968146 1.886024 -0.729360 -0.592396 1.041053 0.132283 -0.662429 1.026748 -0.611551 -0.750865 -0.331119 0.762495 -0.659026 -0.287000 0.063827 0.664710 -0.595754 0.876025 -0.909697 0.335701 -2.751244 0.635385 -0.789771 -0.156997 -1.649576 -1.538185 -0.041773 2.177194
66 -0.950861 -0.512206 0.255319 -0.441935 -0.451547 -0.610106 0.130926 -0.116915 -0.373347 1.399391 -0.665182 -0.243500 0.343937 0.338370 -0.939985 0.846710 -0.656392 -1.484664 -0.927490 0.472446 -0.800430 0.198767 -0.381486 0.612502 0.702655 1.394499 -0.212318 -0.303634 1.411663 0.135443 2.868224 0.567205 1.318859 0.108051 0.329157 -0.814072 0.300204 1.462860 -0.555205 0.024353 -1.091661 -0.694119 0.673350 -0.602572 -0.379728 0.466330 -1.225206 -0.563762 0.034224 -0.915191
67 -2.122613 0.714820 -1.340864 -0.014367 -0.029075 0.234551 1.327679 0.151242 0.805249 -0.022371 1.325195 0.669894 -0.391401 -2.153934 -0.602230 -0.253972 0.401856 0.180055 0.988335 -2.003643 2.013285 1.462029 -0.002503 1.066282 -0.189483 -1.286873 -0.002578 1.146946 1.601333 0.360665 0.719630 1.261104 1.701290 -0.600414 1.073834 -0.669080 1.057133 1.018751 1.029175 1.446454 -0.562419 -0.014571 -0.152323 -0.690188 0.194931 -0.722398 -0.235171 -0.658173 -1.451611 -0.503341
68 1.829906 -0.447071 -0.754611 0.705052 -0.400006 0.827007 0.083734 1.640244 0.725796 0.841581 -1.110591 1.750711 0.448789 0.540156 0.396310 1.087062 -0.172676 0.931644 -2.090726 -0.942804 1.574769 0.518284 -0.524186 -1.703418 -0.850826 0.614455 -1.012679 0.951378 -0.080655 0.421719 -1.401441 0.865928 -1.188815 0.826963 -0.806624 0.097462 -1.797081 -0.432204 1.763830 1.361538 2.005935 -1.844970 -0.287882 1.857308 -2.112285 -0.895936 1.129212 -0.187680 0.293026 0.289200
69 0.922223 -0.814679 -1.091604 -2.374703 0.610101 0.323916 -0.925478 0.064152 -1.474387 1.046155 1.067273 -1.327177 -0.456193 -1.019487 -0.315752 0.237122 -0.202908 0.775754 -0.051765 1.555073 -0.598849 1.612812 -0.906626 -0.112349 -1.316467 0.438679 0.406904 -0.666980 0.049731 -1.503050 -1.568140 -0.066604 0.874774 -1.296653 -1.082244 -1.343535 1.480753 0.354805 1.001523 0.482255 -0.991604 -1.775155 -0.127845 -0.583389 -0.874521 -0.479355 1.716341 -0.247531 0.824306 -0.687569
70 0.947782 -0.553229 -1.379147 0.940336 1.121058 -0.065168 -0.046254 -0.974781 -0.569915 -2.623683 -0.403749 -0.474129 -0.876458 0.367873 1.171787 0.708239 -0.944701 1.922261 -1.966888 -1.317910 -0.812598 0.716043 -1.335823 1.014435 0.430074 0.639957 -1.150152 0.698354 -0.721884 1.224156 1.465931 0.901990 0.223852 0.923340 1.591251 -0.818670 -0.299984 -0.044911 1.478209 0.399261 0.497619 1.935174 1.201831 -0.447509 -0.728140 -0.551849 0.670191 -1.194001 -0.296473 -0.369326
71 1.337185 0.656047 -0.110784 -0.647312 1.109313 1.513797 -1.553723 1.009406 -0.380456 -0.973597 2.420574 0.082606 -0.681716 1.699926 -1.442124 -2.039589 -0.322230 0.252741 -0.587886 -0.233391 1.732157 1.333016 -0.208571 -1.216622 1.818825 0.655730 -0.323298 0.390075 0.343424 0.357206 0.801865 0.271496 -1.215430 -0.298866 0.556920 1.202396 -0.569230 -0.540477 -0.724832 -0.212815 0.823866 0.350508 0.787535 -1.642328 -1.513728 0.292975 0.186839 0.360393 1.232883 0.849613
72 0.796489 0.207063 -0.729546 0.987938 1.853889 -1.361001 -1.909424 -0.856101 0.904687 -0.320182 -0.774976 -0.887100 -1.709090 1.241014 -1.295659 -0.291422 -0.241783 0.300568 0.062799 0.763857 2.696804 1.115870 -1.282636 -1.285435 -0.051166 0.434324 -0.005476 -0.300826 -0.791743 0.388096 0.334129 -1.570558 -0.986943 0.615754 0.733986 -0.683409 -0.470869 -1.028546 0.525249 -1.297081 0.277872 2.109818 -1.331887 -0.308175 0.525788 0.699267 0.538981 0.332001 -0.424580 1.002631
73 1.239818 -0.829073 -0.221428 -1.820839 0.632171 -1.059823 -1.606808 0.321864 1.084774 1.048877 0.297776 0.746619 0.474823 -0.216783 0.051436 1.731977 0.292365 0.641396 -0.926410 -0.146441 1.885299 -0.710057 -1.022443 0.209880 -0.001367 0.374954 1.321816 -1.034195 0.642458 -0.766497 -0.088742 -0.502618 -0.128686 -0.271025 -0.542107 -0.249423 0.108115 1.783195 0.369843 -0.692887 -0.643291 -0.301956 -2.221513 -2.206649 -0.402426 -0.677813 0.821232 0.792884 -1.395629 -0.007123
74 -1.180952 1.838169 -0.877563 0.321869 -0.845539 -0.461494 -0.630378 -0.376845 -2.229200 -0.347336 0.228158 0.424731 -1.270758 0.539308 1.282660 0.721125 -0.998881 0.474583 -0.509405 -0.652034 0.514854 -2.648469 -0.412301 -0.233770 -0.727043 1.963149 0.105414 -0.279888 -0.154445 0.597434 -0.592997 -1.091401 1.688764 1.008858 0.745831 -0.370564 0.108059 -0.340995 0.918330 -0.643989 -0.069089 -0.307840 -1.978097 0.329299 1.196941 1.102663 1.117066 -2.747463 -0.522255 1.533752
75 1.017965 1.498284 0.377024 -0.678049 2.056835 0.105684 0.634377 0.181069 0.605583 0.058945 -1.624919 -0.516438 0.681678 0.961012 -1.920083 0.784194 -2.133051 0.157342 1.083815 0.032482 -1.103890 -0.326768 -0.340558 1.162423 -0.438370 -0.182451 0.624025 0.401579 -0.681030 -0.299211 -0.255427 0.183797 0.253215 0.967983 -0.971339 -0.235540 -0.166389 0.363623 -1.460687 -0.198351 1.521086 -0.673830 -0.145417 1.665808 1.044916 -0.009381 0.353737 -0.056993 0.367296 -0.214442
76 2.205012 1.183450 1.976671 -0.460371 -0.920595 -0.201499 -1.386602 -0.519742 0.107074 -0.578498 1.721931 1.473549 0.529605 0.086076 -1.993754 -1.400800 1.097961 -1.363469 -1.349233 0.458528 0.338111 -0.063406 1.278131 -0.486607 -0.516024 -0.801363 -0.588563 0.810714 -1.637975 -0.812143 0.630672 0.816406 0.555421 -0.915032 0.952530 1.034895 -0.920396 -0.841940 0.030764 0.013067 1.323904 0.610797 0.388506 1.993177 0.842828 0.727799 0.552441 1.270675 1.454532 2.128696
77 -1.178901 -0.118233 -1.193204 0.678992 -0.015698 -0.301567 0.726995 -0.184887 -0.883274 -0.741490 -0.326787 -0.508673 -1.133098 -0.835399 1.612223 0.187132 -0.289936 -0.218438 -0.079526 -0.666804 -0.817377 0.625674 -0.892508 0.568644 -1.525220 0.705416 0.872755 0.561573 1.504667 0.049107 0.496092 1.432210 -0.642130 -2.277413 -1.542386 2.292275 1.684650 -0.046849 -0.062853 -0.549759 -0.054491 1.298769 1.628333 -0.327615 -1.075777 -0.378897 -1.101435 -0.739023 -0.497776 0.309036
78 -0.303713 -0.827300 0.475168 1.790744 0.381700 0.801512 -0.357245 -1.229258 0.924063 0.471455 0.749065 -0.064263 0.567077 0.184881 1.693837 -0.261093 -0.275135 -0.035528 0.307363 -1.250276 1.480154 -0.205672 1.321080 -0.189704 0.954495 0.485938 0.175554 1.064489 -0.033500 -0.785612 -2.175378 0.133984 -0.849626 1.160577 -0.255334 0.762976 0.108157 0.495768 -0.720869 -2.221637 -0.284684 0.486339 -1.312261 -1.396450 0.160197 -1.224106 -0.967910 0.232467 0.905655 1.309387
79 0.662398 0.318561 -0.431287 -1.249668 -0.616339 1.643606 -0.273261 -1.154298 2.673925 -0.579683 3.603703 0.554608 -0.111965 -1.551926 -1.237227 0.859318 0.861735 0.133512 0.031527 -1.252703 -0.642198 -1.503459 -0.021174 0.873614 -2.027413 0.420334 -1.113136 0.332759 -0.079733 1.371280 -0.954167 -0.930674 0.715861 -0.054991 0.173267 1.306534 0.841847 0.381256 0.766170 -0.989999 1.306918 -1.681153 -2.390835 -0.015924 1.499223 0.754802 1.078626 2.067869 -0.862037 -1.606217
80 -1.119633 0.905647 0.876402 -0.694581 -0.590563 -1.183457 0.871041 -1.245898 0.215905 -1.426928 -0.371859 0.471147 2.018574 1.183843 -0.293892 0.133693 0.706929 1.188779 0.884418 -0.900926 -0.876502 1.496875 -1.997268 2.433815 0.086501 0.661455 1.424031 -0.001327 -0.916423 0.056100 0.408651 1.029127 -1.656757 1.207873 -1.360854 -0.253538 2.651067 0.565440 -0.644175 -0.731698 -0.249773 0.707105 -1.797640 -2.047137 0.840890 -0.963879 1.836118 0.308307 1.070153 -1.490012
81 0.011980 0.206759 -0.120893 0.033958 -0.079940 0.060132 -0.052009 -1.683741 -1.053644 0.679549 0.249029 1.382245 -0.720240 -1.292978 -0.861274 0.260428 0.424415 1.363836 0.447363 -1.339391 -1.248344 0.029368 -0.959040 1.883604 -0.161964 0.615146 0.143823 0.243524 0.858580 -1.529140 0.799436 -0.215791 0.177229 0.647403 1.401162 0.265530 1.346211 -1.507996 0.016742 0.062001 2.143092 1.487559 -0.696263 -0.011643 0.150999 -0.603926 0.083144 -0.003128 1.905635 1.041420
82 -0.952831 0.735287 -0.570287 0.355269 -0.656018 0.383958 -0.568900 0.097659 -1.010232 0.285571 -0.053458 0.525769 -1.368769 1.039166 0.866604 0.248682 0.101574 0.170039 -0.291749 -0.641532 0.107104 -1.611390 2.909228 0.175380 1.777515 0.054404 0.643824 -0.054188 0.764399 -1.674824 -0.799402 -0.198867 -0.981982 -1.865472 1.138741 -0.534717 -1.236453 1.047579 -0.468382 -1.370017 0.730259 0.484790 0.835775 -0.432396 -0.181497 -0.690494 0.502607 -0.106374 -2.129223 -0.514767
83 0.029700 1.305969 -1.088815 0.471002 -0.950216 0.703426 0.947726 -0.544519 -0.491479 1.824781 0.593268 -1.175910 2.784169 0.314118 1.308958 -0.152391 1.881298 0.076228 0.372515 -0.151382 -1.370760 0.631684 -0.879811 -0.326419 -1.398482 0.237799 1.325381 -0.944604 -1.842019 -1.054773 1.242484 0.186402 -0.581103 0.043076 -0.260863 -0.341508 -1.376397 -0.512954 -1.066846 -1.550083 0.322327 1.969385 -0.262051 0.001355 -0.720153 -0.357181 -0.124700 -0.901763 0.736295 0.669838
84 0.751742 -0.977254 0.337859 -0.135270 0.108832 0.188002 1.411150 0.775325 -0.475732 -0.915996 0.129092 -1.835685 1.082558 0.045974 0.315934 1.472797 -0.170126 1.021994 -1.782587 -0.151022 -0.372406 0.129787 0.702560 1.265576 -0.170983 1.668451 -0.110643 -0.109098 -0.224996 0.264603 1.744538 1.270109 -0.080662 0.676421 0.044992 0.562558 1.539024 0.375548 -1.765643 1.361264 0.084341 0.349292 -0.605367 -1.341909 -0.908532 -0.049029 -0.053541 1.342789 -0.465978 -0.562511
85 1.515298 0.700313 -1.154790 0.149056 -1.430814 -0.772130 0.133444 -0.384567 -0.188709 -2.014799 -0.482349 0.549924 -0.400662 -0.122189 1.405341 -1.419145 -0.009970 2.057993 -1.387763 -1.194779 -0.059254 -0.510427 2.218371 -0.444036 0.764949 -1.215466 1.342221 0.881571 0.660586 -0.866391 -0.230221 0.574827 0.669664 -0.115412 1.034608 1.247828 -0.709402 0.437717 0.344081 -0.253608 -2.284117 1.566394 2.065349 -0.253718 -0.041697 1.152511 0.400229 1.256944 -0.922042 0.407028
86 1.424309 -1.285246 -1.025087 1.928776 0.102254 -0.931140 -0.293049 0.372972 -0.360999 0.015352 -0.472405 0.371251 1.552573 1.373035 0.493451 -0.273961 1.653110 0.619739 -1.453336 1.241244 0.050554 -0.964390 0.275182 0.548748 0.346807 -0.172328 1.742789 1.703071 -0.684412 1.544466 -1.297142 2.105057 0.628632 -0.238338 -1.317078 0.696884 0.000808 -0.132814 -2.241654 -0.072062 0.462137 -1.342426 0.832781 1.196020 -0.651255 -0.434738 -0.113904 -0.276278 1.154974 -1.094217
87 0.098778 -1.259791 -1.238794 0.387776 1.063464 -0.793173 -0.454259 -1.871850 0.737372 -0.117039 0.523701 -0.175091 -1.880591 -1.191523 -2.177174 0.290855 0.044815 1.087392 -1.188314 0.431959 -0.306645 0.617968 -0.556289 -0.776558 -0.946275 0.672293 -0.375122 2.352550 0.554115 0.522579 0.449012 -1.607751 0.340033 -0.052600 0.673830 -0.308860 0.963609 0.516591 -0.160478 0.771647 -0.438312 0.831814 -1.731911 1.451263 -0.454141 1.814974 1.191948 1.541861 0.737077 -0.309237
88 0.322368 1.162032 0.301421 1.096405 0.262002 0.732868 -1.846305 -1.663956 0.576993 -0.713606 0.246918 0.873834 -1.843158 -0.180455 1.312459 -0.089351 2.250456 -1.401320 0.331504 1.023546 -1.817889 -0.983078 -1.195547 -2.420117 1.066057 -0.668071 -0.881172 -0.161595 -0.837567 -0.682886 0.583921 -0.558383 0.352929 -0.386279 1.050774 2.233093 -1.081926 0.226773 -0.583892 0.866723 1.329657 0.704096 -0.744519 0.918858 -0.451026 -1.144346 0.514789 0.842259 1.625569 -2.148994
89 0.947600 -0.686946 1.430159 0.927932 0.137055 -1.130954 -0.262528 0.002316 -0.068662 0.624994 -1.649846 0.298139 -0.960983 0.964195 -0.477534 1.028179 0.174911 1.217193 0.111120 0.254465 -0.678851 1.793374 -0.257366 -1.150106 1.625654 0.277732 0.768681 -0.134712 0.842630 -0.114761 -0.842822 0.342992 -0.335015 -1.773698 0.054876 0.321971 -0.465254 1.087066 -0.151313 0.567535 0.901114 -0.320530 0.743633 1.112522 -0.695691 -1.175724 -1.150238 -1.557188 0.531709 -0.920943
90 -0.704044 -0.789675 1.530428 -0.077983 0.033319 0.801525 0.234474 -0.188471 -0.453091 -0.267871 -0.627044 -2.053021 0.128004 0.494767 1.907574 -0.190317 -0.794186 0.022447 -0.171500 0.081288 1.187968 1.788984 0.876030 1.690013 -1.465133 1.645585 0.775647 1.074780 -1.768651 1.120600 -0.501295 0.647907 1.367814 1.255884 -0.494486 1.591506 -1.081154 1.646862 -0.361060 0.215434 -2.292581 -0.975093 -0.426186 -1.630718 0.616403 1.574322 -0.484050 -1.014266 0.808399 1.013004
91 -0.114209 -0.720622 0.596121 0.090962 -0.857929 -0.944791 1.647551 -1.532031 -0.062974 -1.136633 -0.733249 -1.539696 -0.823159 0.936729 -0.212897 0.783912 0.922364 0.780927 0.649111 -0.798596 -1.731905 0.316337 2.061018 -0.111935 0.302864 -0.361129 -0.270887 -0.247234 -0.262260 -0.093117 0.976344 0.440332 -0.321635 0.680292 1.990901 1.256323 0.365059 0.528445 1.009772 0.898130 1.060573 -0.650925 0.444289 -0.977018 -1.017876 -0.804965 0.731838 -1.318571 1.183815 1.214233
92 0.241834 1.418613 0.318291 0.246777 2.395441 -1.386176 -0.551906 -0.838639 0.503513 0.685769 0.452838 0.157076 0.926908 1.126398 1.907370 0.208183 -0.204278 0.127641 0.892556 0.748304 0.864477 -0.928402 -0.686677 0.143457 1.510976 1.075840 0.415897 0.514236 0.325609 -0.916436 -0.722077 -0.816184 0.218395 -1.067498 0.470728 1.490465 -0.484177 -0.211800 -0.561412 0.878041 1.390217 -0.178286 -0.292451 0.069901 -1.072608 0.819459 0.204711 0.495886 2.000189 0.027215
93 0.580542 -0.313395 1.198068 0.826733 -0.688454 0.913389 1.297994 -1.415795 -1.419117 -0.356298 -0.986914 -0.056780 0.801458 -0.574340 0.578450 1.264195 1.023210 1.124776 -0.286924 0.278866 0.371241 0.679094 0.038077 0.557569 -1.725209 0.871118 -1.029968 -0.639778 -0.512382 0.660570 -0.736631 -1.401340 0.094055 1.439778 -0.884020 -0.634843 0.079860 -0.566063 -0.871234 0.356901 0.214019 1.254671 0.054226 -0.645370 0.519524 0.376188 -0.851970 0.302198 2.018223 0.601274
94 -0.114282 -1.264217 0.889389 -1.925665 -0.094333 -0.960316 1.572545 1.098218 2.459942 1.008077 0.441152 2.044388 0.293451 1.231814 0.238059 -1.456907 -0.584153 0.357681 0.144475 0.881314 1.562567 1.263759 -1.374331 0.125789 -2.023757 0.005463 -0.142302 0.498983 3.150035 -1.871118 2.067283 0.072723 -0.856624 0.389172 -0.537043 1.467129 0.498186 0.542434 -1.430240 0.721322 -1.446379 0.325911 -0.638363 0.567177 -0.403896 0.936757 -0.105283 1.098881 0.576824 0.154775
95 0.816838 -0.544696 -1.837577 -0.416812 0.808233 -1.763847 0.147990 0.324659 0.187716 -0.424575 0.456021 -0.337659 -1.029899 -0.526885 -0.065491 -2.176804 -0.517052 1.129062 0.220565 -0.213622 0.133001 0.767404 -0.094231 -1.132170 0.923770 1.271290 0.066641 -0.041566 0.491557 1.813678 -1.381788 -0.312589 0.709991 0.638154 -2.038959 -0.494939 -1.611434 0.504062 -0.316040 -0.082296 -0.918591 0.902883 -0.417069 -0.594017 0.558654 -0.038483 0.856123 0.003200 0.229273 0.354411
96 1.093776 -0.894273 0.703833 0.927362 -1.331983 -0.286332 6.133826 0.178901 1.289613 0.984914 -0.038238 4.004019 -0.603672 0.488623 0.118201 -1.615560 0.763606 -1.696230 -0.346992 -0.302225 1.756346 0.579453 -0.936037 3.675372 0.581273 -0.994729 -1.585939 0.167804 2.304674 1.129841 -0.458808 1.003653 -0.636535 -1.306696 -1.652595 -0.636930 -0.401640 0.729900 2.467004 1.141650 -1.100632 0.350237 -0.308298 -1.086955 0.435081 -0.398033 0.457457 -0.948214 -0.509546 3.899801
97 1.592386 -0.729600 -0.356916 -0.044610 -0.455620 0.988626 1.602161 0.883202 0.492990 0.799252 -0.199681 -1.444717 0.943747 0.850256 -0.246430 1.166435 0.720714 0.859901 -0.682333 0.250673 0.078723 -0.651401 -0.640431 0.109848 -0.002244 -0.159768 -0.411614 1.269455 0.521112 1.682668 0.454802 0.152423 2.699805 0.832867 -0.484487 0.245117 0.180340 0.544033 1.293593 0.362233 -0.740854 0.485025 -2.168292 1.469203 0.888368 0.123059 1.310003 0.230927 0.330635 -0.552003
98 -0.996945 0.637359 -0.221684 2.114707 0.339764 -0.632845 0.184892 -0.714627 0.649762 -0.495529 -1.856268 -0.285592 -0.066947 0.501163 1.316895 0.228994 0.557379 0.747135 -0.414928 0.047682 -0.901232 0.128986 0.061762 0.083800 1.448643 -0.139749 0.991375 -0.526291 -0.335608 1.519453 1.895121 0.903556 -1.283917 0.932693 -0.999063 -1.443878 -0.171536 0.885839 0.331192 0.968226 0.488833 1.054445 1.018499 0.163890 -0.315793 0.565263 0.185695 -0.970670 -1.713846 -1.612605
99 -0.292060 -1.504301 1.123924 -0.673108 0.267139 0.718068 -1.610044 -0.715134 0.413872 1.096851 1.208132 0.398530 1.935413 -0.460684 1.326569 -0.281896 1.272772 0.660694 -0.536954 0.168779 2.728146 -0.042519 1.207376 0.204429 2.561672 1.130565 -0.344806 -0.588080 0.800902 0.869231 -0.250388 0.591894 -1.513674 -0.392604 -0.927949 -0.222939 0.598223 0.528681 -0.233407 -2.180409 1.688089 -0.691732 0.196922 -1.358863 0.215159 0.879924 -0.587897 0.523309 -0.738326 0.012707
END
#################################################################
SECTION3 (Edges Information)
EndPoint0 EndPoint1 Weight
0 1 1.000000
0 9 1.000000
0 10 1.000000
0 90 1.000000
1 0 1.000000
1 2 1.000000
1 11 1.000000
1 91 1.000000
2 1 1.000000
2 3 1.000000
2 12 1.000000
2 92 1.000000
3 2 1.000000
3 4 1.000000
3 13 1.000000
3 93 1.000000
4 3 1.000000
4 5 1.000000
4 14 1.000000
4 94 1.000000
5 4 1.000000
5 6 1.000000
5 15 1.000000
5 95 1.000000
6 5 1.000000
6 7 1.000000
6 16 1.000000
6 96 1.000000
7 6 1.000000
7 8 1.000000
7 17 1.000000
7 97 1.000000
8 7 1.000000
8 9 1.000000
8 18 1.000000
8 98 1.000000
9 0 1.000000
9 8 1.000000
9 19 1.000000
9 99 1.000000
10 0 1.000000
10 11 1.000000
10 19 1.000000
10 20 1.000000
11 1 1.000000
11 10 1.000000
11 12 1.000000
11 21 1.000000
12 2 1.000000
12 11 1.000000
12 13 1.000000
12 22 1.000000
13 3 1.000000
13 12 1.000000
13 14 1.000000
13 23 1.000000
14 4 1.000000
14 13 1.000000
14 15 1.000000
14 24 1.000000
15 5 1.000000
15 14 1.000000
15 16 1.000000
15 25 1.000000
16 6 1.000000
16 15 1.000000
16 17 1.000000
16 26 1.000000
17 7 1.000000
17 16 1.000000
17 18 1.000000
17 27 1.000000
18 8 1.000000
18 17 1.000000
18 19 1.000000
18 28 1.000000
19 9 1.000000
19 10 1.000000
19 18 1.000000
19 29 1.000000
20 10 1.000000
20 21 1.000000
20 29 1.000000
20 30 1.000000
21 11 1.000000
21 20 1.000000
21 22 1.000000
21 31 1.000000
22 12 1.000000
22 21 1.000000
22 23 1.000000
22 32 1.000000
23 13 1.000000
23 22 1.000000
23 24 1.000000
23 33 1.000000
24 14 1.000000
24 23 1.000000
24 25 1.000000
24 34 1.000000
25 15 1.000000
25 24 1.000000
25 26 1.000000
25 35 1.000000
26 16 1.000000
26 25 1.000000
26 27 1.000000
26 36 1.000000
27 17 1.000000
27 26 1.000000
27 28 1.000000
27 37 1.000000
28 18 1.000000
28 27 1.000000
28 29 1.000000
28 38 1.000000
29 19 1.000000
29 20 1.000000
29 28 1.000000
29 39 1.000000
30 20 1.000000
30 31 1.000000
30 39 1.000000
30 40 1.000000
31 21 1.000000
31 30 1.000000
31 32 1.000000
31 41 1.000000
32 22 1.000000
32 31 1.000000
32 33 1.000000
32 42 1.000000
33 23 1.000000
33 32 1.000000
33 34 1.000000
33 43 1.000000
34 24 1.000000
34 33 1.000000
34 35 1.000000
34 44 1.000000
35 25 1.000000
35 34 1.000000
35 36 1.000000
35 45 1.000000
36 26 1.000000
36 35 1.000000
36 37 1.000000
36 46 1.000000
37 27 1.000000
37 36 1.000000
37 38 1.000000
37 47 1.000000
38 28 1.000000
38 37 1.000000
38 39 1.000000
38 48 1.000000
39 29 1.000000
39 30 1.000000
39 38 1.000000
39 49 1.000000
40 30 1.000000
40 41 1.000000
40 49 1.000000
40 50 1.000000
41 31 1.000000
41 40 1.000000
41 42 1.000000
41 51 1.000000
42 32 1.000000
42 41 1.000000
42 43 1.000000
42 52 1.000000
43 33 1.000000
43 42 1.000000
43 44 1.000000
43 53 1.000000
44 34 1.000000
44 43 1.000000
44 45 1.000000
44 54 1.000000
45 35 1.000000
45 44 1.000000
45 46 1.000000
45 55 1.000000
46 36 1.000000
46 45 1.000000
46 47 1.000000
46 56 1.000000
47 37 1.000000
47 46 1.000000
47 48 1.000000
47 57 1.000000
48 38 1.000000
48 47 1.000000
48 49 1.000000
48 58 1.000000
49 39 1.000000
49 40 1.000000
49 48 1.000000
49 59 1.000000
50 40 1.000000
50 51 1.000000
50 59 1.000000
50 60 1.000000
51 41 1.000000
51 50 1.000000
51 52 1.000000
51 61 1.000000
52 42 1.000000
52 51 1.000000
52 53 1.000000
52 62 1.000000
53 43 1.000000
53 52 1.000000
53 54 1.000000
53 63 1.000000
54 44 1.000000
54 53 1.000000
54 55 1.000000
54 64 1.000000
55 45 1.000000
55 54 1.000000
55 56 1.000000
55 65 1.000000
56 46 1.000000
56 55 1.000000
56 57 1.000000
56 66 1.000000
57 47 1.000000
57 56 1.000000
57 58 1.000000
57 67 1.000000
58 48 1.000000
58 57 1.000000
58 59 1.000000
58 68 1.000000
59 49 1.000000
59 50 1.000000
59 58 1.000000
59 69 1.000000
60 50 1.000000
60 61 1.000000
60 69 1.000000
60 70 1.000000
61 51 1.000000
61 60 1.000000
61 62 1.000000
61 71 1.000000
62 52 1.000000
62 61 1.000000
62 63 1.000000
62 72 1.000000
63 53 1.000000
63 62 1.000000
63 64 1.000000
63 73 1.000000
64 54 1.000000
64 63 1.000000
64 65 1.000000
64 74 1.000000
65 55 1.000000
65 64 1.000000
65 66 1.000000
65 75 1.000000
66 56 1.000000
66 65 1.000000
66 67 1.000000
66 76 1.000000
67 57 1.000000
67 66 1.000000
67 68 1.000000
67 77 1.000000
68 58 1.000000
68 67 1.000000
68 69 1.000000
68 78 1.000000
69 59 1.000000
69 60 1.000000
69 68 1.000000
69 79 1.000000
70 60 1.000000
70 71 1.000000
70 79 1.000000
70 80 1.000000
71 61 1.000000
71 70 1.000000
71 72 1.000000
71 81 1.000000
72 62 1.000000
72 71 1.000000
72 73 1.000000
72 82 1.000000
73 63 1.000000
73 72 1.000000
73 74 1.000000
73 83 1.000000
74 64 1.000000
74 73 1.000000
74 75 1.000000
74 84 1.000000
75 65 1.000000
75 74 1.000000
75 76 1.000000
75 85 1.000000
76 66 1.000000
76 75 1.000000
76 77 1.000000
76 86 1.000000
77 67 1.000000
77 76 1.000000
77 78 1.000000
77 87 1.000000
78 68 1.000000
78 77 1.000000
78 79 1.000000
78 88 1.000000
79 69 1.000000
79 70 1.000000
79 78 1.000000
79 89 1.000000
80 70 1.000000
80 81 1.000000
80 89 1.000000
80 90 1.000000
81 71 1.000000
81 80 1.000000
81 82 1.000000
81 91 1.000000
82 72 1.000000
82 81 1.000000
82 83 1.000000
82 92 1.000000
83 73 1.000000
83 82 1.000000
83 84 1.000000
83 93 1.000000
84 74 1.000000
84 83 1.000000
84 85 1.000000
84 94 1.000000
85 75 1.000000
85 84 1.000000
85 86 1.000000
85 95 1.000000
86 76 1.000000
86 85 1.000000
86 87 1.000000
86 96 1.000000
87 77 1.000000
87 86 1.000000
87 88 1.000000
87 97 1.000000
88 78 1.000000
88 87 1.000000
88 89 1.000000
88 98 1.000000
89 79 1.000000
89 80 1.000000
89 88 1.000000
89 99 1.000000
90 0 1.000000
90 80 1.000000
90 91 1.000000
90 99 1.000000
91 1 1.000000
91 81 1.000000
91 90 1.000000
91 92 1.000000
92 2 1.000000
92 82 1.000000
92 91 1.000000
92 93 1.000000
93 3 1.000000
93 83 1.000000
93 92 1.000000
93 94 1.000000
94 4 1.000000
94 84 1.000000
94 93 1.000000
94 95 1.000000
95 5 1.000000
95 85 1.000000
95 94 1.000000
95 96 1.000000
96 6 1.000000
96 86 1.000000
96 95 1.000000
96 97 1.000000
97 7 1.000000
97 87 1.000000
97 96 1.000000
97 98 1.000000
98 8 1.000000
98 88 1.000000
98 97 1.000000
98 99 1.000000
99 9 1.000000
99 89 1.000000
99 90 1.000000
99 98 1.000000
END
#################################################################
SECTION4 (TrueSubGraph Information)
EndPoint0 EndPoint1 Weight
9 8 1.0
9 19 1.0
19 18 1.0
18 8 1.0
18 17 1.0
17 16 1.0
16 6 1.0
6 5 1.0
5 4 1.0
6 96 1.0
END
#################################################################
SECTION5 (Labels Information)
0 0 0 0 0 0 1 0 0 0 0 1 0 0 0 0 0 0 0 0 0 0 0 1 0 0 0 0 1 0 0 0 0 0 0 0 0 0 0 0 0 0 0 0 0 0 0 0 0 1 
END
#################################################################
SECTION6 (bt Information)
-5 -5 -5 -5 -5 -5 5 -5 -5 -5 -5 5 -5 -5 -5 -5 -5 -5 -5 -5 -5 -5 -5 5 -5 -5 -5 -5 5 -5 -5 -5 -5 -5 -5 -5 -5 -5 -5 -5 -5 -5 -5 -5 -5 -5 -5 -5 -5 5 
END
#################################################################
