#################################################################
#APDM Input Graph, this input graph includes 3 sections:
#section1 : general information
#section2 : nodes
#section3 : edges
#section4 : trueSubGraph (Optional)
#
#if nodes haven't information set weight to null
#################################################################
SECTION1 (General Information)
numNodes = 100
numEdges = 200
usedAlgorithm = NULL
dataSource = SimulationData2
END
#################################################################
SECTION2 (Nodes Information)
NodeID Base Counts
0 -0.160238 -1.120849 -0.488807 0.603190 -2.853893 0.083346 -0.710227 0.175546 0.887974 0.017281 1.737806 0.132402 0.827294 0.098735 0.234408 0.179113 -0.086169 0.927362 -0.507024 -0.672498 -0.137165 1.142666 0.515288 -0.878693 1.198436 -3.416415 0.487370 1.282228 -0.227636 1.185288 0.774144 -1.139508 0.669059 -2.463113 -0.098227 -0.073876 -2.467102 -1.128948 0.436655 1.013541 0.783890 1.130687 -0.958795 -0.722431 -1.672967 -1.579227 2.608157 -1.051559 -0.540955 0.738313
1 0.184542 0.187229 -0.072064 -0.276196 -0.146965 -0.017733 -1.132030 2.158696 0.664150 -0.133385 -1.166733 -0.461336 -1.391715 0.706328 -1.068218 1.557901 -0.371666 -0.359759 1.761336 1.766649 -0.724713 1.458651 -0.259497 0.719583 -1.508460 0.777435 0.361352 0.393092 -0.912194 -0.496909 1.103030 2.180006 0.803054 1.318559 0.322708 0.329555 0.559706 -1.138315 -1.866040 0.837111 -0.331312 -0.029416 -1.101355 0.394402 -1.166549 0.600862 -0.346244 0.242439 -2.358295 0.393490
2 0.423577 0.107633 -0.468285 1.440384 -0.032782 0.147347 -1.015004 0.284691 -1.828124 0.291514 -0.599953 -0.397636 0.736442 1.374714 -2.479465 -0.268171 1.887731 0.066316 -0.884473 0.474561 -0.260683 0.190557 -0.494969 0.539558 1.083477 0.954749 -0.853559 -1.776797 -0.785867 -0.372602 0.971481 -1.154083 -0.912298 0.768339 -1.385956 -0.435918 0.748606 0.110641 1.246280 0.019777 0.458140 0.862893 0.011434 0.236146 -0.254396 -0.253780 -1.564924 -0.021552 1.384214 -0.045831
3 -0.074091 1.489908 1.083091 0.232239 -0.046791 -1.032868 -0.346299 0.859206 -0.962433 -0.459986 -0.588395 -1.300967 0.833914 0.728665 1.625036 -0.043733 -0.667152 -0.540718 -0.012703 0.685875 0.475625 -0.799803 1.462015 1.122724 -0.840087 0.623605 0.954732 1.176897 1.047864 0.491750 0.829326 0.541739 -0.670322 1.695229 0.730501 -0.531882 -0.866309 0.981382 -0.185019 0.965046 0.719112 -0.581392 -1.361747 -0.483077 0.030615 -1.410020 0.804615 -0.629044 0.390070 -1.044915
4 -1.637334 -0.441530 -0.423857 -1.494466 -0.322939 0.142912 0.055346 0.141674 -1.191262 -1.895107 -0.994606 0.198270 -0.614237 -0.298229 0.095180 0.328177 -0.528929 0.902143 -0.476140 -0.431259 0.521922 0.649461 -0.214966 -0.849582 -1.089077 -0.045708 0.005437 0.814561 -2.306354 -0.556166 0.139153 -0.170280 -0.739234 1.209655 -0.762907 0.367632 1.103859 0.201013 -0.441743 1.692369 0.706627 0.478661 0.533151 -1.140947 0.054769 0.953279 0.691187 -1.242104 -1.107387 0.005919
5 1.021006 -0.265188 0.530029 1.177409 0.192366 -0.689536 -0.809645 1.890180 0.456341 0.687366 1.737229 0.960716 1.419998 1.168960 -0.601529 -0.361145 0.385944 -2.466029 -0.380809 0.727630 0.623081 -0.083793 -1.230686 -0.141229 -0.459062 -0.885787 0.081133 -1.966397 -1.400633 -0.767279 -0.805622 -0.202305 1.737501 -0.112704 0.848395 0.887309 0.252371 -0.844020 0.445112 -0.251425 0.913222 -0.204969 0.126403 1.424528 0.178077 0.619999 -2.408562 1.716888 1.789202 2.431298
6 -2.007025 0.830407 0.665734 -0.808628 -1.037222 1.418177 0.505858 0.217145 -0.757500 1.673712 -2.247892 -2.194661 0.454360 0.899477 0.007089 -0.577046 -0.224192 0.485502 1.596133 -1.545480 0.191368 2.814164 0.353605 -0.738630 -0.673246 0.986318 0.669493 -0.183996 -0.794903 0.369335 -0.254376 0.070398 1.041855 0.967885 0.796124 -1.095380 -0.055958 1.165368 0.018267 -0.816114 -0.183418 0.191587 1.102984 -0.386925 0.448524 -0.387246 0.477859 -1.073923 0.364383 0.578729
7 -1.155859 -0.271556 -1.829432 -1.246414 0.148989 -0.054312 -0.782815 -0.676604 1.284591 1.270404 -0.828040 -0.302987 1.190210 -0.586207 -0.208106 -0.367389 -0.647769 -0.070617 -1.326342 -1.474575 -0.028706 0.355427 0.289255 -0.069482 0.306470 -0.189633 0.662462 -1.924310 -0.178825 -1.240665 1.075665 0.102902 -1.052482 -0.352986 0.174857 0.420848 0.942915 0.097727 0.907606 -0.349409 -2.356541 -1.180803 -0.249365 0.992989 -1.705224 0.393709 0.748709 0.440922 0.794980 -0.124813
8 -0.081255 -0.793212 0.613782 1.219531 1.581173 1.778542 -0.031984 -0.106472 -0.473040 -1.023675 1.046113 -0.588177 0.116701 0.090144 0.544188 -0.902394 0.971503 -0.170817 -0.590792 0.135864 -0.087102 0.525323 -1.268591 0.309894 0.548859 -2.056619 -0.331447 -1.184175 1.045330 0.448669 -0.133134 -0.806908 1.016823 1.218666 0.952092 -0.612252 -0.251710 -1.000384 0.434170 0.155002 -2.115412 -1.359567 0.460730 1.514508 1.203325 -1.081846 -0.072207 -0.899071 -0.723405 0.484727
9 -1.176284 1.111055 -0.869710 1.052720 -0.601787 -2.260552 1.126011 -0.306362 0.249138 0.770960 0.512280 0.136612 -0.869597 -0.021700 -0.080112 -0.444907 -0.452429 1.205148 1.131328 -1.259157 1.068985 0.159140 -0.066111 -0.509107 -0.404763 -1.184106 2.139241 -1.369657 0.162991 -0.669808 0.029259 1.003269 1.778322 0.113746 1.625236 0.033335 -1.058017 0.875066 0.753728 0.217094 1.197444 -1.552605 0.568055 -0.724687 0.702902 0.228453 2.331039 1.079372 -0.677946 1.466311
10 1.480642 0.517829 1.010024 -0.158697 1.228690 1.234676 0.303191 0.632476 -0.765812 -0.309271 1.256838 1.561790 -1.171508 1.103328 0.721243 0.107871 1.744143 -0.635539 -1.007771 -1.140481 0.821264 -0.557945 -0.599026 -0.255091 -0.791174 -0.022551 1.028962 -1.158151 1.032399 0.934781 -0.494709 0.492526 1.572256 -0.715093 -0.747095 0.040015 -1.215846 -1.369731 1.812648 -0.267408 0.868123 2.614434 -0.800937 1.851439 -0.087488 -0.431707 -1.261744 1.326902 1.483591 -2.372335
11 -1.990282 1.390617 1.816754 -1.317775 0.668901 0.207854 0.457895 -0.828785 0.218857 1.475669 -0.730516 1.223128 -1.088722 0.007386 0.725020 0.838471 0.584157 -0.149280 0.940462 0.718259 0.787200 1.953554 0.828113 -0.228199 -0.355438 1.401905 2.410071 -0.610081 0.337328 0.156955 -0.532280 -0.321558 -1.044891 1.582353 0.476178 -0.649365 -0.697232 -0.868461 -0.941182 1.027627 -0.913130 -0.037221 -0.648199 -0.618222 0.430648 1.206265 -1.608678 -1.165230 0.618138 1.943591
12 0.145334 -0.160652 0.505230 -0.120486 -0.101349 1.274900 -0.280817 1.559382 -0.546896 -0.106335 1.884373 1.941452 -1.489359 1.623745 0.846808 1.161761 -1.688210 -0.017266 0.335357 0.936349 0.671546 -0.555828 0.132822 1.400886 0.190649 -2.227889 -1.525031 -0.765663 -1.022934 0.802556 -0.824260 0.529778 -0.316569 1.042850 0.658406 0.410642 0.484554 -0.010970 -0.028779 -2.001944 1.713123 -0.795493 -1.200857 -1.084270 0.061842 0.341130 0.296414 -1.984558 1.683761 0.382938
13 -1.741667 -0.913604 1.043182 -1.887089 0.542597 -1.240059 -2.024168 -0.405884 0.499915 -1.381187 1.392523 -0.183598 -0.239101 0.174647 1.030586 0.458065 -0.793403 1.574315 -2.997999 0.847508 -1.098611 0.973543 1.176619 -0.577415 2.362278 -0.245064 -2.349002 0.357165 -0.339691 -1.503822 0.433422 0.523755 0.036055 0.774025 -0.145495 -0.713391 -2.043829 -0.821570 -0.923885 -0.739778 -0.471831 0.645955 0.035772 0.174903 1.038755 -1.717322 0.571352 -0.793211 1.260514 1.523368
14 -0.766407 0.790440 -2.713896 -1.184821 0.744240 0.360527 -1.160247 1.791620 2.293835 2.124011 -0.684064 -1.709479 1.019270 0.232744 -1.829375 -0.692003 -0.981635 -0.581242 1.119938 0.212262 -0.102519 1.110787 0.827274 -0.116594 0.300606 0.749057 0.984545 -0.693732 -0.918027 -0.954812 0.590883 0.498910 1.568587 0.346422 -0.396115 -0.263815 -0.816722 -0.690383 0.049427 -1.128142 1.622931 -0.614283 -1.221578 -0.539608 2.167274 1.148953 1.220399 2.055712 0.654800 0.690291
15 0.722375 0.530952 1.776379 0.586034 -1.178054 0.918564 -0.441596 1.640946 0.522426 0.866624 0.300102 -0.163948 1.363736 0.666376 -0.720510 1.628816 -0.714526 1.637675 0.399752 1.395597 -1.276894 -0.558749 -1.254913 -0.528614 0.800925 -0.035421 -0.879988 0.521043 0.418533 -0.106624 1.635773 1.490737 -2.053299 -0.844308 -1.136615 -0.068615 -1.125773 -0.022237 -0.007918 -0.184546 -0.358375 -0.981838 0.548589 1.787488 -0.804168 -0.822970 0.250643 0.837649 -0.070368 1.887713
16 -2.896554 0.602431 -0.579176 -0.641552 0.561525 2.384700 1.358040 2.253307 -1.385407 1.165858 0.803614 0.153469 0.436940 0.529740 -0.706788 -0.332121 0.779752 1.035339 -0.673472 -0.307138 1.050327 -0.495871 -0.548404 0.062466 0.055657 0.542615 -0.506240 -2.611898 -2.339455 -0.781130 -0.877578 1.172672 1.217353 -0.236902 -0.280983 1.472059 0.727674 -1.146674 -0.689165 -0.196792 0.642468 0.037830 1.464617 -0.603044 1.234205 -1.000922 -0.131691 -0.120122 1.115733 -0.862432
17 0.182477 0.574793 0.035092 1.135530 -0.577591 0.426924 0.711059 -0.825008 -0.277297 -0.328750 -0.038728 -0.866871 0.114081 0.336952 -0.585031 -0.157253 1.155073 -0.860057 -2.417511 0.455030 1.080269 -0.443290 -0.455467 -0.462680 -2.167552 0.392154 1.244462 -0.752440 1.457979 -0.256009 0.617296 -0.843705 -1.306499 2.330115 -0.045720 -0.241349 0.465803 -1.046082 -1.297007 -0.001656 -1.942116 0.635844 -0.025891 0.017531 -0.090062 -0.475833 2.152648 -0.777996 -0.649359 0.114186
18 0.336320 -0.638063 0.087159 1.325063 0.695245 0.500690 0.919626 -1.755450 -1.838123 -0.474170 -1.061246 0.698079 0.144467 1.023536 0.508296 0.516891 -0.627360 0.970636 -2.378492 0.957253 0.494350 0.611642 1.020432 0.166044 -0.813215 -0.067647 0.980042 1.946377 -0.111116 -1.056179 -1.070801 -0.098428 -1.169524 1.380379 0.452544 2.139875 -0.031212 0.703939 0.039338 0.138519 -0.229728 -0.175812 -0.704782 -0.610302 -1.192761 0.038368 -0.674789 0.851070 0.759949 0.631980
19 -0.324735 -0.811651 -0.005435 -0.959800 0.189221 1.516638 -0.403117 -0.623866 1.113799 -0.616990 0.951848 0.085389 -0.579062 0.745097 -0.609567 -0.095954 -1.460283 0.169656 1.077824 1.261312 -0.658073 -0.736597 0.138856 1.310904 -0.256896 -1.262219 -0.331109 -0.149883 0.520899 -0.161926 0.242080 0.622380 0.457268 0.254605 0.090644 -1.239134 -1.595091 0.662474 -0.875967 -0.412134 1.950964 0.564611 0.145657 0.938392 -1.337804 0.404265 1.593837 0.680088 0.470732 1.077565
20 -1.453945 0.589888 -0.889569 0.051410 -0.769070 1.267840 0.075754 1.260931 0.054200 -0.257224 -0.331381 -0.814354 0.841839 0.438834 0.031605 -1.571591 0.167780 1.605362 0.164380 -0.100329 1.029360 1.169079 -0.713287 -0.695259 -1.529046 -0.228562 -0.723398 -1.485080 0.371027 -2.560193 -0.442363 -0.097977 -0.666139 -0.373326 0.701637 0.262789 0.355267 0.461369 -1.319591 -0.102103 0.833025 1.725044 0.145371 0.915550 0.677297 0.825243 0.490368 -0.568355 0.722518 -0.181592
21 0.450651 1.064255 -0.663812 -0.365767 1.315844 1.508279 0.444689 0.981755 -1.248682 -0.147554 -0.556337 -0.787738 0.184237 1.027508 0.149579 0.710723 0.509910 0.362149 0.488679 0.406252 0.036686 -1.058633 -0.051548 0.495946 -1.858803 -2.119989 0.505332 1.039566 0.031706 -1.399738 -1.301139 -1.918810 -0.501531 -1.229495 0.107940 0.136548 -0.505191 2.434904 0.276931 -0.944753 2.891535 1.391508 -0.517676 -0.099763 0.230861 0.121667 -0.079122 -0.769691 -0.016821 1.331731
22 0.809997 1.130628 0.421492 -0.001751 -1.822427 1.097860 -1.761008 -1.203197 -1.276278 -1.015198 0.172131 -1.046284 0.255239 -2.229853 -0.289100 -1.425663 1.366968 -0.118832 1.158031 1.850532 1.838641 0.253999 -0.147075 0.720731 0.062539 1.190668 -1.078744 -0.311145 -2.070083 -0.504626 -0.514065 0.813745 0.640935 -0.337357 -0.008400 0.975602 -0.605036 -1.163694 -0.631729 -0.853452 -0.237793 -0.299692 1.848923 0.475689 1.332184 1.288279 0.293398 2.676192 -1.258289 1.814651
23 -0.605006 0.273597 -0.232609 0.904198 -0.638938 0.160103 -0.781178 0.036834 -0.535255 0.736171 0.240026 -0.634119 0.542829 -0.399136 2.104498 0.820849 -1.699174 -0.323923 0.847352 0.791781 0.300287 0.028245 0.449700 -1.358523 0.797119 1.086868 0.452937 0.364081 -0.413196 -1.076756 0.120165 1.154205 -1.111082 0.739560 0.576407 -0.375972 1.605832 -1.358048 0.093303 0.650193 0.288251 -1.568890 -0.488506 0.716319 0.818773 2.257883 0.602410 0.176230 -1.325300 -0.817575
24 -1.634822 0.478659 0.200590 -0.825851 -0.593539 0.237537 0.311658 -0.825343 1.022707 0.460096 0.506362 -0.496770 -2.144727 2.235325 -1.958348 0.260799 0.166466 -0.193678 0.040410 0.593128 -0.413684 0.230316 -0.065615 -1.041316 -1.860852 -1.846276 -1.914198 0.048011 -1.761975 0.179159 1.748327 2.347029 -0.396991 -0.127244 -1.027298 0.601713 -0.180930 -0.753237 -0.289305 -3.633743 -0.857299 -0.713410 0.546542 -0.020505 1.333516 0.469874 1.030300 -0.311359 -0.356506 1.827684
25 -0.160115 -1.440098 0.011899 1.174549 -0.393767 -0.469910 -0.810946 0.444018 -0.338311 -0.212635 -1.089671 -0.586988 0.241632 -0.324077 -0.786106 0.097087 -0.726805 0.789506 0.945714 1.498714 -0.753376 1.127452 -1.269053 -0.821548 1.502224 2.614765 -0.091840 0.179657 -0.325448 0.992796 -0.979510 0.513696 0.522031 0.784726 1.149034 -0.123631 -1.348982 -0.528892 -0.182115 -0.103621 0.256570 -0.297242 0.421334 -0.435487 -1.045636 0.250390 -1.597271 -0.390974 -0.799274 1.592659
26 0.969280 0.469131 0.509591 -1.369141 1.037478 -0.604677 1.107218 0.657792 0.757268 0.256845 0.171775 -0.732201 -1.238978 0.149798 1.102615 0.118038 -1.145872 1.378977 -0.852611 0.044725 0.350366 0.092049 0.025148 0.797655 0.509067 0.802954 1.759152 4.333367 -1.432634 -0.935944 2.160502 -1.853053 -0.543946 0.002823 -1.029955 1.408238 -0.413397 1.262499 2.401526 0.472521 1.300292 0.278538 -1.527239 1.967802 1.427788 0.561285 -0.922656 -0.365000 -0.426672 -1.561765
27 -0.624050 -1.255189 0.657282 -1.382392 0.278394 -0.901026 1.731013 -0.691752 -0.337899 -0.762262 -0.684848 1.527072 0.288034 0.957553 -1.551090 0.780670 0.637384 -0.597566 -2.298109 1.086066 0.762572 -0.271113 -2.888549 -0.604120 -0.786827 1.319721 -0.862868 -0.347349 -0.081516 1.805351 1.218434 0.334819 0.518581 0.341882 -0.526018 -0.158438 1.215516 -2.020272 0.170102 0.981384 -1.033563 -0.848725 1.570598 -0.468640 -0.968053 -0.276733 0.365659 1.313584 0.278594 -0.066914
28 0.439530 0.967273 0.904501 -0.374427 -0.866911 -0.133337 -0.000668 -0.126587 0.487746 -0.984416 -0.474524 -1.254647 0.693515 -0.414375 -0.412941 -1.817773 0.612987 0.922436 2.197352 1.421152 1.721727 0.041476 -0.697951 -0.660194 -1.166382 -0.628688 1.951196 -0.508294 -0.659366 -1.036005 -1.469280 -0.014888 1.931114 1.130591 0.548379 0.129664 0.794654 0.341926 -1.481871 0.060170 1.188439 1.241483 0.289177 0.016321 -0.849150 2.121229 -2.002112 1.629140 0.833740 1.178650
29 -0.488916 -0.201691 1.171736 0.265934 -0.710730 -1.329971 -1.364335 1.227837 0.018095 -0.718652 -0.173025 0.776154 -0.198800 0.435052 0.803616 -1.339034 -0.479402 0.905594 -0.808775 -0.159454 2.449098 -0.494743 -2.210892 0.090261 -1.778126 -0.189817 -0.277441 1.047259 1.075067 -0.081825 1.959169 1.019034 0.243517 -1.811320 -0.689971 1.189928 -0.205662 -1.309624 0.983422 1.385934 -0.314168 1.160253 -0.166536 -0.793244 -1.788790 1.215565 -0.685448 -0.796804 -1.678000 -0.099389
30 5.660655 -0.990085 0.181601 -0.819912 1.577876 0.342669 -0.287611 -0.414301 0.512188 -1.370067 0.191901 1.402055 0.929452 -1.005508 -0.773258 -1.319651 1.140924 0.845863 1.253709 -0.440572 -0.284722 0.928061 2.470125 -0.800319 0.083660 -0.322575 -1.167957 0.568683 0.899756 1.284660 -1.388934 0.575419 1.761298 0.646437 0.322603 1.827434 -1.650992 1.076993 -0.402049 0.692637 0.328126 -1.784434 -0.968442 -1.359593 -0.112058 -0.650195 -0.007458 -0.697562 -0.517891 1.602206
31 -0.023940 0.164293 -0.749541 0.126460 -0.300797 0.728822 1.270149 -0.278236 0.020809 0.667960 -0.312018 1.237382 -1.639938 -0.647806 -0.715407 -1.747670 -0.218148 1.484439 1.301401 0.116759 0.935450 0.243988 -2.344491 -0.608019 0.249356 1.206602 -0.532475 0.381881 -0.381421 -0.668843 -1.629926 0.078579 -0.542304 2.687534 0.740180 0.820870 1.294977 0.947593 -1.062742 0.897335 0.345648 0.314487 -1.052380 -0.223927 -0.746396 -0.210139 -2.021457 -0.891133 0.298569 0.668616
32 -0.680317 2.053509 -0.295069 -0.128950 0.300906 -0.646148 -0.220850 0.530102 0.364420 0.187062 -1.966402 -1.961929 -0.593629 -0.305400 -0.783375 -1.072057 -0.573974 1.236667 1.349694 -0.336021 -0.507729 0.713807 0.647874 -1.045026 -0.255798 0.902611 -1.358311 -0.565750 -0.604154 -0.005004 0.021130 -1.229041 -0.904888 -0.397196 1.314618 0.541915 1.309461 -0.309189 0.043942 -0.992892 -0.158653 0.488350 0.231851 0.258305 -0.182607 1.158444 1.448003 0.856617 1.492282 0.873305
33 0.429628 -1.318797 0.214990 0.304296 -0.452897 -0.333502 0.137887 1.262090 -2.238345 0.991962 0.270520 -1.892270 -0.458076 0.665982 0.025852 0.275612 2.005728 0.622180 0.828078 0.606174 0.140905 -0.120866 -0.077889 0.335119 1.124567 1.628309 0.503382 1.506427 -0.740937 -0.431266 -1.280378 -0.032817 0.054319 -0.012348 0.561915 0.745599 -1.487388 1.324536 1.227821 0.129526 0.453280 -0.347686 0.032931 -0.624744 0.685875 0.311561 -0.187233 -2.031649 -0.801194 1.799406
34 0.402565 1.405025 1.691944 -1.288341 -1.917402 1.515563 -0.489907 -0.146814 -0.227868 -0.277273 0.168927 1.095930 3.805059 0.930729 -0.852896 -1.080176 0.460019 2.005647 -0.288242 2.302122 0.314460 0.315348 0.420124 0.854114 2.074711 0.047795 0.824202 0.471708 0.478473 1.991627 0.865488 -0.086436 0.434825 -0.758509 -0.164924 1.154225 -1.108248 -0.509487 0.959942 -0.493247 -0.524149 1.429610 1.614358 -0.677743 0.340228 0.617151 1.211216 1.515293 0.430144 0.058162
35 -0.946124 -0.884236 -0.305905 0.744987 -0.522642 0.794409 0.425236 -0.959972 -0.046429 0.980384 0.866794 0.645594 0.721159 -1.073241 -0.488605 1.116952 1.814731 -0.827682 0.361587 -1.029606 0.322043 1.100004 -0.602937 -0.655188 -0.270081 -0.958695 0.503752 0.542508 -0.044941 1.042612 1.600267 -1.129274 -1.537687 -1.239409 0.153369 1.087188 -1.529718 1.636794 0.947177 -0.842964 -0.809100 -0.568522 0.262339 0.197638 0.071678 0.193379 -0.917436 0.874259 0.004322 -0.674389
36 -1.199492 -0.289592 2.067560 1.999683 -1.082004 -0.827868 -0.319428 -1.706602 1.325932 -0.049117 1.587277 -0.118947 0.583150 -1.068742 -0.304243 -0.668047 0.775010 -0.749523 0.283460 -0.543778 0.287646 0.263546 -1.293174 0.590479 0.054056 1.353558 -0.163058 0.810698 -0.764604 2.087008 0.915294 0.140274 0.461890 -0.190272 -1.367191 0.173032 -1.177239 1.538637 1.520137 -1.441692 0.927031 0.991046 0.854727 0.456830 -0.085083 -0.513646 -0.768711 0.734295 -0.260971 -1.242029
37 -0.900349 -1.612015 -0.723046 -1.558810 -0.954457 1.123721 1.154957 0.974231 -0.575330 -0.051543 0.068365 0.289084 -0.087607 1.503407 1.292911 1.302161 0.395398 -0.594746 0.441447 1.076572 0.460431 0.744444 -0.003067 0.191033 3.392231 -0.960882 1.077385 0.821021 -1.012199 -1.009343 -1.497107 1.485981 -0.466089 0.506799 0.082359 -0.105048 0.283092 0.746428 -0.671228 -0.533224 -0.655418 -0.301781 1.487424 -0.576141 1.013181 0.351825 -1.269860 -0.335441 0.263509 -0.866831
38 -0.918992 -1.833951 -0.002996 1.776173 -0.370680 0.026505 -0.569378 0.380394 -0.189902 0.952313 -1.347520 0.650677 0.972570 1.127403 -1.345368 -1.696462 -0.173985 0.424292 -0.539898 1.320290 1.402892 -0.275860 -1.458668 0.901404 0.946137 -0.420570 -1.066129 -0.222453 0.354717 0.583974 -0.348486 -1.388503 0.079756 0.877297 0.553230 0.225833 -0.720995 0.396716 -1.611496 -1.103992 -1.317522 -0.760337 -1.118275 0.274744 0.475852 -0.538383 1.206835 1.699184 1.396119 -0.388612
39 0.521253 1.105781 0.853404 -0.585544 1.985460 0.324743 -0.969319 -1.895003 -0.973727 -0.696119 0.823522 0.636750 0.237595 0.618606 -0.109656 0.546963 0.171148 0.693614 0.225104 2.030501 1.822260 -0.083954 -1.767178 0.490700 -0.653276 -0.519212 -0.212483 -1.605101 -2.545852 2.185770 0.920195 -1.221205 0.817665 0.886722 -1.911960 -0.630828 1.253713 1.047706 0.678181 -1.171744 -1.509489 1.120222 0.426466 -0.714057 -0.274813 -0.884675 -0.403504 0.011347 0.555014 -0.416411
40 5.770815 1.320090 0.967278 0.780569 -0.176150 1.583232 1.516593 1.562799 0.403246 -1.013382 -0.312718 -1.053318 1.690334 0.832547 -1.504909 0.570131 -0.461471 -0.625388 0.667988 0.132753 -0.138653 -0.730490 0.387800 0.727769 -0.832445 -0.367556 -0.137367 -0.920583 -0.292303 -2.003166 1.350484 0.671449 1.089263 1.620965 1.525013 1.973384 -0.323114 0.958408 -0.726096 0.053181 0.171398 -0.445074 1.504524 0.284703 -1.068201 -2.116436 1.092038 -0.626551 1.155987 0.099131
41 5.815353 -0.219555 -2.598995 -0.247826 -0.169330 0.453911 1.161131 -0.003365 -0.108389 -1.091136 -1.116861 -0.880507 1.259723 -0.451558 0.919139 0.514405 0.820983 -0.007089 0.984270 -0.527129 -1.248190 -0.761625 1.758231 0.143878 -1.542931 0.437208 -0.640673 0.125152 -0.470257 -1.171004 -1.402220 -0.972848 0.066290 -0.046900 1.617763 0.888220 0.478733 -0.548983 0.271081 -1.417757 -2.441736 -0.076890 2.324569 -0.128191 1.444386 1.777958 2.244130 0.568437 0.761663 2.518519
42 1.996012 -0.866419 0.321512 0.774796 0.999578 0.610464 0.994489 -0.254230 0.340099 -1.374290 0.597342 -0.608018 -0.394746 0.984429 0.687216 -1.193741 -0.186815 0.315163 -2.006945 -0.115758 0.210290 -1.591769 0.833182 0.548324 -1.488523 -0.068596 0.759801 0.917947 0.230170 -0.884555 -2.070776 -0.880751 -0.337226 0.146766 -0.279317 -1.478422 -0.833802 -0.514126 -1.234779 0.421470 -0.506975 -0.438293 0.441023 1.282475 -0.712199 -0.290292 -0.781226 1.180721 -0.104605 0.084078
43 -0.248298 -1.308976 -0.488067 -0.094961 0.808976 -1.862520 -1.568458 -0.035965 1.359938 -1.482292 0.617167 -0.472405 -0.109635 -0.206821 0.029803 -0.527909 1.493606 -0.256209 -0.306284 1.162998 1.647380 0.696902 0.286530 -0.955189 -0.821676 -0.549526 0.269643 -1.533659 -1.326945 -0.283437 -1.928397 0.195718 -0.203738 -0.612786 1.787401 0.766840 -0.104389 -0.576515 0.618565 -0.008331 -2.511609 -1.141869 0.872205 -1.626345 2.274935 1.197704 1.432789 -1.437148 0.865205 1.978869
44 -0.149610 0.990576 -0.947620 -0.507680 -0.108957 0.038811 0.569132 -0.588237 -2.105261 0.584117 0.264069 0.360325 -0.982160 -0.459421 0.567859 0.251182 0.161164 -0.350671 -0.105227 1.206842 0.118116 -0.902898 1.019186 -0.554210 -0.714562 -0.114783 0.289769 0.447255 -0.558232 0.492625 -0.679946 -0.605968 0.228628 -1.067502 -0.513244 0.352290 -0.484057 0.452883 -0.990048 -1.327578 1.068170 1.783275 -0.332850 -0.028031 1.349132 -0.644716 0.095581 -0.456283 -0.161447 1.317894
45 0.206280 0.125767 -1.286889 -0.684900 -1.007653 0.489076 0.304334 -0.249356 -0.734900 0.680124 -1.160993 -0.571071 -1.627041 0.123244 -0.758418 0.492652 -0.536223 1.076677 -0.078206 0.686619 -0.467969 0.004056 0.726444 -1.935607 -1.444143 0.438149 -0.402779 0.340041 0.295967 0.287811 -0.144673 0.043078 0.580680 -1.333754 -1.537970 0.431752 0.592343 0.717034 0.198280 -0.095402 0.842394 0.070702 -0.397875 2.024803 -0.773052 -0.540753 -2.263232 0.254617 0.362347 0.589481
46 0.434135 2.065255 -0.870341 1.596562 1.148202 -1.706053 1.306915 0.950436 -0.552904 -0.404998 -0.430835 0.924101 0.728137 -1.304203 2.402479 0.654036 0.017948 -1.218787 1.457437 0.324334 -0.334360 -0.607443 0.149590 0.010618 0.614996 -1.451800 0.157184 -2.529721 -0.897637 0.901947 -0.146160 1.187935 -0.233845 1.821265 0.378882 -0.815509 0.192761 0.254723 0.927732 0.475534 2.416557 -1.181574 -1.520863 0.747620 0.426093 -0.850963 0.722511 -2.062871 1.005710 -0.191517
47 -0.009228 -1.343577 0.736585 -0.793454 1.038963 0.089860 2.715215 -0.359320 0.114663 0.526873 0.529100 0.587385 -0.689234 1.424719 -0.099254 -1.914570 -0.180032 1.777100 0.596856 0.282327 0.390058 1.183864 -0.233230 1.120223 -1.334180 -2.111494 -0.415908 2.125638 0.052981 -1.981939 0.607722 -0.653007 -0.097776 -0.550863 -0.532861 0.235895 1.084818 -0.437798 1.770143 0.169519 0.924486 2.430653 0.271061 -0.542262 -0.130265 -0.765705 -1.152534 0.711896 0.213574 0.194303
48 1.028084 -0.608759 -0.588621 -0.759752 1.552001 1.200061 -0.676229 -0.917734 0.848476 0.097568 -0.183124 0.314210 -0.204242 -0.636828 -1.721394 0.654949 -0.752997 1.274286 0.348211 -0.631634 -0.455644 0.636108 0.848078 2.312600 -0.811121 0.986422 -0.493392 0.063541 -0.747926 -0.302915 2.486007 -0.724772 2.098692 0.372051 -0.473600 -0.278824 0.295599 0.270525 0.356861 0.503136 -1.318500 -1.851555 -0.762416 0.978266 0.004693 0.188538 0.883927 1.628071 -0.117419 -1.377548
49 0.310647 1.251585 -0.056564 -0.400161 0.766482 0.146678 1.392353 -0.000112 -0.160994 -0.986710 0.669344 -0.883397 0.627547 -0.802004 -1.196911 2.035948 0.751667 1.835906 0.544915 0.113450 0.362482 -1.241363 -1.638854 -0.242521 1.231032 0.250618 -1.331089 -0.603078 -0.082477 -0.099254 -0.498617 -1.037916 2.823621 0.765444 1.973880 0.380030 -1.187214 2.661918 1.125624 0.730035 -1.011854 -0.277325 -0.066686 1.341828 0.189974 -0.067465 1.223851 0.428209 0.065371 0.961428
50 6.423788 -1.098259 -0.824966 -0.283335 -0.730236 1.003077 0.911273 0.955752 -0.670923 -0.284839 -0.248023 0.695212 1.493819 -0.089081 0.065607 -0.037725 0.509178 0.223818 -0.156332 -0.650366 -1.250357 -1.124892 0.132089 -0.622120 -0.894001 0.201069 0.481683 -0.235363 2.232919 -1.037284 -0.684095 0.019117 0.524675 0.389417 -1.467583 -1.806799 1.223957 -0.150520 0.664978 0.983131 0.524217 -0.221179 0.649572 0.530069 0.339456 1.122979 -0.165352 -1.410508 -2.130432 -2.113435
51 -0.475449 0.009562 -1.316451 -0.418628 -0.245590 1.259731 -0.971273 0.352399 -0.493986 -0.536855 1.840158 -1.016265 -0.491677 -0.302322 -0.983991 -0.857600 1.327599 0.054717 0.072062 0.674649 -1.087919 0.655611 -0.545029 0.696964 0.193531 0.565722 0.429032 -1.930921 1.412050 -0.104777 0.033166 0.767718 -0.731296 -1.633726 0.276996 -0.338786 0.280285 -0.873467 -1.375632 -1.571607 -1.406022 -0.707271 0.570978 -0.903367 1.230601 -0.153237 0.374698 0.345318 0.058305 0.523648
52 -0.548398 -1.044729 -0.719475 0.400388 -0.273910 -0.109137 0.388419 -0.211202 -2.194178 -0.041192 0.830185 0.796737 0.790706 -0.731534 -2.631203 0.667375 -0.588520 -0.206956 0.482836 0.902673 -0.348345 -0.503548 -1.454254 -0.131343 2.022201 -0.226281 -0.458549 -0.372722 -0.439350 -1.036445 -0.246698 -0.170535 -2.179539 0.312052 -0.109849 -0.232223 -0.678304 -0.659826 1.058297 -1.801805 0.585497 -0.015258 0.770628 0.732658 -0.317112 -0.040519 0.083951 -0.033677 1.073297 2.502061
53 -0.193141 -0.251399 -1.188792 1.266919 -2.392351 -1.379329 -0.918921 -0.884803 0.222791 1.710493 -0.723684 1.674985 1.887946 -1.323809 -0.090148 0.168880 0.592196 1.786013 0.468964 0.426200 0.998553 0.310577 2.181535 -0.125613 1.170699 -0.483135 -0.054919 0.235732 1.066991 -0.459666 -0.104819 1.103151 -0.821985 1.372501 -1.079648 -0.719409 0.795198 -0.961945 -0.462754 -0.613551 -0.339781 -0.074993 -0.295911 1.105107 1.058071 -0.131413 -1.665389 -1.787774 -0.478114 0.887848
54 -0.832207 -0.580738 0.249600 -0.436816 -1.739608 1.181205 0.746505 0.155511 -0.661305 0.813866 -0.005760 -0.576941 -0.175611 0.167898 -1.935356 -0.991873 -1.033690 -1.430017 -0.366210 0.675715 -0.351276 -1.069170 -0.244863 -0.376662 -1.118727 0.549498 0.632933 0.207016 0.088695 1.080456 0.749894 -0.972114 -1.307979 2.122653 0.621640 0.170416 -0.702937 1.125130 0.006247 -0.426259 0.887732 -0.969145 -0.163372 1.782759 0.142422 0.445331 -1.032904 -0.135201 0.106525 -0.902856
55 0.602469 -0.471162 -0.858055 0.540777 -0.438860 1.013131 -1.136009 0.478980 -0.676990 0.040185 -0.256651 -0.248933 1.629703 0.639610 -0.158999 0.047747 -0.659581 -0.172155 -0.031642 -0.353658 0.071308 -0.182948 -1.037951 0.529166 -0.200229 1.090627 -0.091347 1.184796 -0.437149 -0.101480 0.181984 0.179861 1.089282 -0.985812 0.093388 0.647376 1.843584 0.987062 0.489330 1.355973 0.621922 1.264263 -0.602679 -0.004339 -0.558543 0.920790 -1.284535 0.219654 -0.186994 1.191810
56 1.472406 -0.276850 2.012416 -1.620831 2.371796 -0.539215 -1.156507 -2.547636 -2.383766 -0.614967 -0.054255 0.405021 -2.088142 1.147588 0.984645 -1.197305 -2.584085 0.553997 2.094291 0.151950 -0.662306 0.970125 2.130918 -0.258791 0.143839 -0.285137 -0.272257 0.083503 1.522463 0.892634 -0.940383 -1.649056 -0.102013 1.070979 -0.528413 0.240850 -0.754390 -0.832615 -0.965880 -0.254962 -0.416054 0.372565 0.410633 -1.269440 -0.234753 -0.334378 -1.075053 -0.121125 -0.292245 -1.059383
57 -0.660600 0.225968 0.153442 -0.210543 1.497045 0.087227 -1.098053 -0.698498 0.726956 0.603911 -0.327135 -0.014111 -0.787621 -0.741636 1.250264 -0.597619 -0.666047 -2.766762 -0.565939 0.243593 -0.633766 -0.064118 0.399332 0.248901 0.340938 1.057624 -0.954349 -0.236868 0.889925 1.149868 -0.158856 1.133583 0.410020 -0.793719 0.244730 0.681483 1.227439 -0.106836 0.085264 1.500052 -0.094994 -0.856920 -1.465474 0.450123 0.755690 2.339179 0.188112 1.238767 -0.755694 1.202392
58 -1.690595 0.513403 0.989292 -1.729399 1.254881 0.543415 1.041942 0.488015 -0.785126 1.136589 0.341899 0.233086 -0.408909 -0.851170 1.481980 -0.246635 -1.968891 -2.153788 -0.815332 -0.228832 1.988780 1.546028 -0.866452 0.688752 1.911398 0.044937 0.214241 -0.113278 -1.120038 0.154451 0.188235 -0.130424 -0.549722 -0.014309 0.287952 0.398396 0.495416 -0.648078 -1.023744 -0.647827 -0.301378 0.573168 -0.216306 0.187449 1.413165 -1.472151 0.036510 -2.166676 1.671417 0.611084
59 3.987524 0.785861 -1.440315 -0.211500 -0.993096 0.717025 0.652444 1.410871 0.149167 -0.202578 0.631456 -0.918733 -1.066145 0.880685 0.683249 -1.443858 1.342126 0.849507 0.269302 0.940372 -0.122811 -0.833665 -1.981589 0.832904 0.357073 1.022833 0.050402 -1.853879 -0.009718 0.607747 0.049366 0.112872 -0.485855 -0.723171 0.392750 -0.560456 -0.254593 -0.242665 2.284611 -0.376128 -0.014939 1.512373 0.121155 0.086849 -0.232983 0.377678 -1.191719 -1.018019 -0.726924 1.064130
60 6.348289 0.651212 0.840460 -0.050636 1.630747 0.300795 -0.263077 -0.509564 -1.453608 0.918066 -0.717344 -0.589280 -0.126550 0.851754 0.893077 0.845034 -1.508444 0.479316 -0.101449 0.205191 0.738371 -0.720952 -0.445120 -1.327222 -0.373200 -0.380800 0.184896 0.180505 0.041309 -0.962055 1.132787 -2.404084 0.546201 -1.133200 -0.610446 1.821128 -1.617277 0.992564 0.788887 -0.948219 -0.393623 1.690915 -0.317646 0.024205 0.087117 0.140100 -1.097597 1.071261 1.345583 -0.192186
61 -0.257373 0.372164 0.489858 0.295686 0.442933 -0.080386 -1.105771 1.359492 -0.569616 0.701943 -1.373470 0.363323 -2.083860 -0.180392 1.214915 1.187430 -1.396898 0.840166 -0.248470 0.592848 -0.890380 0.136706 -0.934907 -0.865176 0.855021 -0.722043 -1.235145 -0.013114 0.922605 -0.022206 -2.232170 -0.628096 -0.614595 -1.744089 0.546902 -0.935068 -2.473815 -0.382109 -0.483130 -0.688262 0.178801 -0.163451 -1.304547 1.285374 -1.072778 0.499782 0.044043 -0.952865 0.165118 0.557069
62 0.613308 -1.680879 2.187075 0.370521 0.070572 1.040487 -0.805596 0.134935 -0.657603 0.365708 0.659238 0.082954 -1.236661 0.943614 1.535246 1.348505 -0.641792 -2.417522 -2.256027 1.107849 0.273742 1.481730 1.859972 -1.024906 -0.394282 -0.414304 -0.103662 1.425633 0.075049 -0.962940 -0.385033 -1.186540 -0.601071 -0.690988 -0.079223 -1.267835 2.242913 1.455603 -0.216819 1.583686 0.907621 -0.823297 0.231967 1.609182 0.007234 0.034791 -1.359510 0.313495 0.738577 0.556678
63 -1.053190 1.290458 -1.871164 -0.288958 0.572269 0.048705 -0.470069 -1.526400 0.751841 0.007079 -1.398533 1.281759 0.165214 -0.249482 -1.272623 -0.202871 -0.683306 0.640291 -0.797534 0.849446 -0.269371 -0.094051 0.722220 1.183653 0.570566 0.226164 0.801296 -0.200920 -0.790728 0.406202 -0.969452 -2.586446 -0.017368 0.099536 0.042216 -0.703749 0.403610 -0.003335 0.166626 1.324677 -1.505745 0.717379 -1.119600 -0.540376 -2.166696 0.507178 1.153626 -0.066705 -1.128444 -0.196000
64 -0.876778 0.454211 -0.032223 0.916493 1.210222 0.169139 0.352661 -0.022071 0.700462 0.501628 0.742834 0.454987 -0.136283 -0.544168 1.524276 -0.822873 0.755195 -0.637561 0.138750 2.019340 -0.315581 0.915173 0.056920 -0.152730 -0.640662 -0.756366 1.717407 0.255376 -1.005526 0.042988 1.074517 -0.474537 0.783897 -0.335068 1.098203 -1.551950 -0.588951 1.605280 -2.336848 0.884383 -0.775750 -0.924503 -0.686091 -1.472140 -0.528079 -0.946598 1.397364 0.759757 0.110765 -0.421404
65 -0.047431 -0.234856 2.350794 -0.938576 -1.415732 -0.728447 -0.216878 0.148206 -1.053814 0.565245 -1.005449 1.164495 0.486148 0.888559 1.565229 -0.828730 0.793598 0.908800 -1.497164 -0.431174 -1.726688 -1.228364 0.844718 1.354009 0.556658 1.838673 0.840568 -1.861197 -0.973309 0.261378 0.691024 0.279405 1.254370 0.332024 0.877534 0.037829 -1.048917 -0.633145 -1.584403 -0.901651 0.600015 -0.549052 -0.506385 -0.670133 -0.411440 -2.063283 -0.346222 -0.721851 -1.398632 0.240755
66 -1.861401 -0.270979 -0.044727 2.190465 0.429970 -0.094314 -0.164136 0.504008 -1.252847 1.009644 -1.239708 -0.552384 0.621333 -0.979917 0.018811 -2.195316 -1.581334 0.201210 -0.537573 -0.523325 1.839254 -0.047618 -1.013882 1.611501 0.277226 -1.711042 -1.143178 -0.068144 1.759641 1.366146 0.931593 -1.409906 -1.758662 -0.692590 -0.005239 -0.313425 -0.044121 0.141257 0.298544 0.447382 -0.532106 0.484371 2.140506 -0.027950 0.996198 -0.389103 0.340054 0.169467 1.703394 0.878137
67 4.059861 1.387003 0.476524 0.499086 0.908651 -0.862145 1.856015 0.016006 0.159570 -0.737166 -1.751419 1.213660 0.001394 -0.577468 0.537393 -0.519819 -0.818199 -0.153020 0.337100 -0.444740 -1.369072 -0.574166 -2.099500 0.149783 0.090259 2.321545 -1.477578 0.320449 1.525361 1.645563 -1.275612 0.383061 -1.692467 -0.776986 0.366791 0.357652 -0.018216 0.373972 -0.462091 0.601890 -0.340360 -1.289431 -0.605977 0.185370 1.007674 0.429225 0.149891 -0.784890 0.164614 1.058702
68 5.266619 -0.787239 0.619286 1.419581 2.394663 0.009326 -0.374302 -0.221750 -1.687221 1.988816 0.394759 1.033641 0.176010 -0.154698 -1.228902 -1.448670 0.848713 1.038282 -0.202926 0.517249 -1.538218 1.399009 -0.172769 -0.818188 0.442093 0.054668 1.185872 -0.379229 -0.501903 -0.769804 0.150038 0.451726 2.022848 -0.322609 1.180322 0.485576 -0.074755 1.272636 -0.124389 0.442805 -0.686547 0.053367 -0.534022 -1.038694 -1.172283 0.649411 0.026730 -0.374675 -1.052979 0.807169
69 3.821465 -0.899498 0.049892 0.161337 -1.149966 0.513719 -0.663058 0.686842 -0.172985 0.532375 0.150882 -0.893805 0.383653 -0.623603 -0.304620 -1.018364 -0.673504 0.594072 0.932700 -1.072901 -0.371826 0.568367 -0.885739 0.888209 0.446108 1.143969 1.077414 0.019185 0.987582 0.074452 0.271206 0.141103 0.627313 -0.437847 1.778741 0.208727 0.501520 0.554538 -1.583130 -2.553942 0.505474 -0.326483 -0.933859 -0.542025 1.219177 -0.402239 1.937066 -2.010362 -0.319500 -0.453120
70 0.652443 1.175066 -0.548251 1.045263 -0.791192 0.294476 -0.129422 -0.452818 -1.044958 0.123391 -0.389922 -0.816408 1.283575 -0.552696 0.013331 -0.810952 0.848642 -2.686427 -0.027071 0.032606 0.198162 -0.228701 -0.791026 0.753494 0.564448 -1.102910 -0.203212 1.478957 0.423737 1.365236 0.075820 0.356316 -0.109728 -0.819671 -0.239691 -0.621968 0.427080 -0.309219 1.344581 -0.994233 0.414657 -1.112676 -0.601301 0.126206 0.673976 -0.403574 -1.251029 -2.618747 -0.593466 -0.388374
71 0.892076 -1.527176 0.628082 -0.263232 -0.322388 0.975714 -1.117161 -0.159261 -2.189592 -1.169919 0.999413 0.206507 -0.212315 -0.126676 0.880316 -0.433556 0.393680 -0.216635 0.092565 -0.025173 -1.671075 1.028623 0.656061 -0.362555 -0.335067 -0.418228 0.247208 -0.940867 0.083955 1.178076 1.010958 -0.678327 -0.513631 0.900936 -1.009941 1.766408 0.839958 -0.888386 0.430851 1.389820 -0.211791 -1.560068 -0.602603 0.298377 -1.497074 0.376408 -0.049960 0.187363 -0.878395 -0.003765
72 -0.409944 1.035891 0.161605 -0.944149 -0.634149 -0.215392 -0.088275 0.472624 -0.674705 1.448155 -0.233858 -1.040964 -0.239225 -1.264004 1.261043 -0.660437 -1.411717 -0.991480 1.636089 -1.419334 -0.736075 -2.296922 0.453232 0.851745 0.454126 0.562030 -0.120978 -0.087701 0.664096 -1.456598 -0.000391 0.237724 1.183382 -0.338185 -1.207129 0.608589 0.010952 0.265154 -1.011889 0.740449 -0.055236 -0.918510 -0.002067 -0.786700 0.829357 -0.555494 0.781585 2.190700 0.053205 -0.891954
73 0.785128 0.236835 -0.784857 -0.828765 -0.557918 0.020317 0.003528 -1.570748 -1.336937 0.485914 0.238326 0.238512 -0.538973 0.544669 -0.705397 0.456714 -0.066869 -1.287718 0.742284 -1.662924 -1.551983 -0.531965 0.561322 -1.303347 0.020016 -1.278276 -0.016985 -1.054033 1.672106 -1.274680 -0.005751 1.340867 1.548510 0.672814 0.350925 1.006582 -1.031601 -0.194832 0.659763 -0.983853 -0.688620 -0.982090 -0.276661 -0.743694 1.858509 -1.527679 -1.265695 -0.250027 -1.801285 -0.255776
74 0.385306 -0.205086 0.794891 2.364298 -0.136218 -1.810159 1.666968 -0.598873 -0.313421 -1.146974 0.772057 -0.236407 -1.873419 -1.276673 0.560431 0.429150 -0.015261 2.447604 -0.538391 0.858433 -0.219266 1.474283 0.809512 0.190634 0.622955 -1.637850 0.062389 -0.635902 -0.367328 0.729353 -0.205862 1.628750 0.457845 0.330631 -0.254200 0.154888 -0.572737 -0.387793 1.259130 0.897671 -0.831591 0.111798 -0.803541 0.230103 -2.408521 0.031594 1.020977 0.494687 -0.606291 -1.219314
75 1.452072 -0.151861 0.279791 -0.988172 -0.260074 -0.684964 -0.257085 -0.685237 1.441696 -0.012749 -0.206628 -0.827938 0.284361 0.645766 0.598423 1.380543 0.639549 0.777688 -0.967002 -0.043395 1.445467 -0.943033 0.707173 1.171224 0.000797 -0.358562 -0.977429 1.155632 0.761459 1.153626 -0.258889 0.654249 -0.523292 -0.155079 -0.964734 -0.374488 -0.657775 -0.145266 -0.493341 0.147521 -0.513614 -1.250923 -2.573700 1.712192 1.525586 -1.023173 1.373194 1.615134 -0.067951 0.242640
76 -0.488250 0.640452 1.385875 1.956689 -2.474774 -1.318191 -2.162589 -0.521740 -0.290881 -0.007755 2.739800 -1.546966 -0.346956 -0.476350 -0.435655 0.205758 -0.035128 1.086516 -2.041506 -0.017720 1.729351 0.407344 -0.509279 -0.894384 -0.643034 -2.412213 -0.691802 -0.335973 0.096659 0.981854 -1.264048 0.593963 -0.854420 1.081593 -0.071189 0.415863 0.142704 0.915355 -0.813499 -1.383789 -1.818160 -0.048466 -1.578456 -0.005134 0.118100 1.453316 0.269340 0.207178 -2.564713 1.573364
77 5.351463 1.188871 -1.749439 -1.041795 0.924129 0.015510 0.303451 2.441429 1.123968 -0.271457 0.426039 -0.130042 0.097752 0.131669 -0.561946 0.433110 0.246880 1.037666 -0.260547 0.195407 -1.200280 -0.873017 -0.486975 -0.425062 1.142125 -0.807718 0.417001 0.081683 -1.099030 1.667796 0.510756 0.629866 0.881579 1.072809 -0.228568 -1.521169 -0.337931 1.255387 0.165972 0.587177 -0.158369 -1.598769 -0.844357 -3.394930 -1.360168 -0.921639 0.136416 -0.603740 -0.050041 0.120043
78 -0.936743 1.920080 -1.263205 0.273554 0.457259 -0.489517 -1.355839 -0.195873 -0.452733 0.926244 0.293212 -0.737559 -0.830592 -1.722548 0.091071 -0.167871 -0.022057 0.619465 -1.540193 -0.006401 -0.326816 0.488122 1.419319 -2.526069 -2.178419 -0.209337 -0.186099 -0.824009 -0.750204 2.231931 0.460132 0.125886 -0.255557 1.423091 -0.950265 1.237695 0.027094 0.610890 0.382426 -0.257706 0.925303 1.024903 1.777132 -0.337345 0.250105 0.130490 0.842783 -0.088858 -0.313883 -1.158411
79 1.323879 1.048089 -0.265991 0.953597 0.728699 -0.576985 0.491020 0.336270 0.160266 -0.270090 -1.403422 -0.020924 0.807047 1.285191 -0.454485 -0.498732 -0.492401 -0.948198 0.511649 -0.148042 0.633855 1.441542 0.014353 -0.752325 -1.926572 -0.194927 0.239225 -0.945117 1.569925 -0.233652 -0.119087 0.993604 1.489832 0.929608 -0.564371 3.098668 0.383442 0.172331 0.236863 -1.290177 -0.042251 -0.117986 -1.108061 -0.235723 0.106055 -1.478654 0.748618 -0.576878 0.273334 1.718531
80 1.833975 0.432165 0.210141 0.888550 -0.027592 -0.754535 0.233017 2.506421 0.747361 1.247424 -1.391262 -0.185116 -0.013637 -1.113406 0.228466 0.587528 -0.705703 -0.090649 0.861712 0.353844 1.804388 0.686125 -0.423245 -0.123931 -0.519313 -1.197296 -0.540698 -0.892196 -1.349315 -1.581891 -0.702862 -0.241424 0.574898 0.919236 0.228949 -1.129025 -0.590731 -1.267718 1.520975 0.724031 0.684056 -0.147267 -0.579078 -0.599558 0.323749 1.528238 1.792554 0.344415 -0.331476 1.756179
81 0.777249 -2.286776 0.593405 2.353388 0.197321 2.018701 0.421998 -0.440657 0.082388 -0.979407 0.260856 -1.247048 -0.501528 0.363043 -1.013757 0.349484 0.360235 1.786960 0.310266 -0.655853 0.176595 0.773273 0.312895 1.495202 0.474464 0.055086 0.574370 -1.003793 -0.819791 1.225339 1.503651 -2.006096 -0.370583 -0.497341 -0.003322 0.703961 -0.474332 0.392319 -1.701727 -0.520156 0.528176 0.253971 1.261602 -0.575818 0.461397 1.060997 1.274028 -0.385341 -1.309614 0.727054
82 -0.771566 -1.796179 -0.014461 -1.609077 -0.784975 -1.110429 0.002431 0.986873 -1.508015 2.831886 -0.323355 -1.205891 1.343663 0.210740 0.810889 1.040068 -0.500773 -1.083386 -0.865336 1.122533 -0.146933 1.943583 0.071255 0.064349 -0.138768 1.434409 -0.743383 -1.444933 -0.305793 2.095637 0.823708 0.012799 0.819562 -0.194443 0.643662 0.240467 -0.322837 1.129592 0.385817 0.215392 0.082939 -0.788665 -0.730778 -1.160044 -0.795562 0.655255 1.090492 1.468767 0.137980 -0.145319
83 1.047171 0.013554 0.557217 -0.462422 1.210534 -0.084059 1.132152 -0.163343 0.757854 -1.097543 -0.611737 0.659526 -1.409271 0.466971 -0.316974 0.847038 1.457931 0.356585 -1.780614 -0.184388 0.638055 0.291452 -1.659216 -0.731595 1.293029 -1.328165 0.043577 -0.299850 0.824812 -0.132019 -0.768828 -0.684086 -1.383331 0.460194 0.153375 -0.255169 -0.921193 0.765461 -0.162651 1.337258 2.803746 -0.340104 0.258211 0.524169 0.243506 -0.927342 -0.026991 -0.489856 -2.330398 3.033294
84 0.748118 0.343316 -0.678072 -0.060220 -0.239878 0.548157 0.676236 -0.008510 -0.609724 -1.211559 -0.087946 -0.857572 0.204186 1.376348 -1.007108 -1.475822 0.793441 -0.036004 -0.103602 0.204901 -0.450063 0.445031 0.375931 0.819733 -1.148654 -1.028322 1.297849 -0.738153 -0.314842 0.875380 -0.420093 -0.892679 0.230476 0.725989 -0.575233 -1.413079 0.628555 -0.951436 -0.142005 -1.052460 0.870160 0.070930 1.389011 -0.107411 1.024418 2.653049 -0.983448 0.033731 0.288753 -0.440404
85 0.109238 -0.464097 -0.499889 -1.256777 -0.208483 0.428814 0.680001 0.221348 -0.941599 0.289698 -0.139553 1.065462 0.142157 0.242891 -0.046988 -0.869459 0.333292 -0.924888 -0.162203 0.104972 -1.574688 0.817283 0.209099 -0.557286 0.429195 -0.126749 0.880314 0.189401 -1.002769 2.405653 -0.640600 1.198850 -0.753206 0.930499 -0.708736 0.163638 0.821571 0.194319 0.591386 -1.103225 -1.367126 1.722855 0.082188 0.841932 -0.333844 -0.976626 0.467875 1.136243 1.220639 -0.354630
86 1.049860 0.690284 -1.507291 -0.801706 -0.169571 0.567956 0.379057 2.084663 0.133984 0.663140 -0.861314 0.324171 -1.350623 1.132161 -0.595300 -0.227505 -0.554928 -1.001458 -1.472347 2.149616 1.513390 1.123196 0.399206 0.799770 1.185720 1.733734 1.190825 1.220667 -0.140055 1.250849 -1.059873 -0.370292 -0.824552 -0.630892 2.550172 -0.269966 1.307235 0.633519 -0.449462 -0.778111 -1.224877 -0.202878 -0.878245 0.345480 0.485066 0.567260 0.387300 -0.235107 0.186481 1.729489
87 -1.027873 -1.855876 0.340790 0.642989 0.597949 0.200904 -1.779753 -1.726194 0.084934 -2.857618 -1.570578 -1.190448 0.513790 -1.024517 -0.844546 0.501128 -0.410490 -0.064332 1.230329 -1.594414 0.198272 0.594906 0.813697 -0.267159 -2.132269 -0.336375 -0.425713 -0.039547 -0.285848 -0.531700 1.245976 0.780167 -0.500538 0.781558 0.923983 -0.386899 -0.989678 -1.543142 0.981631 -0.515722 -1.123255 0.557538 0.602470 1.175290 0.459097 -0.352448 0.314021 -0.215831 -0.908395 -1.386253
88 0.995652 -1.300224 -1.624417 0.237108 -1.199249 0.099878 -0.840256 0.579921 1.684664 0.248093 -1.322987 0.443014 -1.311812 -0.028110 -1.125473 -0.195246 -0.692691 1.240568 2.519380 1.233400 -0.162438 2.301837 0.115695 -0.514986 0.657741 -1.329276 -1.141678 -0.914859 -0.687284 0.447132 0.723926 0.592562 0.560932 -1.260137 1.347919 -3.424608 0.843639 -1.725681 0.330561 0.890917 2.246270 0.355914 0.725504 1.356616 -0.052383 -0.786732 1.434515 0.005109 -1.194167 -0.033011
89 0.431457 -0.001971 0.659463 0.030263 1.050652 0.045406 -0.204474 -1.712556 1.911800 0.077076 0.203318 -0.072418 1.404517 -1.350445 0.970329 0.230210 -0.406343 -1.912579 0.863236 -1.550595 0.727903 -0.223415 -1.856661 -0.009102 0.361042 1.339940 -0.624785 1.328932 -0.743033 0.508492 1.516586 -1.439879 -1.081970 -1.352758 -0.541436 -0.807210 2.408464 -0.655524 -1.178699 -0.093041 1.305324 0.318167 0.558114 1.766271 1.049966 -1.641778 -0.463052 1.612112 0.399550 0.011513
90 -0.028466 -0.882917 -1.566301 -2.163974 -0.644676 -1.291727 -0.885696 -0.119875 -1.040306 1.388816 -0.172624 0.316408 0.254907 0.147116 0.402503 0.611879 0.702846 -1.996463 -0.495609 -1.224725 -0.488018 -2.637968 1.907049 -1.237426 0.428421 -0.033143 1.282057 -2.785929 0.801979 0.187627 -1.316927 0.485674 -0.560812 -1.440159 -1.323239 0.966312 -1.026786 -0.502171 -0.205483 -0.919619 -0.242755 0.738553 -0.459029 -1.507105 0.365162 1.292022 1.532533 0.917168 0.289060 -0.994893
91 -0.764480 1.074747 -0.625976 0.719882 0.896898 0.278324 0.204943 2.347956 0.487570 0.681956 0.797404 0.983503 0.106708 0.228794 0.112016 -0.395226 0.355655 -0.120483 0.673217 0.259715 -0.922179 1.260052 -0.294629 -0.338197 -1.117929 0.130333 -0.704595 2.139125 0.458096 -0.863703 0.273387 0.694436 -0.373811 -0.126612 1.293212 0.284560 -1.108943 0.158777 -1.306178 0.417810 1.151917 1.468437 0.123496 -0.314670 0.062105 1.358394 -0.525978 -0.028738 -0.384832 0.269157
92 0.056327 1.479810 0.687518 -0.157035 0.157848 0.246973 -1.203994 0.423189 0.036472 -1.878717 -0.365562 0.573701 0.119903 -0.329637 1.368573 -1.039401 2.071842 0.829937 0.646690 -1.656426 0.361722 -1.099099 -1.671592 -0.388691 1.326294 0.294426 2.348942 -0.625943 0.517658 0.043065 0.092257 -0.582023 0.520579 0.380937 1.782012 -0.031735 -0.685130 -0.460587 -0.520757 -1.776005 -0.945122 1.448983 -0.648874 -1.110506 -0.261674 -0.156161 0.755415 -0.914128 0.595418 -0.010660
93 0.818844 0.745490 0.334400 -1.844759 0.783527 -1.331139 0.279675 1.048361 -2.008127 -0.112827 -1.680531 -0.198405 -1.439136 0.729950 0.226324 -0.640904 -0.069177 -1.875729 0.814701 2.298164 -0.697854 -1.738244 0.123024 -0.770535 0.917125 -1.069408 0.238925 0.160434 -0.800493 0.077841 0.516100 0.247776 0.649524 0.300358 -1.006287 -0.763660 -1.311926 0.420436 -0.260989 -0.168488 0.069676 0.332400 0.281475 -1.111683 0.608927 0.248851 -0.747654 -0.452412 -1.465320 0.979428
94 0.498050 -0.326829 0.122787 0.361235 -0.619973 1.312136 -0.425583 -0.128555 1.760835 0.590605 0.396852 -1.694521 0.742902 1.201148 -1.442936 -0.778242 1.755044 0.228683 -0.270920 -0.401316 0.949133 2.158594 -0.382164 -0.993759 0.641190 -0.818099 0.334783 0.242336 0.506605 0.076017 1.069451 0.148565 -0.035667 -0.940279 -0.531649 0.891767 0.296166 -1.589159 0.978501 -0.878601 -1.709838 -1.083923 0.989427 0.272792 -1.421987 0.099263 0.033024 -0.486965 -2.188771 0.421909
95 2.199910 0.637842 -0.987228 -0.301864 -0.123710 1.722091 0.404337 0.705040 0.430715 -0.734663 0.803294 -0.333166 0.464456 1.412214 1.045926 0.277367 0.961237 0.401931 0.299456 -2.250326 0.989345 -2.217468 -0.053453 -0.382566 -0.697853 0.288901 -0.782294 -0.482101 0.080431 0.244254 -0.212381 -1.433614 -1.200454 0.004422 -1.089653 -0.476294 0.228197 -0.298339 0.723910 0.073758 -0.700496 0.547185 -0.279287 -0.890503 0.236391 -0.724577 -0.212358 -1.001865 0.153262 -1.380276
96 1.003139 -0.501259 -0.293744 0.160796 1.305625 0.859867 -0.028327 -1.289002 -0.519562 1.800122 0.155777 -1.395841 0.393889 -0.835018 -1.603494 0.884183 1.844502 -0.902506 0.316522 0.287336 -0.676419 0.340467 0.379538 0.565947 -1.662687 2.656783 0.060194 1.343715 0.957564 0.070372 0.411484 0.118422 0.481609 1.544400 -0.390295 0.328227 1.579163 0.519293 -0.714637 -1.686487 -1.077573 -1.123910 0.341495 2.615287 -0.900282 -2.293714 0.692870 -0.658972 -0.241746 0.663841
97 -0.294993 -0.896640 0.314119 0.696801 -1.990068 -1.191024 -0.876782 -0.316341 -0.798338 -1.835917 -0.738691 0.826479 -0.702329 0.454900 -1.012661 0.745947 -0.655693 1.844153 -0.606930 1.789081 -0.088197 -0.101300 -1.126035 2.222980 0.341712 -0.794534 0.085943 0.505803 -0.352487 -0.942592 1.161573 1.199351 1.548895 -0.770039 -0.654943 0.885472 -1.696933 -1.136132 -0.767959 1.446496 -0.961360 0.995986 -1.041472 1.210059 -1.625156 1.180384 0.625759 0.274699 -1.278913 -0.296709
98 -0.311998 0.418950 -0.785881 0.195837 -0.123311 0.405500 -0.291636 -0.977971 2.012373 -1.378555 0.040804 -0.588546 1.608938 -0.805693 -0.970218 -2.165185 0.916305 1.641517 0.050170 -0.691998 1.021298 -1.101441 0.738090 0.248927 -0.129694 -0.054253 1.942192 -0.927741 1.090093 -0.614995 0.578519 0.548597 -0.900081 0.042332 1.111055 -0.751498 0.025301 -1.942811 -0.198845 1.315145 -1.294418 1.040178 1.639637 -3.097937 -1.882997 -0.071272 -0.977957 -0.240154 -0.531213 -1.211366
99 -1.443744 -1.241963 1.074073 -1.978791 0.359928 0.197081 2.863305 -0.100381 2.077354 -0.926276 1.243854 0.346095 -2.441531 -1.103176 1.478752 0.059742 -1.052072 -0.617285 -0.266669 -0.630217 -0.447658 -0.804962 -3.248878 -0.945146 1.126536 -1.709952 0.120193 -0.216542 0.141540 -0.000875 -0.667845 -2.314828 -0.564488 -0.502524 -0.617998 1.386204 0.983754 -0.250796 0.745246 -0.711315 1.143958 -1.924917 -0.218555 -0.868989 -0.802821 1.624004 0.289217 -1.112386 -0.892752 0.485113
END
#################################################################
SECTION3 (Edges Information)
EndPoint0 EndPoint1 Weight
0 1 1.000000
0 9 1.000000
0 10 1.000000
0 90 1.000000
1 0 1.000000
1 2 1.000000
1 11 1.000000
1 91 1.000000
2 1 1.000000
2 3 1.000000
2 12 1.000000
2 92 1.000000
3 2 1.000000
3 4 1.000000
3 13 1.000000
3 93 1.000000
4 3 1.000000
4 5 1.000000
4 14 1.000000
4 94 1.000000
5 4 1.000000
5 6 1.000000
5 15 1.000000
5 95 1.000000
6 5 1.000000
6 7 1.000000
6 16 1.000000
6 96 1.000000
7 6 1.000000
7 8 1.000000
7 17 1.000000
7 97 1.000000
8 7 1.000000
8 9 1.000000
8 18 1.000000
8 98 1.000000
9 0 1.000000
9 8 1.000000
9 19 1.000000
9 99 1.000000
10 0 1.000000
10 11 1.000000
10 19 1.000000
10 20 1.000000
11 1 1.000000
11 10 1.000000
11 12 1.000000
11 21 1.000000
12 2 1.000000
12 11 1.000000
12 13 1.000000
12 22 1.000000
13 3 1.000000
13 12 1.000000
13 14 1.000000
13 23 1.000000
14 4 1.000000
14 13 1.000000
14 15 1.000000
14 24 1.000000
15 5 1.000000
15 14 1.000000
15 16 1.000000
15 25 1.000000
16 6 1.000000
16 15 1.000000
16 17 1.000000
16 26 1.000000
17 7 1.000000
17 16 1.000000
17 18 1.000000
17 27 1.000000
18 8 1.000000
18 17 1.000000
18 19 1.000000
18 28 1.000000
19 9 1.000000
19 10 1.000000
19 18 1.000000
19 29 1.000000
20 10 1.000000
20 21 1.000000
20 29 1.000000
20 30 1.000000
21 11 1.000000
21 20 1.000000
21 22 1.000000
21 31 1.000000
22 12 1.000000
22 21 1.000000
22 23 1.000000
22 32 1.000000
23 13 1.000000
23 22 1.000000
23 24 1.000000
23 33 1.000000
24 14 1.000000
24 23 1.000000
24 25 1.000000
24 34 1.000000
25 15 1.000000
25 24 1.000000
25 26 1.000000
25 35 1.000000
26 16 1.000000
26 25 1.000000
26 27 1.000000
26 36 1.000000
27 17 1.000000
27 26 1.000000
27 28 1.000000
27 37 1.000000
28 18 1.000000
28 27 1.000000
28 29 1.000000
28 38 1.000000
29 19 1.000000
29 20 1.000000
29 28 1.000000
29 39 1.000000
30 20 1.000000
30 31 1.000000
30 39 1.000000
30 40 1.000000
31 21 1.000000
31 30 1.000000
31 32 1.000000
31 41 1.000000
32 22 1.000000
32 31 1.000000
32 33 1.000000
32 42 1.000000
33 23 1.000000
33 32 1.000000
33 34 1.000000
33 43 1.000000
34 24 1.000000
34 33 1.000000
34 35 1.000000
34 44 1.000000
35 25 1.000000
35 34 1.000000
35 36 1.000000
35 45 1.000000
36 26 1.000000
36 35 1.000000
36 37 1.000000
36 46 1.000000
37 27 1.000000
37 36 1.000000
37 38 1.000000
37 47 1.000000
38 28 1.000000
38 37 1.000000
38 39 1.000000
38 48 1.000000
39 29 1.000000
39 30 1.000000
39 38 1.000000
39 49 1.000000
40 30 1.000000
40 41 1.000000
40 49 1.000000
40 50 1.000000
41 31 1.000000
41 40 1.000000
41 42 1.000000
41 51 1.000000
42 32 1.000000
42 41 1.000000
42 43 1.000000
42 52 1.000000
43 33 1.000000
43 42 1.000000
43 44 1.000000
43 53 1.000000
44 34 1.000000
44 43 1.000000
44 45 1.000000
44 54 1.000000
45 35 1.000000
45 44 1.000000
45 46 1.000000
45 55 1.000000
46 36 1.000000
46 45 1.000000
46 47 1.000000
46 56 1.000000
47 37 1.000000
47 46 1.000000
47 48 1.000000
47 57 1.000000
48 38 1.000000
48 47 1.000000
48 49 1.000000
48 58 1.000000
49 39 1.000000
49 40 1.000000
49 48 1.000000
49 59 1.000000
50 40 1.000000
50 51 1.000000
50 59 1.000000
50 60 1.000000
51 41 1.000000
51 50 1.000000
51 52 1.000000
51 61 1.000000
52 42 1.000000
52 51 1.000000
52 53 1.000000
52 62 1.000000
53 43 1.000000
53 52 1.000000
53 54 1.000000
53 63 1.000000
54 44 1.000000
54 53 1.000000
54 55 1.000000
54 64 1.000000
55 45 1.000000
55 54 1.000000
55 56 1.000000
55 65 1.000000
56 46 1.000000
56 55 1.000000
56 57 1.000000
56 66 1.000000
57 47 1.000000
57 56 1.000000
57 58 1.000000
57 67 1.000000
58 48 1.000000
58 57 1.000000
58 59 1.000000
58 68 1.000000
59 49 1.000000
59 50 1.000000
59 58 1.000000
59 69 1.000000
60 50 1.000000
60 61 1.000000
60 69 1.000000
60 70 1.000000
61 51 1.000000
61 60 1.000000
61 62 1.000000
61 71 1.000000
62 52 1.000000
62 61 1.000000
62 63 1.000000
62 72 1.000000
63 53 1.000000
63 62 1.000000
63 64 1.000000
63 73 1.000000
64 54 1.000000
64 63 1.000000
64 65 1.000000
64 74 1.000000
65 55 1.000000
65 64 1.000000
65 66 1.000000
65 75 1.000000
66 56 1.000000
66 65 1.000000
66 67 1.000000
66 76 1.000000
67 57 1.000000
67 66 1.000000
67 68 1.000000
67 77 1.000000
68 58 1.000000
68 67 1.000000
68 69 1.000000
68 78 1.000000
69 59 1.000000
69 60 1.000000
69 68 1.000000
69 79 1.000000
70 60 1.000000
70 71 1.000000
70 79 1.000000
70 80 1.000000
71 61 1.000000
71 70 1.000000
71 72 1.000000
71 81 1.000000
72 62 1.000000
72 71 1.000000
72 73 1.000000
72 82 1.000000
73 63 1.000000
73 72 1.000000
73 74 1.000000
73 83 1.000000
74 64 1.000000
74 73 1.000000
74 75 1.000000
74 84 1.000000
75 65 1.000000
75 74 1.000000
75 76 1.000000
75 85 1.000000
76 66 1.000000
76 75 1.000000
76 77 1.000000
76 86 1.000000
77 67 1.000000
77 76 1.000000
77 78 1.000000
77 87 1.000000
78 68 1.000000
78 77 1.000000
78 79 1.000000
78 88 1.000000
79 69 1.000000
79 70 1.000000
79 78 1.000000
79 89 1.000000
80 70 1.000000
80 81 1.000000
80 89 1.000000
80 90 1.000000
81 71 1.000000
81 80 1.000000
81 82 1.000000
81 91 1.000000
82 72 1.000000
82 81 1.000000
82 83 1.000000
82 92 1.000000
83 73 1.000000
83 82 1.000000
83 84 1.000000
83 93 1.000000
84 74 1.000000
84 83 1.000000
84 85 1.000000
84 94 1.000000
85 75 1.000000
85 84 1.000000
85 86 1.000000
85 95 1.000000
86 76 1.000000
86 85 1.000000
86 87 1.000000
86 96 1.000000
87 77 1.000000
87 86 1.000000
87 88 1.000000
87 97 1.000000
88 78 1.000000
88 87 1.000000
88 89 1.000000
88 98 1.000000
89 79 1.000000
89 80 1.000000
89 88 1.000000
89 99 1.000000
90 0 1.000000
90 80 1.000000
90 91 1.000000
90 99 1.000000
91 1 1.000000
91 81 1.000000
91 90 1.000000
91 92 1.000000
92 2 1.000000
92 82 1.000000
92 91 1.000000
92 93 1.000000
93 3 1.000000
93 83 1.000000
93 92 1.000000
93 94 1.000000
94 4 1.000000
94 84 1.000000
94 93 1.000000
94 95 1.000000
95 5 1.000000
95 85 1.000000
95 94 1.000000
95 96 1.000000
96 6 1.000000
96 86 1.000000
96 95 1.000000
96 97 1.000000
97 7 1.000000
97 87 1.000000
97 96 1.000000
97 98 1.000000
98 8 1.000000
98 88 1.000000
98 97 1.000000
98 99 1.000000
99 9 1.000000
99 89 1.000000
99 90 1.000000
99 98 1.000000
END
#################################################################
SECTION4 (TrueSubGraph Information)
EndPoint0 EndPoint1 Weight
68 67 1.0
67 77 1.0
68 69 1.0
69 59 1.0
59 50 1.0
50 40 1.0
40 41 1.0
40 30 1.0
50 60 1.0
END
#################################################################
SECTION5 (Labels Information)
1 0 0 0 0 0 0 0 0 0 0 0 0 0 0 0 0 0 0 0 0 0 0 0 0 0 0 0 0 0 0 0 0 0 0 0 0 0 0 0 0 0 0 0 0 0 0 0 0 0 
END
#################################################################
SECTION6 (bt Information)
5 -5 -5 -5 -5 -5 -5 -5 -5 -5 -5 -5 -5 -5 -5 -5 -5 -5 -5 -5 -5 -5 -5 -5 -5 -5 -5 -5 -5 -5 -5 -5 -5 -5 -5 -5 -5 -5 -5 -5 -5 -5 -5 -5 -5 -5 -5 -5 -5 -5 
END
#################################################################
