#################################################################
#APDM Input Graph, this input graph includes 3 sections:
#section1 : general information
#section2 : nodes
#section3 : edges
#section4 : trueSubGraph (Optional)
#
#if nodes haven't information set weight to null
#################################################################
SECTION1 (General Information)
numNodes = 100
numEdges = 200
usedAlgorithm = NULL
dataSource = SimulationData2
END
#################################################################
SECTION2 (Nodes Information)
NodeID Base Counts
0 -0.062164 -1.041499 -0.272895 -2.335317 0.223476 0.586679 -0.643415 -1.087068 0.940856 0.148760 1.854059 -2.076127 1.464210 -0.810045 -1.165836 -0.262063 -0.357358 -0.683716 -0.687769 -0.685005 0.355993 0.611178 -0.018288 -1.361037 0.496660 1.456532 0.476860 -0.340309 1.526518 -3.168018 2.111247 -1.610980 -0.036135 0.207250 0.086380 -0.295319 -1.059023 -0.182365 -0.069587 -0.285248 -0.479888 -0.714848 1.613975 0.635030 0.149551 1.832161 -1.135011 0.210703 -0.473074 0.294072
1 0.212006 0.909496 -2.244236 0.643753 -0.143566 0.481879 -1.497398 0.052114 -0.977795 0.378477 0.337470 0.018899 0.916932 1.708055 -0.143669 0.062598 1.301559 -1.638174 -0.601918 1.188577 -1.049815 -1.543622 0.051289 0.086120 0.157159 0.781616 -1.353121 0.451115 0.393541 1.160002 0.331714 -2.693005 1.229813 -0.189498 1.080040 0.571045 -0.388091 1.562417 1.695334 0.338906 -1.498108 -1.223086 0.970791 -0.631902 0.248723 0.585773 0.832673 -0.860440 -0.388162 -1.379096
2 -0.611780 -0.167079 0.499432 -1.337098 0.555535 -2.131492 -0.022441 0.161918 1.809930 1.133295 0.549093 2.061709 -0.815251 -0.084139 0.841602 -2.391884 1.091707 0.698699 -0.493447 1.392767 -1.897105 0.211930 1.905605 0.407739 -1.810299 -0.713097 -1.364806 -0.375308 0.954163 -1.968938 0.027796 0.105232 0.267561 -0.379093 -1.041800 -0.230400 0.203908 1.499658 0.890353 -0.241948 2.766387 -0.268503 -0.767458 -0.496517 1.009522 -0.930216 0.002568 0.791287 1.406376 -0.382154
3 4.064756 1.926556 2.491299 -1.570391 -0.264332 1.385411 0.418193 -1.267604 0.459103 0.940270 -1.224444 0.181862 3.090147 3.230115 -0.262762 -0.388871 2.513898 -0.328547 1.743913 -0.068960 -0.065678 3.651726 0.575954 0.207503 1.766120 -0.532914 3.558089 0.026491 0.071274 2.081165 0.409235 -2.367533 4.847826 1.400612 0.370486 -0.271410 4.220676 4.714196 0.017637 2.043226 -1.579140 4.000714 -0.702232 0.677835 2.026357 0.250571 -1.545951 2.701619 1.700030 3.535107
4 -0.004290 0.438231 -0.766010 -0.030760 1.562081 -0.402056 -0.140738 1.679667 -2.458465 0.132741 1.761308 0.415400 0.998638 -0.956425 -0.250501 0.183030 -1.224145 -0.733473 0.539532 -0.611113 0.062871 -0.738680 -1.290286 0.733765 -0.609414 1.887343 0.819376 -2.268702 -0.091307 0.594896 0.207188 -1.296978 -0.460425 -0.710372 0.782045 0.305215 1.105594 -0.635494 1.832332 1.357737 -1.373438 1.046948 -0.275145 -0.432179 -0.091653 -1.704940 -0.918459 -0.208475 1.082067 -0.142497
5 -0.244227 -0.809910 -0.660656 -1.379459 1.387906 -0.911437 -0.072534 -1.326510 0.536534 -0.620050 0.754905 -0.021299 -0.471806 -2.816125 1.304832 -0.925064 0.765958 0.306693 -1.046385 -0.389286 0.622387 1.816705 1.251240 -0.682608 1.364064 1.256055 0.608801 -1.156991 1.151387 0.495401 -0.918334 -1.901126 1.331650 1.143465 1.116857 -1.206413 -0.362646 0.852369 -0.777301 0.623553 1.331864 -0.559383 0.318824 2.006335 -1.437934 -0.136688 1.789455 -0.022033 0.479214 -0.608721
6 0.022683 1.823948 -0.535382 -0.048213 -1.405352 0.018803 -1.683985 0.531404 -0.661722 -1.063350 1.652398 -0.754530 -1.304214 -1.088765 0.553279 -0.299808 -2.792478 0.674054 -0.081044 -0.126999 0.791968 -0.517154 0.263049 1.810061 -2.741646 0.363998 -0.044195 1.252245 1.009018 -0.217654 -0.826400 1.601348 -0.852190 0.832103 0.218153 0.781143 -1.588940 0.423087 2.337620 -2.506059 -0.240128 -0.907389 1.154291 0.590153 -1.547315 -0.000345 -1.227620 0.850150 0.542486 -0.477965
7 0.060324 1.500753 -0.768485 -1.559142 0.686562 -1.360852 0.972571 -1.238025 -0.666132 0.711771 -0.285781 0.003212 -0.122191 0.483045 0.772055 -0.814462 -1.054428 1.036212 1.144133 -0.059984 -0.641343 1.145600 -0.871592 0.405704 -0.738184 -0.296611 -0.218681 0.414697 0.298224 1.456979 -0.738784 0.404083 -0.581812 -0.304585 -0.312840 -1.995691 0.101250 -0.136679 -0.700803 -1.299638 2.730749 -0.342879 0.163742 0.476498 0.047853 -0.519806 -0.247185 1.132686 0.483052 0.682356
8 -0.089841 -1.381041 1.755975 -0.804176 -0.896731 -0.107759 0.006730 0.783742 -0.589660 -2.737837 -2.022356 0.508571 1.630911 0.253527 -0.155583 -2.827252 -0.646415 -1.355846 -0.274517 0.979353 0.107651 0.556105 1.322637 0.661424 1.417763 -1.940753 -0.402476 0.799616 0.282644 -0.156768 -1.604241 -1.302205 0.597563 -0.933451 0.237369 1.385790 -0.132485 -0.350518 -0.161019 0.020798 -0.408663 0.768113 1.435851 0.780361 0.722427 -1.497021 0.646151 -1.055176 0.400836 0.056949
9 -0.624054 -0.384714 -1.128654 1.100420 -0.186366 0.833973 0.126683 0.386818 1.967813 0.350639 -3.112467 -0.201161 0.030783 2.592132 0.246380 0.475844 -1.104740 -0.489422 1.118975 0.162832 -0.694221 -1.069017 -1.169694 -0.298959 0.645318 -0.445416 -0.586369 -0.952761 -0.158421 0.332450 -0.532203 0.290070 0.767646 -0.301366 -0.024165 0.262656 1.788110 -0.597867 -0.963888 -0.163723 -0.311692 0.677713 -0.807264 -0.348224 1.072314 -1.345273 0.480660 1.103485 0.326368 -0.854521
10 -0.265676 2.480948 0.506852 0.688153 -0.732378 -1.169842 -0.742707 0.583033 -0.635564 -0.299495 -0.285939 0.629056 0.857163 2.294507 -0.914353 -0.863434 1.407207 -0.503836 0.776939 0.796740 1.300980 0.281902 0.013414 0.928382 0.007205 -0.294147 0.376584 2.298646 1.280964 0.435382 0.390846 -0.318333 -0.172214 1.057879 -0.779240 -0.991732 1.089961 -0.269342 -1.429786 -0.409141 0.378002 -0.539226 0.693432 0.391097 1.611699 0.013195 0.274449 0.794258 0.678981 -0.807808
11 0.577713 -0.463051 0.441045 0.077844 0.136903 -0.503543 -0.256317 -0.735726 -1.355642 -1.088283 0.931529 2.005158 0.476236 0.162973 -1.283969 0.064506 0.565521 -0.466392 -0.401132 0.213211 -1.270391 1.482711 0.660595 -0.248370 -0.654412 0.255210 0.083167 -0.410823 -0.139052 -0.887290 -0.037551 0.272714 -0.215441 -0.539667 -0.998499 0.195635 -1.726039 0.224720 -0.590271 -0.758048 -0.490160 0.951366 -1.206700 0.226073 0.810162 -0.489038 0.105059 -0.125498 -0.172545 -1.375951
12 1.234196 -0.759160 -0.206222 0.428099 -0.875141 -0.427573 0.728743 -0.297841 1.310792 -0.171487 -1.468444 -0.752446 -0.988102 0.525780 1.736137 0.146669 2.060481 -1.602652 -0.559488 1.041063 0.648864 0.325256 0.453405 0.521905 1.060604 0.145647 0.307679 -0.485933 -0.208228 -0.129401 -0.006605 1.092667 0.690833 -0.355312 -0.095089 0.189852 -1.088840 0.654521 -0.152135 -1.248810 0.709935 1.201406 -0.911000 1.573994 -0.312399 0.183351 0.663427 -0.061959 -0.289827 2.273073
13 3.376242 -0.249602 3.040015 -0.322022 -0.184141 -0.019096 0.234199 -0.415280 1.326964 0.778067 1.204782 3.079102 4.021718 2.756304 -1.451234 -0.183349 3.952788 1.052842 2.249247 0.434388 -1.851200 0.347033 2.080879 0.538477 0.278352 0.146583 4.097568 0.125142 -1.959674 1.787812 0.560339 -0.017602 4.313224 2.845594 1.367125 -1.339253 2.574640 2.844311 0.017526 2.527703 -1.494931 2.986056 -0.971817 -0.724839 0.050071 -0.697031 -0.519393 2.933014 3.224896 3.411978
14 0.941215 0.518314 0.582786 -0.700544 -0.564591 0.811888 -0.129149 -0.599125 -0.710088 -0.888329 -0.278578 -0.509892 0.526562 -0.142844 -1.142794 -1.021205 -0.087780 -0.706380 0.718613 1.534395 -0.209220 0.306010 0.602687 -1.731057 1.639973 -1.837343 -1.709131 -1.264551 0.459449 0.281603 0.181238 1.679984 -0.251428 1.199229 -0.813323 0.614047 0.481054 -0.550957 -1.971126 0.810536 -0.681612 -1.421772 0.588446 0.760898 -0.530236 -1.240793 -0.497756 -0.058193 -1.107513 -0.490698
15 0.437362 1.580024 2.742452 -0.462450 0.029581 -1.087468 -2.724764 -1.231263 -0.010842 1.950557 1.661768 0.108980 -0.014801 -1.033285 -0.078069 -1.060481 0.117975 -0.308988 -0.116034 0.180710 0.077013 0.220742 -0.168000 -0.578648 -0.201600 -0.818569 -0.399075 0.815662 0.029625 -0.802638 0.325202 0.651001 -0.815346 -0.156098 -1.283544 0.720913 0.051432 0.357396 1.234510 0.825429 1.005129 0.355118 -1.491697 0.024230 0.691068 0.523825 0.806183 0.454517 -0.684479 1.094442
16 -0.826641 1.089056 0.526542 -1.538233 -0.081462 0.905577 -1.572883 0.515708 -1.328328 0.577218 0.158410 0.878755 0.449302 -1.676384 -1.017698 -2.348162 -0.697887 -0.276970 1.688472 0.540598 -0.211641 -0.456601 -0.792539 0.026279 -0.722981 1.224198 -0.231668 2.384026 1.932418 1.089940 -0.523672 -1.391635 -1.361898 1.513768 0.206445 -1.602352 -0.651439 2.172223 -2.233483 0.546771 0.144537 0.487168 0.430354 -1.194216 -1.173977 -0.095004 -1.343461 -2.003247 -1.486616 -1.239511
17 1.700791 0.393678 0.661872 0.164644 1.159381 -1.045448 -0.898108 0.488622 -1.565910 0.699937 0.252005 0.259722 -0.924477 0.013940 1.104413 0.469300 0.818992 -0.278291 1.240122 -0.770913 0.697304 -0.047401 -1.559961 1.263667 0.422193 0.424598 0.810900 -0.798502 1.828253 -0.112091 -1.814876 -0.039486 -0.755066 -1.837005 -0.340445 1.498726 -1.118959 -1.503284 -0.506195 0.692267 -0.032704 -0.835563 -1.444739 -0.863645 -1.199772 0.027420 0.799711 0.258331 0.991043 -0.788018
18 1.401033 0.316870 0.144749 0.130399 -0.574002 1.507908 0.243873 1.018245 0.174301 -0.012719 -2.484683 -1.115110 -0.766004 0.617969 0.261682 0.131553 -0.421474 -0.962103 0.672087 -0.187708 0.562237 -0.274929 -0.947973 -1.066117 1.270013 0.745735 -0.326349 0.417857 -1.310655 -0.347235 0.711989 0.112339 -1.668361 -1.930106 2.820882 1.709342 0.181501 -0.057118 -1.722707 0.587057 1.116198 0.448809 0.296083 0.521374 0.635545 1.091039 -0.963099 1.317693 -0.760941 0.656972
19 0.496542 -0.305195 0.174994 -0.576391 0.183505 0.529769 -0.145120 0.855241 2.587846 0.517196 1.693427 1.075196 0.318908 -2.022007 1.060575 0.320042 -0.912838 1.633950 -0.889286 -0.893772 -0.897029 -0.764075 1.104209 0.631281 -1.656242 1.558301 -0.643279 -0.169432 0.194606 0.924398 1.546981 0.157766 -0.276142 0.303434 1.517955 1.624275 2.033602 -2.424077 0.686643 -0.352297 3.614248 -0.393621 0.883003 0.414948 0.157946 0.657368 -3.472022 0.544723 0.272019 -0.563002
20 -0.032976 0.060447 0.846607 0.964861 0.939576 -0.064523 -0.453023 2.088235 0.423095 0.318441 1.261469 0.885287 -1.417850 1.065068 -0.831922 0.525084 0.545996 -0.432019 -1.533836 -1.426681 -0.343958 -0.131728 0.787523 -0.960082 0.829162 1.304975 -0.504357 0.735695 0.220837 0.004793 0.921447 -0.724397 0.931528 0.195537 0.780920 -0.393388 0.170130 -0.615572 -0.964463 1.322170 -0.677609 0.592192 -0.669578 0.912107 -0.516905 0.651280 -0.520649 1.904323 0.823738 1.280560
21 0.565093 -0.156942 0.957380 0.100376 0.487447 -0.679765 -0.090507 -0.236771 -0.133151 0.430634 0.259352 0.851856 0.813209 -0.130599 -1.159202 0.208904 0.918055 -1.057949 1.257936 0.722289 1.692401 -0.097473 -0.054860 -0.068831 0.850955 1.510805 -0.779021 0.786716 0.329028 1.400673 1.003205 1.123642 0.280253 -0.367741 -2.276373 -1.626081 -4.343499 -1.499440 -2.490018 -0.562859 0.386535 0.773853 -0.733670 -0.067352 -2.157249 0.526914 0.931712 0.027066 0.789136 -1.891855
22 0.947423 -1.219393 0.159112 -2.576647 0.467742 0.093185 -0.451880 -1.157900 0.617451 -1.205031 1.490195 -0.727797 1.285696 0.230889 0.468258 -1.229284 -1.051060 1.968382 -0.406022 1.689972 0.367024 0.436158 1.685853 1.705620 -0.421202 1.134317 0.254192 0.436579 0.037827 0.251521 -1.012537 -0.925936 0.220115 -0.117714 -0.177382 -0.466089 -2.415596 -1.364499 0.623285 0.263133 -1.325441 1.350468 0.508639 -0.859999 -1.157090 2.514707 -0.890390 0.653363 -0.425308 0.216645
23 -0.752241 0.020153 0.118270 -0.231009 -0.527255 -1.587007 -0.390243 -0.807280 0.655382 0.031705 -0.538932 -0.198580 -0.000884 -0.634482 -0.132705 1.116083 -1.408396 -2.419277 0.749611 0.183922 -1.033672 1.089536 0.501491 -0.496930 -0.027003 2.106393 -0.276417 -0.897151 0.543511 -0.987208 -1.286331 -1.209062 -0.126918 -1.513327 -0.368547 0.032653 0.578920 1.580320 -0.108123 -0.604442 1.266414 0.565268 -0.049978 -3.403380 -0.882987 -0.395270 0.708675 -0.895210 0.445668 -2.240803
24 0.013152 -1.730328 -0.035003 -0.129305 0.224907 1.182374 0.116310 0.585847 -2.630964 0.723573 -0.353511 -0.471661 -0.989271 0.678007 0.235270 -1.481896 -2.078741 -1.420083 -0.198361 0.600642 -1.091211 -0.286912 -1.417900 1.528859 1.094456 0.316732 -1.918774 -1.232463 0.498327 -1.003575 1.101356 -0.326507 0.732908 -0.511208 1.236759 0.828611 -0.807825 0.405367 0.655868 -0.725727 1.532374 0.819517 -0.009184 0.579730 -1.524183 0.782562 -0.199764 -1.643671 -0.965437 0.151871
25 -1.843935 -0.413013 -0.027661 3.297954 -1.753870 0.559891 0.961059 0.543900 -0.103164 -0.742331 0.492860 -0.289279 1.517064 -0.629416 1.742121 0.036504 0.056503 -0.436188 0.807259 -0.519395 -0.542740 0.077999 0.528499 0.907344 -0.103948 -0.554609 -0.748988 0.380542 0.305032 1.382085 0.657138 -0.819441 0.491648 0.197972 -0.776618 -1.711995 0.691696 -1.068681 -0.276971 -0.211818 1.286014 -0.869512 0.155925 -0.213876 1.049548 0.247166 0.915651 0.368229 -1.022040 0.579739
26 1.199991 -0.794866 0.930339 0.121525 -0.621880 -0.022631 0.504977 -0.512338 0.331386 0.133128 0.035885 1.026943 1.723700 0.212096 1.270103 -0.157970 -2.140563 -0.558626 2.072701 -1.838137 0.680207 0.633101 0.453138 -1.550230 -0.344646 -0.296575 1.134078 1.881762 -0.754042 -0.616620 0.054595 1.599453 1.202663 0.782275 -0.861347 -1.089858 -0.085667 -0.461030 -0.268097 -0.579950 -1.824986 -1.191283 1.037921 1.115571 -0.610778 -1.444115 -0.675408 1.308989 1.545461 -0.420481
27 -0.760433 0.810795 0.720848 0.315131 0.873894 1.062322 -1.942997 -0.969841 -0.884876 0.371302 0.535936 2.215968 0.730865 -1.480585 0.438127 0.236758 -0.511135 0.580244 0.246879 -0.248434 0.002757 0.642192 -0.491967 0.993031 -1.140883 0.059898 3.016581 1.423329 -0.238893 -1.038946 0.648150 0.954889 0.189901 0.448632 0.496382 0.958006 0.665058 -0.933182 0.284510 0.419370 0.201108 1.260430 -0.537128 0.205020 0.835693 -0.480715 -0.594290 -0.476714 -0.308953 0.925590
28 -0.057941 1.953074 0.445597 0.895563 0.669453 0.342623 -1.015892 0.263268 -1.116975 -0.289498 1.801663 -0.755333 -0.198043 1.213617 0.114258 0.713212 -1.024159 0.705894 -0.565313 -0.460685 -0.044776 -1.600260 -0.797535 0.442205 -0.974801 -1.084358 0.785246 -0.185830 0.874075 0.305765 -0.277537 0.328340 1.725246 -1.803712 -0.355506 0.880728 0.355918 -0.406334 -0.558444 -0.947654 -0.768789 1.910937 0.146785 -0.182689 -0.588015 0.473730 -1.206172 -1.847579 0.545653 0.400747
29 -0.156433 -1.047545 0.801209 -0.394548 -1.285487 0.387162 1.649950 0.884706 0.761089 0.485546 -0.431293 0.774350 0.125989 0.780337 -0.178913 0.606883 0.606862 0.211566 0.242201 -0.762624 -0.272608 -0.308636 0.694549 -0.087323 -1.762142 -1.664959 0.029327 -0.953229 -0.173138 -0.623769 0.641970 0.036693 0.854647 1.170082 0.303019 0.768288 0.834361 -1.297508 -1.066377 -1.780699 -1.248486 -0.535558 0.492572 0.434107 -1.215532 0.241538 0.896016 -0.753613 -0.196883 0.317987
30 -0.686147 -0.345880 0.129888 -0.788997 0.253036 -0.627930 -1.378506 1.040055 0.809803 0.783501 -0.950513 1.056704 -0.018745 -1.143955 -1.107403 -1.498359 -0.996829 -0.227866 -0.652197 1.321758 -1.367637 0.709006 -0.245501 -0.617226 1.073213 -0.775120 1.739575 0.506923 1.698863 -0.139038 -0.595118 -0.219455 -0.556056 -0.349528 -0.511037 -1.227726 -0.081322 0.684539 0.807498 0.331307 -0.249075 -0.838817 -1.589539 0.771233 1.085732 -0.286176 -0.122069 0.784345 0.605515 -0.339337
31 -0.847330 -0.783662 0.274935 1.104539 -0.343640 -0.287166 0.627542 1.252378 -0.499050 -0.339721 2.506872 -0.501086 -1.359670 0.550030 -0.326777 0.219835 -0.088665 -0.305117 -0.730666 -1.129913 -1.852058 0.426213 -1.674590 -0.102011 -1.127582 -0.866645 -0.159088 -0.725635 -1.714497 0.102475 1.063764 -0.675279 -0.820233 0.560277 -0.119349 0.217377 -0.628436 -0.337743 1.127606 0.030509 -1.791069 0.178978 0.342087 -1.120312 -0.838055 -0.303731 0.034771 -1.366027 1.314905 0.341222
32 -2.230733 0.264531 0.667763 0.880482 0.313989 -0.793473 0.842307 0.032809 0.964438 0.008011 -0.604455 -1.135824 -0.229256 -0.659552 1.464352 -0.883539 -0.375118 -0.313621 0.275985 -1.039712 -0.778517 -0.489550 -0.276839 0.599604 0.373818 0.417762 -0.583271 -1.177608 -0.071763 1.256300 0.340503 -0.699128 0.086556 0.061398 0.477986 1.171094 0.517638 0.604194 0.717417 0.446864 1.367473 -1.458807 0.345868 2.107860 0.389073 -1.016308 -0.935830 -0.869820 1.206757 -0.039575
33 -1.029218 0.365870 -0.037577 0.412374 -0.289888 0.896160 -5.010683 -0.536808 -0.424308 -1.547753 0.317388 0.117712 0.172031 1.292366 1.522605 -0.131155 -1.145678 -0.342167 0.184881 0.400295 0.144299 -0.778045 -0.034650 -0.870113 0.983400 -0.345093 -1.435546 1.817408 0.659873 -0.322890 -0.395779 0.494315 -2.471077 1.685825 0.427704 0.423476 0.794416 -0.545714 -1.045245 -1.332551 -0.470997 0.038282 0.011223 0.298876 1.962277 -0.738614 -0.336627 -0.999050 -0.684908 1.065082
34 0.263296 1.108375 -1.278787 0.008919 -0.129508 -1.609106 -0.328367 0.085584 -1.224110 -1.277567 1.551931 0.947120 -0.689373 1.087599 -0.121059 0.334255 -0.908538 -1.393492 1.071964 0.324934 -1.071717 0.465271 -0.502483 1.233310 -0.679084 1.051071 1.866609 1.595714 -0.315318 -0.243841 0.420171 0.817684 0.969910 0.061563 0.623558 1.292674 -0.596525 1.308492 -1.479539 0.535429 -0.533243 0.873366 -1.562335 0.397185 0.280662 -1.849950 -0.388176 0.180023 1.726644 -0.788926
35 1.432055 -1.374072 2.444573 -0.736234 1.784138 0.646078 1.141009 -1.074538 -1.727193 0.325868 0.014620 0.824580 1.966732 0.062552 0.319550 0.542376 1.633228 -0.314774 2.541323 -1.962683 0.097711 -0.888613 -0.671469 -1.146167 0.197477 -0.038779 0.769686 -0.486576 -0.125011 -0.525959 1.374523 -0.947174 -2.118250 0.479867 1.028807 0.518243 0.881591 -1.533002 1.231457 0.405557 -1.795996 -0.064522 1.183956 0.579190 1.095054 -0.156371 0.145732 0.802462 -0.566615 1.781527
36 -0.422007 1.373501 -0.267656 -0.134179 -0.549688 0.155428 -0.509834 0.984051 -1.190664 0.613931 0.650503 -0.875836 0.442304 -0.141706 -2.039351 -0.197884 1.442784 0.952964 -1.470353 -0.233610 -0.644564 -1.982959 0.058526 1.434146 -0.352039 -0.708035 -2.302405 -0.981654 1.630868 0.459100 -0.516724 -0.787000 0.805774 -0.046487 -0.399829 -0.474134 -0.301895 -0.204231 0.001801 -0.189648 -0.031450 1.637832 -0.089610 -0.354740 1.612696 -2.073689 -2.191192 0.067062 0.734493 -0.745699
37 0.408951 -0.967989 0.888413 0.756894 -0.246878 -0.317149 1.044701 -1.117726 0.681357 -0.348581 0.193807 -0.103426 -3.010729 0.749277 -0.132292 -0.873096 -0.094613 0.414453 0.484788 1.378099 -1.297169 0.578263 0.201793 -1.271311 0.851069 2.487185 0.167449 2.006665 0.013718 0.382501 0.895140 -0.571563 -0.784470 0.465971 -0.974358 0.251112 -0.133106 -1.056283 -2.044702 -0.680124 -0.607027 0.091403 -1.282547 0.789194 0.441671 0.722782 0.942131 -0.730312 -0.623915 0.654030
38 1.009854 -1.318287 0.889823 0.401046 -0.320971 -1.013856 -1.255430 -0.342948 0.178671 1.513219 0.302415 -0.251044 -0.340926 -0.432207 -0.284882 0.961138 1.017100 0.343804 0.018499 0.332485 -0.118033 -0.593603 -0.154734 -0.035571 -0.262007 -0.780200 0.619807 -0.159547 -1.170269 0.477562 -2.927320 -0.396392 1.384847 1.563465 -1.185282 0.818058 -0.377520 -0.349227 -0.193509 1.489684 0.631552 0.810712 -0.618925 0.844671 0.773884 -2.296085 1.150241 -1.363115 0.326549 -0.618743
39 0.458521 0.399873 -1.046484 1.224301 0.822514 -1.285343 1.106002 0.933811 -1.136696 -0.191954 -2.343118 -1.279504 0.928253 -0.032481 -1.890628 -0.696002 1.554386 -1.433969 -0.769903 1.264170 1.856879 0.599623 -1.668302 -1.267928 0.887288 -2.198390 -1.757795 -1.185650 0.228793 -0.540893 0.366848 -0.795095 -0.815834 -0.338244 0.531602 1.017948 0.158203 0.469054 0.145659 1.591839 -1.234119 -0.282715 -1.097505 0.885510 1.067510 -0.428249 1.729106 1.168003 0.170691 -1.101441
40 -0.312101 0.119388 0.327547 1.146431 -1.564872 -0.129821 0.178317 0.830336 1.079127 -0.605426 -0.614699 -0.312120 -0.728744 2.996676 -0.109438 1.574075 0.074760 -0.317942 -0.427780 -0.679415 0.405283 1.133275 -0.267362 0.516247 0.000731 0.593464 -0.231401 1.015739 -0.470272 0.945715 -1.499852 -0.104917 1.387389 -1.797169 -0.151663 1.617441 -0.188231 -0.274986 0.070115 0.596179 0.402731 1.046757 -1.321223 0.595140 -0.865943 1.675186 0.510032 -0.128689 -0.024153 1.438015
41 -0.269341 0.611523 0.547006 -0.010604 -0.510448 -1.571761 -2.010564 1.857685 -0.287794 -0.149367 -1.545859 -0.850212 0.086545 -1.871801 1.173393 2.094235 -0.681965 1.514467 0.883961 -0.284797 0.001856 1.443091 -0.695212 0.539732 1.746204 0.773797 -0.228258 -0.163008 0.099269 -1.702885 0.057920 0.009674 0.356832 1.543012 0.218793 0.161489 0.535063 2.334883 0.360281 0.149699 1.181600 1.138820 -1.273968 1.279381 -0.525779 -0.164912 0.526445 -2.061409 0.427221 0.500223
42 0.629643 0.536190 1.048948 -3.103919 0.287350 -1.371946 -0.241956 -0.233074 2.386878 1.852619 1.731336 0.204636 0.089093 -1.566575 -1.535166 -0.532359 0.653961 -1.902661 1.839571 -1.163032 1.277145 -1.471088 -0.949934 -0.922327 0.053940 -0.063964 -0.313192 0.706108 0.346561 0.003915 -0.228660 0.387181 2.205224 -0.291944 -0.068220 0.575935 -0.587575 -1.211404 0.398731 1.324025 0.134310 0.304469 -1.092183 0.496838 0.627410 1.128567 -1.067449 0.675039 0.153660 -0.362272
43 -2.179510 -1.135237 -0.412583 1.216436 0.875599 1.320440 -1.424955 0.922232 -0.496387 0.367448 0.449327 1.590435 0.603731 0.016020 1.072461 1.778978 -0.032757 1.013292 -0.010133 -0.129242 0.025584 -0.876832 -0.141556 1.240841 -1.227338 -0.785291 -0.551814 0.913988 -0.114403 0.087268 0.743810 -0.250904 -1.390493 -0.788329 1.648531 1.126261 0.731137 1.133764 0.694420 -1.502196 0.505468 -0.428146 0.302854 0.735318 1.020391 0.547757 -0.449839 -1.009515 0.889222 0.741601
44 0.939232 0.989729 -2.079998 -0.521938 -0.170275 0.732648 -1.753720 -0.779170 -0.494554 0.838551 -1.050925 -0.755534 1.117553 0.484883 0.302797 -0.688209 2.928934 -0.216314 -1.281525 0.357103 2.062160 -0.772213 0.091802 0.420277 -1.053257 -1.244613 -1.179742 -0.386353 -0.164348 0.048348 1.274478 0.556103 0.576901 0.570322 1.363332 1.625781 2.143013 1.550527 0.051285 1.419361 0.597676 0.564270 1.768913 -0.289097 1.129547 1.682669 -0.557161 1.777008 1.076313 0.319597
45 2.353147 -1.840892 -1.053472 -0.427308 -0.269997 -1.636232 0.372943 1.159365 1.177389 0.982845 -0.352506 1.616451 0.402010 -0.757403 -1.093500 2.269982 0.721966 -0.017109 -0.952902 0.748404 -1.239120 -0.788931 0.244487 -1.876586 1.339513 -1.034808 0.819627 0.853967 0.911446 -0.298272 -0.601045 0.295228 -0.100443 1.127163 -0.459705 2.729240 1.090761 1.718492 0.060665 0.170974 -0.892651 -3.469104 -1.261459 0.855276 0.764996 0.118005 -0.840988 -0.730486 -1.101084 -0.434615
46 -0.254857 1.294189 1.328297 0.629913 0.720398 -0.162470 -1.186679 -1.637521 0.072752 0.216892 1.006802 0.579037 -1.091082 1.677573 -0.585268 0.610915 -0.831179 0.799453 -1.990583 1.667445 1.108191 0.060061 0.278837 0.745379 0.928149 -0.112916 1.497400 -0.904618 -0.997444 -0.940108 -0.746435 0.523554 0.747745 -1.348577 1.208315 1.944547 -0.399114 0.078843 -1.694299 0.390421 -0.715049 -0.352283 -0.108730 -0.104301 -1.018227 -0.636485 0.202632 0.113787 0.651843 -0.121576
47 -0.118239 -0.655434 -0.053579 -0.326664 0.968927 -0.124676 -0.513204 -0.612692 -1.381534 -0.503206 0.441431 2.136662 0.407161 -0.516422 -0.859918 -0.854441 0.104838 -0.019519 -1.953901 0.164076 -0.394999 1.807274 0.663641 -0.238786 -0.574699 0.498692 0.707987 -0.818072 1.524221 -0.693549 0.111586 -1.327393 -0.107821 -1.431408 0.101017 0.982900 -0.819737 -0.007847 -0.831553 1.560680 -0.596453 -0.932057 -0.124420 0.141825 0.833748 0.463773 0.448017 1.346604 0.036837 -1.071631
48 0.097504 -0.992050 0.164720 -0.386783 0.670475 0.994313 -0.401343 2.167679 -1.587199 -0.444606 0.848913 -0.453397 -0.450906 1.396840 0.272056 0.283779 -0.539367 0.119775 -0.332310 -1.308884 -0.782489 -3.198976 1.616146 1.048243 1.405676 -0.914501 -0.132842 2.540792 -0.692706 -0.560077 0.834398 -1.177575 -0.350016 1.264649 -0.692605 0.598610 -1.227432 0.906673 1.556064 0.958194 -1.536170 -0.038768 0.899747 0.623955 -0.553786 0.929349 0.186110 -1.104782 -0.275281 0.041652
49 -0.788907 -1.295787 -0.591298 -0.446516 -0.270259 0.548539 -0.714537 -0.293170 -0.542187 -1.313928 1.063665 0.346023 -1.888655 0.145971 2.820973 0.722067 -1.096666 0.115709 -0.129673 -0.720129 -1.231115 -0.247655 0.682470 1.727101 -0.058303 0.723923 0.322857 0.669295 0.166736 -1.492253 1.265653 -0.278300 -0.192462 1.092071 -0.901862 -1.414462 0.064666 0.460581 1.129144 -1.909108 -0.472391 0.689199 -0.332691 0.129628 0.349173 -1.812508 2.157178 -3.134003 -1.384977 0.346544
50 2.264785 -0.497367 1.248420 0.466046 -0.655588 0.621430 -0.626780 -0.463450 1.644928 -0.045128 -0.497970 1.317250 0.841322 1.049662 0.769704 0.153680 -0.444645 -0.033022 0.566578 -0.387385 1.846971 -0.280046 -0.160065 -1.185231 -0.314374 -1.546693 -1.282235 0.545608 1.720561 -0.772259 -0.497459 1.300303 1.479000 0.346219 -0.864621 1.021928 0.665659 1.450279 2.132653 -0.381499 -0.255230 -0.495994 -0.176841 -0.435291 -2.206986 0.564338 0.577133 -0.531345 -0.428529 -1.169752
51 0.361218 -1.283520 -1.195673 0.328679 -0.874556 -0.301335 -1.160350 0.915917 -0.909250 0.057249 -1.133331 -0.270701 0.577355 -1.162577 -1.330098 -2.670400 -0.839279 -0.699667 2.167901 -0.215434 3.024674 0.072075 0.152626 -0.095421 -0.807703 0.502619 0.324061 -0.398008 -0.979275 0.261104 -0.110618 -0.419172 -0.593648 1.256821 -1.133779 0.188199 0.320307 1.415410 0.761932 -0.849187 0.111081 -1.025348 0.830634 0.117113 -2.452972 0.402028 -0.378489 0.068544 0.751666 -0.668495
52 0.027849 0.386014 -2.328481 1.642161 -0.741918 -2.234157 -0.728549 0.214464 -0.905918 0.539807 -1.598963 -1.988957 2.049714 1.793120 2.566971 -2.251746 -0.043744 -0.296508 0.125292 1.300926 -0.285458 -1.094959 -0.212142 0.261815 -0.565670 0.141831 -0.033247 -0.303635 -0.324912 -0.447421 1.898124 0.635442 0.309375 -1.015011 1.064582 -0.576151 0.760003 0.506485 0.932731 0.143901 1.429548 0.346569 -0.407834 -0.851308 -0.177981 1.091084 0.548224 1.024678 0.058144 1.504954
53 1.170432 -0.243289 -0.451412 -0.575926 1.874541 -0.158853 -0.668098 -0.244144 0.465366 -0.017446 0.653607 0.640399 1.644287 -0.860927 -0.559622 0.242470 -0.598194 -0.189992 1.496361 0.050317 3.065439 -2.325780 0.518954 2.558448 0.067526 -0.255840 -0.959813 -0.323106 0.944669 0.633753 0.044874 0.290955 -2.001154 -1.234160 0.233033 -1.057211 0.476900 -2.038834 0.817892 0.421833 0.094271 0.381741 0.023195 0.598063 0.712326 0.510569 -0.020137 0.448894 0.956801 -2.653213
54 0.102148 -0.848109 -2.030923 0.601369 -0.299849 -0.080687 1.439091 0.387321 0.902862 0.633696 -0.275798 0.159416 -0.021563 0.946064 -1.392034 -1.036491 -2.041229 -0.219906 -0.156884 0.345438 -0.070171 0.100532 -1.239715 -0.272412 -0.619538 -0.656909 -1.014410 0.874004 -0.786244 1.114965 1.711420 -1.291991 -1.015571 0.383450 -1.231107 0.641451 -1.013325 -0.061355 0.284945 1.388795 0.492305 -0.634968 -1.049013 -0.047802 -1.952123 -1.394011 -1.537358 0.404120 0.400716 0.685396
55 -1.015018 0.680722 0.282855 1.013117 -1.027110 -2.025313 1.328621 2.333784 0.845132 -0.314511 -1.085898 0.054761 -1.740449 2.113687 -0.003385 2.135953 -0.546597 -0.343983 -0.381610 1.389599 -0.125178 0.826516 0.184355 -1.608940 0.879496 -0.820836 0.826215 -0.728181 0.877756 0.136466 -0.744933 -1.459308 0.323004 -0.502812 -0.110997 -1.055580 -0.137323 1.792406 -0.200123 0.548025 -0.871013 -0.100174 -0.875995 1.501722 0.810565 -0.017571 -1.096203 0.524910 -0.762847 0.799357
56 -1.910860 2.218189 -0.448019 -0.513795 -0.552381 -0.149709 0.126731 1.321177 0.159533 -0.987117 -0.547039 -0.902740 -0.849855 1.297509 -0.094885 0.287953 0.756532 0.919787 0.085324 -0.065454 -0.818758 -0.398823 0.694265 -0.130294 0.619015 1.497331 1.140343 0.396071 0.539724 -0.425188 0.099016 -3.630610 0.180540 -0.982485 0.531652 0.285439 -0.017060 -0.090805 -0.292420 -0.190946 1.455896 0.054651 -0.184274 0.354750 0.056072 -1.026809 0.310737 2.394265 -1.305536 -0.122144
57 2.285660 -0.018401 0.428163 -0.425836 0.251712 -0.440868 -0.208774 0.505891 1.564328 0.484917 -1.424135 -0.575805 0.689698 0.272388 -0.516448 -0.306924 0.912434 -0.906559 0.200064 -0.001224 1.794535 0.619135 -0.216615 -0.032236 -0.107153 0.238813 0.776026 -0.182416 -0.540337 -0.605642 0.376351 -0.418810 0.279845 -0.326525 0.996784 -0.875844 -1.826332 0.128849 0.044651 -1.150572 -0.749045 0.043340 -1.206929 -1.719262 -0.495155 -0.303757 0.205986 -0.569590 0.266378 -0.921839
58 1.459454 1.594806 0.180286 0.625613 -0.249475 -1.986822 -1.472552 0.195147 0.894838 -1.132410 -0.200909 -0.074913 0.432203 0.857194 1.203935 0.231972 -1.291877 -1.837618 0.889306 -0.689761 -0.924151 0.363847 -0.420364 0.826291 -1.391046 -0.633460 0.440400 0.248453 -0.337924 -0.893856 0.063198 -0.131126 -0.716163 -0.560227 -1.591528 -1.598803 -0.474868 -1.885454 -0.763136 0.264827 -0.411987 -0.039601 1.000018 -0.358756 0.969342 0.856482 0.025825 -0.268142 0.531604 1.227479
59 -0.805368 -0.125447 0.928762 0.392086 -1.253342 -0.882552 -1.487698 -0.761492 0.339478 0.859795 0.289365 -0.292942 1.139086 1.720094 -0.324296 -0.189972 -0.077961 -0.018615 0.509276 1.365360 -2.032722 0.199399 -0.607818 0.517307 -0.562843 -0.565390 0.105126 0.760068 2.873162 -1.634424 0.283047 0.933063 -0.281311 -1.083998 1.142288 -0.527047 -0.464709 1.748393 0.238844 -0.333326 0.818021 0.007030 0.700691 -0.820889 -0.167024 -1.671048 -0.090035 0.958381 -0.018331 -0.067594
60 -0.750576 -0.458170 -1.491956 -0.515570 0.884999 0.948072 0.453017 -0.710957 -1.300055 -1.010346 -0.604553 -0.252393 -0.022838 0.019452 -0.373640 0.304060 0.480664 0.580806 -0.474019 0.165971 0.255836 0.509974 -0.922762 0.198284 -2.266647 -0.046766 0.137571 2.489245 -0.138694 0.123820 2.628664 -1.185117 0.139413 -0.475821 -0.106021 0.721552 0.206874 -0.133984 0.513034 -1.335129 1.508702 0.075606 -1.392857 -0.780899 -0.049743 -0.066063 -1.494773 1.860611 -0.729348 -0.375026
61 -0.364827 0.266107 -0.653797 -1.589085 -1.489311 1.953383 -1.775102 -0.175583 -0.999383 -0.262173 -0.861739 -0.492410 -1.307717 -0.790267 0.135080 0.914303 0.553704 -1.559219 -0.341458 1.163988 0.652705 -1.291102 0.119758 1.825111 0.133980 -0.270374 0.384873 1.315932 -0.670443 -0.855863 2.198232 -1.070460 -0.612903 -0.236446 -0.012338 0.452416 -0.063877 -0.021779 -1.483006 -0.679461 -0.826789 -1.423277 -0.578737 -0.408465 -0.373556 -0.042984 -0.864870 0.893729 -0.483656 -0.878910
62 0.631433 -0.870594 0.326828 -0.573004 -0.143435 -1.116727 -1.070627 1.533276 1.093312 1.370305 -0.105018 -0.733927 -1.278893 0.587795 -0.405066 -2.871539 -0.924256 0.268713 0.568946 0.637159 -0.353789 -1.004923 -1.703555 -0.358712 0.463564 -0.611904 2.314076 -1.475062 -1.279359 -0.277051 -0.987277 -0.696320 0.052330 0.902632 -0.661962 0.399657 -0.231909 -1.710150 0.688898 1.748387 1.178807 1.480968 -1.143844 -0.879728 0.874151 -0.839854 -0.930269 -0.305311 1.209909 0.864462
63 3.007649 0.180147 1.529902 0.101924 -1.109178 -0.458880 0.036356 0.545178 -1.633401 -0.768175 -0.519274 2.704702 2.551463 1.952903 0.855403 -0.067557 2.456565 -0.832888 1.854965 0.596457 -0.255098 4.579397 1.913611 0.806205 0.898672 -0.235040 2.507559 0.230054 0.474053 4.867542 -0.482175 0.886856 1.286016 3.428676 -0.175306 0.633784 3.399448 3.571175 -0.801730 2.576626 -1.431493 4.624687 2.035532 -0.735046 -0.550331 1.336772 0.008182 1.542737 4.286983 3.506183
64 1.923748 -0.394725 3.294128 -0.271367 -0.131147 0.476361 0.722388 -0.143952 -0.549040 -1.375259 0.228547 2.940412 3.171693 2.748479 0.363425 -0.775298 2.307501 0.108333 4.423902 0.852545 -0.338701 1.562832 3.006280 0.284582 -0.014540 -2.231622 3.619094 -1.220711 -0.994324 3.050680 0.288033 -0.085619 2.208011 3.505597 0.540829 1.088436 4.420260 3.698324 -0.342882 3.244638 1.452146 2.252414 0.325653 -0.373209 0.260876 0.271426 -0.979301 2.907155 4.027581 2.217880
65 1.733512 0.624887 2.809069 0.239516 1.680972 0.397162 1.022743 -0.164998 0.311314 0.263547 -0.308135 2.513811 4.975157 2.561303 0.726563 1.254845 2.210354 -0.919267 4.364186 -0.538256 -0.662988 4.478526 3.008485 -0.828469 0.542811 -1.543749 2.594233 0.536633 0.447055 3.769520 -0.010448 -0.810554 2.741666 2.755899 -0.596410 1.096125 3.642122 3.846237 -0.929207 4.202517 -1.137948 3.907464 -3.005449 -0.533953 1.461752 1.116787 -0.202847 2.788435 3.183814 4.673248
66 0.712218 0.303351 -0.473192 0.128215 0.172228 0.250802 -0.750255 -1.637815 -0.159089 0.156565 1.100045 -1.325107 0.824444 0.112329 0.680379 -0.863250 -0.331446 0.871505 0.020651 -1.063534 -0.256020 2.085348 0.206004 0.411172 0.395972 1.760588 0.044953 1.931349 -0.485610 0.719132 0.803391 -0.892692 0.703980 0.063780 1.039621 -0.710052 0.697906 0.071780 -0.058214 2.955841 -0.089537 0.277917 -0.800316 -0.662054 -0.196160 -0.160147 -1.936500 0.507039 0.257174 0.813970
67 -1.201109 -0.778870 0.139343 1.174822 -0.360508 0.269225 -1.356249 -0.136533 -1.263102 0.230390 -0.676778 -1.384737 0.402812 -0.031282 -0.863120 0.247951 0.742496 -0.634881 0.046862 -0.440153 1.683057 0.669583 -0.668857 -0.109095 -0.859604 -1.269295 -1.087974 -1.311250 -1.420090 -1.330633 1.938993 -1.279041 -0.502961 1.244573 0.416848 -2.093830 -1.256927 -0.292730 0.676587 -0.370615 -0.323714 1.299630 0.271213 -1.356191 2.050545 2.204428 2.661791 0.441309 2.149406 0.131376
68 2.695482 -1.732425 0.007715 1.301021 -0.058833 0.232944 -0.464485 -0.866152 0.976084 0.373663 0.616072 -1.096379 -0.757370 -1.061948 -0.494150 1.006872 1.673120 1.969078 -0.060006 -0.255583 -1.642259 -0.036532 -1.039006 1.196610 0.225908 0.412738 -0.410783 -0.405505 -0.730399 -0.857958 0.906643 0.618679 -0.305770 1.567233 -0.203211 1.360982 -0.210511 1.188266 0.184419 1.512669 -0.869056 -0.390552 0.151460 0.403765 0.958944 2.229360 2.758919 0.855995 -0.410114 0.067790
69 0.981747 0.081093 0.671196 0.059473 -0.177737 1.101940 -0.808813 0.402158 1.442033 2.012030 0.803263 -0.598689 0.699026 -0.559652 0.878875 2.029074 1.912264 -2.079750 -0.364738 -0.202281 -1.429777 1.551422 -0.954174 -0.189089 1.925628 0.758133 -0.466320 -2.790048 -0.681761 -1.358370 -0.834331 0.449577 -0.982258 0.410296 0.211472 -0.898177 1.097287 0.623432 -0.497683 1.114878 1.572906 -0.543082 -1.498056 0.250691 1.011004 -0.497324 1.415920 1.579433 0.182888 1.148762
70 0.975982 -0.757417 1.379163 0.410266 -0.762353 -0.286013 -0.618117 0.907766 0.931225 0.040650 -0.281048 0.659681 -0.919882 -0.778072 0.603493 0.646852 1.695005 0.851068 1.719989 1.192315 -0.202803 -0.188094 1.865113 0.931767 -1.136657 -1.140865 -1.128854 0.445771 -0.613141 -0.252249 -1.248060 -0.377983 -1.702766 -1.525188 -1.549640 -0.463399 -0.470599 -0.782672 2.247271 0.400044 1.218531 0.526237 -1.465099 -1.763085 -0.332851 -0.381301 0.217924 0.093053 0.516898 -0.888090
71 0.824090 -0.938217 0.044148 -0.539283 0.444492 -0.791978 -0.370639 -0.637572 -0.572762 -0.009177 -0.550568 -0.114144 1.302593 -0.474774 -1.493876 0.387212 -1.504019 0.341683 0.113021 0.112914 0.649788 -0.003603 -1.149069 2.359402 -0.137785 0.296965 -0.874996 0.639366 -0.289012 -0.871926 -1.250131 0.197142 -0.079035 -1.256514 0.101038 0.470625 0.949934 -0.424817 0.192357 -1.048560 0.127564 1.785508 0.342161 -0.605471 -0.010328 1.438861 -0.156568 2.236974 -0.956323 -1.214010
72 -0.063358 -0.987414 -0.956758 -0.432010 -0.978616 -0.662287 0.242750 -2.552510 -1.237781 1.898594 0.144345 -0.301623 -0.250830 0.388975 -0.487064 -0.175842 -0.586294 1.515879 -0.911735 1.482615 -1.441945 0.191257 0.630090 0.671651 -0.897576 0.524503 -0.749092 0.159290 -0.167306 0.193176 -0.076406 0.811493 -0.280732 0.257232 0.178119 0.419187 -0.496501 -1.597320 0.517056 -1.336767 0.991299 -0.585923 0.267294 -2.223588 -0.105324 -1.465011 -1.899322 1.395573 1.288106 0.118539
73 0.867506 -0.560099 0.623210 1.997398 1.480400 0.059791 0.550174 -1.192131 -1.004776 -2.371665 -0.883773 0.587933 -0.948188 -0.424107 -1.938775 1.033825 0.625736 -1.164789 -0.036133 -0.696506 0.340016 -0.794273 1.220363 -1.268355 -1.741502 0.936706 0.437887 1.875071 -0.071897 -1.861389 -0.829042 0.742047 -0.021164 0.577843 0.256902 -0.358135 -0.225968 1.295668 0.406549 1.712436 0.270887 1.351583 2.103118 0.375060 -0.303651 0.393824 -0.092264 0.491943 0.941528 0.687738
74 3.306715 0.768656 4.767635 0.085234 0.519821 -0.895333 -0.691809 0.503596 -0.317964 1.722553 -0.619777 3.382625 2.462490 1.309723 -0.290894 0.213822 3.650080 -0.342975 2.584116 -0.097995 2.062672 5.056745 1.366558 0.902102 -2.302773 -0.610609 2.485503 -0.148123 -1.147470 1.708775 1.813629 0.487672 4.217370 5.416415 -0.969326 0.356620 2.255739 3.447388 0.865722 1.476736 0.743121 2.940905 0.517400 0.045039 0.854134 1.898490 0.186103 2.890389 2.332176 3.473844
75 1.237228 0.497611 0.851776 0.097796 0.792328 1.138692 -1.670369 1.368742 -0.053969 -0.776482 0.855519 -1.190406 0.167547 -0.100169 2.659798 -1.876083 1.301117 0.234777 -0.795768 -0.360727 0.864497 -1.103151 0.658217 0.281291 0.407195 -0.919768 -0.762639 -1.149474 0.283005 0.491031 0.019341 -0.618258 -0.567532 0.434283 -1.655587 -1.581793 -1.424214 0.048072 -0.683670 -1.189315 0.753767 -2.045010 -0.639459 -0.574466 1.337913 -1.435592 -0.466625 0.724375 1.551764 -0.041785
76 1.219151 -0.191600 0.122864 -0.881708 -0.670303 -0.690930 0.599258 0.528738 -1.858224 -0.811513 -0.689181 1.533120 -2.133956 1.237300 0.415650 0.068462 1.099375 -0.719030 0.599461 -0.820685 -0.468597 0.909366 1.015950 -1.732255 0.229365 -0.317392 1.417303 -0.436427 0.127959 -0.986614 -0.025128 -0.488129 -1.005214 0.428258 -0.691172 -1.113670 1.191584 -0.891176 0.574369 -1.395988 1.130102 0.777566 1.046998 -0.843226 -1.880396 0.581598 0.274956 0.881011 0.496720 -0.369525
77 -0.752521 -0.257163 -0.311256 -1.190004 0.515969 1.078318 -0.655992 0.707868 0.497291 -0.339192 -0.662570 0.877021 -0.372249 0.533829 -0.059876 1.588821 0.718887 2.310334 0.733165 -1.172157 -0.328909 0.498926 0.556532 -0.162745 1.069505 -0.317615 -1.552157 0.731280 -0.271010 -0.169189 -0.657923 -1.844590 -1.106627 -0.626707 0.277564 1.234016 -1.134291 0.307872 -0.264580 -0.301622 0.583577 0.133078 0.006332 -1.648030 -0.576247 1.034859 -1.416224 1.509283 -0.097374 0.651587
78 -0.055273 -0.498613 0.862136 0.465015 -0.550866 -2.299118 -1.336978 0.540655 -0.616790 -2.003022 -0.903942 -0.174008 -1.073500 -1.338525 -0.754321 -0.989822 -1.033626 0.148198 1.050505 -1.464284 0.651835 0.617845 -1.486669 -0.428418 -1.035726 -0.389802 -1.816507 -1.363068 -0.147985 -0.402968 1.283555 -0.430877 -1.632972 -0.187484 -0.448363 0.034638 -2.422557 -0.740141 -1.568548 0.400010 -0.145106 2.021100 0.138476 -1.673078 -0.415878 0.297879 0.597791 -0.985775 -1.491690 0.686530
79 -2.652102 0.559237 -0.396523 -0.389665 0.799194 1.651171 1.711373 -0.559553 -0.328593 0.043652 -1.064421 0.913910 -0.017651 0.669730 -0.234541 -0.614938 -2.516005 0.850428 0.137649 0.154858 -0.465823 -1.035912 -2.276521 0.365265 -0.518936 0.885894 1.447725 -0.668766 -1.581060 0.585672 -0.124251 0.860872 1.093050 0.651108 -0.530057 2.223954 -0.818189 1.226993 -0.152726 -0.109719 0.209013 -0.905578 0.822228 -0.337743 -0.134082 -0.480506 -1.927028 -0.105569 0.049367 1.189760
80 0.998690 1.131513 1.849184 0.979637 0.539883 0.096931 -1.100623 1.238926 -1.393912 1.533200 -0.025362 -1.824034 0.275627 -0.766886 -0.161089 -0.871651 1.845623 -1.064176 -0.374262 -0.697844 -0.377495 -1.343266 -0.243868 1.021973 -1.054818 1.793536 -0.240382 0.904015 -1.058962 0.342971 -0.931325 0.470753 0.644086 -0.034940 1.783467 0.041083 -1.899244 -1.558622 -1.506282 -1.411375 1.570623 0.627293 -1.344289 -0.793975 0.630703 -0.441130 0.620805 -2.211934 -1.767381 -0.021327
81 -0.131579 -0.374309 0.126636 0.472180 1.335583 -2.581246 -0.730032 -0.028866 -0.858591 -0.237422 -0.259504 0.302036 1.892324 -1.110767 -1.084105 0.824386 -0.629905 0.307983 1.152504 -2.082660 -0.728042 1.480330 -0.698055 -0.170956 -1.347443 0.408660 0.941357 -1.519893 0.633352 -2.564294 -0.069755 -0.066412 -0.848168 2.229355 -1.823152 0.266909 -0.079685 -1.868065 1.569501 1.531208 -1.267508 1.459440 0.644320 -0.050481 -0.938208 -1.114016 -1.111123 -0.450734 -0.300325 -0.406168
82 1.381304 0.018583 0.020164 -0.065570 -0.832138 0.726152 -0.454451 -0.988328 0.193900 -0.244266 0.946127 0.180214 -0.237198 -2.217352 0.959699 -0.189779 -0.592216 -0.398667 -0.057713 0.588820 -1.293865 -2.984744 2.032752 1.814849 -0.237395 1.076111 -0.318826 -0.828158 1.991766 1.395834 1.226299 -1.053455 -0.778135 -0.282742 0.210569 -1.481960 0.200336 -1.778308 -0.290912 0.380598 0.585181 -2.049203 0.334811 -0.550176 -0.114416 -1.678928 2.172993 0.695608 -1.318874 1.254359
83 2.345771 -1.585338 3.859556 0.828063 -1.156065 -0.291165 -1.035325 1.382219 -0.192431 0.981273 0.223334 2.616681 2.200356 2.611186 -0.107865 -2.545326 3.374106 1.788254 2.754901 0.959496 0.612106 4.158167 2.028269 -0.607281 1.131783 0.506315 3.281035 -0.339039 -0.032568 3.321282 -0.487113 0.594970 3.308530 1.072526 0.987524 -1.206703 3.189149 4.281166 0.971426 1.364419 0.011709 3.385259 -0.299851 1.713759 -0.627020 -0.070305 0.425786 2.592292 5.085086 4.734952
84 2.137272 -0.242659 2.255902 -0.866989 -2.646332 0.642468 -0.025601 1.712209 0.477820 -0.425055 0.674911 2.476196 3.079416 4.454800 0.670158 -0.776214 3.263807 -0.823101 3.699371 -0.789312 -0.622283 2.154957 2.896612 0.767219 0.529178 -0.779614 4.045860 0.294462 -0.111432 2.530363 0.239487 2.001515 0.711380 1.613823 0.491454 -0.600773 3.625433 3.574087 -0.173825 3.671282 0.787144 2.422163 0.632278 0.006425 -0.761156 -0.502227 0.072389 2.375176 2.048299 2.701743
85 0.046147 0.264327 0.273295 -0.592212 0.729795 -1.438750 -0.759044 -0.168228 -0.345360 0.553055 -0.436657 -1.136587 1.628336 1.294673 0.404920 -1.087621 1.741107 -1.701995 -1.016612 -0.308556 -0.851795 -0.179216 0.884974 0.314289 -0.926969 1.505343 1.377385 -0.514059 -0.110342 0.653491 0.234493 -0.510109 -0.803807 -0.560237 -0.791744 0.453653 0.643673 -0.059436 0.924060 0.561396 -2.854421 -1.378654 -0.467369 0.342194 -0.736058 0.418693 -0.304422 -0.759451 -1.241917 1.115517
86 -0.712579 -0.667940 -0.256561 1.881419 -2.024509 -0.804093 0.146545 -0.574987 -1.157625 -0.757742 -1.092911 0.311388 0.867469 -1.409513 0.402512 1.932208 0.557151 0.582837 -0.061919 -0.628237 2.395393 0.331496 0.432317 -0.055887 0.200936 -1.209174 -0.101365 0.722238 -1.176178 -0.235480 0.125147 -0.262419 -0.455517 -1.605271 -0.862611 -0.669971 -0.287172 0.961826 1.340879 -0.286917 -2.073612 1.034495 0.890495 -0.340683 0.839472 -0.156427 -1.797677 0.923398 0.231977 -0.412823
87 -0.738087 1.043418 0.333502 0.053596 0.897427 1.908906 1.909738 0.231956 -0.847306 -0.468143 -0.893695 -0.600089 -1.639133 -0.960319 -1.204359 -0.434234 -1.036867 0.521664 0.099357 -1.857023 1.462285 -0.074316 -0.769411 0.172256 0.112019 -0.511196 -0.453329 0.381063 -0.245292 1.349660 0.846196 0.277462 -0.997208 -0.464281 0.708948 0.401720 -0.409207 0.303895 -0.005388 -0.582555 1.213171 0.365491 -1.949906 -0.272240 0.389807 1.001044 0.786630 0.293407 -0.827207 0.020793
88 0.993813 0.665637 -0.975267 0.936191 -1.417137 0.426229 0.664559 -0.534610 0.248656 0.246441 0.694481 -0.289186 -0.798671 0.103459 1.621107 0.909238 -0.076020 1.145348 -0.534675 -0.177643 -0.943129 -1.851786 0.790972 -1.543667 -0.301389 -0.489640 -0.252106 -1.347835 0.777851 0.612086 0.207047 1.740480 0.654577 0.628682 -0.129983 -0.420295 1.092112 -1.909755 0.174680 -1.852935 -2.222921 0.315001 -1.454758 0.224862 0.029535 -0.072030 0.624125 0.178101 -0.422589 -1.280837
89 1.229904 -2.155247 1.405943 1.497932 1.086765 0.262304 0.224950 -1.271578 1.471839 -0.049920 -0.228383 0.681930 -0.054490 0.070666 -0.677023 1.220507 0.860988 1.600266 -0.810535 0.703936 -0.683357 0.265389 -0.642750 -2.122392 -0.299189 0.379081 -0.014190 0.372160 -1.038066 0.592771 0.370210 0.413179 0.028265 0.224622 0.252018 0.314700 1.211374 0.945952 1.780531 -1.325963 -0.365842 -0.549013 -0.339041 -0.036598 -0.670845 -1.404939 -0.649447 2.032766 -1.613567 0.832070
90 -0.236025 -1.167760 0.587150 -1.169149 1.979554 -0.277220 0.937924 1.232976 -0.459427 -0.065831 -2.016760 -0.341581 0.258624 -0.421563 1.051332 -1.263974 0.515629 1.055318 0.778873 -0.816784 -1.253374 -1.416893 -0.637390 -0.629854 0.711441 1.051438 -1.185537 0.861969 1.431251 -0.413272 -0.102208 0.624744 0.002577 -1.206750 -0.928939 0.753281 0.947701 -0.368723 -1.165272 0.656800 0.492104 -0.129281 -0.612680 -0.665313 -0.432732 -0.803816 0.429748 -0.109737 -1.752045 -0.911359
91 -1.051311 -0.458936 -0.040917 -1.700856 -0.057509 -1.235030 -0.575999 -0.155544 0.362265 -1.309955 -1.397702 1.022437 -1.186112 -0.868580 0.805965 2.221909 -0.559145 -0.925424 0.750900 -0.972118 0.384429 0.766653 -0.543840 0.318741 0.201333 -1.286350 0.913307 0.681562 -1.743033 2.403346 2.395346 0.042808 -0.087838 -1.299833 0.184582 -0.685276 -0.496832 0.081795 -1.577728 -0.829646 -0.163610 0.295352 -0.823474 -0.813872 0.769566 0.102483 -1.012839 -0.830955 0.706910 -0.916094
92 3.283269 0.309003 1.814598 -0.046639 1.091449 -0.757466 1.656611 -0.104173 -0.287610 -1.118861 1.114248 3.645393 2.936389 3.078645 0.917272 0.523575 3.615014 -0.332278 1.439109 1.070668 0.279425 1.663906 1.684244 0.825883 -0.482741 -0.544668 4.687927 -0.087403 -0.552262 3.230574 0.077181 -0.666006 3.087398 2.340946 -2.513806 0.496003 2.639210 6.224057 -0.876232 1.751944 0.617566 1.505129 -1.223256 1.054584 2.253092 -0.405340 -0.425934 2.686064 2.840692 2.955208
93 4.326996 1.181487 2.855161 -1.427565 -0.378597 0.430888 -1.309036 -0.622981 -1.241386 0.047963 -1.784631 3.430105 2.240077 2.787487 -0.079520 -0.487982 3.345362 -0.150573 2.594789 -0.146355 -1.049843 2.328622 2.495425 -1.400793 1.300433 -0.680637 2.651151 1.348769 -0.573554 1.892397 -2.212976 0.122153 4.123989 3.848959 1.019832 0.405313 2.154989 3.580190 -0.981973 2.039827 -1.177772 2.354235 0.258848 0.207071 -0.698685 0.508395 -0.189748 2.697825 1.835889 3.279382
94 0.409376 -0.493949 -1.425155 -0.741428 -0.188676 1.716581 -0.694013 0.268642 -0.178154 -0.123548 0.252372 -0.094747 0.850779 0.431982 0.683146 -0.640939 0.480253 -0.636442 -0.979642 -1.240423 0.098354 -1.810113 -1.310744 -0.843164 -1.598151 -0.589585 -0.704123 -1.715442 -0.001838 1.752732 -1.288916 0.625998 0.796032 1.617059 0.034625 -1.064345 0.133025 0.499296 1.261828 0.879458 -0.179723 2.428848 -1.558909 0.989110 -0.402588 0.706260 -0.059796 -0.255677 -0.169052 0.136173
95 -0.042977 0.318818 0.380543 0.019206 0.951464 0.951869 0.081189 -0.300288 -1.125936 1.106169 -1.290996 0.433630 -1.241133 -0.952048 1.791402 -0.168731 -0.412727 -0.248938 0.011708 -1.004339 1.590245 -0.464901 -0.666847 -0.035577 -0.082177 -0.710160 -1.409509 -1.403177 -1.309610 1.029269 -1.087487 0.098037 0.583481 0.951468 0.281863 0.398819 0.659815 0.352957 0.910675 -3.048262 -0.057360 0.244277 -1.929219 -1.108800 0.686888 -0.929312 -0.301693 0.645155 -1.097969 0.370987
96 0.577526 -0.758214 -1.174361 1.576978 0.481058 -1.740229 0.988123 -0.306448 0.549869 -0.708940 0.835513 -0.242394 1.345783 -0.716144 -0.525976 0.577623 0.029231 0.267756 0.130987 -0.032743 -0.988908 -0.051888 -1.202342 0.094189 -0.006114 0.364313 -1.384060 -1.072816 -0.323688 0.080250 0.248619 -0.464854 0.124327 -1.036671 0.891706 0.890672 0.802609 0.313202 -1.970554 0.881538 -0.667892 1.193131 -1.007270 -1.054339 0.054092 -0.691861 0.152995 0.405485 -0.721748 0.187447
97 -0.079980 2.751136 0.028645 1.737221 -0.609559 0.302166 0.065498 1.650824 0.532781 0.911002 -1.921061 -0.404473 -0.630168 1.367244 -0.793924 1.079994 -0.078522 -0.940079 -0.362824 -0.023480 0.988181 -0.687451 1.683732 -1.160895 1.455884 1.781495 0.309221 -0.131178 0.933726 0.737065 0.663160 -0.054344 0.655640 0.007328 0.187493 -1.874483 -0.189965 -0.912403 -0.333981 0.010685 -1.405599 -0.367608 0.429371 0.292500 0.916067 -1.724046 -0.719984 -0.891381 0.581531 0.882187
98 0.245706 -0.651306 -1.405967 0.740898 -0.363087 1.273686 -0.699829 1.042003 0.963146 -0.720748 -1.582287 0.664076 0.790716 0.801563 -1.046158 -0.876259 -2.370102 0.473654 0.370305 -0.256569 0.066138 0.141222 -0.324065 0.079802 1.138942 0.698303 -0.460617 -0.716937 -0.002427 -1.271988 -0.747651 0.700930 -1.218439 1.223486 2.674519 0.020885 -1.365838 -0.887755 2.259459 0.456793 -0.412507 -0.036021 -0.403788 1.393136 0.059470 -0.372185 1.931305 0.367510 0.503896 0.353472
99 0.413167 2.117363 0.379736 0.026063 -0.195629 -0.398318 1.203383 -1.099629 0.833777 -1.446158 -0.121161 -1.010476 0.015446 -0.782415 -1.944592 0.476721 -0.165514 -0.209063 -0.030468 1.921693 -1.354007 1.731321 -1.226745 -1.862741 0.258169 0.462130 -0.318581 -0.247054 0.813466 -1.256423 -2.032393 0.287384 0.241641 -1.140021 0.362237 0.559870 -1.913336 -2.022982 0.639481 -0.143371 0.755270 1.668691 -2.072175 -2.285034 -0.440364 -1.658816 -1.298080 -2.159804 -0.452991 -0.946408
END
#################################################################
SECTION3 (Edges Information)
EndPoint0 EndPoint1 Weight
0 1 1.000000
0 9 1.000000
0 10 1.000000
0 90 1.000000
1 0 1.000000
1 2 1.000000
1 11 1.000000
1 91 1.000000
2 1 1.000000
2 3 1.000000
2 12 1.000000
2 92 1.000000
3 2 1.000000
3 4 1.000000
3 13 1.000000
3 93 1.000000
4 3 1.000000
4 5 1.000000
4 14 1.000000
4 94 1.000000
5 4 1.000000
5 6 1.000000
5 15 1.000000
5 95 1.000000
6 5 1.000000
6 7 1.000000
6 16 1.000000
6 96 1.000000
7 6 1.000000
7 8 1.000000
7 17 1.000000
7 97 1.000000
8 7 1.000000
8 9 1.000000
8 18 1.000000
8 98 1.000000
9 0 1.000000
9 8 1.000000
9 19 1.000000
9 99 1.000000
10 0 1.000000
10 11 1.000000
10 19 1.000000
10 20 1.000000
11 1 1.000000
11 10 1.000000
11 12 1.000000
11 21 1.000000
12 2 1.000000
12 11 1.000000
12 13 1.000000
12 22 1.000000
13 3 1.000000
13 12 1.000000
13 14 1.000000
13 23 1.000000
14 4 1.000000
14 13 1.000000
14 15 1.000000
14 24 1.000000
15 5 1.000000
15 14 1.000000
15 16 1.000000
15 25 1.000000
16 6 1.000000
16 15 1.000000
16 17 1.000000
16 26 1.000000
17 7 1.000000
17 16 1.000000
17 18 1.000000
17 27 1.000000
18 8 1.000000
18 17 1.000000
18 19 1.000000
18 28 1.000000
19 9 1.000000
19 10 1.000000
19 18 1.000000
19 29 1.000000
20 10 1.000000
20 21 1.000000
20 29 1.000000
20 30 1.000000
21 11 1.000000
21 20 1.000000
21 22 1.000000
21 31 1.000000
22 12 1.000000
22 21 1.000000
22 23 1.000000
22 32 1.000000
23 13 1.000000
23 22 1.000000
23 24 1.000000
23 33 1.000000
24 14 1.000000
24 23 1.000000
24 25 1.000000
24 34 1.000000
25 15 1.000000
25 24 1.000000
25 26 1.000000
25 35 1.000000
26 16 1.000000
26 25 1.000000
26 27 1.000000
26 36 1.000000
27 17 1.000000
27 26 1.000000
27 28 1.000000
27 37 1.000000
28 18 1.000000
28 27 1.000000
28 29 1.000000
28 38 1.000000
29 19 1.000000
29 20 1.000000
29 28 1.000000
29 39 1.000000
30 20 1.000000
30 31 1.000000
30 39 1.000000
30 40 1.000000
31 21 1.000000
31 30 1.000000
31 32 1.000000
31 41 1.000000
32 22 1.000000
32 31 1.000000
32 33 1.000000
32 42 1.000000
33 23 1.000000
33 32 1.000000
33 34 1.000000
33 43 1.000000
34 24 1.000000
34 33 1.000000
34 35 1.000000
34 44 1.000000
35 25 1.000000
35 34 1.000000
35 36 1.000000
35 45 1.000000
36 26 1.000000
36 35 1.000000
36 37 1.000000
36 46 1.000000
37 27 1.000000
37 36 1.000000
37 38 1.000000
37 47 1.000000
38 28 1.000000
38 37 1.000000
38 39 1.000000
38 48 1.000000
39 29 1.000000
39 30 1.000000
39 38 1.000000
39 49 1.000000
40 30 1.000000
40 41 1.000000
40 49 1.000000
40 50 1.000000
41 31 1.000000
41 40 1.000000
41 42 1.000000
41 51 1.000000
42 32 1.000000
42 41 1.000000
42 43 1.000000
42 52 1.000000
43 33 1.000000
43 42 1.000000
43 44 1.000000
43 53 1.000000
44 34 1.000000
44 43 1.000000
44 45 1.000000
44 54 1.000000
45 35 1.000000
45 44 1.000000
45 46 1.000000
45 55 1.000000
46 36 1.000000
46 45 1.000000
46 47 1.000000
46 56 1.000000
47 37 1.000000
47 46 1.000000
47 48 1.000000
47 57 1.000000
48 38 1.000000
48 47 1.000000
48 49 1.000000
48 58 1.000000
49 39 1.000000
49 40 1.000000
49 48 1.000000
49 59 1.000000
50 40 1.000000
50 51 1.000000
50 59 1.000000
50 60 1.000000
51 41 1.000000
51 50 1.000000
51 52 1.000000
51 61 1.000000
52 42 1.000000
52 51 1.000000
52 53 1.000000
52 62 1.000000
53 43 1.000000
53 52 1.000000
53 54 1.000000
53 63 1.000000
54 44 1.000000
54 53 1.000000
54 55 1.000000
54 64 1.000000
55 45 1.000000
55 54 1.000000
55 56 1.000000
55 65 1.000000
56 46 1.000000
56 55 1.000000
56 57 1.000000
56 66 1.000000
57 47 1.000000
57 56 1.000000
57 58 1.000000
57 67 1.000000
58 48 1.000000
58 57 1.000000
58 59 1.000000
58 68 1.000000
59 49 1.000000
59 50 1.000000
59 58 1.000000
59 69 1.000000
60 50 1.000000
60 61 1.000000
60 69 1.000000
60 70 1.000000
61 51 1.000000
61 60 1.000000
61 62 1.000000
61 71 1.000000
62 52 1.000000
62 61 1.000000
62 63 1.000000
62 72 1.000000
63 53 1.000000
63 62 1.000000
63 64 1.000000
63 73 1.000000
64 54 1.000000
64 63 1.000000
64 65 1.000000
64 74 1.000000
65 55 1.000000
65 64 1.000000
65 66 1.000000
65 75 1.000000
66 56 1.000000
66 65 1.000000
66 67 1.000000
66 76 1.000000
67 57 1.000000
67 66 1.000000
67 68 1.000000
67 77 1.000000
68 58 1.000000
68 67 1.000000
68 69 1.000000
68 78 1.000000
69 59 1.000000
69 60 1.000000
69 68 1.000000
69 79 1.000000
70 60 1.000000
70 71 1.000000
70 79 1.000000
70 80 1.000000
71 61 1.000000
71 70 1.000000
71 72 1.000000
71 81 1.000000
72 62 1.000000
72 71 1.000000
72 73 1.000000
72 82 1.000000
73 63 1.000000
73 72 1.000000
73 74 1.000000
73 83 1.000000
74 64 1.000000
74 73 1.000000
74 75 1.000000
74 84 1.000000
75 65 1.000000
75 74 1.000000
75 76 1.000000
75 85 1.000000
76 66 1.000000
76 75 1.000000
76 77 1.000000
76 86 1.000000
77 67 1.000000
77 76 1.000000
77 78 1.000000
77 87 1.000000
78 68 1.000000
78 77 1.000000
78 79 1.000000
78 88 1.000000
79 69 1.000000
79 70 1.000000
79 78 1.000000
79 89 1.000000
80 70 1.000000
80 81 1.000000
80 89 1.000000
80 90 1.000000
81 71 1.000000
81 80 1.000000
81 82 1.000000
81 91 1.000000
82 72 1.000000
82 81 1.000000
82 83 1.000000
82 92 1.000000
83 73 1.000000
83 82 1.000000
83 84 1.000000
83 93 1.000000
84 74 1.000000
84 83 1.000000
84 85 1.000000
84 94 1.000000
85 75 1.000000
85 84 1.000000
85 86 1.000000
85 95 1.000000
86 76 1.000000
86 85 1.000000
86 87 1.000000
86 96 1.000000
87 77 1.000000
87 86 1.000000
87 88 1.000000
87 97 1.000000
88 78 1.000000
88 87 1.000000
88 89 1.000000
88 98 1.000000
89 79 1.000000
89 80 1.000000
89 88 1.000000
89 99 1.000000
90 0 1.000000
90 80 1.000000
90 91 1.000000
90 99 1.000000
91 1 1.000000
91 81 1.000000
91 90 1.000000
91 92 1.000000
92 2 1.000000
92 82 1.000000
92 91 1.000000
92 93 1.000000
93 3 1.000000
93 83 1.000000
93 92 1.000000
93 94 1.000000
94 4 1.000000
94 84 1.000000
94 93 1.000000
94 95 1.000000
95 5 1.000000
95 85 1.000000
95 94 1.000000
95 96 1.000000
96 6 1.000000
96 86 1.000000
96 95 1.000000
96 97 1.000000
97 7 1.000000
97 87 1.000000
97 96 1.000000
97 98 1.000000
98 8 1.000000
98 88 1.000000
98 97 1.000000
98 99 1.000000
99 9 1.000000
99 89 1.000000
99 90 1.000000
99 98 1.000000
END
#################################################################
SECTION4 (TrueSubGraph Information)
EndPoint0 EndPoint1 Weight
65 64 1.0
64 63 1.0
64 74 1.0
74 84 1.0
84 83 1.0
83 93 1.0
93 92 1.0
93 3 1.0
3 13 1.0
END
#################################################################
SECTION5 (Labels Information)
1 0 1 0 0 0 0 0 0 0 0 1 1 1 0 0 1 0 1 0 0 1 1 0 0 0 1 0 0 1 0 0 1 1 0 0 1 1 0 1 0 1 0 0 0 0 0 1 1 1 
END
#################################################################
SECTION6 (bt Information)
5 -5 5 -5 -5 -5 -5 -5 -5 -5 -5 5 5 5 -5 -5 5 -5 5 -5 -5 5 5 -5 -5 -5 5 -5 -5 5 -5 -5 5 5 -5 -5 5 5 -5 5 -5 5 -5 -5 -5 -5 -5 5 5 5 
END
#################################################################
