#################################################################
#APDM Input Graph, this input graph includes 3 sections:
#section1 : general information
#section2 : nodes
#section3 : edges
#section4 : trueSubGraph (Optional)
#
#if nodes haven't information set weight to null
#################################################################
SECTION1 (General Information)
numNodes = 100
numEdges = 200
usedAlgorithm = NULL
dataSource = SimulationData2
END
#################################################################
SECTION2 (Nodes Information)
NodeID Base Counts
0 -0.074854 0.426124 0.442098 -0.848472 -0.112916 0.156798 1.506758 -1.018752 0.390035 0.949421 -3.535529 -0.254358 -1.138622 -0.774513 -0.732580 2.778821 -1.202615 0.949392 0.658160 0.502349 -0.170612 -0.562566 -0.591610 -1.738303 0.653206 -2.082062 0.814659 -0.171414 -1.736975 -1.346725 0.322368 -1.527844 1.002407 0.489510 0.127712 0.589064 -1.431007 -0.423032 1.171576 -0.763525 -0.761127 -0.927974 -1.027856 -1.431340 1.299873 -0.015028 0.880523 0.828372 -0.640872 -0.403492
1 -1.557576 1.421023 -0.478707 -0.758212 0.980698 1.436742 -0.163507 0.650623 0.584909 -1.613604 2.622293 0.114950 -3.737378 0.016625 -0.604131 -1.671507 0.658533 1.854036 0.973760 1.132920 -1.985815 0.442555 -0.639068 0.481080 -0.713461 1.160047 1.011036 -0.939412 -0.822341 -0.403950 -2.220200 0.061023 1.748740 0.388046 -0.321970 1.948140 0.950772 -1.315634 -0.342825 0.039471 -0.066065 1.308607 0.972935 -0.413995 -0.337140 -0.359791 0.671974 -0.208216 0.017386 -0.074688
2 0.072559 2.310280 0.565711 1.404590 0.846455 1.162734 2.112649 0.501950 -0.294026 0.304876 0.226053 0.110609 -0.906874 -2.349019 1.035500 0.323145 0.320196 -2.644748 0.150900 -0.420863 0.072091 1.267368 0.168780 -2.226398 -0.337316 -1.631373 0.554178 0.807922 -0.404425 -0.273042 -0.412350 0.473222 -0.952649 -1.944630 0.694050 -0.394998 -0.252136 0.521173 1.262473 0.171423 -0.375793 0.494723 -0.876245 -2.195191 0.437706 -0.156553 -2.088681 -0.766458 -1.631229 0.946703
3 0.258453 0.088099 -0.104128 -0.523382 0.143166 -0.381872 2.280450 -0.874751 -0.742883 -0.931246 -0.265560 -0.747254 2.038076 0.573770 -1.135208 0.126221 -0.723704 -0.747362 0.047019 -1.133310 0.309205 -0.516750 0.722189 -1.890329 1.604344 -0.842403 0.491088 1.425997 -0.672236 -0.093916 0.198360 -2.670384 0.122488 -0.466131 -0.564402 -0.552852 -0.927179 1.402315 0.727885 1.889448 -0.555912 0.776020 -0.284778 -0.799501 -0.750948 1.619256 -0.280788 0.843012 -2.037564 -0.135242
4 -0.186994 1.198878 0.214542 1.269136 1.548696 1.806822 -0.598330 0.986686 -0.891542 -1.235766 -1.007626 -0.585880 0.148108 -2.067036 -0.056396 0.732353 1.025079 -0.232504 -0.281646 3.100032 1.410966 -0.893583 -0.532897 0.121534 -1.327132 0.469928 2.163503 1.175451 0.198488 -2.072857 -0.915852 -1.766967 0.039617 0.481174 -0.913580 0.372990 -0.562603 0.061212 -0.317358 -0.019481 -1.139739 0.611842 -0.826700 -1.598505 0.044526 -0.316138 -1.374054 -2.015847 -1.106475 0.767330
5 -0.396502 -0.236259 1.431025 -0.770716 0.509048 -0.460775 0.485209 -0.768211 -0.001219 -0.362352 -1.998847 0.175093 0.542088 -0.391023 0.284450 0.188609 -0.736290 -0.145046 1.751368 0.642993 -1.728481 1.087761 -0.022290 0.843302 0.090441 -0.043235 -1.103658 -1.908783 0.104149 0.262452 -2.267184 -0.607094 0.177133 -0.265849 -1.536782 1.328174 -0.564707 0.543017 -1.812109 -0.005715 -0.003940 1.211422 1.563204 0.276235 -0.373086 1.119097 -0.415015 0.956423 -0.135710 0.380746
6 0.173513 0.187185 -0.066135 -0.638483 0.632922 -0.691878 1.564140 -0.295550 -0.457821 0.811307 1.790889 -0.549948 -0.024971 -1.096997 1.217500 -1.630733 -0.196015 1.892051 0.361774 -1.761104 -0.607643 -0.669874 -0.853552 -0.356887 1.867779 -1.743191 -0.674119 -0.570764 0.159545 0.101890 -0.080536 -0.566868 0.737937 0.652377 0.447874 -0.028596 0.475715 -0.207037 -0.113772 -0.176102 -0.549767 -0.962281 0.595825 0.848326 0.005541 0.737695 -0.737788 -1.016140 0.451081 -0.167124
7 -0.679948 1.208183 -0.537931 0.381518 0.138623 0.656372 0.277581 -1.731827 -1.911861 0.593279 1.235572 -0.614480 0.549728 2.792517 -0.757577 -1.597672 -0.408159 0.431663 -2.472430 0.267043 -0.731454 -1.004928 1.329769 1.997004 -1.002040 0.674616 0.178950 -0.566380 -0.912279 -0.963819 -0.776955 -0.845329 -0.502836 1.766504 -0.244815 1.050808 -0.605385 -1.640475 -0.133811 -0.802532 0.057763 0.290528 2.109126 0.829608 0.823300 0.854833 0.726368 -0.918676 0.444166 1.303632
8 0.309564 0.918992 -1.025941 -0.376546 0.109948 0.158805 -0.522010 -0.268779 -0.891903 0.251025 -0.852672 1.039583 -0.842698 -0.740035 -0.765391 -1.937510 0.504049 -0.115250 -1.553700 -0.408234 -1.065057 -0.474987 -1.004621 0.084079 0.035034 0.791909 0.970193 1.200789 0.873175 1.407854 0.745560 -1.685204 -0.123450 0.983154 -0.711646 -1.582096 -0.825111 0.330603 0.287316 0.921769 0.569894 -0.730178 -1.295818 1.366887 1.061930 0.634026 -0.243032 -0.804975 0.550965 -0.918490
9 0.083490 0.340354 -1.834340 0.592832 0.473676 -0.745607 0.131323 -0.174461 0.204432 -0.615033 0.186873 -0.433105 0.375877 -0.456553 0.224711 -1.023769 -0.954757 -0.873172 2.298954 1.380501 -0.666787 0.679944 0.476923 -0.254451 1.435148 -0.498925 0.440108 0.467187 0.342161 0.852248 0.948711 0.654246 -1.420501 -0.433267 -0.512854 -0.888883 0.426445 0.332920 -0.603479 0.772611 0.170204 0.674508 0.793277 -0.798801 0.054997 0.247407 1.319493 -1.792580 1.258142 -0.366309
10 4.838217 3.573863 2.620848 3.478210 4.134502 2.981591 6.813243 4.259696 5.401711 4.231385 2.329670 4.752416 3.141823 5.344951 1.925537 5.557986 3.539630 4.286342 1.097630 3.523275 0.491311 -0.745261 4.617537 3.342894 2.827700 2.754573 3.190930 3.810021 3.693569 -1.065880 3.538086 5.488540 2.552340 -0.126377 4.542871 5.855167 4.764502 0.548630 4.155919 3.098636 4.304631 4.975594 5.078330 -1.637033 2.968774 4.785138 3.771732 0.100498 0.564272 5.804985
11 0.496808 0.634779 -2.071084 -0.173537 0.716356 1.518670 -2.102038 1.012978 0.324360 0.210236 0.683900 0.840380 -0.804854 -0.547096 -1.990708 -0.192278 0.230626 -0.401962 0.612413 -0.924623 -0.081562 0.929134 -1.687496 0.295167 0.416178 0.009959 -0.078996 0.488939 -0.008372 1.230227 0.929588 0.883552 0.159252 0.552046 3.799442 -0.540480 1.158728 -0.315511 -0.966749 -0.062529 -0.308426 0.075689 -1.086232 -1.909019 1.111049 1.444757 1.920281 -0.647240 0.968934 1.845319
12 0.056836 -0.563801 -0.868040 -1.045974 -1.877667 -0.118578 0.346587 -0.056684 0.866520 -0.597395 1.926456 -1.147133 0.729813 0.601991 1.223637 0.337397 0.996427 -1.792732 0.195838 -0.584307 -2.168272 -1.028198 0.675207 -0.642923 -2.152124 1.352685 -0.892397 -1.505625 -0.229320 -0.024410 -0.056499 -0.166337 0.474255 1.219434 -1.688163 -0.517638 0.822423 0.051881 -1.011821 -0.666841 -0.781168 1.533718 -2.261211 -1.655971 1.694224 -1.704031 0.729340 -0.398862 1.031396 0.658738
13 -0.211156 -2.017524 -1.524912 -0.153351 -1.437291 -0.975619 0.480870 0.663153 1.509413 0.809564 1.821703 -0.345296 -0.567080 -0.111104 -0.860954 0.991102 1.290675 -1.333134 0.417054 -1.593318 1.311669 -0.839012 1.019948 0.382864 -1.053346 -0.215977 -1.131272 -1.167269 -0.886973 1.700554 -0.319814 1.117093 0.586348 1.330576 -0.421399 -1.050405 0.004945 -0.064789 -0.753779 -0.021212 -0.813278 -1.788188 0.874573 1.033446 -1.641754 -0.026465 0.272214 -1.081708 0.060926 0.038824
14 1.122748 -2.549947 0.097623 1.174536 0.555217 1.212757 0.030923 0.566219 0.210718 -1.424312 -0.991715 -0.198259 -0.920869 -0.490313 -0.621728 2.188022 1.089320 0.750868 0.826147 -0.360422 1.017409 -1.148138 0.046280 1.249267 -0.210963 1.248020 -0.264343 0.873794 0.588699 -1.363400 1.856025 -0.439032 -0.122537 -1.058445 1.075769 0.669640 -0.339104 0.283644 1.956023 -0.402186 -0.822586 1.040497 0.181309 0.081743 1.771009 -0.204376 -0.746543 -0.461905 -0.052750 -0.226899
15 0.081428 1.013861 -0.261339 0.313291 -1.271172 0.167175 2.376156 -0.831568 -1.148597 -0.298366 -0.884407 0.112740 0.271354 0.672494 -1.054850 -1.260411 2.353218 -0.379724 2.015713 0.850045 1.462904 1.503722 -1.013960 0.493048 -1.531167 0.003420 -1.105094 0.285880 -0.655698 -0.697353 1.358667 0.207751 -0.945906 1.413492 0.182513 -0.493329 0.300836 0.405562 -0.697669 0.522113 -0.708792 1.229198 -0.557575 -0.424050 -0.724196 0.419059 0.772426 -1.921505 -1.235005 0.102867
16 -0.112694 2.142858 -0.514317 0.277647 0.439351 0.137187 0.651713 1.950291 0.096126 0.156115 -0.480700 -0.864844 0.244442 -1.235373 0.862857 -0.580006 -0.985511 -0.028561 1.366381 -0.123484 -0.984917 2.178358 -1.468879 0.380750 -0.555535 -0.191396 -0.297462 -0.434470 -1.238573 -0.495221 -1.132960 -0.216528 0.112850 -2.029074 1.309401 -1.129332 -0.605193 -0.343134 -2.146777 0.382504 0.050939 -1.150198 0.290368 0.770448 -0.822631 0.827822 -1.496562 0.500510 -0.219609 -0.914662
17 0.108199 0.520383 -1.104715 -1.176760 -0.169432 1.326951 1.014574 0.890077 0.529474 0.064115 1.327813 0.698809 -0.363925 -0.812822 1.005845 0.723519 0.151867 -0.734153 -1.413535 -0.091971 0.319856 0.558248 -0.309835 -0.030524 0.524051 0.510638 0.256866 -1.001344 0.405912 -0.838962 -1.375299 0.068234 0.964820 1.251178 0.861489 -0.517069 0.036993 1.102051 -0.427007 0.289914 -1.401222 -0.135936 -1.797178 0.045171 0.316548 0.308131 -0.361877 -0.309756 -2.076460 0.195993
18 -0.524045 -1.005887 0.766497 0.121103 -1.220034 1.816491 -1.109675 -0.801171 -0.621636 0.146133 -0.608487 0.618517 0.356522 -1.189661 -0.030285 -0.713423 0.842739 1.061535 -2.120709 0.370305 -1.265284 -0.325380 -0.842624 -2.555762 0.198903 -0.283202 0.095183 1.336553 -0.047690 0.153281 0.489162 -0.187509 0.892135 0.099715 1.677428 -1.548391 -0.314209 1.117808 0.398889 1.293604 -0.212331 0.964983 0.928527 -0.283873 -1.212803 0.599941 -0.732433 -0.180017 0.431128 1.411758
19 1.753739 -0.262632 -0.657330 0.195154 -1.819358 -0.412866 -0.328629 0.440982 -0.363666 0.193245 -0.256578 1.610242 1.388095 0.421597 -0.148206 1.093205 -0.072926 -1.498242 0.605327 0.302877 0.835084 0.696615 0.943738 0.374128 -0.116497 0.946017 0.179191 -1.920193 0.396161 -1.223215 -0.898090 -1.129997 0.883485 1.218921 0.239755 -0.755529 -0.881192 -1.576328 0.211296 0.158312 -0.353957 -1.303838 0.928449 0.005083 -0.305431 -0.398692 -0.097612 1.462507 0.392976 0.200074
20 4.654255 4.853145 3.573615 4.314442 5.770835 4.464655 5.071957 4.266892 5.378006 4.022971 4.810246 3.463759 3.479103 4.361216 4.417143 4.065360 3.367229 5.320059 -1.290544 3.698263 -0.190163 -0.294635 2.878098 4.506701 2.315924 3.833244 4.974500 2.695978 3.015176 -0.501362 3.934098 5.126548 -0.652028 1.656427 3.800047 3.781501 4.372561 0.913764 3.301136 3.652758 4.825026 4.523447 4.597919 -0.067598 3.201989 4.168999 5.248860 1.863711 0.575778 3.925896
21 -1.015114 -0.881067 0.034993 0.289713 -1.303379 -0.289296 -0.253996 -1.072438 -1.538787 0.665320 -0.256287 -1.387009 2.191868 1.270902 -0.897032 -0.153122 1.571429 -0.680740 -0.616839 1.287404 -0.053551 -0.709090 -0.513269 -1.312312 0.807641 0.137682 -0.064503 0.325381 -1.730615 -0.987062 -1.434768 -1.489551 -0.113809 1.630616 -1.320360 -0.129564 0.805956 -0.226162 0.226604 0.839941 -0.420174 -0.073257 1.105102 1.493828 -2.155766 -1.095710 -0.715662 0.649437 -1.022916 -1.483290
22 0.586401 0.297061 -0.406274 -0.768366 0.124425 2.326165 -0.266475 -0.491511 0.427189 -1.130776 -0.012448 -0.547741 -1.396334 -0.942772 0.268497 1.309781 -0.566386 -0.211779 0.863620 0.881491 -0.259563 -0.158276 0.001397 1.384913 1.138284 -0.364033 1.485455 -0.907093 -0.464335 1.460401 -0.756675 -0.977559 -0.793777 0.447962 -0.160830 0.366639 -0.967670 -1.158535 -1.724217 -2.240663 0.059402 0.074618 0.024459 -1.073156 1.896637 2.968176 0.506380 -0.779414 -2.142548 -0.126299
23 1.346147 -0.757667 0.868852 -0.265318 -0.513998 0.479425 0.771643 -1.410111 -0.244735 -0.071912 -1.694381 0.810346 0.314970 -1.593277 0.390507 -0.947269 0.639060 -1.626737 -0.000823 0.800697 0.974187 -1.007364 -0.664102 -1.707003 -0.608524 0.293933 1.210421 -0.087364 0.900855 0.533631 -0.040777 -1.872597 -0.734245 -1.341030 -0.803259 -0.297719 0.652778 1.099990 0.274228 0.418470 -0.539197 0.256738 -0.201128 0.063158 -0.315719 -1.232319 0.380878 0.279637 0.038120 -0.285746
24 -0.426099 -0.023457 -1.527500 0.053980 0.389667 -0.232891 1.339301 -1.258760 0.520824 -1.096407 0.539768 1.613198 -0.297958 0.504075 0.112826 1.100933 -0.360413 0.096516 0.072778 -2.125492 -0.383722 -1.364048 -1.113443 -0.378513 -0.202432 1.158553 -0.748769 0.290196 -0.581080 0.046813 -0.251129 -0.429834 0.110222 -0.246158 -1.863794 -0.412408 -1.506731 -2.225993 0.321393 1.308288 -0.524471 -0.482302 2.364881 -1.673732 0.101613 -0.976573 -2.149158 -0.375801 0.810404 1.576033
25 0.134556 -0.671174 1.022280 0.327302 -0.364279 -1.212714 0.250022 -0.805476 0.024535 0.831336 1.072501 -0.633682 2.313376 0.063108 -1.661247 -0.495476 -1.202275 0.094359 -0.608719 -0.591857 -0.413428 0.585901 -0.530057 -0.717828 0.512183 1.530079 -0.771416 -0.824587 1.266999 -0.446588 -0.353877 -0.362902 0.522012 0.904995 -2.094705 0.211534 0.617327 -0.638080 -0.272420 -1.452691 -0.827691 0.078490 1.056324 -1.024157 0.380378 -0.823505 0.276015 -1.128696 0.350648 0.719701
26 -1.491715 -1.467362 0.339685 -0.533687 -0.494641 0.059770 0.931097 0.213772 0.083061 -0.157620 -0.515224 -0.611404 0.090203 0.775727 -0.626345 1.595316 0.964591 -2.370423 -0.058743 2.007574 -1.015692 -0.580056 -1.367011 -1.326953 -0.243452 1.294519 0.410949 -0.397313 -0.471260 -0.776991 0.164672 -0.403329 -1.155676 -0.948015 1.597949 -0.173848 -0.490354 0.497765 -0.077505 -0.141894 -0.462085 0.027973 1.792324 -1.630611 1.612688 0.536586 0.036007 -0.897462 0.427282 0.119956
27 0.019949 0.293441 2.686930 -0.096741 0.038998 -0.501724 0.553077 -0.663420 0.882286 0.264509 0.782340 -1.733709 -0.183980 -1.089838 -1.131106 1.364509 0.690178 -0.745053 -1.560547 -1.226236 -0.086597 -0.305377 -0.158327 1.534365 -0.038547 1.101558 0.674110 -1.892957 0.804251 -0.544985 0.076169 -1.590966 -0.297502 2.065324 0.983147 -0.386899 -0.487044 -0.558948 0.368907 0.584379 -0.348871 -0.048206 -0.838864 -1.717879 0.544758 0.445828 -1.643282 0.248350 -0.241052 -0.558469
28 5.370452 3.540038 2.409236 2.883583 2.324621 3.319786 2.629229 4.768378 2.951417 3.824388 4.749478 3.817310 5.103838 4.586292 3.808695 4.022387 4.993586 4.280341 0.913050 5.351263 1.452969 -0.649716 4.233877 3.748396 4.197594 3.375362 3.454296 4.459047 5.452553 -0.881640 5.204550 3.883190 1.515760 1.021788 2.672831 5.326953 2.369009 -0.085660 3.686575 5.307412 6.038502 3.266884 4.240665 -0.833640 4.819942 4.439256 4.681011 2.219992 0.423739 4.228853
29 3.024722 5.610992 4.510730 5.994616 3.634235 2.641694 4.032579 5.488793 4.247027 4.122483 3.016614 4.028102 3.994411 4.864568 3.797845 3.847331 6.464628 5.140746 0.129839 4.238139 0.239343 -1.111401 5.415724 3.377063 6.157771 3.482853 4.498725 3.299808 5.844296 0.762040 4.645853 4.059065 -0.127957 1.573384 3.111302 5.805557 3.459187 -1.062122 5.079151 4.166756 4.054356 4.018397 2.234704 -0.233401 3.823411 3.234422 3.860393 -1.027573 -0.126347 3.455564
30 3.009942 1.613030 5.400976 4.584262 3.793894 5.611920 5.576217 4.454415 3.165641 2.990838 5.551957 2.528066 3.128859 3.588074 3.578483 3.103948 2.274449 3.183575 0.821762 3.436023 -0.465524 -0.746453 4.630437 4.256373 4.636681 3.541569 4.478610 1.863005 2.689025 1.148929 3.362386 5.068058 1.208026 0.392248 4.579406 2.502491 3.295487 1.263992 3.522065 4.439298 5.025669 1.828691 5.478816 -0.684193 5.150907 4.916897 3.461499 2.043206 0.689405 4.004574
31 3.878519 4.579642 5.689795 2.984148 4.187493 4.232690 4.100551 3.749303 4.088743 3.470005 2.655019 5.701146 3.853425 4.072711 3.481726 3.577416 4.384553 5.477554 0.415630 3.852687 1.271851 0.624545 4.657962 2.763313 3.906941 4.251922 4.653823 4.723363 3.665754 0.592997 4.094604 3.873443 -0.091337 -1.503811 3.221787 3.607640 4.830720 -0.048551 5.688617 2.950641 5.504051 2.774551 4.629265 -0.800258 4.709974 3.448335 3.481556 1.459553 -0.021085 5.256661
32 -0.270209 -0.329125 0.945107 0.425158 0.107366 -0.084925 -1.478902 -0.114790 0.829358 -0.481126 0.111664 0.348587 -0.396375 -0.414170 0.125613 0.603776 -0.423425 0.908648 -0.844948 -1.422210 0.432322 -2.314894 0.656283 -1.898486 -0.485706 0.004483 -0.381526 1.149556 -1.894506 -0.336506 1.174814 -1.375644 -0.585186 0.545366 0.779711 0.071686 2.510826 0.821338 0.867588 -1.464439 -2.120492 0.332272 -0.181852 -0.925481 2.461973 0.814011 1.883435 1.877095 -0.249739 -0.694917
33 -0.706552 0.497536 -1.339231 -1.937013 -0.349946 -0.181543 0.081039 -0.126063 1.200561 0.250290 -0.314273 -0.870908 0.085152 0.387898 0.952092 1.455644 0.036077 1.100081 1.209399 1.487619 -0.328642 -0.516237 -1.162438 0.781462 1.391875 1.126648 0.234902 0.520219 -1.218190 -1.083172 -1.084942 -0.358110 0.419384 -1.552987 -1.506775 0.628681 -0.412749 0.477729 0.296698 -0.160854 -1.106560 0.643061 0.638526 -0.020703 -1.074123 0.257778 0.186721 1.469915 -0.616636 -0.388066
34 1.717906 -0.422103 -1.660314 -1.588672 -0.466662 1.529882 -0.177463 -1.083133 1.680134 -0.560736 -0.162343 0.707470 0.683055 1.082014 -0.711688 -0.200047 1.422171 -0.043296 -1.046269 -0.357805 0.301489 -0.274075 0.964595 -1.074187 -1.391740 -2.287477 0.992728 2.161608 2.280809 -1.406042 0.744669 -0.224068 0.898494 -0.794123 -2.738643 2.736162 -0.822950 1.981691 -0.759458 0.298102 0.322716 0.042998 1.304995 -0.016048 0.757044 0.678220 1.058297 0.336909 -0.532873 0.856481
35 -0.950404 -0.750078 0.088898 -1.031336 0.046997 -1.367702 -0.222617 -0.114224 -1.463774 0.557402 -0.710295 0.710774 -1.090142 -0.935833 -0.220808 0.604782 0.693701 0.189528 1.168089 0.542454 1.224402 -0.035874 0.820957 -1.161192 0.459933 -0.675073 0.769364 0.211160 -1.063528 0.559185 -0.050317 -2.047690 -1.238533 0.946695 -0.167391 -2.809383 0.153956 0.732150 -0.253575 0.519688 1.720653 -0.243589 -0.628750 -0.126845 -0.145092 -1.130939 1.026202 -1.497912 0.063015 -1.466942
36 0.052732 -0.260334 0.596181 -1.131702 -0.800292 0.966742 -2.145277 1.524177 2.278860 -2.062451 -0.337766 -0.145918 -0.121706 -1.011683 -0.321415 0.766354 1.268312 1.907830 1.406215 0.545022 0.792633 0.154616 1.207796 0.210512 0.903952 1.180722 0.166405 -0.613343 -0.746336 -0.543274 0.763407 0.918762 -0.307394 -0.072895 1.140032 0.652842 0.715918 -1.221674 1.556542 0.827124 0.083420 1.098673 2.513035 -0.353697 0.576575 0.474283 -0.194858 0.727913 -0.459617 0.935509
37 5.505417 5.423619 2.292595 5.068791 3.799005 5.678753 4.917292 3.136915 3.346643 3.075151 5.770602 4.892195 4.112435 4.835979 2.456315 3.697433 3.127274 4.452576 -0.414536 4.304796 -1.091201 -0.822081 5.026836 5.541487 2.980273 1.401855 3.906929 2.467884 3.086320 1.440807 2.643244 4.278672 -1.310982 -0.247806 2.798105 2.416550 4.391086 0.924369 3.233856 3.249330 4.188024 2.964215 3.835511 -0.159751 4.319173 2.895381 3.566789 -0.337560 1.434172 1.881141
38 2.623548 3.134297 3.627408 5.184869 2.951736 4.909978 5.832819 4.149397 5.237689 5.138416 4.552622 3.038631 3.388115 3.783029 2.477294 2.825062 2.913818 2.393935 -0.617759 3.838439 -0.338643 1.432684 5.618070 4.377492 5.781493 3.912826 2.839841 5.042989 3.200242 0.973488 5.811846 3.590408 0.585969 0.275167 4.337731 4.016989 4.170557 0.208434 4.773086 3.610665 2.627696 3.426711 3.445781 0.709118 4.889380 5.818470 3.511255 -1.715953 -0.114076 2.909380
39 3.172329 5.736302 3.753943 6.022497 4.774868 5.101368 4.817891 3.183254 3.365646 4.848066 3.632186 5.181453 3.190744 4.129846 6.332892 5.018090 2.279003 5.270287 -0.594997 4.285840 0.726118 -1.174749 4.114501 6.064818 4.335063 4.948864 3.705709 3.466893 3.321359 -0.365711 5.526262 3.426002 0.670388 0.046978 6.487173 4.397583 5.643110 -0.317211 3.454467 4.703092 4.023840 4.403201 3.515217 2.400641 4.692367 3.555821 4.660838 -0.983364 0.131574 3.536266
40 -0.772497 -1.528327 1.996241 1.351886 -0.070996 -0.936160 0.740409 1.157964 -0.540421 -0.876941 1.980412 0.331500 -0.223018 -1.076119 0.766819 -0.227930 -1.846458 -0.497673 0.129452 0.700589 0.335640 -0.047536 -0.845683 0.790232 -0.615125 1.502064 0.830632 0.966968 0.762127 0.075328 0.877766 -0.447627 -1.050944 -1.583010 0.715972 0.852848 -0.567805 -1.184942 0.521406 3.130829 -0.490777 -0.746404 1.541201 0.017131 0.825060 -2.013259 2.313129 -0.867376 -1.316755 -0.766334
41 0.504055 0.374333 1.853954 1.244426 1.762365 0.025134 -1.744490 0.442292 -0.916097 0.395807 -0.598925 1.277274 0.247734 1.031436 1.348672 2.417869 0.598517 -1.906311 1.828362 1.371241 0.833783 0.715682 1.026705 -0.138312 -0.492844 -0.108681 -0.990533 0.075623 0.780337 1.043311 -0.214985 -0.727257 -1.650123 1.502992 0.188915 0.868602 -0.773236 -1.343492 1.192372 -0.374449 2.706420 -1.564424 0.368377 1.562777 1.059613 0.300892 1.021370 -1.531044 -0.178148 0.942340
42 2.132132 -1.011629 0.727144 1.010723 0.009463 -0.159740 -1.180855 -0.436998 -0.070702 -0.201864 0.338793 -0.382719 -1.005773 -0.612956 0.491636 -0.303855 0.580818 0.447764 1.141618 0.746566 1.139184 0.993224 -0.202324 0.948261 0.137282 -1.094495 -0.601402 -1.976943 0.830747 -0.086085 -1.444346 0.904378 1.731152 0.227921 0.071751 -0.661265 1.159364 -0.665488 -0.811073 -0.585610 0.180687 -0.958150 -1.078935 0.767851 0.185662 0.329323 -1.621547 1.933522 1.315550 -1.103541
43 0.291131 -0.167616 0.526214 -0.340318 0.111314 0.365977 -1.329339 1.377170 -0.423424 0.525476 0.623899 0.899963 0.219629 1.096299 -0.560001 0.546180 1.930621 0.656139 -1.223960 1.645067 -1.005273 1.909864 -0.917490 -0.828172 -1.382653 0.759100 -0.595663 1.034706 -0.824236 0.891386 -0.566479 0.764194 0.857336 -0.076981 -1.246720 0.479877 -0.348198 0.647066 -1.398259 1.296621 0.054789 -0.401918 0.425464 0.123674 0.464062 0.845208 0.830686 -0.494362 -0.748180 -0.763194
44 -1.545840 -0.654788 -1.279359 1.240195 -1.166761 0.123884 1.646970 -0.244791 -1.156214 1.367390 -0.415663 1.655476 2.108927 0.902540 -1.645667 -0.577248 -1.759102 -0.853287 0.358282 -0.152944 1.912295 0.743564 -0.508515 1.574404 1.003765 -0.376993 0.241851 1.370110 -0.315177 -2.144617 -0.580009 0.534651 -1.602832 -1.191772 0.708591 -1.500551 0.358567 0.564374 -0.272123 -0.173083 0.383222 -1.927720 -0.063878 -0.143177 0.430298 0.720691 0.733654 -0.796524 -0.427554 -0.249728
45 -0.820086 0.034973 0.616115 -0.907360 1.137727 0.608212 -0.747902 1.978123 -1.649915 -0.294175 0.456644 -0.151801 1.115696 -0.364653 0.996755 -0.503905 0.901564 -0.194000 -0.522395 -0.029467 -0.674612 -1.265455 0.232504 1.002840 0.435646 0.399726 0.085331 0.689848 0.687989 -0.507342 -0.515862 0.475753 -1.161644 -1.299752 1.217813 0.108646 -0.360137 -0.983238 1.174564 0.017348 0.944187 0.581168 -0.091063 0.305137 0.872925 1.273109 -0.092177 -0.558979 0.022020 -1.100223
46 1.338990 1.800530 -0.673717 0.998784 -1.443527 0.154749 0.758511 1.479050 0.428878 0.407060 -0.057793 -0.247233 0.812149 1.709911 0.496579 -0.117787 0.576732 0.927893 -1.363896 1.687669 -0.681890 0.606364 -2.247482 0.659019 0.071223 1.467410 1.326490 -0.117350 -0.998026 -1.161865 1.034136 1.569474 1.456638 -1.942177 -0.898777 0.716357 -1.058167 -0.314923 -1.000052 1.649839 -0.992039 -0.280078 0.993731 0.464167 0.500059 1.165025 -2.229402 0.865376 1.418325 1.382352
47 2.826451 -0.550390 -1.917800 -2.178373 0.929800 0.736439 1.321529 0.578362 0.113076 -0.357572 0.984450 -0.790234 1.560637 -0.868469 -0.371741 0.491068 -0.844699 -0.567758 -0.195020 1.064102 0.077990 -1.514288 -1.711353 -0.230844 0.461762 0.829166 0.566255 -1.119010 0.111327 -0.338669 0.926342 0.842497 0.442810 -0.317672 -0.908739 -1.069365 -1.329036 -0.941379 0.051006 -1.362646 0.389396 0.378566 -0.450509 1.068308 0.296617 -0.501374 0.250637 -2.753725 -0.412757 -0.517714
48 4.221145 4.652680 2.830881 3.467968 4.461994 3.281506 6.305446 2.541965 2.766788 3.414294 3.838016 3.871914 5.262494 2.996859 3.767465 3.328105 3.710126 2.422794 -0.612458 3.622729 -1.592454 -1.919256 3.020746 4.600295 3.815507 3.816974 4.223698 4.562520 3.647554 0.519525 2.451311 3.880756 0.182782 0.777872 4.195298 3.570387 4.805033 -1.017364 4.027785 5.102671 4.428388 3.780940 3.742315 -0.003005 2.754170 3.258934 4.745175 -0.090883 0.371750 3.794889
49 0.445286 -0.060883 -0.552683 -0.375307 -1.731748 0.560352 -0.903007 0.644115 0.221063 0.119486 0.399135 -0.801932 -0.258869 0.563119 -1.569873 -0.428123 -0.540317 -0.661207 -0.360677 -1.135831 -0.996667 -0.107574 0.274803 0.519148 -0.807065 -0.388469 0.337636 -0.320526 -0.422612 -0.666591 -0.554906 -0.647399 -0.998338 0.809354 -0.232861 1.579728 -0.524617 0.730872 -0.339874 -0.247840 -1.410774 1.421281 -0.703780 -0.281624 0.320446 0.143791 1.768335 0.254226 0.306560 -0.804382
50 -0.873350 -0.758100 0.557936 1.101024 0.593472 0.423600 1.730502 -0.616975 -0.393461 -0.872211 -0.781299 -1.121233 1.282304 -0.171772 1.433356 -1.156846 -1.111989 -1.610233 -0.141841 -0.634881 -0.652304 -0.157568 0.283183 -0.424863 -0.519640 -1.975901 0.369762 0.006228 -1.767863 -1.192579 -0.726307 -1.029936 0.635410 -0.256577 -0.274026 -0.614877 0.033477 -0.516405 0.293662 0.094460 1.801725 0.010471 -0.246460 -0.660589 0.303212 -0.952342 0.095726 1.196235 0.227751 -0.549571
51 0.620347 1.486084 0.810563 -1.476190 0.362127 -0.841645 -1.855329 -1.903392 -0.178799 -0.534805 0.294851 -0.734983 -0.135555 -0.607952 -0.921001 1.499439 -0.567596 1.307741 0.633925 -1.421294 1.159412 -0.572420 -0.277185 -0.251731 -0.084731 1.387985 -0.004965 0.054627 -2.132114 0.767540 -0.646125 -0.662622 0.964117 0.364282 -0.358953 0.454358 0.900076 -0.504519 0.615255 -1.292079 1.532128 -0.773703 1.587237 0.963395 0.523176 1.500282 0.116760 -0.798542 0.679432 0.662205
52 0.210644 -0.044544 0.601355 -0.959600 -0.001326 -0.943527 0.168386 -0.955470 -0.873337 -0.239780 -0.095387 -0.885895 -0.707418 -2.320856 1.050920 0.789810 1.205420 -1.575604 0.551039 1.580268 0.004503 -0.138524 1.695671 0.385087 -1.742920 1.039656 -1.375920 -0.771149 1.369257 0.764514 0.644107 -0.375967 0.477704 -0.583867 -0.246688 0.827272 1.798183 -0.233601 1.479925 0.961444 -0.472023 1.065668 -0.607621 -0.719084 0.598719 -0.848468 -1.634807 -0.682299 -2.829392 -1.301128
53 -1.319731 -1.188856 -0.596629 0.862164 0.042120 -0.521718 1.037817 -0.084445 0.078778 0.876703 -1.348259 0.697651 0.091394 0.122133 1.178160 -0.283176 -1.205471 -0.445849 -1.610355 -1.031972 -0.209544 -1.078130 -2.958871 2.401255 0.223054 0.484415 1.430187 -0.420202 1.290914 -1.585198 -1.481141 -0.381701 0.067968 -1.395955 -0.177198 1.897721 0.781257 -0.424259 -1.274025 -1.748865 1.661345 1.474902 -2.101961 0.502231 1.541866 -0.846608 -1.250793 -0.825758 0.761467 -0.990963
54 0.522127 0.303632 1.406273 0.319998 0.071101 0.346643 0.199789 -0.100261 0.579063 1.325584 1.269328 0.850088 -0.111432 -1.425580 0.315286 0.231843 0.207907 -1.659400 -1.368546 1.060704 -0.122385 -2.501779 -1.397260 -0.585252 0.898269 0.353281 0.485871 0.213895 0.138349 -0.160734 1.242450 -0.730199 1.200669 2.391657 0.925202 0.634372 -1.616914 0.140649 -0.075924 -0.040612 -1.004398 -1.034439 -0.740086 -0.481581 -0.257740 0.306480 -0.420218 2.117324 1.185652 0.362465
55 -2.764862 -0.170216 0.488622 -3.091393 0.294183 0.552417 -0.214274 -0.895716 -2.431296 -0.099851 0.131549 -1.862223 0.075845 0.038943 2.119594 -0.209705 0.295324 1.449043 -0.613911 0.456934 1.130428 0.010389 0.280091 -0.509617 1.355433 2.214524 -0.761759 -1.123283 0.123377 -2.652174 0.284630 -0.630046 0.946209 0.256729 0.385168 -0.542929 2.038455 -0.758147 -0.142126 0.813281 -1.352329 1.083637 -0.808204 0.939766 -0.969169 -0.156461 1.152695 1.532197 1.235337 2.011481
56 -1.537882 1.217651 -0.020894 1.328538 -1.593545 -1.380717 1.390955 -0.944941 -0.174426 -0.247264 -0.474479 -0.383250 2.161363 0.628009 -0.130940 0.070915 -0.708892 1.374157 -0.414664 -0.878809 1.882489 -0.494043 1.189385 0.897598 0.441799 1.092290 -1.669762 0.420388 -2.110798 -0.329038 -1.387730 -1.244544 1.370978 -0.624634 0.710398 0.605210 -0.076423 0.543912 -0.524842 0.483185 0.117635 -1.194018 0.251357 0.965723 -0.537021 -0.756417 -1.016562 1.792437 0.852923 -1.137387
57 0.856729 -0.460710 -0.591133 0.484456 -0.331776 -1.138922 1.149011 1.124495 -0.151563 0.268362 -0.482353 -0.510506 -0.152738 1.684455 -0.587452 0.423322 0.582244 -1.634356 -0.312206 -1.038542 0.401107 -1.134431 0.366409 0.246017 -0.377553 0.170225 0.933968 -0.989860 -1.035195 -0.702922 -0.084173 -1.306892 -0.455308 1.903807 0.903327 -1.092632 2.443306 -0.303673 1.290217 -2.270294 0.885703 1.911124 0.021935 0.773924 0.440247 -0.660313 1.948802 1.216669 -2.730287 0.985567
58 0.050087 -0.472081 0.640807 -0.733547 -0.012492 1.192248 -1.891344 -0.894907 -0.967726 0.726427 -0.270830 -0.033433 -0.517449 -1.525148 0.585570 0.891156 0.355799 0.168001 -0.530323 2.234191 0.212936 -1.148921 -1.092366 0.295595 1.616667 1.608302 0.963808 -0.206906 0.303329 0.129303 0.431928 -0.090022 1.621265 1.524291 1.747481 0.256706 -2.469639 0.242796 1.249289 0.790879 -0.356965 -1.122910 -0.124015 -0.600818 -0.473503 1.736744 0.354961 -0.621255 -0.994955 -0.390421
59 -1.508171 -1.113478 -0.482453 -0.062372 -0.510980 0.641876 -1.356029 -0.963156 -0.933181 -0.697937 -0.620680 1.580658 -1.293168 1.850960 -0.439760 -0.458183 0.730660 -0.761342 2.492129 0.287449 0.388921 -1.937953 0.220907 0.523612 -0.255822 0.380335 2.237951 -0.346388 0.363909 1.322221 1.115542 0.826208 -0.501411 -1.530193 -0.052883 -1.792998 -0.023301 -2.114767 1.025906 -1.529390 -0.665573 -0.031797 0.463277 0.290486 0.403865 -0.137495 0.186777 0.546967 -1.087513 -0.269044
60 -0.252429 -0.314175 -0.121756 -0.689747 -0.737097 -0.200915 0.119057 -0.778543 -1.176331 -1.891023 -1.744151 1.276756 1.818532 0.645699 -0.918803 -1.379502 -1.138729 0.428612 -0.472933 0.064427 1.498006 -0.255633 -0.337312 0.037354 -0.987721 -1.091248 0.600377 -0.803549 -1.420753 0.766967 0.408559 0.648553 0.397147 0.577088 -1.800661 0.898893 1.354663 -0.022890 -1.156798 -0.327026 -1.271593 -0.533400 1.851534 -0.783151 1.539218 -0.500999 0.773905 1.318152 -0.085704 0.432380
61 1.444628 -1.481370 -1.067216 -0.382477 0.011037 -0.989667 -0.227557 -0.620806 0.839113 -0.525746 -0.418280 -0.547624 -0.302962 -0.254710 -0.269519 1.881032 0.859543 -0.277465 1.103706 0.305973 0.764224 1.795583 0.833823 -1.370608 -0.877002 0.847897 -0.073757 -0.949674 0.989788 0.069170 0.678177 -0.021077 1.319250 0.567070 -0.834815 -0.772864 0.780374 0.828509 0.711800 0.469777 1.167826 -0.253391 -0.187866 0.680588 -1.219826 0.276437 -0.956251 -0.294229 0.082365 2.694802
62 -0.376217 -0.722494 -0.236403 0.405449 -1.093366 0.463005 0.619182 -1.593299 0.095640 -0.265928 0.145433 0.029158 -0.997433 -0.979759 -1.006773 0.280924 0.170262 1.595506 -0.077315 -0.042940 -0.520653 0.017629 1.279075 0.167310 -0.397971 0.269915 -1.296630 -0.609807 0.196383 1.122739 0.794878 0.699120 -2.209275 0.234085 -1.297074 -0.501769 -0.486099 2.429975 0.141925 0.094113 0.409207 -1.313312 1.089066 -0.704522 -0.371514 -0.583051 0.164357 -0.137108 0.012674 1.901058
63 0.422823 0.532379 -0.673025 -0.478212 0.566544 0.635239 0.339426 -2.278241 -0.936188 -1.305164 0.076849 0.055716 0.229901 -1.094053 -0.138674 -0.443337 1.549444 -1.664248 1.705120 -0.146654 0.526028 -0.451404 0.163003 -1.160076 -1.283694 1.390395 -0.168836 -0.411729 -0.259072 2.892119 -0.382840 1.234493 -0.656464 -0.874396 -1.687157 -0.827286 1.150183 -0.375008 -0.707783 0.649579 0.869196 0.425351 1.610131 0.965737 -0.409100 0.052370 -0.945953 -0.937630 0.057722 -2.066266
64 0.845548 -0.908250 -1.013360 -0.212179 0.251922 2.293666 1.263774 -0.320878 1.749162 0.018318 0.339337 0.836485 -0.186996 0.764143 1.685115 -0.152002 1.236291 0.284711 -0.109613 -1.292443 -1.838212 -0.282228 -1.152669 -0.926293 1.279589 -0.830521 -2.643196 1.284572 -0.503504 -1.294566 0.276544 2.123264 -0.677631 -0.584316 0.939434 1.276386 -1.256421 -0.335592 0.379566 -0.896048 -1.283947 -0.449640 -0.732293 -0.459826 0.582450 -0.879757 -0.186140 0.551317 0.280642 0.448654
65 -0.494914 -1.773726 0.400691 -0.466227 -0.128380 0.927764 0.875468 0.396957 0.290630 -1.398124 -0.439782 0.387535 -0.030855 1.154697 -1.829949 -0.244638 0.134689 0.134120 -0.935157 -0.073365 1.067953 0.788116 1.217015 -1.317523 1.639771 -0.426607 0.777529 -1.233960 0.314801 -1.287241 -0.138355 -1.488186 -0.886873 -0.668614 -0.219469 1.051349 -1.090884 -0.214024 0.915701 1.518401 2.743111 -1.277684 -0.471834 -0.762442 0.586685 0.471448 0.543815 -0.409159 -0.047426 2.362336
66 -2.132014 -1.706547 -1.710922 0.052712 1.241051 -0.957646 -1.045259 -0.959142 -0.283073 -1.493497 -1.421492 -0.293496 -0.076404 2.074518 -0.285946 -0.154694 -0.165534 0.704849 0.046922 -1.672191 0.710941 0.161630 0.367392 -1.589939 0.074390 -1.138721 -0.375658 -1.279230 -1.692307 0.120426 -0.558049 0.107107 -1.286946 0.246826 -0.921299 -0.998201 0.508422 -0.829842 -0.278590 1.009130 0.504427 0.249273 0.043356 -0.944019 -1.353430 0.727175 0.513414 -1.310547 0.324120 1.189002
67 0.187866 -1.830791 0.290194 0.995543 0.238099 -1.190679 -0.179800 0.083436 0.070325 -1.730681 -1.620951 -0.625481 -1.035691 1.023547 1.087151 0.238226 -0.444959 -0.261732 0.303874 -0.685320 -1.945099 -0.946363 -0.320054 0.612647 1.261786 -1.082541 -2.502975 -0.806409 -1.197666 -0.721210 -0.837073 0.604377 0.537431 1.461848 -0.870241 -0.795651 1.033703 -1.022884 -0.411751 -1.554530 1.183536 -0.407808 -0.111620 0.166983 -0.105158 1.396940 -0.412815 -0.917750 -0.226056 1.783507
68 -1.320428 -0.408864 -0.637411 -0.506282 -0.820691 0.306096 1.603490 -0.119195 -0.733953 1.813031 0.133104 0.775599 -0.978278 1.256657 -2.462332 -1.574472 -0.784525 -1.107709 0.092393 0.446184 -0.499460 0.428745 1.154018 2.002679 -0.480179 0.411506 -1.858678 -1.197902 1.430716 0.276171 -0.184630 -0.810116 -1.619801 0.596573 0.846296 0.164871 -0.178707 0.916195 0.474468 1.488072 -1.258194 -0.701334 0.170394 1.479967 0.613555 -1.253151 -3.654592 -0.069980 0.272925 0.062648
69 0.365594 1.085712 0.372955 -0.942333 -0.793144 -1.229294 1.403181 -0.156466 -0.008218 -0.744033 0.667451 1.864824 0.750693 0.415728 -1.412580 -0.004802 -1.805424 -0.122862 -0.515844 -0.941180 1.018300 -0.491335 0.197736 -1.718088 -1.723184 -2.711567 -0.591925 0.715820 0.293423 -1.496070 -0.320622 -0.061611 1.565217 1.564855 1.302328 1.859586 0.091469 -0.724875 0.757068 0.173837 -0.425268 0.490070 -1.382046 -1.741018 -0.240257 0.722793 -0.376808 -0.772260 0.638090 0.758060
70 2.069046 -1.795668 0.510197 -0.770486 1.750587 -0.797932 -0.608091 0.382417 -0.329846 -0.039989 0.921718 0.066282 -2.325767 0.273356 0.454241 -0.659906 -1.066587 0.664820 1.456663 -0.022468 1.148499 1.011475 0.144424 -0.426873 0.771712 2.036253 0.075961 -0.384181 -0.186677 0.172598 -0.042228 0.757682 -0.303883 0.182553 -1.543262 0.033304 -0.792993 0.308144 -2.169946 0.051965 -1.170344 0.052943 0.249946 0.031014 -0.462207 -2.232173 -0.052623 1.729253 -1.578296 -0.629766
71 -0.492604 0.428215 -0.174474 0.623846 1.236686 -0.110269 1.241332 -1.603769 0.177287 0.242129 -1.033941 0.949123 -0.359774 -0.024926 -2.026784 0.771022 -1.673813 0.039161 0.116008 -0.319861 0.585086 -0.488562 1.033784 -0.568906 -0.833025 -0.890214 -1.175006 -0.275444 -1.566552 2.540494 0.674839 0.973076 0.582708 1.394379 -2.397892 0.557163 0.772419 0.984026 1.350304 0.127327 -0.392979 1.040057 -0.924598 -1.462022 -0.625722 2.226049 2.599567 -0.443798 0.742316 -0.961077
72 -0.672094 -0.387548 -0.188412 0.229754 0.605944 -1.464703 -0.407373 -1.597195 -1.488091 -1.298959 1.487440 -2.216829 -0.570569 -0.605636 -1.622000 -0.504697 1.060122 0.608415 -0.237598 -0.484873 1.694862 -0.637836 0.389341 -1.229399 -0.340127 0.375087 0.853465 -0.408281 -1.607745 0.355354 0.702038 -0.672891 0.121291 0.586604 0.173869 -0.025091 -0.811738 0.064997 0.504441 1.487727 0.004555 1.708035 -0.715348 0.952061 0.982896 -0.012895 0.140876 0.494511 0.778286 -0.368147
73 -2.106780 -0.689503 1.358115 -0.141098 -0.574706 -0.147557 1.011490 -0.024534 -1.489874 0.788920 1.748560 -0.286632 -0.233476 0.694164 0.060107 0.475639 0.811445 0.991156 0.261187 0.763429 -0.409493 -1.485629 0.428246 0.106773 1.096194 -0.612287 0.069726 1.012009 2.039828 0.309517 -0.425339 0.781974 -1.836211 -2.089135 -1.834896 0.389484 1.489121 0.449474 0.726067 -0.504180 1.528765 0.305218 1.309516 -0.911644 0.507695 0.187633 -0.615442 0.859145 0.641846 -2.177837
74 -0.935800 0.442659 -1.047239 0.048281 -2.021760 0.115963 -1.842917 -0.637691 -0.778819 0.106377 0.896945 0.819314 -1.583813 -1.300221 0.091834 1.024969 0.197015 -0.011652 1.111356 1.106996 2.120527 -0.007427 -0.417591 -1.052770 0.159750 -1.521203 0.986470 -1.530351 -0.547926 0.104914 -0.786004 -0.323140 1.855306 -0.542473 1.112449 -0.808010 -0.501727 -0.297339 -1.709120 -1.452389 -1.386568 -1.149427 -0.872569 -0.448212 0.014943 -0.317451 0.846053 1.820840 0.534031 0.698240
75 1.748178 -0.316196 1.019380 -0.820074 0.455901 -0.335012 0.617081 2.287492 2.760883 -0.497826 0.140193 0.266157 -0.599111 0.148596 -1.109928 1.891668 -0.898055 -1.802440 -0.274522 -1.727987 2.598908 -0.218263 -1.801437 0.182481 -1.853497 0.387794 -1.428467 -0.064026 2.116827 -0.170830 0.257270 -0.912509 -0.141494 0.053245 1.152143 -0.348367 0.117542 -2.207996 -0.168216 -1.954422 -1.169432 -1.444079 0.092096 0.436070 0.653410 -1.533843 0.205694 -0.253440 0.177723 -0.596362
76 2.682670 -0.031613 -1.772100 -1.497261 0.770676 -0.330871 -1.281494 0.254855 -1.569047 -0.465488 -0.840076 -0.372826 -0.177418 0.253861 -0.544893 -1.891951 1.272470 -1.353339 0.537099 1.595698 0.799514 0.578479 -0.133326 -0.407064 0.055674 -0.714872 0.549789 0.002910 0.648074 1.485687 -0.337629 -0.462328 0.772494 1.099785 -0.855427 -1.437779 0.768217 2.189318 -1.602109 1.258650 0.621454 -0.311866 2.081908 -0.008314 -0.900835 -1.710971 0.876166 0.627200 0.800891 0.638041
77 0.595386 -1.756764 0.927228 -0.566225 -1.107311 0.258468 -1.026160 -0.462523 0.072676 1.032573 1.804332 0.706526 0.994133 0.409542 -0.819586 0.767115 1.288145 -0.218092 1.158148 -0.235347 -0.065277 -0.122035 1.084563 1.621034 -1.170294 -0.979660 -0.224528 -0.299655 -1.232868 -2.009948 1.304677 -1.067143 -1.502976 1.056167 -0.534264 -1.175718 0.770095 0.903107 -2.159856 -0.025842 0.462076 -0.313976 -0.105195 1.358830 -0.498245 -1.299747 -0.561431 0.146000 -1.142414 -0.385849
78 -1.840364 -0.538977 0.671904 -1.282783 -0.185312 -1.044245 -0.279458 -1.205304 0.583592 -1.196937 0.355868 0.912159 -1.217403 -0.843252 1.261849 0.194039 0.103469 1.173250 -0.516674 0.040435 1.068508 -1.060638 -1.069316 -0.836041 0.668530 -1.115508 0.726421 2.134162 -0.713386 -0.818484 -1.848671 1.365059 0.193259 0.337202 -0.153206 -0.031708 0.762289 -2.169750 -1.883997 0.517326 0.969511 0.167423 -0.160576 -0.151400 -0.181059 -0.204567 -1.583819 1.724451 -0.314040 0.336764
79 -0.283356 0.065684 0.742931 0.221966 0.240227 -0.718691 -0.161441 1.240425 -0.505850 -0.158383 -0.004288 -1.127917 1.103108 0.614356 -0.810535 1.258825 1.580324 1.553867 1.492366 0.173662 0.193455 -1.501245 0.999504 -0.817926 0.341539 0.943311 0.777608 -1.630070 -1.573170 -0.247511 0.458989 0.956004 -1.694972 0.628607 -0.162243 -1.907378 -0.788426 -2.000275 0.464325 -0.209040 1.191247 0.352935 0.527639 1.587058 -1.195592 0.844005 0.872778 0.306139 -1.895340 0.925201
80 0.579619 -0.310694 -0.615362 -0.319846 0.913344 -0.695840 -0.352479 0.077114 0.999448 -0.161952 0.412521 -0.672544 0.673932 0.312739 0.286235 -1.189275 -1.007428 -0.534929 0.611535 -0.435201 0.830138 -0.065305 -0.243052 -0.719014 0.725075 0.357055 0.936955 -1.497856 -0.200633 -0.846170 0.229606 -0.623453 1.199450 0.089501 -1.399140 -0.348355 -0.026220 0.190148 0.169230 -0.038786 -0.577029 0.756750 1.507787 1.539647 -0.266506 -0.285477 -0.614584 0.754502 -0.194138 -1.169736
81 -0.283844 -0.585402 1.078152 0.779565 0.539592 0.887314 -2.300888 1.652456 -1.595481 -0.041918 -0.814862 0.350837 0.566376 -0.224619 -0.856969 -0.027522 0.574300 0.039475 0.320833 1.163095 -0.390465 0.179412 -2.600424 0.562050 -1.064350 0.703148 0.631415 -0.890036 -0.684033 0.527795 -0.256479 1.713704 0.901593 0.235524 0.502707 -0.913894 1.198897 -0.152253 -0.237069 0.961275 0.609563 0.519813 0.142141 1.215377 0.923648 0.460490 -0.265670 -0.348351 0.248555 -0.433666
82 -0.931914 -0.431272 0.641040 1.486885 -2.702944 0.031957 1.164158 -0.931167 -0.139973 -0.974783 -1.102858 2.541961 0.612976 0.402245 -1.040681 -0.918431 -0.211504 0.675405 -1.021854 1.939837 0.288954 -0.511295 -0.174284 -1.182044 0.583592 -0.044331 1.572188 -0.056264 1.799124 -1.177435 0.345385 0.640021 0.554712 -0.617707 0.278700 -2.867365 -0.364061 -1.845931 -0.101521 0.261164 0.451931 -0.994483 0.984824 0.122029 -0.368326 0.144003 -1.477541 -0.679053 0.102519 0.491161
83 0.064437 -0.678823 -0.252605 -0.481619 -1.482078 -1.537386 -0.104161 -0.408941 -1.276972 1.610481 -0.851187 1.738640 -0.070144 -0.639536 0.128850 -0.213802 -1.665354 1.332417 1.853890 -0.892069 -1.110518 0.333328 0.665957 -1.471188 0.025497 -0.296270 1.160561 -0.272371 1.247355 -0.592048 -0.276095 1.097184 -0.845307 0.348095 0.743373 -0.006803 0.451869 1.814253 0.628543 0.632029 -0.121566 1.513724 -0.744941 0.513764 0.421535 -0.470923 -1.288563 2.195506 0.984797 0.828220
84 -0.680724 0.752761 0.536065 -1.135019 -1.790636 0.591919 0.672092 0.556013 -1.000031 -0.089821 -0.543680 -0.121779 0.063208 1.487827 -1.058063 -0.856000 0.165086 0.244122 -0.067801 -0.325296 0.094205 -0.811111 -0.311909 0.219515 -0.344726 -0.613040 1.094192 -2.348173 1.328055 0.088078 -0.628435 0.033378 -0.633757 -0.275287 2.110428 -0.023693 1.396507 0.924387 -0.573687 -0.034989 0.256470 1.239585 -0.914082 0.761554 -1.461714 1.484182 -0.753221 -0.802322 0.492731 -0.731279
85 2.613803 -0.818781 1.111036 -1.047316 -1.360924 -1.188580 1.282011 0.330155 -1.220103 0.732770 0.706921 0.719496 -1.102749 1.000828 -0.449861 -1.103850 -1.138325 1.607435 -1.669876 -2.315542 -1.024543 0.171719 -0.213534 -0.150856 -0.938659 -0.622708 0.355475 1.124906 -0.543782 0.753001 1.816014 0.875965 0.356059 0.625862 1.309529 -1.124617 -0.234625 -0.608717 -0.446821 -0.837072 -0.704833 0.548281 -0.222172 0.435725 0.891640 0.750930 1.708233 -0.432704 -1.863299 0.872139
86 0.790546 -1.104414 -0.633931 -0.273871 0.134619 0.482114 0.191427 -0.613749 1.196543 0.090714 1.340009 1.182702 1.317445 0.812081 0.602972 -1.099980 -0.202666 1.101509 0.595460 -0.979978 1.207193 -0.120280 1.190120 0.128185 -1.459442 -0.081226 0.610077 -1.584418 -1.285650 -2.168222 0.274813 0.865356 0.864941 0.987361 -0.362878 -0.246923 -0.153388 0.940659 -0.802758 -0.273717 -0.508217 1.388986 -0.934501 0.196478 0.191540 0.006034 0.082999 2.238015 -0.009858 -1.761705
87 -0.325444 -1.255467 2.636170 -0.672666 -0.389889 -0.692331 -1.074043 -0.554786 -0.467697 0.257711 1.567689 0.444334 1.023819 -0.966169 1.266511 0.852303 0.580715 -0.704777 -0.789982 0.619899 -0.226216 -1.880262 -0.389225 -0.214895 0.742524 -0.374757 -0.422786 1.697729 -1.881453 -0.881712 0.685678 -1.077905 0.577909 0.653750 0.886663 1.470170 -0.269774 -0.578644 -0.744078 0.607643 -0.237290 0.778947 0.534838 0.073603 0.707182 -0.150808 -1.024230 -1.360388 1.845728 -0.476915
88 0.649425 0.695097 1.314286 0.412886 1.563412 0.388060 0.690425 -0.017231 0.755200 1.486244 0.141435 -0.439712 -0.508434 -0.086310 -0.457488 -0.049037 -1.106256 0.648349 0.375465 0.076532 0.128647 0.026312 -1.022889 0.449226 2.262018 0.113955 -0.158310 -0.510882 0.249127 1.349441 0.525298 -0.901288 -0.872823 -0.050876 1.231465 -0.270194 -1.893629 -0.574943 -0.070991 0.516653 -0.005304 1.325312 0.563123 -1.191795 2.172094 1.031170 0.894865 2.171052 -1.534177 0.173250
89 0.055081 2.305941 -0.682167 -0.691256 0.681410 -0.307619 0.789695 -0.737443 0.266188 0.832322 -1.442341 0.267455 1.337995 -1.040393 -1.231342 -0.989054 -1.471796 -0.608877 -1.715262 -1.324697 -0.517139 -0.933925 -0.454912 -1.112642 0.577043 0.069561 -2.345746 1.851961 -1.092419 -0.209644 -0.853598 0.506508 -1.141547 1.325309 -0.828438 2.450001 0.408914 1.978103 -1.065347 1.250026 -1.282615 0.137684 1.174606 -0.683930 -0.736511 -1.007571 0.287417 1.728927 1.367939 0.218730
90 1.204702 0.735249 -1.683014 0.238602 1.360988 -1.578520 1.153713 -0.462293 0.207612 0.471140 1.230735 -0.792705 -0.572413 -1.803333 1.170624 -0.542342 -0.689229 -0.066734 1.913613 -0.048681 -0.517373 2.168436 0.958557 -1.102773 0.144885 -0.004923 0.675325 0.616438 -1.099627 -1.016379 -0.130703 0.723543 -0.330619 -0.244088 -2.265367 -1.403188 -0.447850 1.109906 -0.145617 -0.420210 0.906411 -0.194617 -0.362924 1.095671 0.863945 0.103893 0.658290 -2.450838 1.375711 0.946502
91 0.685201 0.207699 0.087524 -0.467611 -0.315376 -0.523394 -0.530478 0.961536 0.284626 0.167318 -0.474208 1.011898 1.932618 0.041488 -0.839637 -0.508786 -0.663961 1.267879 -0.013442 0.438909 -0.851279 -1.722746 0.586073 -0.751107 -1.399672 0.557805 0.645276 0.075305 -0.172685 -0.928200 -0.197267 -0.097178 -0.704326 0.151952 -1.076810 0.408115 0.532886 1.218915 -1.119765 0.343348 -0.255451 -1.437328 1.496804 0.385438 -1.003107 0.272437 1.186514 -0.112519 0.792225 -0.826198
92 -0.712019 0.886747 -0.178078 0.353119 1.339072 -1.401890 -0.100905 0.377180 0.038367 0.216569 0.294556 1.275609 1.337946 -2.090683 0.957603 -0.640406 -0.670822 0.166806 -0.276643 -0.225403 -1.532812 -0.495217 0.900281 -0.015640 0.100004 -0.254455 -0.985187 0.783996 0.493782 1.710091 0.664647 0.533250 0.387175 0.663001 1.145475 0.193143 -0.846330 -1.138725 0.991253 0.174999 -0.533981 -0.705925 0.351365 0.656296 0.032915 -0.244854 -0.988718 -0.719578 0.016702 -0.939543
93 -2.812121 -0.786661 -0.381362 -0.053542 0.431545 -0.450698 0.310521 0.213969 0.483267 2.470320 0.804190 -1.398994 -0.798266 -0.753893 1.196626 -1.645913 -0.532328 1.095460 -1.177752 0.826736 0.426709 -0.427037 -0.121673 -0.573900 -0.373893 -0.180983 -0.348397 -0.170369 -0.470896 1.265755 -0.627176 1.101118 0.293727 0.043658 -1.332726 0.999019 -0.110214 -0.270422 -1.148041 -1.178048 -1.057562 -0.710195 -1.981624 1.115098 0.969150 0.239001 -0.846556 0.158942 0.394778 1.523618
94 0.200539 0.012876 -1.687119 -1.655318 0.320279 0.925796 1.305173 -1.809800 0.238751 -2.378132 -0.575285 -0.470069 -2.506100 -1.138081 0.364004 -0.245951 0.059090 -0.749012 -0.337399 3.486411 -0.101367 0.430311 -0.131347 1.734390 0.582243 -0.529524 0.862632 -0.676854 -1.262370 1.335170 0.881374 -0.056138 -1.547082 -0.093404 1.073525 -0.049047 -0.151326 0.003084 -0.194667 0.017761 -0.750910 0.580803 1.204937 -0.736114 0.441525 -0.845457 3.235043 1.355993 -0.673306 -1.349916
95 -0.168508 0.974985 -0.062731 2.910884 -0.245954 -1.342019 1.323914 -0.081914 0.616883 0.519717 -1.147454 -0.509669 -2.032316 -0.063606 -0.613071 -0.662424 0.434370 0.107105 -0.583745 0.733296 0.320036 -0.544836 0.210482 -1.481036 0.424729 1.591414 0.001052 0.590398 1.640782 -1.118485 -0.374771 -0.429807 0.329971 -0.559071 0.336267 -0.124576 -0.520860 -0.323103 -1.242974 -1.598089 0.460567 0.294551 -0.815193 -0.684455 0.961586 0.432413 -1.040860 0.860868 0.065618 -1.071928
96 0.416332 0.920448 0.537914 0.347927 1.667112 -0.104490 1.670747 -0.277373 0.158641 1.541866 -1.267849 0.885619 0.620929 1.889115 -0.309583 0.761641 -1.278563 0.907020 -0.798212 -0.866469 1.410955 0.395423 -1.078123 1.142560 -0.564384 0.132306 1.071876 -0.035956 2.285326 0.450376 0.724766 0.015701 -0.058235 -1.140966 0.934190 0.108711 2.129850 0.111509 0.684566 -1.779907 -0.149830 0.159276 -0.254019 0.936038 -1.801236 -0.826617 -0.931764 0.321854 -0.669078 -0.087190
97 -0.594744 -0.766999 -0.889633 -0.396399 -1.262879 -0.639797 -1.580982 1.372581 2.369919 0.482058 -1.023762 -0.735424 0.849231 -1.477245 -2.099327 -0.439232 0.384067 0.249032 1.642842 -0.313252 -0.517702 -1.541268 0.517849 -0.691807 -0.290329 0.299244 0.601316 0.182238 1.823091 -0.519283 1.949973 -1.505186 -0.166159 -0.656368 1.474517 -2.142271 -0.868475 -0.019738 1.484082 -0.880915 -0.358800 -0.734249 0.802497 0.154709 0.153209 -1.458651 -1.478361 0.018970 0.767273 0.517064
98 -0.822983 0.219797 0.665749 -0.085705 0.693766 -0.090726 -0.536370 0.492687 -0.772875 -1.033526 -1.099770 1.190920 -0.255875 -0.961325 -1.861245 1.078340 0.751951 -0.024799 -1.048627 -1.143699 0.862586 0.436759 1.446519 -2.666081 -1.321515 -1.429592 -1.421295 0.337192 -0.398222 0.326669 0.169773 1.411823 0.212603 3.107691 0.000758 0.641192 1.100292 -0.654586 -2.848323 0.097217 0.829346 -2.632746 1.262992 -1.231707 2.058960 -0.669482 0.868019 0.454445 -1.183271 -0.695739
99 -0.104923 0.968139 1.812772 1.206730 1.699080 -1.760433 -1.019673 -0.298235 -0.075490 0.783314 -0.790981 0.852346 -0.434117 1.082282 0.023200 1.543689 -0.493043 0.120623 -0.943751 -1.066629 0.308291 -0.551653 -2.089548 -0.760472 -0.086245 2.883303 -0.031245 0.544740 0.505498 0.207517 -0.072122 0.946387 -1.035773 0.768444 0.196408 -0.241043 1.337868 -0.060064 -1.209197 0.096069 0.496397 1.144637 1.460977 -1.052983 -0.453865 0.704540 0.868223 2.459175 0.824541 0.905584
END
#################################################################
SECTION3 (Edges Information)
EndPoint0 EndPoint1 Weight
0 1 1.000000
0 9 1.000000
0 10 1.000000
0 90 1.000000
1 0 1.000000
1 2 1.000000
1 11 1.000000
1 91 1.000000
2 1 1.000000
2 3 1.000000
2 12 1.000000
2 92 1.000000
3 2 1.000000
3 4 1.000000
3 13 1.000000
3 93 1.000000
4 3 1.000000
4 5 1.000000
4 14 1.000000
4 94 1.000000
5 4 1.000000
5 6 1.000000
5 15 1.000000
5 95 1.000000
6 5 1.000000
6 7 1.000000
6 16 1.000000
6 96 1.000000
7 6 1.000000
7 8 1.000000
7 17 1.000000
7 97 1.000000
8 7 1.000000
8 9 1.000000
8 18 1.000000
8 98 1.000000
9 0 1.000000
9 8 1.000000
9 19 1.000000
9 99 1.000000
10 0 1.000000
10 11 1.000000
10 19 1.000000
10 20 1.000000
11 1 1.000000
11 10 1.000000
11 12 1.000000
11 21 1.000000
12 2 1.000000
12 11 1.000000
12 13 1.000000
12 22 1.000000
13 3 1.000000
13 12 1.000000
13 14 1.000000
13 23 1.000000
14 4 1.000000
14 13 1.000000
14 15 1.000000
14 24 1.000000
15 5 1.000000
15 14 1.000000
15 16 1.000000
15 25 1.000000
16 6 1.000000
16 15 1.000000
16 17 1.000000
16 26 1.000000
17 7 1.000000
17 16 1.000000
17 18 1.000000
17 27 1.000000
18 8 1.000000
18 17 1.000000
18 19 1.000000
18 28 1.000000
19 9 1.000000
19 10 1.000000
19 18 1.000000
19 29 1.000000
20 10 1.000000
20 21 1.000000
20 29 1.000000
20 30 1.000000
21 11 1.000000
21 20 1.000000
21 22 1.000000
21 31 1.000000
22 12 1.000000
22 21 1.000000
22 23 1.000000
22 32 1.000000
23 13 1.000000
23 22 1.000000
23 24 1.000000
23 33 1.000000
24 14 1.000000
24 23 1.000000
24 25 1.000000
24 34 1.000000
25 15 1.000000
25 24 1.000000
25 26 1.000000
25 35 1.000000
26 16 1.000000
26 25 1.000000
26 27 1.000000
26 36 1.000000
27 17 1.000000
27 26 1.000000
27 28 1.000000
27 37 1.000000
28 18 1.000000
28 27 1.000000
28 29 1.000000
28 38 1.000000
29 19 1.000000
29 20 1.000000
29 28 1.000000
29 39 1.000000
30 20 1.000000
30 31 1.000000
30 39 1.000000
30 40 1.000000
31 21 1.000000
31 30 1.000000
31 32 1.000000
31 41 1.000000
32 22 1.000000
32 31 1.000000
32 33 1.000000
32 42 1.000000
33 23 1.000000
33 32 1.000000
33 34 1.000000
33 43 1.000000
34 24 1.000000
34 33 1.000000
34 35 1.000000
34 44 1.000000
35 25 1.000000
35 34 1.000000
35 36 1.000000
35 45 1.000000
36 26 1.000000
36 35 1.000000
36 37 1.000000
36 46 1.000000
37 27 1.000000
37 36 1.000000
37 38 1.000000
37 47 1.000000
38 28 1.000000
38 37 1.000000
38 39 1.000000
38 48 1.000000
39 29 1.000000
39 30 1.000000
39 38 1.000000
39 49 1.000000
40 30 1.000000
40 41 1.000000
40 49 1.000000
40 50 1.000000
41 31 1.000000
41 40 1.000000
41 42 1.000000
41 51 1.000000
42 32 1.000000
42 41 1.000000
42 43 1.000000
42 52 1.000000
43 33 1.000000
43 42 1.000000
43 44 1.000000
43 53 1.000000
44 34 1.000000
44 43 1.000000
44 45 1.000000
44 54 1.000000
45 35 1.000000
45 44 1.000000
45 46 1.000000
45 55 1.000000
46 36 1.000000
46 45 1.000000
46 47 1.000000
46 56 1.000000
47 37 1.000000
47 46 1.000000
47 48 1.000000
47 57 1.000000
48 38 1.000000
48 47 1.000000
48 49 1.000000
48 58 1.000000
49 39 1.000000
49 40 1.000000
49 48 1.000000
49 59 1.000000
50 40 1.000000
50 51 1.000000
50 59 1.000000
50 60 1.000000
51 41 1.000000
51 50 1.000000
51 52 1.000000
51 61 1.000000
52 42 1.000000
52 51 1.000000
52 53 1.000000
52 62 1.000000
53 43 1.000000
53 52 1.000000
53 54 1.000000
53 63 1.000000
54 44 1.000000
54 53 1.000000
54 55 1.000000
54 64 1.000000
55 45 1.000000
55 54 1.000000
55 56 1.000000
55 65 1.000000
56 46 1.000000
56 55 1.000000
56 57 1.000000
56 66 1.000000
57 47 1.000000
57 56 1.000000
57 58 1.000000
57 67 1.000000
58 48 1.000000
58 57 1.000000
58 59 1.000000
58 68 1.000000
59 49 1.000000
59 50 1.000000
59 58 1.000000
59 69 1.000000
60 50 1.000000
60 61 1.000000
60 69 1.000000
60 70 1.000000
61 51 1.000000
61 60 1.000000
61 62 1.000000
61 71 1.000000
62 52 1.000000
62 61 1.000000
62 63 1.000000
62 72 1.000000
63 53 1.000000
63 62 1.000000
63 64 1.000000
63 73 1.000000
64 54 1.000000
64 63 1.000000
64 65 1.000000
64 74 1.000000
65 55 1.000000
65 64 1.000000
65 66 1.000000
65 75 1.000000
66 56 1.000000
66 65 1.000000
66 67 1.000000
66 76 1.000000
67 57 1.000000
67 66 1.000000
67 68 1.000000
67 77 1.000000
68 58 1.000000
68 67 1.000000
68 69 1.000000
68 78 1.000000
69 59 1.000000
69 60 1.000000
69 68 1.000000
69 79 1.000000
70 60 1.000000
70 71 1.000000
70 79 1.000000
70 80 1.000000
71 61 1.000000
71 70 1.000000
71 72 1.000000
71 81 1.000000
72 62 1.000000
72 71 1.000000
72 73 1.000000
72 82 1.000000
73 63 1.000000
73 72 1.000000
73 74 1.000000
73 83 1.000000
74 64 1.000000
74 73 1.000000
74 75 1.000000
74 84 1.000000
75 65 1.000000
75 74 1.000000
75 76 1.000000
75 85 1.000000
76 66 1.000000
76 75 1.000000
76 77 1.000000
76 86 1.000000
77 67 1.000000
77 76 1.000000
77 78 1.000000
77 87 1.000000
78 68 1.000000
78 77 1.000000
78 79 1.000000
78 88 1.000000
79 69 1.000000
79 70 1.000000
79 78 1.000000
79 89 1.000000
80 70 1.000000
80 81 1.000000
80 89 1.000000
80 90 1.000000
81 71 1.000000
81 80 1.000000
81 82 1.000000
81 91 1.000000
82 72 1.000000
82 81 1.000000
82 83 1.000000
82 92 1.000000
83 73 1.000000
83 82 1.000000
83 84 1.000000
83 93 1.000000
84 74 1.000000
84 83 1.000000
84 85 1.000000
84 94 1.000000
85 75 1.000000
85 84 1.000000
85 86 1.000000
85 95 1.000000
86 76 1.000000
86 85 1.000000
86 87 1.000000
86 96 1.000000
87 77 1.000000
87 86 1.000000
87 88 1.000000
87 97 1.000000
88 78 1.000000
88 87 1.000000
88 89 1.000000
88 98 1.000000
89 79 1.000000
89 80 1.000000
89 88 1.000000
89 99 1.000000
90 0 1.000000
90 80 1.000000
90 91 1.000000
90 99 1.000000
91 1 1.000000
91 81 1.000000
91 90 1.000000
91 92 1.000000
92 2 1.000000
92 82 1.000000
92 91 1.000000
92 93 1.000000
93 3 1.000000
93 83 1.000000
93 92 1.000000
93 94 1.000000
94 4 1.000000
94 84 1.000000
94 93 1.000000
94 95 1.000000
95 5 1.000000
95 85 1.000000
95 94 1.000000
95 96 1.000000
96 6 1.000000
96 86 1.000000
96 95 1.000000
96 97 1.000000
97 7 1.000000
97 87 1.000000
97 96 1.000000
97 98 1.000000
98 8 1.000000
98 88 1.000000
98 97 1.000000
98 99 1.000000
99 9 1.000000
99 89 1.000000
99 90 1.000000
99 98 1.000000
END
#################################################################
SECTION4 (TrueSubGraph Information)
EndPoint0 EndPoint1 Weight
30 20 1.0
20 10 1.0
20 29 1.0
29 28 1.0
28 38 1.0
30 39 1.0
39 38 1.0
38 48 1.0
38 37 1.0
30 31 1.0
END
#################################################################
SECTION5 (Labels Information)
1 1 1 1 1 1 1 1 1 1 1 1 1 1 1 1 1 1 0 1 0 0 1 1 1 1 1 1 1 0 1 1 0 0 1 1 1 0 1 1 1 1 1 0 1 1 1 0 0 1 
END
#################################################################
SECTION6 (bt Information)
5 5 5 5 5 5 5 5 5 5 5 5 5 5 5 5 5 5 -5 5 -5 -5 5 5 5 5 5 5 5 -5 5 5 -5 -5 5 5 5 -5 5 5 5 5 5 -5 5 5 5 -5 -5 5 
END
#################################################################
