#################################################################
#APDM Input Graph, this input graph includes 3 sections:
#section1 : general information
#section2 : nodes
#section3 : edges
#section4 : trueSubGraph (Optional)
#
#if nodes haven't information set weight to null
#################################################################
SECTION1 (General Information)
numNodes = 100
numEdges = 200
usedAlgorithm = NULL
dataSource = SimulationData2
END
#################################################################
SECTION2 (Nodes Information)
NodeID Base Counts
0 1.018522 -0.673642 0.472982 0.877165 -1.720692 -1.622555 0.540157 0.909900 0.581344 0.606362 -0.119541 -0.727301 -0.530011 -0.847935 -1.085370 0.070053 1.061337 1.908213 1.280670 0.456525 -1.116289 -0.305937 -0.301963 0.303180 -0.433239 0.146163 -1.390824 -0.544063 -0.200408 -0.017518 -0.128670 -0.421657 0.069472 0.840701 0.327097 1.030122 0.521289 -0.538410 0.901089 1.113792 1.718217 -0.140875 1.065497 0.928346 0.173156 0.082043 0.146006 0.147254 0.387082 -0.255893
1 -1.630561 -0.233004 -2.143097 0.069477 0.828434 0.081380 -0.240427 0.761648 0.032086 2.099383 -0.445188 1.256509 -0.951866 -1.153155 1.991383 -0.251373 -0.193205 0.311590 -0.462394 1.823621 0.584330 0.173293 0.162309 -1.073887 -2.021624 0.346357 1.518653 -0.373459 0.668857 0.907101 0.838511 0.597030 0.776859 0.875199 -0.041699 -0.800581 0.431556 0.444764 -0.282198 -1.195152 -0.635462 1.234561 0.362952 1.464488 -0.285358 -1.232164 -0.236575 -0.045645 -0.047963 -1.094255
2 1.117495 0.155944 -0.126732 0.690709 -0.401240 -1.340107 0.013807 -0.939822 0.404145 0.717696 -0.984025 1.077793 -1.093420 -0.299552 -0.800179 -0.006133 -0.470261 -0.752027 -0.424067 -0.071282 -1.828850 -1.284222 0.574002 0.884221 0.210396 -0.762973 -0.172883 -0.131351 -0.945667 -1.324605 -2.194612 -0.439643 1.557885 -0.641264 -1.102174 -0.031473 0.252067 -1.360501 0.906253 0.775793 -0.167185 -1.149099 -0.138762 -0.747943 -0.496925 0.634803 0.206769 1.296710 -0.222410 -0.037490
3 -0.362629 0.164895 0.436817 0.178407 1.041399 0.341111 -0.210288 -1.546556 -0.446608 0.513836 0.517139 0.222869 0.037342 -0.070272 0.849751 0.006397 -2.403364 -1.975231 1.360390 -2.345392 -0.718414 0.489964 0.989242 0.886534 1.005275 -2.120405 0.988063 -1.329661 -0.554419 1.869232 1.012404 -1.202723 -1.704051 0.538949 0.199405 0.762297 1.328126 0.363131 0.717323 2.125956 -0.520932 -2.369280 -1.242960 -0.444391 -0.914261 -0.773343 0.233127 -0.574862 -0.492050 -0.505763
4 0.676240 1.187191 0.198536 0.618044 -0.623039 -2.201070 -0.744142 0.510625 -0.967907 -0.440665 1.016488 -0.835708 -0.445076 -1.387772 0.150100 -0.439635 0.450634 0.324775 -1.068048 1.582001 -0.071711 0.557298 1.128545 -0.021420 -0.177513 0.140864 1.552966 0.166670 -0.381901 1.279375 -1.854834 1.715787 -0.545907 0.034483 0.171242 -0.196495 1.203022 -0.376738 1.306036 2.069892 -0.717632 0.962432 -1.320381 -0.364216 0.498720 -0.766713 -0.218607 0.586830 0.331732 1.838072
5 0.421951 1.267152 0.477574 2.632650 -0.281252 0.817103 -0.052703 -0.174345 0.297649 -0.647742 0.764351 0.384903 -0.246834 0.066856 0.062912 -1.503596 -0.664391 0.042559 -0.446362 0.486050 -0.443305 -0.075779 0.550442 -0.441879 1.180466 -0.509572 -0.398308 -0.390399 0.934537 0.202654 1.513514 0.116602 1.335924 -1.609965 -0.880833 -2.342096 -0.463226 1.185459 1.503460 0.593226 0.688193 0.848819 -1.289327 -2.028445 0.241558 0.323339 0.028213 -0.367397 -0.766196 -0.723269
6 0.862343 -0.079865 0.363806 1.359189 -0.760579 0.052312 -1.160034 0.718165 -0.264904 0.750557 2.786258 -0.432673 1.342692 1.148526 -1.116314 0.519230 -0.463879 0.629681 -1.616471 0.118726 0.342035 0.517401 -0.582773 -0.223501 -0.739555 0.938019 0.431381 0.309138 -1.592736 0.311138 -1.157216 -2.636641 -0.669429 0.272565 1.300294 -1.541916 0.653724 2.111646 -0.932984 0.692234 0.175697 0.522546 1.117863 -0.657038 0.889511 1.041842 1.225156 -0.329992 -0.127308 1.297693
7 -0.017766 1.937247 -1.761505 -1.427369 -0.200352 -0.407207 -0.675483 0.595679 1.444243 -1.397938 0.148233 0.235323 0.821304 -1.119649 0.259907 -1.228346 -0.410734 -0.220887 -0.825278 0.393614 -1.257395 -0.560532 -1.379386 1.060685 -2.106240 -0.441998 -1.186733 0.950474 -0.080010 -0.712625 -0.342784 -1.361096 -0.022603 0.833589 -0.153910 0.903264 -0.095247 0.742937 0.828487 -1.401576 2.153573 -0.667709 -0.742772 -1.158168 -0.480836 0.063480 -1.210279 0.623600 1.889222 -0.567082
8 0.783750 0.243478 0.294217 -0.722323 0.674323 0.003698 1.734356 0.634858 1.875525 0.406198 0.089154 -1.411988 1.181705 -0.943413 0.461511 -0.302975 -0.162591 0.839847 0.862388 0.485925 0.921011 -0.847820 -0.592020 0.809167 0.312787 1.007467 1.609849 -1.950759 -0.692998 1.146972 1.400245 -1.779331 -0.713473 -1.033676 -0.111757 0.459955 -0.360353 -0.016598 -0.153255 0.726250 1.257802 0.633765 -0.817688 -1.010985 0.501071 1.380155 1.553996 -1.084914 0.352934 0.199426
9 -0.882072 2.034676 0.383697 -0.245938 0.770850 -0.062930 1.555597 0.000866 1.340868 1.006858 1.370543 -0.133583 0.253976 1.486694 -0.929327 0.776376 -1.996085 0.191693 0.668989 -0.474708 2.969571 -0.719428 -0.216489 -0.354306 -1.083619 1.032809 0.477036 1.134628 -2.595279 0.715656 0.755998 0.245281 0.248878 -0.339194 0.217460 0.334010 -0.766484 -1.374883 0.010385 0.807850 1.205005 1.218927 0.043410 1.323141 -1.276673 0.731052 -0.656329 2.276010 -0.084454 -0.999459
10 0.226867 -0.119324 1.204507 0.494754 -0.361917 -0.399732 2.180724 -0.094376 -0.774715 -1.021790 -1.437784 0.917281 -0.740302 0.936437 -1.656973 -0.810023 -0.414222 -1.911688 -1.147273 -0.088603 1.862267 0.954033 -0.256512 0.696944 1.250952 -0.055688 -1.687313 -0.418427 0.072283 -1.661123 0.914323 -0.702596 -1.245361 -1.752888 -0.224588 1.042828 0.226981 0.160249 -0.153951 -0.107257 0.801368 -0.106552 0.230433 0.160727 -0.595184 -0.538589 1.284850 -1.019132 -0.748776 1.686936
11 -0.480769 -0.613195 1.319720 -0.537476 -1.521428 -2.022599 -0.511007 -0.577857 -0.471083 -0.431066 0.153070 -0.280600 0.846991 0.579210 -1.382965 -2.329124 0.089657 -2.421127 -1.591798 1.500733 -1.078853 -0.254512 0.185120 1.406462 1.075575 0.162247 -1.166781 -0.287413 -2.648618 -1.271583 0.667697 -1.850231 -0.635409 2.509263 0.801636 1.609013 0.840901 -0.693790 1.173434 0.833477 -0.575188 1.215544 1.269191 -0.448986 1.450408 -0.301797 -1.222657 3.043653 -1.313169 1.523286
12 -0.811009 0.786818 -0.627070 -1.393762 1.234784 0.198071 -0.400869 -0.999525 0.444990 -0.842880 0.515555 -1.524892 -0.158849 -0.217202 -0.182166 0.207221 -0.339579 -0.737614 0.618293 0.907386 -0.988992 0.196845 0.525564 0.051319 0.057197 -0.738518 0.485908 -1.029566 -1.394807 -1.854553 -1.148067 -1.023638 -1.135691 -1.079327 -0.190849 0.654689 -0.415623 -0.474904 0.286751 -0.087409 -0.402130 -0.561768 -0.045074 0.590063 -0.115151 0.465721 0.572202 -0.268797 -0.368434 0.228457
13 0.695251 0.078317 0.541840 0.878102 -0.510794 -0.064606 1.396557 -0.082409 0.240401 -0.579985 0.047351 -0.052907 -2.863852 -0.791296 -1.740609 -0.861187 -0.145122 -0.916248 0.981871 1.270742 2.533178 0.083782 -0.387532 1.198741 0.310034 -0.929283 0.292667 1.436797 -0.491984 -1.375220 1.120836 -1.438598 0.894720 1.412902 -0.507641 -0.957517 -1.119679 0.006660 -0.152596 -1.047251 -0.667661 1.293915 -0.802678 -0.510171 1.175549 -0.020921 -1.555151 0.901179 0.316443 -0.421910
14 -0.078684 -0.453908 0.972099 -0.581917 -1.080171 -2.709084 0.335714 -0.676699 -1.359927 -0.183930 -1.598070 -0.820756 -1.371283 0.836537 0.620652 -1.231914 0.563040 -1.223916 1.620441 1.960585 0.904392 0.685950 1.364052 -1.462858 -0.134238 0.943357 1.642090 1.201350 1.535933 -0.567670 -0.492140 0.249630 0.106441 0.987609 -1.204912 -0.581327 1.094084 -0.315015 -0.278828 -0.374841 0.522737 -1.129471 2.223771 0.383950 1.181409 2.062106 0.591042 1.575476 -0.130704 0.238545
15 -1.970060 0.744736 0.315624 -0.890521 0.427554 -0.454540 0.856486 0.051330 0.882083 0.490286 -1.270403 -0.175575 0.274763 0.239275 0.200496 1.040336 2.056677 -1.465349 1.174441 0.726563 -0.109198 -0.762325 -1.834630 1.638613 -0.610156 -1.291146 0.433669 1.031157 -0.292618 0.042167 -0.419676 1.089857 0.713332 1.861742 -0.318725 -1.123266 -2.094286 -1.208876 0.871622 0.178214 1.125628 0.959525 1.561299 0.533178 0.088416 0.460717 -0.216212 0.918478 1.862834 0.275834
16 -1.335663 -0.624832 -0.770397 -0.703114 0.476747 -0.720822 -0.296952 -0.565303 -0.150388 -1.125781 1.226372 -0.627473 -0.197239 -0.659278 -1.084868 0.795137 0.319850 -1.650265 -1.695988 1.401793 0.949681 0.010486 0.188281 0.169394 -0.634501 -0.532119 0.777231 -0.195421 -0.725563 0.154211 0.653537 1.112560 0.540281 1.708792 -2.243796 1.306523 0.858812 1.058649 0.463007 -2.148990 0.235576 -0.798434 -1.440143 -0.589739 1.427583 0.196751 -0.426747 0.164520 0.594844 -0.179637
17 0.216773 -0.470616 1.481433 0.451323 0.096054 0.096120 -0.947572 1.252287 -0.465877 -0.825016 -0.917831 0.069583 1.097440 -1.422694 -1.001515 -0.597437 -1.934818 -1.663574 0.015847 -0.848634 0.525614 1.086441 1.427113 -0.139910 0.372998 -0.570807 1.397281 -0.694552 0.281991 0.835572 -1.361289 1.060426 0.031578 0.306947 0.075734 0.262685 1.364120 -1.829589 0.849605 0.868757 0.939868 0.880800 -0.135748 -0.428661 0.562989 0.561184 0.138987 -0.649441 -1.247857 0.138302
18 -1.174769 -0.204048 0.356811 0.186020 0.046126 -0.623016 -0.224083 1.588591 -0.667228 1.868666 -0.480890 0.820883 0.898682 -0.986290 1.226737 1.864721 -0.064702 0.405012 0.875016 0.304688 -0.633479 -0.960845 0.721064 0.449349 -1.806148 -1.294857 -0.170643 0.599559 0.394933 -0.553787 0.549223 0.565202 0.833908 0.927104 0.331555 -0.285031 -0.110607 -0.913060 -0.031816 0.537963 0.327015 -0.095261 0.323192 -1.784135 0.066913 0.934756 0.688619 0.869839 -0.205881 -1.207341
19 -0.553566 -0.412134 -0.339625 -0.758051 -1.470148 0.245633 0.498918 -1.546020 1.578931 -0.751121 -0.814201 -0.547067 0.186714 0.284389 -1.247022 0.393680 -0.599619 0.384656 0.543349 -0.218260 0.743029 0.432307 1.824702 -0.520191 -0.405901 0.040402 0.119500 -0.937500 -0.500416 -0.034865 0.397815 0.313899 0.531166 -0.063239 -0.347268 -0.879521 -1.453466 0.676981 0.757124 -0.131313 1.095363 1.514549 0.346547 0.067416 1.514712 1.381945 -0.269304 -0.247200 0.448039 -0.707409
20 -2.302169 -0.062001 0.744429 2.037283 -0.827793 -1.296968 0.261598 -0.205166 0.556141 -1.077428 0.031953 -0.731566 0.150074 0.702312 -0.101525 1.017291 -0.221068 0.203552 1.496469 1.441506 -0.641580 1.426072 -0.483154 1.286074 -0.089484 -0.130708 -0.543481 0.916521 0.094183 -0.159126 -1.178596 0.656992 1.471406 -0.242342 1.704876 0.359966 -0.268903 -2.219730 1.803609 -0.504067 -0.258305 -0.491419 0.926314 0.807931 0.176324 0.119156 -0.573469 0.352944 0.036560 1.316247
21 -1.100600 -0.996718 -0.618557 -1.018814 -0.709050 -0.663499 -0.639070 -0.975359 -1.536581 0.596964 1.765988 -0.820644 0.305266 1.777345 -1.448740 -0.779296 -1.882815 -0.689334 -1.749290 0.962576 -0.023428 -0.619376 -0.925765 0.012474 -1.579049 0.196854 -0.237787 0.019814 -2.198447 0.785316 -0.481021 -1.254045 0.471466 -0.175246 0.537526 -0.208950 1.014598 -0.907037 0.418815 -1.254151 -0.220090 0.389686 -0.697130 1.033444 0.257176 -1.420221 -0.039285 0.003824 0.160206 0.131649
22 1.522830 0.412572 -0.507422 -0.631209 0.333626 0.851242 -1.146382 0.041708 -1.592852 1.188610 -1.434663 -1.232620 1.330953 0.555551 0.731016 0.835350 -0.484361 0.901019 1.020415 -0.306029 -0.231478 -0.373020 -0.955360 0.779349 -1.162511 0.720559 -0.488461 -0.797601 0.295789 1.563187 0.857748 -1.061054 0.867897 -0.163399 1.237804 0.569613 0.499138 -0.819570 0.301419 1.714296 -0.327961 1.083450 1.603902 -1.649435 -2.400330 -1.380927 -0.073165 1.137460 -0.193824 -1.029495
23 0.438435 -0.126169 -0.681007 0.293566 -0.537854 -2.019424 0.769165 0.699297 0.034321 -2.677118 1.161247 -0.950148 1.659715 -1.035925 0.835112 0.777304 -0.435369 0.308090 0.640555 0.899266 2.340038 -1.553116 0.705677 0.422096 0.564870 0.309959 -1.008984 -0.252633 -1.215388 0.211220 -0.688192 -1.155983 -1.668857 1.212155 0.750208 -2.005951 -1.126721 -1.052252 0.388201 1.004099 0.167540 -1.428371 1.505824 -0.445770 2.670302 2.038308 1.867438 0.538759 -2.001789 0.676284
24 -1.948783 0.430035 -1.193126 -1.917177 -1.161394 1.956467 -0.802529 0.899786 -0.508366 0.095945 0.925300 -1.000003 -0.171004 -0.709861 0.781012 1.208743 -0.935543 0.366404 0.983834 0.426850 -0.473148 0.391747 1.015887 0.626206 0.860398 1.507440 0.825702 -0.676516 1.650745 0.017526 -0.015178 1.484830 -0.970084 -2.207105 -0.452459 0.949469 -0.522443 0.873568 0.014249 -1.267757 -0.718411 0.461395 1.675211 -0.042029 1.163498 -1.501608 0.169504 -0.665006 -2.189896 1.553995
25 0.442406 -0.145521 0.457126 -1.304605 -0.320317 0.962091 -1.896995 1.035223 1.130978 -0.411708 0.789354 -0.073878 -1.433308 -0.270697 0.578513 2.061657 -0.463946 0.697459 -0.360077 -0.307828 -0.713501 0.565368 -0.152185 -1.270633 -0.977579 0.575358 -0.461055 -1.080377 -0.294522 -0.045943 -0.860746 0.014052 0.121383 -0.679052 -0.652313 1.493386 1.176891 -0.722197 -2.022888 -0.108169 0.968307 0.008539 -0.229718 -0.838550 0.298795 1.285045 0.406496 -0.104968 -0.043794 0.061049
26 0.166592 -0.898936 -1.276061 -1.275684 0.780705 0.859119 1.965038 0.405107 -1.543760 0.031338 -1.722358 0.125979 0.730462 -0.088328 0.668861 -0.201541 -0.096324 1.226093 0.574270 1.167228 1.750511 0.461133 0.487745 -0.047230 -0.284004 -0.804728 -1.326908 -0.488328 -1.589742 0.386016 1.705381 1.131233 -0.738441 0.133676 -0.341705 -0.798790 -1.085662 0.125649 -1.892843 -1.121325 0.135929 -0.819517 0.854591 0.919357 -0.595574 0.270419 -0.229892 1.805789 0.967695 -0.791094
27 -1.456450 1.974462 1.403481 0.822369 -0.693803 1.938017 -1.447283 -2.109902 -0.160824 0.396522 -1.160945 1.344843 0.780567 0.498046 0.780314 -0.895687 -1.270020 -1.980006 -2.919114 0.029438 2.540016 0.742646 -0.018999 0.800746 1.205839 0.424485 -0.550425 -0.750373 0.967070 0.153955 -0.472853 -1.533116 0.686910 -0.564164 -0.564846 -0.974444 -1.194070 0.050575 0.769766 -2.856193 0.105637 -0.007920 -0.600272 1.003797 0.486775 0.416057 -0.078582 -0.590044 -0.067734 0.370675
28 -0.613230 1.754318 1.006874 1.157871 -1.844499 -0.007983 -1.052354 -1.014242 0.719255 1.055977 -0.393907 0.356870 0.402121 -0.223823 -0.034171 -0.046206 -0.867994 -2.280226 -0.266885 -0.869775 -0.691004 0.869189 0.505309 -0.765482 -1.246799 1.858164 -0.476727 -0.847853 0.043059 -0.233221 0.124577 2.168522 -0.082299 0.768061 0.012231 -0.603307 -0.906786 0.542219 0.910833 1.966132 -0.860282 2.043890 0.633970 0.007918 2.415015 -0.041270 1.321188 -0.369272 -1.099633 0.242594
29 -0.386176 1.054640 1.282949 0.005992 -0.437868 -0.981775 -0.958658 -0.883431 -0.381750 0.787590 1.999712 -0.076231 -1.187100 0.279713 -0.073348 -1.631603 1.061589 0.065083 0.842476 -0.118052 0.562467 -0.439986 -0.728681 -0.269284 -0.126656 -0.183842 -0.013027 0.155645 0.257006 -1.842970 -0.174697 0.614202 0.373854 0.911291 -0.224051 -0.242863 -1.989401 -0.206883 0.296014 -0.401457 0.041227 0.395985 0.876719 0.477592 1.540768 -0.262723 -0.016826 -1.090036 0.320820 0.339276
30 -0.949660 0.738346 -1.633260 0.126583 1.255080 0.788348 0.813974 0.692448 -0.348477 0.038505 -1.319626 0.146378 -0.670948 -0.029751 -1.256104 -0.068953 -0.985468 1.095898 0.663771 -0.255829 -0.186896 0.063611 1.028432 -0.486241 0.668254 -0.036659 -0.662457 -1.199146 -1.089008 -0.293543 -0.914124 1.855826 -1.618086 -0.912936 -0.189180 0.132118 1.682969 -0.894866 0.918443 -0.444240 0.138158 -0.945107 -0.590940 -0.340820 -0.824107 -0.172714 0.571681 0.539341 0.675975 -0.513588
31 -0.239238 1.492164 0.203857 -0.384158 0.471831 -1.383522 -0.251820 0.900762 -1.144585 0.456722 1.913105 -1.229402 1.792248 0.938979 -0.154297 -0.015880 -0.140454 -0.194457 1.010610 0.095694 0.965965 -1.425635 -0.486907 -0.314186 -1.957472 -0.380712 1.153385 -0.096237 0.459760 0.586245 -0.000476 -0.012893 1.478995 -0.744849 0.950766 1.899874 -0.904116 -0.830747 0.148824 -1.069984 0.366754 -0.714366 -0.060506 -0.122594 -0.698141 0.863864 0.072111 0.933035 0.479673 0.355243
32 1.070085 -0.001102 -0.807945 0.236770 0.309988 0.229094 0.098197 0.116113 -0.980205 -0.386388 -0.284999 0.673780 -2.318340 -0.773868 -0.443117 -0.868661 -0.920379 -1.796315 0.556021 0.453327 -0.888674 0.743395 -1.151921 -0.194449 -1.191535 -0.580587 0.133136 -0.678186 2.070587 -1.554716 0.593805 1.582132 2.148258 -0.293575 -0.415041 -0.446481 -0.015375 0.992038 -0.250914 0.509215 0.831831 1.265738 0.632736 -1.739982 0.144140 -0.478269 -0.671198 1.148131 -1.338654 -1.076846
33 -2.413954 -1.567564 -1.042401 1.767372 -2.337497 -0.863392 1.896528 -0.717107 1.764662 -0.345607 1.189983 -0.524917 0.370849 0.610498 -1.092173 0.304813 -0.371738 -0.002546 -1.348112 0.569117 -1.893792 0.358460 0.365130 -1.647466 0.519115 0.241009 0.841610 -0.192183 -1.934263 1.056783 -0.802513 0.026393 -0.696065 -1.706536 -0.183862 -1.780301 0.272216 -0.064607 0.679897 -0.001399 0.123951 1.707535 -1.407420 1.431108 0.104999 -0.220313 1.019053 0.762560 0.417209 1.068406
34 -1.724044 -1.065253 0.944123 -0.029364 0.394440 -0.009967 0.135262 -0.514005 1.253271 -1.003693 -0.841896 -0.412871 2.029529 0.404158 -0.664134 0.248785 -0.062993 -0.018588 0.094323 0.006197 -1.146733 -1.150356 -1.576990 0.551113 1.998775 -1.405154 1.119283 -0.455269 -1.814334 -0.765220 1.228260 -1.220175 -0.830390 -0.977293 0.036727 -2.081853 -0.285296 1.968819 0.722376 -0.099144 0.421415 -1.233272 0.159445 -1.491692 -1.498344 0.187373 -2.111744 0.178732 0.987233 0.216942
35 -1.969489 -0.037906 0.277725 -1.064247 -0.031385 1.152332 0.509170 0.424285 0.545150 -0.419324 0.265977 0.225417 1.981643 1.300389 -1.063674 0.805380 1.742669 -0.532386 0.262040 0.960175 1.791936 -0.889332 0.022562 0.620324 0.968139 -0.646790 0.223782 -0.090734 0.308497 1.173249 0.040184 -0.607167 1.371266 -0.730093 -0.317533 2.267700 -0.102750 -1.692424 -0.706694 0.346304 -1.667172 1.386076 -1.864698 -0.048124 -0.267645 0.308526 1.822032 0.695267 -0.068127 -0.811930
36 0.600901 0.698206 -0.436844 -0.536886 -1.031161 0.871863 1.106096 0.012141 -0.711054 -1.788978 -0.286359 -0.815427 1.021882 -0.402591 -0.274785 0.407197 -1.165473 1.433119 0.045635 -0.028740 1.433068 1.053619 0.733536 -0.339809 0.581278 -1.148583 0.956464 0.132080 -0.293709 -1.460904 0.672721 0.535470 -0.581361 0.257680 -0.456818 -0.477094 0.211127 1.179898 -0.437895 -0.924045 0.208869 -0.521903 -1.629562 0.126326 -0.860022 -0.746632 -0.108807 1.195092 0.023463 0.870982
37 0.139541 0.274958 -1.950022 -1.002539 -0.153610 1.891896 0.152315 -1.479771 0.183671 0.769013 -1.072105 1.412855 0.350967 -1.059265 0.059720 0.408239 0.081683 -0.231856 -0.018147 0.345659 1.450582 -1.979808 -0.171857 -0.044097 -0.209688 1.046113 0.621770 -0.514406 0.514462 -0.381867 -0.604998 -0.171062 0.447286 1.307347 1.250471 -0.539975 0.589021 0.430502 0.947655 0.470480 0.070174 -0.329755 0.757345 0.321605 -0.225506 0.343086 1.665709 0.271238 -1.712484 0.257532
38 -2.563758 0.729093 -0.148161 1.415086 0.949958 -0.393244 -1.374223 0.436819 1.257864 0.438999 -2.326834 -2.194223 -1.802979 -0.026052 -0.549331 -1.396629 -1.192653 1.055203 0.587828 -0.410063 -0.065265 1.142884 -1.590741 0.044169 -0.032124 0.990503 0.288110 -0.617518 -0.305198 0.699885 1.185617 -1.131727 0.730173 -1.121321 1.759561 0.861478 -0.319572 -1.147808 -0.439657 -1.067285 -1.184715 0.443992 -1.597090 0.820827 0.596984 -1.274388 -0.162168 -0.670362 0.263232 0.649094
39 -0.455180 -1.143244 -0.108505 0.751513 -1.738090 -0.471296 0.667463 -1.238662 -1.798674 -0.567508 1.385748 -1.263741 -0.393774 -0.414642 -1.051834 -0.634206 1.737178 1.310711 -0.568861 0.868417 -1.275343 0.941317 -1.402118 0.829948 0.513510 1.966987 1.177353 1.472943 0.770796 0.496006 -1.360157 -1.854251 -0.022616 -1.898061 0.739621 -0.262975 1.130666 0.162930 -0.246072 1.678073 -0.051337 0.174927 -0.425892 -0.400687 -1.513718 -1.593264 -2.552339 -0.008974 -0.477604 0.473106
40 0.420455 0.136581 0.076444 -1.073435 -1.758256 -0.511511 0.976461 -0.342416 0.474212 1.193373 0.832318 -0.901142 -1.066829 1.119085 1.501514 0.819438 0.748702 1.376804 -0.403528 0.407635 1.412096 0.187317 0.579029 -0.097861 0.648868 -1.202661 0.156056 0.236904 0.742685 2.050517 0.106086 0.230934 -1.290092 -0.413244 0.016217 -0.516202 0.662607 0.411244 -0.210797 0.666696 0.925670 0.143092 0.081926 -0.430737 0.280773 -0.458599 1.316984 -0.189472 -0.136989 -0.906167
41 -0.639856 -1.450098 0.723368 -0.166673 2.174805 -0.289581 0.358104 -0.316421 0.438733 -0.773380 -0.278397 -0.056071 0.065191 0.026716 0.679653 -0.023808 -0.538709 -0.250855 -0.260150 0.423298 -0.368268 0.143566 0.262396 -1.552609 2.087928 0.719956 -1.059994 -1.565555 0.368566 -2.878491 -1.825466 1.425030 -0.220886 -0.497669 -1.190507 -0.579431 -0.305603 -0.100985 -1.038821 0.284556 -0.117786 -0.325693 -0.827025 0.444453 -1.175988 -0.652533 -0.415725 -2.353798 -0.459827 0.099338
42 1.243860 1.313516 0.203774 -0.796921 1.360409 0.237063 1.002803 1.746938 -0.370266 -0.357066 -0.744294 -0.766582 1.101575 0.168272 1.568081 0.585679 -0.484457 -0.532378 0.876439 0.154156 0.898957 -0.334562 0.723649 -0.035180 -0.473764 -1.396976 -1.715282 1.342649 -0.915676 0.422320 -1.312209 -0.107089 -1.178977 1.055474 0.523559 -1.095896 -1.175632 0.406759 -0.672519 -1.445600 1.308891 -0.034027 -1.067017 -3.183761 0.615047 0.129000 0.223603 -0.573253 -0.257440 0.670354
43 1.194373 0.026322 0.505773 0.767496 1.202585 -0.202355 -2.929566 -1.767269 0.512099 -0.570563 -2.025087 1.373470 -0.560064 1.141578 -0.691659 0.716983 0.137039 0.664312 -1.901426 -0.958639 0.166697 0.561457 1.190948 -0.252447 0.012277 -2.567277 0.115071 0.014392 0.536835 0.947687 0.838445 -0.313625 -0.412987 0.005297 -1.087846 -1.080813 -0.063000 0.449404 0.989649 0.888800 -1.726612 -1.438413 0.886173 1.339293 0.683971 -0.646145 -0.853819 0.556169 0.365909 0.264717
44 0.119345 0.233065 1.714186 1.422610 0.367988 -1.161049 -0.622762 -1.970937 1.351672 -0.468367 -0.637973 -0.752836 1.410548 0.119278 -2.314765 0.065180 1.964991 -1.580755 -0.093887 -0.361772 -0.536771 1.063788 -0.406043 0.183385 -0.316876 0.686272 2.568459 -1.251016 1.551659 0.449967 -0.183427 1.720946 -0.097069 -0.253695 -0.789571 0.284173 -0.463233 -1.093206 -0.683686 0.569593 -0.352147 0.595846 0.983877 0.837393 -0.148678 0.584299 -1.346034 -0.082794 0.246257 -0.745887
45 -0.266038 0.440064 0.100120 0.276949 -0.662691 0.247008 -0.673027 1.574929 0.761434 1.881922 0.462917 -1.279832 0.073661 0.414071 -1.414666 1.484512 -0.961251 -1.137833 0.180791 -0.548474 0.253264 -0.554678 1.139997 -0.776127 -1.584438 0.528911 -0.665717 0.409688 2.271834 0.441554 -0.575291 1.418257 0.183084 0.997104 0.688479 0.318091 0.504951 -0.247829 0.391064 -2.506721 0.798959 -1.569960 0.969231 0.434054 -0.693588 0.319599 -0.521214 0.652722 0.349826 0.286623
46 0.437126 -0.703797 -0.803769 0.548284 0.786011 0.364326 -0.229780 0.026473 -1.157247 0.752675 0.871073 0.306638 1.239807 2.129799 0.078765 -1.305694 0.680418 0.230724 0.309425 -0.124333 -0.409289 -1.529817 -0.649257 -1.363763 1.339169 -0.128065 -1.676199 -0.664920 0.507375 2.156597 0.117294 2.374609 -0.571139 -1.662928 0.841392 -0.768184 -0.828332 -1.940423 0.658406 0.844223 -1.094269 -0.045209 1.958789 -0.687695 0.061894 0.405551 -2.207691 1.791699 -0.305909 -0.269282
47 1.919865 0.369909 0.421103 0.053113 -1.964799 1.226877 -0.826811 0.823446 -0.602841 -1.282757 -1.621795 1.500763 0.177796 0.140608 0.248944 -1.420513 0.532669 -1.472529 -0.572122 0.043218 0.474135 1.172496 -0.343335 -0.350424 0.408583 -0.410123 1.269652 0.986418 0.948747 0.316054 -0.955400 -1.503506 -1.620394 0.456342 -0.828787 1.677269 -0.191804 1.729778 0.112269 -2.123496 -0.563700 -1.213522 -0.399916 -0.805006 -0.229825 -0.504709 0.151054 0.069595 -1.889780 -0.971471
48 -0.911167 1.493319 -1.256236 0.920965 -0.975271 -1.265455 1.426541 -0.224109 -0.306145 1.914528 -0.781296 1.513615 -0.291879 0.579384 1.472743 -1.263582 0.205353 0.160377 2.107482 -0.357835 -1.007687 -0.013333 1.576369 0.114212 -0.760752 -0.017678 1.385719 0.524285 -1.101272 -0.474852 0.644685 1.373548 2.334539 0.708275 -1.075599 -0.622576 -2.357547 1.014628 0.439748 0.248797 1.573531 0.330424 0.423109 -0.223852 1.732270 0.326415 0.774262 -0.491886 1.116410 0.143270
49 -0.241139 -0.521829 0.149598 0.010067 1.012540 -1.818652 1.210683 -0.296036 0.215022 -0.389590 1.732892 -1.598040 0.072565 -0.097319 -0.977943 0.055480 -0.781288 -0.395195 -0.298772 -0.844844 1.300417 1.365157 0.632519 0.005879 -0.586829 -1.061451 -0.393259 0.511906 0.957791 0.120630 0.060832 0.712102 1.166827 -0.303737 0.820074 -0.900168 -0.643294 0.699476 0.418339 -0.669518 0.445673 0.504005 -2.077891 -1.034546 -0.032158 -0.224597 1.038600 -1.427619 -0.822401 -1.448822
50 1.357013 1.142368 -0.825336 -1.045526 -0.286884 -0.768379 -0.575601 -1.417816 -2.201437 0.496420 0.599643 -0.877938 0.610691 -1.746059 -1.560019 1.162253 -1.221122 1.854273 0.259772 0.020187 -1.202494 1.156943 0.605505 -0.554736 0.055370 -1.058308 -0.193180 0.685963 0.611333 -0.437912 0.132798 1.111319 -1.475162 1.553358 0.440412 0.206434 0.792725 -2.394528 0.529706 -0.924229 1.037039 -0.163920 0.136267 0.608085 -0.618345 0.871558 1.384749 1.044026 1.291308 1.951241
51 -0.133951 -0.749451 0.398579 -0.897551 -0.052836 1.486396 -1.004000 -0.494572 -0.106805 0.602953 0.350817 0.327105 -0.081455 -0.435137 1.306146 -2.443922 -0.632996 -1.679126 3.238006 -0.390948 0.700063 0.025747 0.365003 -1.483155 -0.691106 0.067262 -0.610240 -0.731741 -1.171418 1.137618 -0.859525 1.095641 1.885626 1.329849 -0.852435 -0.530616 0.485561 -1.261244 -0.036359 0.581204 0.260927 1.042077 -0.067121 -0.375532 0.932805 0.371176 -1.909247 -0.287610 0.880424 -0.846783
52 0.590002 -0.635618 -0.346903 0.407577 -1.508244 1.485916 -1.000554 0.240955 0.664497 -1.158045 -0.417900 -0.149354 -0.612650 -0.059846 -0.706954 -0.362357 0.732321 -1.345231 1.776627 -1.497081 0.757855 -1.420089 -0.254080 -0.422316 0.103401 -1.110037 -2.050813 1.183183 0.343872 -0.817440 -0.780738 1.259170 0.680145 -0.563392 -1.037846 0.883650 1.579892 -1.202238 0.651389 -0.690842 -0.479091 0.108888 -0.212557 0.775345 -0.188828 1.072854 0.169009 -0.106473 -1.185982 0.667127
53 -1.764139 1.618256 -0.057503 0.055255 0.493336 -0.164675 0.547698 -1.345718 -1.143568 -0.967813 0.938881 -1.714801 -0.109810 -0.801499 -0.550931 -0.888486 0.455251 -0.070724 -0.095693 -0.304572 0.202401 0.330887 -1.599427 -0.482181 -0.517760 0.472934 -0.800695 -0.030992 -0.381744 1.414257 0.011553 -1.644890 -0.701516 -0.653296 -1.693226 0.244203 -1.993470 -0.609803 -0.399548 0.713597 -0.604626 1.358518 -1.173968 0.880643 0.614555 0.905902 0.077689 0.046576 0.479342 2.679320
54 0.181818 0.233899 0.016891 0.049424 0.691417 -0.751327 -0.578864 -0.413089 -0.793681 -1.168440 1.001432 1.002050 -0.988753 0.579082 1.559206 -1.803155 0.112302 0.592877 0.442859 0.129037 0.345698 0.619780 -0.716365 -1.309099 0.069189 -2.124942 -1.071402 -0.098784 -2.243131 -0.944410 -0.950203 -0.618993 -0.739425 1.640635 0.187341 -0.277848 0.698249 -1.888527 -0.522440 0.091892 0.033817 -0.803055 0.177252 -1.956377 -0.504333 1.340264 -1.191746 -0.883492 1.194916 1.068507
55 0.730431 0.049971 -1.202407 -1.603574 -0.179168 0.833843 1.788628 1.417092 -0.007833 1.393021 -0.127361 -0.755993 -0.557792 0.631188 -1.567180 0.937776 -0.417467 1.061828 0.906542 0.526828 1.535361 0.098042 -0.651804 0.896241 -0.156921 -1.073305 1.482399 0.440509 -0.196344 0.442101 0.029686 0.707921 -0.156067 1.078055 0.566238 0.950193 1.337259 0.420991 0.833638 0.159578 0.297337 -1.216046 0.103958 0.020822 -0.498556 -0.863270 0.419907 -1.111251 0.850468 2.661547
56 -0.185819 -0.315269 0.652124 0.251261 0.105121 1.794831 -0.595073 -1.094762 -0.600794 0.615992 2.616979 1.286862 -0.352262 2.646616 -2.376689 0.450712 1.181478 0.235630 -1.058952 -0.277210 0.202621 0.077557 -1.593507 -0.002828 -0.305648 -1.397743 -0.243654 0.917482 -0.918034 -1.423504 -0.346613 0.077650 -1.783151 -1.101249 -1.495027 -0.189740 0.410659 0.084005 -0.880562 -1.373396 0.808369 -2.424853 0.732427 1.020904 0.770794 -0.020911 0.861216 -1.350967 -1.337350 1.526017
57 1.376089 -1.903034 -0.331149 -0.165243 0.254878 -0.025450 0.163611 0.286514 1.718972 -0.758411 0.005814 0.467607 -0.145061 1.366570 -1.167169 1.056971 -0.762953 0.381489 1.479373 0.643027 -0.455155 -0.786039 0.204697 -0.259078 -0.497047 1.169820 -0.787701 1.220693 1.211353 -1.592354 -1.203077 -0.377074 0.361309 -0.956906 0.985686 0.770143 0.264959 1.194340 -0.376028 -1.667736 0.681202 0.143677 -0.401787 -0.299353 0.910870 0.504637 0.230845 -0.484380 -0.266496 -0.182326
58 1.478203 0.597891 -2.172261 -0.836303 0.904813 -0.443108 -0.537415 -0.263636 2.048234 -1.431789 -0.760381 0.004187 -1.273039 -0.395914 2.204109 0.103889 -0.397818 -1.447771 -1.120841 0.153009 -1.351422 -0.026961 0.758480 -0.324671 -0.021113 0.923471 -0.160540 0.295606 -0.376740 0.293616 0.298581 -0.343683 0.410726 0.524072 -1.341226 0.235160 0.565727 -1.271379 0.405306 0.104909 1.026336 0.095851 1.290760 1.270245 1.007288 0.185143 -1.477916 0.335616 0.872478 0.073430
59 0.642723 -0.879357 1.109370 -1.587044 0.720232 -0.396481 0.553970 -1.282682 0.956831 0.614359 -1.383778 0.286115 1.218263 -1.131311 0.385531 0.785563 -0.487122 1.311774 0.407598 0.542663 -0.176337 -0.195318 -1.896195 -0.356837 -0.124005 0.008804 0.403254 -0.283833 1.224400 -0.700667 0.358441 0.755738 2.270578 0.660197 -0.322673 -0.056515 -0.399123 -1.069009 0.308916 -1.736422 0.398721 0.413984 -0.683122 1.010414 -2.806545 -0.198188 -1.594428 0.508181 0.739177 0.163410
60 -1.382312 -0.737066 0.026080 -1.140297 1.695132 0.557994 -0.250370 -0.192924 -0.431840 -0.371395 -0.954038 -1.964817 0.284835 -0.581505 -0.914678 1.925260 -0.330252 2.022034 -0.934973 0.552090 0.320745 1.170703 0.191282 2.504809 -0.651754 -1.614735 -0.249805 0.454011 0.542123 1.011273 0.074073 0.966763 0.162753 -0.194024 1.569449 -0.392006 0.922588 -1.629196 1.545869 -0.605676 -3.098204 -2.732275 -0.039265 -0.722935 -1.327086 0.213420 0.584847 -0.831992 -0.346554 -0.062485
61 0.662772 1.108410 -0.171941 -0.276242 1.400408 -1.663709 0.423104 0.308162 0.218544 -0.628901 0.066900 -0.329652 -0.897886 0.530995 -0.004441 -1.117818 1.090061 0.416003 -0.226437 -0.101503 1.211059 0.283278 -0.076068 0.071392 -0.109482 1.534848 0.367471 0.173047 0.989945 -0.601826 2.649842 -0.111645 1.435657 0.724022 1.451929 -0.308862 1.110290 0.793462 1.437747 -0.307362 -0.240991 -0.560087 0.145940 0.978039 -0.196010 1.885389 -0.912011 -0.672697 -0.408823 1.596610
62 -0.441985 1.413918 0.132598 -0.980859 1.865737 -0.493794 -0.126032 -0.685035 0.532896 0.421515 0.322678 1.187783 -0.245726 -0.398539 -0.124623 -0.040798 2.154283 -0.229093 0.380746 1.443131 -4.511432 0.378968 0.858158 0.359949 0.220489 -1.374829 1.439482 1.208312 0.390154 -1.480496 -0.707275 1.052905 0.137373 0.695150 0.983414 1.051186 -1.085092 2.289629 -1.226312 -0.927167 0.247265 0.064516 0.217124 0.168080 -0.555316 -0.675188 -0.901995 -0.501871 1.357340 0.791057
63 1.931816 1.998972 0.772725 -0.916885 -1.658410 -1.515003 0.990050 -1.255096 -0.921398 -0.391819 -0.723992 -0.519037 0.056298 -2.460905 -1.083127 -0.495106 -0.482408 0.574839 0.348808 0.197782 1.534682 1.390113 0.382306 -0.193844 -0.123316 0.969404 -0.173626 2.630902 -0.683073 -0.037252 -1.673743 1.139284 0.679258 1.358991 -0.066100 1.129247 0.025499 0.806651 1.574560 0.452950 -0.029637 1.348576 -0.742271 0.594634 -0.866957 0.703681 -0.345643 -1.247998 0.514948 -0.213857
64 0.430959 -0.125282 1.972361 0.940411 -1.018540 0.636618 1.101068 -0.358729 0.913599 0.424211 -1.345064 0.998183 -0.327291 0.696672 -1.444378 -0.114797 -0.456643 0.161596 0.892799 0.736991 0.628966 -1.159145 0.552088 1.404797 -0.646935 -0.179118 0.256152 0.508274 -0.990685 1.053615 0.937237 -0.010623 -1.653657 1.745445 0.082459 0.305091 -1.734742 0.122832 -0.252035 0.280780 1.379217 2.263203 -0.024675 -1.431684 0.166894 0.097398 0.412192 -0.146492 0.608871 0.822193
65 -0.903089 0.729672 -0.722675 -0.749809 0.470808 -1.907436 1.560334 -1.148679 -1.983887 -1.197152 0.594261 0.174338 -0.037121 -0.398333 -1.244310 -1.587675 0.254185 -0.332260 0.072599 -1.260425 0.286829 -0.027507 0.742862 0.043311 0.527308 1.121206 2.281663 -0.514052 -2.246065 -0.192648 1.119047 -0.104904 1.679627 -0.254911 -1.236927 1.351909 -0.175390 0.978566 -0.476434 0.223289 0.488500 0.582660 -1.756010 -1.245610 0.531322 0.426464 -1.993093 1.472010 -1.062620 0.201002
66 1.659583 0.424271 0.369530 -0.511243 1.041797 -1.757218 0.388488 0.834683 1.106700 0.188082 1.038009 -0.631750 1.900591 0.837910 0.756080 0.401956 -1.063539 1.808601 0.123347 0.881615 0.914930 0.419966 -2.525536 0.896351 0.078945 -0.188057 -0.939652 -0.501391 -0.570789 0.272107 0.576303 -0.429854 -0.049718 -0.500346 0.875493 0.492069 0.791205 0.037072 -2.081970 -0.252184 2.548793 0.170732 0.060146 0.056818 -0.815911 -0.175675 -0.139245 -1.671361 -0.780280 -1.712016
67 0.179190 0.399702 1.529774 0.101937 -0.672601 1.241172 0.518220 -1.020177 2.412650 0.470638 0.314543 0.097065 1.180613 -1.842294 0.327798 0.119516 0.273604 -1.229028 1.265875 0.986384 0.609515 -0.674158 0.140687 -1.928181 1.565528 -0.766413 -0.696069 0.316038 0.955837 0.721468 0.822157 0.410139 2.042637 -0.431571 1.227629 -1.801288 0.504704 -0.062678 -0.190625 -0.100545 0.096348 1.114655 -1.427677 -1.619164 -2.090915 1.472856 0.217908 -0.810789 -0.384562 -0.278865
68 0.785475 -1.949332 1.247446 -1.736352 -0.367052 0.807809 -1.314078 -0.373834 -0.845522 0.172748 0.139025 0.045604 0.144418 -2.594372 0.219499 1.267981 0.739318 -1.576850 -0.358334 -0.551384 0.028647 -2.180161 1.001630 -0.151382 -0.999071 -0.675589 -0.191631 0.514423 0.295853 1.052776 -0.427738 -0.546977 0.058001 0.492692 2.182394 -0.171218 -2.270661 1.987846 0.659227 -0.300640 1.379707 0.268048 0.937842 -0.583502 0.183724 -0.638958 -0.564803 0.609093 -1.736231 0.355660
69 0.535831 1.611336 0.656053 0.202665 -0.323307 -0.234733 0.070749 -1.211781 -0.901163 0.784498 0.282088 -0.512171 -0.757852 0.180943 1.073727 -1.345528 0.728314 -1.387552 -0.765944 0.757510 -0.477072 -1.585325 -0.019362 -0.851289 -0.111270 -2.734857 -0.247547 -0.348665 0.401656 -0.048443 1.193798 -1.567208 -0.649518 1.377033 -0.170601 -1.225161 0.439602 2.230193 -0.926653 0.786804 -0.302728 0.676069 1.054785 0.608539 -0.952671 0.033785 -1.806468 -1.093965 -0.919231 0.946378
70 -0.044786 1.120627 -0.200429 0.313158 -0.126997 -0.522487 -0.528990 -0.309785 0.020804 -0.297145 -1.339546 -1.179901 0.718979 -0.851120 0.195679 -0.366602 1.079379 0.767456 1.410942 -0.281582 1.585436 -0.369385 0.338228 0.129138 1.111734 1.237653 -0.005676 0.651308 0.447112 -0.651546 0.002600 -0.428211 -0.130659 -0.669474 1.288160 1.213982 -0.647330 -0.973284 -0.071297 1.846028 -0.559069 -1.818229 0.707587 -0.002457 -2.264795 -0.510958 0.626560 -0.664952 0.838717 0.573248
71 1.496718 1.114687 -0.949587 -0.180586 -0.075392 0.165848 0.552626 0.141956 -1.285514 -1.643678 0.773099 0.634925 0.487408 0.610897 -1.315127 1.408332 1.480505 -1.306398 -0.543003 -0.561401 0.478239 0.304303 -1.610093 0.202666 0.767415 -1.166488 -0.947001 0.831281 -0.157646 -0.330499 -0.715970 -0.777799 -2.008596 -0.527600 2.415061 -0.254079 0.837325 -0.863992 -0.215490 -0.766301 -1.364080 0.443773 1.394185 0.084696 0.648801 0.042012 1.614982 0.949254 -0.363687 0.195551
72 -1.264498 1.582898 1.333614 -0.815456 -0.713569 -0.385508 -0.781305 1.070899 -0.389335 -0.051888 0.864823 0.097758 -0.327701 0.618606 -0.124646 -1.372381 1.098116 -0.888889 -1.565222 -0.702678 0.948476 0.514062 0.577120 -0.991926 -0.823290 0.319620 -0.656551 -0.643970 0.729298 -0.301395 0.543620 1.205524 -0.943059 0.714849 -1.966344 -1.724987 -1.606936 0.379415 0.590405 1.935098 0.763003 0.089166 -0.887837 -1.154323 -0.009890 1.205010 1.233557 -0.640325 1.565106 -0.087065
73 0.810586 0.887460 -0.839499 1.420789 -0.045595 0.004670 -1.057741 0.632833 0.890321 1.689738 -0.849292 -0.633015 -1.701052 -2.038360 1.992390 0.080588 0.794147 -0.141799 -1.325302 -0.132906 0.162440 -0.218180 0.024908 -2.386555 -1.423847 -0.031326 -1.400203 -0.995068 -0.283160 0.947898 0.350700 1.268863 0.031188 0.425590 0.873274 0.233191 -0.073360 0.452426 1.755661 1.859608 -1.521863 -0.283097 1.065238 0.862055 0.792372 0.988954 0.998427 -1.927190 0.379629 1.425275
74 1.148636 1.043936 1.027553 -0.493935 -0.724864 -0.483575 0.923489 -0.850626 -0.663241 1.473548 1.383909 -0.193745 -1.059303 -1.240406 0.565848 -0.196968 -0.408988 0.055656 1.061370 0.719543 -0.000305 1.999802 -0.000985 -0.559713 -0.352599 -0.487988 1.270044 -0.045515 -0.669743 -0.156853 -1.638783 0.715405 -0.038192 0.959503 -1.137987 -1.283954 0.038985 -1.443788 1.300145 -0.143105 0.369846 -0.422381 0.570970 -0.153546 -0.170414 -0.646724 -0.588379 0.866295 -0.802648 0.046005
75 0.748333 0.190433 -2.242474 -0.270094 1.436189 -0.183767 -0.302290 -0.894393 0.124796 -0.509162 1.033121 -0.179185 -1.412238 -1.560432 -0.973941 1.063405 -0.764749 0.382579 0.858284 1.122552 -0.062773 0.393324 0.359619 0.817175 -1.910364 0.168627 -0.380632 0.082049 0.374507 1.440985 -0.522989 0.161006 0.053131 1.134024 0.308148 -2.141344 -1.159102 1.721483 0.002554 -0.074207 -0.160941 -0.482046 -0.128504 2.136862 0.081897 0.252827 1.198450 -1.939690 -0.314616 -1.134055
76 0.224187 0.610784 0.184297 0.632352 -0.355181 -0.830061 0.227411 -0.819999 -0.366551 -0.972793 0.914474 1.304775 -0.571881 0.313251 0.211679 0.291271 1.289487 -1.735502 -1.305482 -0.887153 -0.496365 0.683476 1.268607 -1.476435 1.176407 -2.154754 -0.415687 1.806546 -0.492483 -0.565277 1.263686 0.745502 -1.034974 -0.009075 -0.080761 -0.519119 -0.090544 0.872034 -0.379225 0.879178 -0.159729 1.800460 0.074120 -0.281804 -0.278926 0.040425 -1.669259 -0.180712 1.008968 -0.707899
77 0.711015 -0.718927 -0.537704 -0.518431 1.060285 -0.511259 -0.812584 0.506472 -0.736073 1.540536 -0.267207 2.120556 -1.799368 -1.273857 -0.156132 0.237402 -0.497178 -1.004034 0.271614 -0.647921 1.833142 -0.768829 -0.915847 0.026654 -0.446383 -0.210473 -0.064109 -0.444028 1.029579 -1.731829 2.342824 -1.574982 0.228941 -0.307622 -0.473585 -1.958929 0.195702 -0.188611 0.158776 -2.303098 0.511887 1.400453 -0.756873 0.039360 -0.256822 -1.915084 0.680131 -0.796228 -0.239707 -2.210081
78 1.604787 -1.505844 -0.621643 -1.005620 -0.910539 -0.269023 -0.419224 0.377142 0.650477 0.998167 1.074698 -1.028302 3.075474 1.431903 0.016827 0.002478 -0.263419 0.753444 -0.644217 -1.195164 1.008340 -0.818515 -0.188279 -0.518785 1.184103 -0.969573 1.425607 -1.187953 -0.159716 0.736572 -0.641781 1.433546 -0.931649 3.020090 -0.584819 0.385871 -1.897011 0.391104 0.934202 -0.038830 0.970879 -0.148410 -0.425839 -2.018205 -0.151860 -0.911306 2.544992 0.885868 -1.017875 -1.062452
79 -0.424667 0.488574 0.630800 0.871386 0.625866 2.084891 0.304695 -0.938776 -1.630225 -0.719662 0.574495 -0.007883 -1.201771 0.565171 -1.580910 -1.896955 -0.525791 0.375955 -1.060893 1.988232 -0.881815 -0.657790 -1.478267 -0.191390 0.824908 -1.218478 0.554142 -0.761086 -1.659013 1.144889 -1.034390 -0.380817 -1.389197 -0.568381 0.238323 -0.205134 -0.733657 0.373190 -0.302468 -0.711196 1.937486 -1.009508 -1.561708 0.035968 -2.006344 0.325639 -0.772537 0.758852 0.203775 -1.327660
80 2.365161 -1.404326 1.456734 0.311119 2.994945 0.737433 0.352064 -0.158974 1.424636 1.311350 -0.350813 2.022366 1.463924 0.060563 0.455723 -1.403596 1.431936 1.035524 1.056484 0.013941 1.752074 -0.555827 1.726131 1.351494 1.463790 -0.307099 0.502539 0.930981 -0.679003 0.058683 0.923881 1.103648 1.015081 0.119400 1.125985 1.260992 2.840660 1.563603 1.518354 1.430738 1.793567 1.020340 -0.606924 -0.133834 0.788922 1.505742 0.592221 1.143986 0.445417 -1.924132
81 -2.491708 2.225838 1.010941 0.119543 0.949646 -0.520518 -2.759996 0.610960 -1.709456 0.199372 -0.527271 -1.401499 -0.826753 0.255640 -1.546137 0.163265 -0.119583 -2.214066 -0.454990 0.799927 -0.376138 0.129725 1.156355 -0.751290 -0.593575 -0.474002 0.253394 -2.336072 -0.285010 -1.592346 0.617237 -1.333205 -0.526636 -0.042016 0.023544 0.640136 0.790799 0.225381 0.190870 -1.620852 0.327776 -0.654994 -0.319513 -0.974361 -0.902682 -0.714290 0.802254 1.045309 -0.225060 0.971092
82 0.630309 0.531746 0.353835 -0.171992 -0.419091 1.300556 -1.100433 0.321886 -1.184503 0.125390 -0.344358 -0.637512 -0.389312 0.747865 -0.945912 -1.209852 0.135464 0.759978 -1.903536 -0.686062 0.491801 -0.672786 -0.928319 0.799381 0.449750 0.904514 0.782168 -0.353920 -1.280583 1.622570 -0.483112 1.843628 -1.118950 -0.330640 -1.946915 -0.107061 -0.074816 0.690716 0.369672 2.709957 1.237500 1.205475 0.561875 0.148245 -1.105812 -0.158861 -0.937942 -1.335113 1.286482 -0.976727
83 -0.129976 0.863185 -0.203176 0.718755 -0.519759 0.525259 0.999972 1.683585 -0.904030 0.414618 0.134591 0.788226 -0.585880 -0.215359 0.073005 -0.460723 0.398582 0.669999 0.422395 -0.041285 -0.084135 -1.759336 1.750425 -0.241159 -2.352921 0.110583 -0.425793 0.043892 -0.930473 0.079798 -0.035426 -1.164047 -0.601616 0.918334 0.750294 -1.013817 -1.147616 0.091113 -0.081952 1.322062 1.012390 -1.412074 0.346605 -0.378352 -0.002659 -2.296085 0.051607 -1.094224 0.441497 0.386905
84 -1.004185 0.120484 0.435609 0.096309 -0.289503 -0.992722 -0.934787 1.522309 -0.123709 -0.405074 1.713190 0.002789 1.950932 -0.201509 -2.044828 0.564518 -0.661342 0.772125 -2.380147 1.127630 0.983346 -0.232211 1.006624 -2.195106 -1.566710 -0.210863 0.426238 -0.417633 1.010887 1.009815 1.328201 -1.642670 2.612002 -0.354834 1.624284 0.583434 -1.123121 -0.176977 0.161895 -0.834619 -0.660767 2.621252 -0.527427 -0.841291 0.541065 1.829232 1.064206 0.295223 1.250052 0.519250
85 -1.223812 -0.482450 -0.441805 0.728947 -0.838627 -0.383164 -1.438541 0.243853 0.992525 0.624106 0.614918 0.805671 1.038191 1.485657 -0.024586 0.876969 -1.315344 0.304779 -0.484457 -1.974278 -0.347007 0.092942 -0.267309 2.122221 1.092886 -0.543493 -0.523655 -0.833370 0.816357 -0.791668 -1.251342 0.542787 0.149947 2.120125 -0.367157 -2.163191 0.182697 0.676395 -0.053952 1.612480 1.431659 1.179742 0.315184 0.656793 1.375935 1.129943 -0.907620 -0.530194 0.224821 0.176393
86 -0.436539 -0.066338 -1.488191 -0.666263 -0.661203 -0.502649 -0.839978 -0.365237 -0.313719 -0.483058 1.650971 0.932334 -0.255308 0.097945 -0.299871 -0.503505 -1.295004 0.051009 1.318204 -0.242415 -0.918729 0.412038 -2.059388 2.578475 0.417337 1.137620 -0.317798 0.184468 -1.595870 -0.192662 0.938933 -0.192857 0.510338 0.993687 1.637716 0.962267 0.923297 -0.151478 0.349771 -0.042807 1.696848 1.993783 0.529670 -0.810858 -0.737062 0.600975 0.256162 -1.746050 -0.247058 1.732118
87 -0.637738 -1.794656 -0.548653 0.414255 1.987030 0.320827 -1.446635 0.082666 -0.715475 0.953831 0.111056 0.448043 -0.896410 1.797658 -0.201674 -1.873976 1.900282 -0.086918 -0.342754 1.098154 -0.322478 -0.328247 0.546205 0.074394 -1.785235 1.424140 -0.327505 0.898518 -0.795820 0.308940 0.053718 -0.873259 0.509345 0.657443 -0.510468 -0.414202 -0.099878 -0.247374 1.192002 0.190222 -0.515192 -2.424714 -1.703859 0.398946 -1.202404 0.496754 -0.155790 1.549860 0.270756 0.793993
88 0.933428 0.435122 1.238174 0.940154 2.093105 0.566101 0.021041 -0.448610 0.948670 1.054982 -0.891826 1.433579 0.777830 0.698414 2.068627 0.841886 0.203800 1.080095 -1.758968 0.492600 1.911926 0.499833 0.057230 2.797164 1.488325 1.112207 2.045581 0.873264 2.317786 1.514334 1.187622 1.016535 1.343728 2.520881 1.370663 -0.400626 1.185812 0.760945 0.233972 0.893076 0.897244 1.254470 -0.470842 2.898778 -1.022118 -0.073934 -0.035456 0.405204 -1.233587 -1.579369
89 0.095755 -0.995413 0.717405 0.339120 -0.899391 0.083950 0.006100 1.339361 1.898665 0.615657 -0.047732 1.621333 0.490846 2.078375 1.953028 1.610773 0.594775 1.243957 0.134422 -0.086500 2.326791 0.852439 2.702100 -0.225710 0.381673 0.895604 0.401915 -1.165752 0.145008 2.427117 2.111500 1.642788 -0.518505 0.217249 2.396043 1.171489 0.281297 -0.007397 -0.114686 1.219527 0.033417 0.699355 0.655391 0.438731 0.904686 0.438647 0.819064 1.875824 -1.280961 -0.109526
90 1.560629 -0.301067 0.688907 0.917203 1.787310 0.338731 0.128589 1.374996 2.860626 0.262042 1.886861 -0.278270 -0.621508 0.912901 0.123991 -0.741244 2.808652 1.298122 0.227272 -0.084170 0.683417 1.233222 1.495670 1.938595 2.312036 0.866883 0.684346 -0.282981 0.420864 0.815356 1.150176 0.698081 -0.061406 1.980021 0.559722 1.025640 -0.845606 0.716044 0.299501 -0.594665 2.000398 2.342774 0.240304 0.523039 0.962058 0.294882 1.505224 -0.326651 2.874039 -0.820486
91 -0.333583 -0.871619 -0.496012 -0.255448 -1.875468 -0.296705 -1.698349 2.398457 -1.017206 -0.072174 0.060351 -0.497141 -0.566816 0.518401 -1.158599 1.196606 -0.773795 -0.234540 -0.790629 0.217016 -0.929676 -0.168496 -0.409275 0.327914 -0.152914 -0.143843 -1.713898 0.537996 0.763847 0.013547 -0.243179 0.024956 -0.348816 0.052016 0.486626 -0.988150 0.720511 0.125912 -0.879827 -0.108425 -1.107617 0.528545 2.092669 0.782006 -0.779583 -1.065409 0.506346 0.802629 0.493776 0.791354
92 -0.041314 1.494955 -3.016136 1.415469 -0.330392 -2.183003 -0.116699 0.513746 -0.595763 0.481027 -0.906834 -1.300854 1.014237 1.028179 0.511244 -1.369226 -0.639522 -1.936537 -0.346979 0.442893 0.265430 -1.177603 -0.601842 -0.330449 1.518724 0.514893 -0.146351 -0.714965 0.388885 0.066832 -1.971231 -0.154686 -1.514129 -0.310892 -0.037209 0.821816 -1.580512 0.263738 1.572250 -0.037687 -0.804916 0.425179 -0.693457 1.423656 1.671979 0.263794 0.579120 0.168650 1.759528 0.598484
93 1.255974 0.568389 0.904882 -1.259007 -1.838882 0.716650 -0.572562 -0.526425 1.317091 -0.008383 0.350483 -0.511326 -1.070799 0.015850 1.449497 2.267873 0.535996 0.463331 -1.018030 0.059043 0.824550 0.751701 -1.047207 -0.090069 1.024817 -0.016054 -0.582786 0.278694 0.235928 -0.135347 1.412732 -0.008956 0.963562 1.610024 -1.691777 -1.552056 -0.855554 -1.286002 -0.415223 0.943732 -0.478278 0.208896 1.112955 1.217202 1.281069 -0.220616 0.035686 -1.680357 -0.910623 -0.364218
94 0.926021 -0.503485 -2.398646 0.494297 -0.297975 -0.319411 -1.441929 0.971454 0.295674 -0.649524 -0.128668 -0.494622 1.172759 -0.452747 0.427924 0.591355 -0.224920 -0.624679 1.110952 -1.193034 -0.294920 0.274185 0.830350 -1.780693 -0.671425 -1.201795 0.642568 0.019203 -0.964023 0.471400 -1.821709 -1.413417 0.175646 0.341308 -0.772695 -0.356145 -0.200303 -0.443150 -1.087442 -1.210160 -0.606410 0.913664 -1.191583 -1.480139 0.320583 1.458019 -0.057742 -0.491615 0.170922 -0.050062
95 -0.098699 -0.727681 -1.032124 0.390431 0.497186 1.063117 -0.721598 0.914585 0.852157 -0.132947 2.451332 -2.222812 0.711774 0.835562 0.456230 -0.813791 0.727847 1.095513 0.908559 -0.461416 -1.208050 -0.245405 -0.298331 -1.569033 -0.226775 0.555048 0.931084 -0.762109 -1.637782 0.488361 -0.048530 0.530611 -1.254777 -0.749626 -1.086062 0.089748 0.635575 0.056889 1.045517 -1.565498 -0.184553 0.690343 -0.231793 0.521293 0.947797 -0.537676 1.482766 1.300441 1.436973 0.351932
96 -0.905694 0.406767 -1.517853 0.992382 -0.266123 0.811501 2.596498 -0.302675 -0.207758 0.275001 0.592392 0.294311 -0.026055 -1.184512 -1.420663 -0.833972 -1.002028 -0.202592 -0.415474 -0.457343 -1.448588 0.837331 -0.499813 -0.913360 -0.761153 0.271317 -0.625730 1.061961 1.140772 0.553829 -0.752604 -0.200005 -0.342473 -0.749094 -0.263869 0.568066 -0.166075 -1.205686 -0.152827 0.944465 0.906852 1.120217 -1.360726 -1.657530 -0.974288 -1.555205 0.719510 -0.058896 1.724421 -0.735819
97 0.152992 0.017759 -0.063101 -1.293229 -0.136590 -1.230460 0.763289 -0.113155 -0.024930 0.590595 -0.890993 0.297342 -0.566130 -0.811528 -0.454554 1.869056 0.566359 1.159472 0.281937 1.622111 0.204889 0.996171 0.414215 -0.769624 0.481046 1.011417 -0.063939 -1.056442 1.961592 1.728021 -0.396604 0.515608 -0.249692 1.222712 0.534756 -0.459732 3.207260 -1.663460 1.287475 -0.618150 0.266881 0.968878 1.448164 -0.599642 -0.084600 -0.661680 -0.581646 -1.133523 -0.302699 0.251132
98 -0.340243 -0.383868 -1.933114 1.142112 -0.569337 0.732502 1.148120 -1.185161 -2.956679 -0.181092 0.390348 -0.960474 -1.685156 1.884605 1.195237 -0.577480 -1.757804 -0.485789 -0.209371 0.379717 -1.903379 0.304823 0.670242 2.077715 1.269072 0.274103 -1.419930 0.119204 -0.148529 -0.299523 -1.085872 0.731241 -0.486968 1.123554 0.991533 -0.610576 -0.486672 -0.608003 -0.195106 -0.150852 -0.133444 0.003720 0.009622 -1.109523 -0.409787 0.294257 -1.429993 -0.418078 -0.332594 -0.632662
99 1.675947 -0.990540 -0.386307 -0.436470 2.168834 0.273589 1.266199 0.960030 1.919164 0.476903 -0.172282 1.105900 2.264503 1.023963 1.362178 0.120974 1.200181 0.688014 0.616151 1.193990 -1.147221 1.031727 0.561868 1.711297 1.841270 0.881444 2.535227 -0.289059 1.060814 -0.299988 1.275926 2.147735 -0.952465 1.364548 2.522692 0.282284 -0.027277 1.934945 0.652535 1.080881 -0.452436 -0.122785 0.572799 2.035104 1.846884 1.369646 1.287406 1.039311 0.792592 -1.336868
END
#################################################################
SECTION3 (Edges Information)
EndPoint0 EndPoint1 Weight
0 1 1.000000
0 9 1.000000
0 10 1.000000
0 90 1.000000
1 0 1.000000
1 2 1.000000
1 11 1.000000
1 91 1.000000
2 1 1.000000
2 3 1.000000
2 12 1.000000
2 92 1.000000
3 2 1.000000
3 4 1.000000
3 13 1.000000
3 93 1.000000
4 3 1.000000
4 5 1.000000
4 14 1.000000
4 94 1.000000
5 4 1.000000
5 6 1.000000
5 15 1.000000
5 95 1.000000
6 5 1.000000
6 7 1.000000
6 16 1.000000
6 96 1.000000
7 6 1.000000
7 8 1.000000
7 17 1.000000
7 97 1.000000
8 7 1.000000
8 9 1.000000
8 18 1.000000
8 98 1.000000
9 0 1.000000
9 8 1.000000
9 19 1.000000
9 99 1.000000
10 0 1.000000
10 11 1.000000
10 19 1.000000
10 20 1.000000
11 1 1.000000
11 10 1.000000
11 12 1.000000
11 21 1.000000
12 2 1.000000
12 11 1.000000
12 13 1.000000
12 22 1.000000
13 3 1.000000
13 12 1.000000
13 14 1.000000
13 23 1.000000
14 4 1.000000
14 13 1.000000
14 15 1.000000
14 24 1.000000
15 5 1.000000
15 14 1.000000
15 16 1.000000
15 25 1.000000
16 6 1.000000
16 15 1.000000
16 17 1.000000
16 26 1.000000
17 7 1.000000
17 16 1.000000
17 18 1.000000
17 27 1.000000
18 8 1.000000
18 17 1.000000
18 19 1.000000
18 28 1.000000
19 9 1.000000
19 10 1.000000
19 18 1.000000
19 29 1.000000
20 10 1.000000
20 21 1.000000
20 29 1.000000
20 30 1.000000
21 11 1.000000
21 20 1.000000
21 22 1.000000
21 31 1.000000
22 12 1.000000
22 21 1.000000
22 23 1.000000
22 32 1.000000
23 13 1.000000
23 22 1.000000
23 24 1.000000
23 33 1.000000
24 14 1.000000
24 23 1.000000
24 25 1.000000
24 34 1.000000
25 15 1.000000
25 24 1.000000
25 26 1.000000
25 35 1.000000
26 16 1.000000
26 25 1.000000
26 27 1.000000
26 36 1.000000
27 17 1.000000
27 26 1.000000
27 28 1.000000
27 37 1.000000
28 18 1.000000
28 27 1.000000
28 29 1.000000
28 38 1.000000
29 19 1.000000
29 20 1.000000
29 28 1.000000
29 39 1.000000
30 20 1.000000
30 31 1.000000
30 39 1.000000
30 40 1.000000
31 21 1.000000
31 30 1.000000
31 32 1.000000
31 41 1.000000
32 22 1.000000
32 31 1.000000
32 33 1.000000
32 42 1.000000
33 23 1.000000
33 32 1.000000
33 34 1.000000
33 43 1.000000
34 24 1.000000
34 33 1.000000
34 35 1.000000
34 44 1.000000
35 25 1.000000
35 34 1.000000
35 36 1.000000
35 45 1.000000
36 26 1.000000
36 35 1.000000
36 37 1.000000
36 46 1.000000
37 27 1.000000
37 36 1.000000
37 38 1.000000
37 47 1.000000
38 28 1.000000
38 37 1.000000
38 39 1.000000
38 48 1.000000
39 29 1.000000
39 30 1.000000
39 38 1.000000
39 49 1.000000
40 30 1.000000
40 41 1.000000
40 49 1.000000
40 50 1.000000
41 31 1.000000
41 40 1.000000
41 42 1.000000
41 51 1.000000
42 32 1.000000
42 41 1.000000
42 43 1.000000
42 52 1.000000
43 33 1.000000
43 42 1.000000
43 44 1.000000
43 53 1.000000
44 34 1.000000
44 43 1.000000
44 45 1.000000
44 54 1.000000
45 35 1.000000
45 44 1.000000
45 46 1.000000
45 55 1.000000
46 36 1.000000
46 45 1.000000
46 47 1.000000
46 56 1.000000
47 37 1.000000
47 46 1.000000
47 48 1.000000
47 57 1.000000
48 38 1.000000
48 47 1.000000
48 49 1.000000
48 58 1.000000
49 39 1.000000
49 40 1.000000
49 48 1.000000
49 59 1.000000
50 40 1.000000
50 51 1.000000
50 59 1.000000
50 60 1.000000
51 41 1.000000
51 50 1.000000
51 52 1.000000
51 61 1.000000
52 42 1.000000
52 51 1.000000
52 53 1.000000
52 62 1.000000
53 43 1.000000
53 52 1.000000
53 54 1.000000
53 63 1.000000
54 44 1.000000
54 53 1.000000
54 55 1.000000
54 64 1.000000
55 45 1.000000
55 54 1.000000
55 56 1.000000
55 65 1.000000
56 46 1.000000
56 55 1.000000
56 57 1.000000
56 66 1.000000
57 47 1.000000
57 56 1.000000
57 58 1.000000
57 67 1.000000
58 48 1.000000
58 57 1.000000
58 59 1.000000
58 68 1.000000
59 49 1.000000
59 50 1.000000
59 58 1.000000
59 69 1.000000
60 50 1.000000
60 61 1.000000
60 69 1.000000
60 70 1.000000
61 51 1.000000
61 60 1.000000
61 62 1.000000
61 71 1.000000
62 52 1.000000
62 61 1.000000
62 63 1.000000
62 72 1.000000
63 53 1.000000
63 62 1.000000
63 64 1.000000
63 73 1.000000
64 54 1.000000
64 63 1.000000
64 65 1.000000
64 74 1.000000
65 55 1.000000
65 64 1.000000
65 66 1.000000
65 75 1.000000
66 56 1.000000
66 65 1.000000
66 67 1.000000
66 76 1.000000
67 57 1.000000
67 66 1.000000
67 68 1.000000
67 77 1.000000
68 58 1.000000
68 67 1.000000
68 69 1.000000
68 78 1.000000
69 59 1.000000
69 60 1.000000
69 68 1.000000
69 79 1.000000
70 60 1.000000
70 71 1.000000
70 79 1.000000
70 80 1.000000
71 61 1.000000
71 70 1.000000
71 72 1.000000
71 81 1.000000
72 62 1.000000
72 71 1.000000
72 73 1.000000
72 82 1.000000
73 63 1.000000
73 72 1.000000
73 74 1.000000
73 83 1.000000
74 64 1.000000
74 73 1.000000
74 75 1.000000
74 84 1.000000
75 65 1.000000
75 74 1.000000
75 76 1.000000
75 85 1.000000
76 66 1.000000
76 75 1.000000
76 77 1.000000
76 86 1.000000
77 67 1.000000
77 76 1.000000
77 78 1.000000
77 87 1.000000
78 68 1.000000
78 77 1.000000
78 79 1.000000
78 88 1.000000
79 69 1.000000
79 70 1.000000
79 78 1.000000
79 89 1.000000
80 70 1.000000
80 81 1.000000
80 89 1.000000
80 90 1.000000
81 71 1.000000
81 80 1.000000
81 82 1.000000
81 91 1.000000
82 72 1.000000
82 81 1.000000
82 83 1.000000
82 92 1.000000
83 73 1.000000
83 82 1.000000
83 84 1.000000
83 93 1.000000
84 74 1.000000
84 83 1.000000
84 85 1.000000
84 94 1.000000
85 75 1.000000
85 84 1.000000
85 86 1.000000
85 95 1.000000
86 76 1.000000
86 85 1.000000
86 87 1.000000
86 96 1.000000
87 77 1.000000
87 86 1.000000
87 88 1.000000
87 97 1.000000
88 78 1.000000
88 87 1.000000
88 89 1.000000
88 98 1.000000
89 79 1.000000
89 80 1.000000
89 88 1.000000
89 99 1.000000
90 0 1.000000
90 80 1.000000
90 91 1.000000
90 99 1.000000
91 1 1.000000
91 81 1.000000
91 90 1.000000
91 92 1.000000
92 2 1.000000
92 82 1.000000
92 91 1.000000
92 93 1.000000
93 3 1.000000
93 83 1.000000
93 92 1.000000
93 94 1.000000
94 4 1.000000
94 84 1.000000
94 93 1.000000
94 95 1.000000
95 5 1.000000
95 85 1.000000
95 94 1.000000
95 96 1.000000
96 6 1.000000
96 86 1.000000
96 95 1.000000
96 97 1.000000
97 7 1.000000
97 87 1.000000
97 96 1.000000
97 98 1.000000
98 8 1.000000
98 88 1.000000
98 97 1.000000
98 99 1.000000
99 9 1.000000
99 89 1.000000
99 90 1.000000
99 98 1.000000
END
#################################################################
SECTION4 (TrueSubGraph Information)
EndPoint0 EndPoint1 Weight
88 89 1.0
89 80 1.0
80 90 1.0
90 99 1.0
END
#################################################################
SECTION5 (Labels Information)
1 0 0 1 1 1 0 1 1 0 1 1 1 1 1 1 1 1 0 1 1 0 1 1 1 1 1 0 1 1 1 1 1 1 1 1 1 1 1 0 1 1 0 1 1 1 1 1 1 0 
END
#################################################################
SECTION6 (bt Information)
5 -5 -5 5 5 5 -5 5 5 -5 5 5 5 5 5 5 5 5 -5 5 5 -5 5 5 5 5 5 -5 5 5 5 5 5 5 5 5 5 5 5 -5 5 5 -5 5 5 5 5 5 5 -5 
END
#################################################################
