#################################################################
#APDM Input Graph, this input graph includes 3 sections:
#section1 : general information
#section2 : nodes
#section3 : edges
#section4 : trueSubGraph (Optional)
#
#if nodes haven't information set weight to null
#################################################################
SECTION1 (General Information)
numNodes = 100
numEdges = 200
usedAlgorithm = NULL
dataSource = SimulationData2
END
#################################################################
SECTION2 (Nodes Information)
NodeID Base Counts
0 0.241923 0.174473 0.099792 -0.297212 -1.018572 0.392779 -0.675382 0.017329 -0.389922 0.285723 0.402371 0.795753 -1.379920 -0.069691 -0.050882 1.199476 -0.199228 0.620326 0.315767 -0.132031 1.142965 -0.363225 0.468123 0.404604 -1.308945 0.695224 -0.270059 -0.738802 0.834631 1.449513 -0.206808 0.733280 0.794185 -0.002565 0.477052 0.022914 0.454049 -0.300703 2.615316 0.042068 0.644830 -0.099334 -0.040528 0.712098 -1.783000 -0.336956 -0.418968 1.223444 1.003968 0.658461
1 1.369878 -0.535000 -1.142662 1.115128 1.962821 0.639522 1.046836 -2.087813 1.797975 -0.590329 -0.812151 -1.042623 -0.129033 -1.045946 -1.443066 -0.117028 -0.187524 -0.235312 -1.109597 1.591492 -0.035878 -1.131542 0.053489 0.438826 1.505700 1.867299 0.211603 -0.718310 1.199263 0.397730 0.004491 0.214672 -0.944586 -0.294388 2.081235 -0.219318 0.959877 -0.228516 -0.045633 0.140639 0.279698 0.322640 -0.746833 -0.868659 2.069864 -1.730556 -0.184141 0.033891 2.334085 0.974450
2 -0.515446 -0.201142 -0.907171 -0.609394 0.689102 0.174429 -0.551026 -1.114033 -0.272138 -1.065198 -1.188778 0.567114 0.929431 -1.833626 -0.046779 -0.032919 -0.027582 0.082179 0.017822 -0.955106 0.317576 -0.964524 -1.127556 0.111499 -0.788428 0.595650 -0.811749 -0.803280 1.650644 1.324472 -0.386143 0.014657 -0.302902 -0.116246 -1.696386 0.711363 -0.511960 1.383715 -0.519557 -0.477573 -1.580427 1.756214 0.459909 -0.199541 -0.895911 -0.049704 0.970934 -0.516665 1.069419 -0.815805
3 -1.511367 0.287335 0.264571 -1.720154 0.872765 -0.244345 -1.676771 -0.270150 -0.057567 0.270746 1.008890 -0.188077 0.698813 -0.301317 -0.546117 -0.184178 -2.817958 -0.676325 -1.883386 -0.978157 -1.337537 0.064179 -0.872095 -0.319340 -0.373764 -0.373606 -1.819474 -0.625253 0.387390 0.235342 2.922438 1.546354 -0.318533 -1.059317 -0.005335 -1.666673 -0.056729 0.058253 -0.466955 0.115970 -0.642730 -0.539628 0.266470 -1.668080 -1.989336 -0.312848 0.216085 -0.740595 0.220327 -0.414848
4 -1.322085 1.944139 0.275037 -1.127091 -1.015401 -1.196363 -0.334526 0.298433 2.188304 0.239499 0.961359 1.233747 -0.678089 0.870299 0.747353 -1.281592 0.976652 0.426749 -1.687160 1.295911 0.590097 0.616038 -0.241365 0.892337 1.820636 1.044621 0.148004 2.263103 -1.163852 0.806333 0.205597 1.625542 -0.248605 0.186270 -0.139646 0.313782 -0.318732 0.781489 0.100279 -0.563921 -0.493031 -0.119907 0.180792 -0.235785 1.687226 0.041516 1.300808 -0.175610 -1.589815 0.154054
5 -0.605607 0.232896 -0.372289 -0.670122 0.593723 0.088777 0.420363 -0.197954 0.649131 0.860391 0.298803 1.661317 -0.526921 -0.838203 -0.169771 0.977012 -0.188071 -1.831311 0.196823 -1.470986 0.415371 -0.974846 -0.826973 0.101172 0.886093 0.038885 0.772113 -0.210082 -0.301188 -0.153878 1.083394 -0.796322 0.613401 -1.350557 -0.487027 0.006824 2.065058 -0.178858 1.294552 1.429893 -0.290894 1.584628 -1.023980 0.720708 -2.499390 2.224845 -0.001124 -0.544936 0.954585 1.107833
6 -0.351287 -0.376313 0.887964 0.040042 -0.473928 0.030480 -0.296988 1.452581 0.985409 -0.694642 2.280198 1.536559 1.544277 -0.209883 -0.846587 -1.583712 1.523541 1.364269 1.208980 0.723626 1.326787 1.393068 0.127136 0.422234 0.903778 -0.676545 -0.302733 1.624515 -2.298888 1.957312 -1.150170 0.381820 0.726553 0.559313 -0.618023 0.870082 -1.271349 1.034475 -0.033302 0.500746 1.253762 0.461619 -0.253268 0.425701 0.185144 -0.460199 -0.832293 -0.649541 1.544028 0.278999
7 0.742206 0.064758 -1.226212 -1.456611 -0.673043 -0.249044 -1.105140 -0.723743 -1.060444 -0.053320 -0.097945 -1.184779 0.316475 -1.564631 0.318384 0.971815 -1.044403 0.405167 -0.499397 -1.844253 1.064925 1.737134 0.180876 1.123560 1.201577 -0.669042 1.445823 0.495623 0.269518 -1.918961 0.920810 -0.623775 0.216876 -1.113842 0.138615 1.827272 -1.100867 0.528646 0.368672 0.478349 1.020024 0.389760 -0.682679 -0.552882 -0.096367 -1.586066 -0.416780 -0.111782 -0.180210 0.920917
8 -0.407345 -0.601626 1.528296 0.975081 -0.316756 0.954715 0.263779 0.347659 -0.747662 1.058333 0.967106 1.080503 -1.695501 -1.412367 0.188692 0.644116 0.778908 -0.259054 1.331803 -0.358565 -1.448277 0.534134 0.951644 1.155429 -0.573699 0.416941 -0.482959 1.127138 -0.653015 0.636094 0.569902 -0.273887 -0.455713 -0.301966 -0.623079 1.916493 0.675883 0.154681 1.476078 1.338725 0.108730 -0.486116 -2.539491 -0.439537 -2.450534 0.469216 0.353105 -1.798204 1.115272 -0.467590
9 -0.600980 0.988830 3.598960 -0.185580 1.372209 -1.536823 4.586342 1.108100 -0.649496 0.363295 4.668801 3.491064 5.340270 -0.350101 -0.077759 -0.528616 0.483105 7.540566 3.999787 -2.312140 5.533552 5.930346 4.618720 -0.474492 0.719672 5.886412 3.241133 6.502638 0.363558 0.985022 -0.872644 0.167874 -0.021082 -0.600378 0.261200 5.287359 0.824124 0.917185 4.341120 5.192667 4.603920 4.789229 1.211847 2.374826 -0.302684 -0.377962 -1.096307 -0.634691 5.790171 3.754649
10 -0.572790 0.753882 -0.664966 0.350773 0.628622 -0.492472 0.380468 1.929017 1.779572 -0.371575 -1.221648 -1.379052 -1.271712 0.687171 -0.670548 0.605399 -0.297710 0.760919 -0.911461 0.152904 1.682261 1.327458 -0.059125 -0.380320 -1.444276 -0.097679 0.780851 -1.211086 -0.050684 -1.829334 -0.244368 0.453271 0.609249 0.508279 1.127867 -0.152401 0.242790 0.592919 -0.533263 -0.213965 -0.555993 0.296809 0.301009 -0.776920 -0.544630 -0.455226 -0.646224 -1.103173 0.267676 -0.527625
11 -0.764068 0.509472 0.467412 0.886613 -0.707376 -2.434230 0.642188 0.794769 -0.185455 0.262062 -0.940457 -0.952908 -0.342824 -1.340433 0.266384 1.285713 1.204652 0.567339 -0.345745 0.022173 -0.196658 1.003087 0.340313 -3.036003 0.296063 0.804756 0.666260 0.663984 0.758390 -2.621246 -0.523535 0.412548 0.037943 0.477055 0.523481 -0.507594 0.092775 0.495186 1.831861 -1.330399 -0.991339 -0.927746 0.608354 1.644783 1.246653 0.895019 0.171528 -0.701259 0.223925 0.882768
12 -1.010771 -0.089736 -2.126969 0.019027 0.924549 -0.072898 1.716688 1.598810 -0.827325 -0.075845 0.879634 0.426149 -1.520811 0.224214 -0.196115 -1.143615 -0.252158 0.358702 -0.879359 -0.959032 -0.157132 -1.158871 1.192359 -0.929277 0.349488 -0.766712 -1.336636 0.089726 -0.592820 -0.933476 -0.226226 1.381699 1.021807 -0.916704 2.024893 -1.859566 -0.865107 -1.610525 -1.329548 -0.227674 -0.868583 1.130610 1.150544 -1.643988 -0.612391 -0.570038 -0.099142 -0.514345 -0.053564 -0.511456
13 -1.445500 -0.068866 -0.153280 0.081481 -0.951573 0.117049 0.259230 0.374951 -0.531008 -1.169018 1.458650 -0.545551 1.337494 0.242488 -0.603774 0.140637 1.044887 1.353965 1.415111 1.045618 1.791802 -0.030699 0.928040 -1.908606 -0.551499 2.552836 -1.422712 -1.185310 -0.192322 -1.102914 1.709482 -0.201110 0.524952 0.035546 -1.754126 -0.817004 -1.008180 0.197222 0.375342 3.691156 -1.554554 -0.514153 -0.410566 -0.945562 -0.920760 0.067853 0.512682 0.712778 1.267286 1.098419
14 0.507703 0.119674 0.015142 1.751385 -0.669637 -0.164734 1.103435 0.352102 0.274232 0.212192 -1.360464 -0.680900 -0.011154 0.776171 0.813796 1.001738 -0.592153 -2.264397 -0.315785 0.777693 0.745351 -0.560120 0.179096 0.375306 -0.760522 0.081719 -1.565308 -0.566900 1.608961 -2.606901 1.023228 1.161048 -1.547969 -0.737576 0.585242 0.662635 0.517311 -1.100843 -0.503417 -2.416318 0.525520 1.072655 1.386717 1.318731 0.546543 -1.691514 -0.713986 1.232988 0.687133 -1.051454
15 0.448934 0.507443 0.466216 -0.956356 -1.142041 1.762374 -1.204970 0.216268 -1.575651 -0.748422 0.370842 -0.470187 -2.081754 -1.345032 0.763049 -0.711658 0.063114 0.406172 0.028124 0.108650 -0.707085 1.642797 -0.888518 -0.575490 -0.634578 -0.675350 0.245730 -0.332232 0.365930 -1.048078 1.749646 -1.227049 -0.483147 -0.989666 2.165606 0.869320 1.035082 -0.155390 1.752425 -1.768248 1.236261 0.363532 -0.497519 0.354405 -0.121611 0.718327 -0.395687 0.955601 -0.828149 -0.679226
16 0.144281 0.526398 -0.397541 0.485894 -0.699421 2.218635 -0.718366 0.295156 1.207350 0.764383 -0.099555 -1.350266 -0.248307 1.158801 0.356415 0.846356 1.635164 2.128927 0.587991 -0.288349 2.323549 -0.080588 0.565419 0.908136 1.176815 1.011901 1.130493 0.908606 -0.680551 -0.649444 -0.904138 0.570089 -0.591849 0.593355 -0.581475 0.296221 -0.089940 0.196834 -0.650659 -0.081849 0.543714 0.739208 -0.997043 0.056735 -0.190114 1.270682 0.714364 -0.036988 0.635227 1.448075
17 -1.315451 0.276961 -0.220237 1.539983 -0.130181 -0.421886 0.843096 -1.219551 -0.388848 -1.480585 0.459706 2.592932 -0.110925 0.904086 0.698254 -0.910000 -1.009365 -0.826053 -0.014525 -1.200389 0.493140 -0.269624 -0.391426 -0.331632 -0.020395 -0.496983 1.672227 -0.894522 0.175983 -0.522365 -1.003335 0.632688 0.263190 -0.136994 -0.638105 -0.939211 1.163102 -1.310336 -1.019526 0.779276 1.706390 -0.218966 -0.795667 1.060053 -0.620712 -0.440588 -0.489295 1.975090 -1.667254 -0.330032
18 0.999447 1.019390 -0.317501 -0.104331 0.440128 0.051366 -0.631051 1.653029 -0.450532 0.258202 -0.807301 1.507790 -0.014034 0.657335 2.333703 -0.725085 0.036829 0.954186 2.743966 -0.056467 -1.044054 -1.339679 0.221563 0.173968 -0.685412 -0.004392 -0.877786 0.592571 0.899312 1.382548 -0.286669 -0.245179 0.700914 -0.012842 3.059323 -0.501440 0.238903 1.423048 0.413675 1.222556 1.044143 1.044126 0.722640 0.062253 0.559326 1.237302 -0.618738 1.047676 -1.978564 -1.761355
19 -0.297872 0.983056 4.585412 0.371231 0.163142 2.004588 5.987922 -0.695586 0.323661 0.893430 5.878508 5.462292 4.846173 -0.664582 1.551760 -0.518500 -0.466848 4.954577 6.992328 1.300448 3.574086 4.941095 4.530314 -0.510802 -0.711454 5.334581 4.281054 4.869907 -0.483912 -0.496683 1.724252 0.624361 -0.766489 -0.717802 1.137636 6.309736 -0.931038 -0.550201 4.570750 4.614274 5.642639 3.448922 0.540925 0.264064 -0.331928 0.649824 0.793963 0.593296 3.929340 4.477715
20 -0.392580 1.032469 -0.007008 -1.339171 0.753721 0.444348 0.682003 0.487312 0.833711 0.108751 3.297193 0.449528 0.277365 -0.472559 -0.284329 -1.148010 1.313660 -0.272642 0.587031 0.410293 1.714161 -0.860277 -0.923877 -0.589505 -1.855121 0.964807 -0.139864 -0.194543 -0.883170 -0.344767 -0.539705 0.348347 -1.027246 -0.569021 0.952824 -0.243433 0.974223 1.942304 0.775392 -0.560810 -0.511325 -0.296423 -0.891725 -0.623372 0.663423 -0.214617 -1.024055 1.050794 -1.343539 1.306116
21 -1.374088 0.564141 -0.125965 0.395360 -0.668693 0.249319 -0.065809 1.223946 -0.839272 0.636129 -0.301592 -1.082157 0.365020 0.182595 1.935773 0.333294 0.549074 -0.571939 -0.051647 -0.510710 -0.202618 0.007869 0.555353 1.285639 0.052405 -0.063581 0.416679 -0.885710 -0.638991 0.150964 0.426971 -0.793007 -1.515961 0.590890 0.097985 0.675155 1.952598 -0.123416 2.249772 0.009754 0.366434 -1.519005 0.174088 0.967898 0.607883 -0.532107 0.637423 -1.364466 -0.731858 -1.070141
22 -0.856942 0.685352 0.049740 2.194788 0.531537 -1.852037 0.636555 0.086418 0.643908 1.328827 1.553521 2.265417 -0.176657 0.386813 -0.208051 0.312041 -0.014495 0.163073 0.419291 0.963829 -0.877056 -1.036650 -0.654156 0.280316 -1.542714 0.234812 0.755668 0.390875 -1.001884 -1.222071 1.678025 0.123337 -1.181687 0.973833 1.642982 -1.251747 0.595654 0.944515 0.259531 0.367293 0.984091 0.382097 -1.040561 0.692705 -0.536135 -1.172561 -0.774736 -0.367680 0.133215 0.885258
23 -0.695047 1.910652 0.978565 1.964247 1.033595 -2.579481 -0.123881 1.139925 -1.220082 -0.319726 -0.975688 1.499716 0.450361 0.881838 2.907891 0.036899 0.130658 1.520189 -2.038212 0.025981 -0.104918 1.219470 2.185796 -0.185218 -0.354702 -1.077242 0.574450 -0.629541 0.738617 -0.431656 -0.335652 -1.649797 -1.302218 -0.493886 -0.202674 -0.007959 1.349816 1.490753 0.125979 0.762236 -0.167669 -1.609481 -0.785658 -0.760944 -0.517016 0.799581 1.102012 -0.408017 -0.107535 1.338393
24 -1.514968 1.338297 1.887422 0.001940 0.390369 1.351797 -0.062503 0.274462 -0.204278 0.532377 -0.214488 -1.171414 0.811829 -0.569859 -0.185282 0.156896 -0.720602 0.949738 -0.913373 -0.725741 -2.313007 0.205888 -1.074076 0.926613 2.031497 -1.935268 -1.120251 -0.532855 0.679321 -1.633171 -1.154597 -2.030698 -0.890072 1.408831 -0.339482 0.568665 1.657847 0.274670 -0.032276 0.685071 0.715690 -0.320066 1.620952 0.448362 3.043708 0.237744 1.002095 -0.769815 -1.606708 -1.134736
25 0.835770 -0.661540 0.058755 0.603386 -2.331393 -0.111587 1.354130 0.345067 1.872656 1.488471 -0.164407 0.156908 -0.102502 0.335311 -0.175010 0.115441 -0.589167 -0.634265 0.964722 1.129628 0.697753 -0.342758 0.541273 0.548455 1.296762 0.219684 -0.246376 0.827769 -1.206418 0.428208 -1.050289 -0.143708 -1.163614 -1.064336 0.103084 1.346081 0.101455 -1.056515 1.490242 0.777992 -0.070951 -0.944562 -1.001447 0.053989 -0.047241 -1.629096 1.105580 -1.586264 0.440548 -1.239248
26 -0.454963 1.200971 0.467872 0.596119 -0.808183 -0.465496 -1.606471 0.953058 -1.941486 -0.080778 -1.168333 -0.517985 2.139916 0.213459 -1.442641 -0.721628 -1.206374 -0.027940 -1.220379 -0.484224 0.683317 -1.285143 0.189549 0.175017 -1.354103 -1.685168 0.432345 0.927562 0.491757 1.029684 1.399441 -1.683721 0.971880 0.517687 -0.452887 0.761685 1.312313 -1.341997 0.098131 -1.358670 0.342335 0.758817 0.967156 1.459200 0.176212 0.637260 0.779912 -0.669630 -0.610374 1.501489
27 -0.573855 1.067432 -0.175457 0.152890 0.434081 -1.060821 0.051899 -0.098390 1.676011 0.232608 0.262388 1.112780 0.465354 0.463124 0.726603 -0.811471 0.411832 1.977643 -0.142010 0.967033 1.565232 -0.100729 0.627248 -0.219791 -0.642420 -0.031774 0.564985 1.954740 -0.315531 -0.253832 -1.009398 0.196709 0.410765 0.158660 0.211156 1.047802 0.253843 -0.227674 -2.128679 -0.835068 -0.286609 1.616228 0.116867 -0.055772 0.854971 0.125261 0.543113 1.100049 0.454566 0.510609
28 0.702648 1.519580 -0.255112 0.221244 -0.950006 -1.164185 0.960176 3.569029 0.787280 -0.665000 0.090718 -0.959720 0.571936 -0.098321 1.173075 1.152965 0.193319 -0.947835 0.382827 2.352054 0.887435 -1.628413 -1.452013 -0.061845 -1.614951 -0.755539 -0.393654 -1.521302 -0.898679 1.581482 -1.715020 -0.883504 0.041696 -0.816543 -0.251330 -0.439459 0.679323 2.722346 -1.288313 0.300599 0.064672 -0.417432 -1.073881 0.624510 0.744784 1.938354 0.015112 0.405704 0.852115 0.940462
29 -1.006189 1.458360 0.474116 -0.586093 1.666030 -0.202294 -0.633424 -0.532469 -1.507845 -0.114303 0.585219 -0.258105 -1.947616 -0.482924 1.129654 0.013434 -1.031351 0.423183 -2.761237 0.074523 0.069162 -0.341323 1.360308 0.503663 0.149961 -0.527257 -0.540465 -0.928207 1.134465 0.172210 0.148073 1.320043 0.157498 0.911880 0.641698 -0.049068 -0.696421 0.920973 -0.109423 -0.144798 0.708632 -0.777301 -1.382295 2.176084 1.770265 -0.190445 0.430877 0.404453 -1.183986 0.846564
30 -0.334945 1.688541 -0.231489 0.365248 0.551626 -0.310272 -2.649080 -0.098493 -0.261727 -2.589995 -1.277046 -1.335651 -1.042806 -1.067646 0.566471 0.202085 0.270263 0.607476 1.677182 -0.402546 -1.134591 0.118543 -0.425134 0.010460 0.231494 -1.442069 -0.905338 -0.405971 -0.384813 1.133535 0.676611 0.331787 0.186314 -0.770026 -0.605800 0.130428 1.618547 0.798186 -0.793521 0.816174 2.515585 -0.020627 1.200144 0.858835 0.658906 0.638414 -0.624761 0.778603 0.782168 1.376175
31 -0.055353 -0.592635 0.654932 -0.414374 -0.762900 -1.011703 -0.977895 0.904139 0.296752 -2.051794 -1.079652 -1.503781 1.183197 0.208967 0.846688 -0.061652 -1.274734 1.438372 -1.456804 -1.224137 1.698658 -1.058350 -1.615076 -0.590491 -0.581590 -1.660212 -2.894454 -1.340996 0.737326 0.124433 0.305784 0.910926 -0.715632 -0.886443 -3.562576 -0.344780 1.506160 0.507589 -0.493513 -0.794209 -1.328013 -0.820896 1.117006 0.833937 -0.425407 -0.352885 1.660565 -0.182731 0.592835 1.562494
32 0.222083 0.927033 0.079673 0.200912 0.104079 1.370722 -0.442080 0.271463 -0.082113 0.971325 -0.147299 2.065370 -0.187060 0.711429 0.752129 -2.223066 -1.826822 0.700899 -0.112986 -0.014763 -1.892144 1.555520 0.897728 -0.453177 0.320911 -0.841838 0.370383 -0.675307 1.643455 0.179270 -0.278569 0.071796 0.348862 -0.910828 -0.716203 0.175216 -0.596471 -0.208285 0.342176 -0.690814 1.416322 0.984664 0.191848 0.207509 2.698063 -1.156023 -0.490102 -1.479146 -0.641162 -0.474269
33 1.338046 1.667516 -0.390893 0.229192 0.840939 -0.813702 1.075950 1.049487 -0.658349 0.635216 0.289874 0.506675 0.734936 0.814379 -0.068230 -1.533586 -0.128955 0.826305 -0.699242 1.420081 0.535589 -0.323606 -2.414249 1.268293 -1.198439 -0.618002 0.463531 0.350372 -2.342411 -0.511307 -0.619783 -0.711239 0.616666 1.474712 1.326411 0.489791 0.208396 1.228052 -0.689057 -1.653173 2.398522 -0.422476 -0.174163 -2.330715 0.959535 1.229144 -1.057957 0.554960 0.912414 -0.220894
34 -0.068071 1.300306 -0.626087 -0.879203 -1.230493 0.865815 -0.693018 1.451920 0.177824 1.005198 0.368539 -1.783984 -1.986255 -0.247277 0.137928 0.224615 0.332717 -0.915779 0.362645 0.569173 -0.398575 -0.937641 -0.028904 0.032878 -0.317802 0.376600 -0.952342 -0.868852 0.719668 -0.325849 -1.727515 -2.218540 -0.351573 0.930488 -0.462178 -0.232771 -1.454411 -0.230487 0.185037 0.147738 1.557251 0.477963 -0.296592 -1.684216 -0.826430 0.155188 -0.052300 -0.109644 0.170685 0.075473
35 1.690437 0.110329 0.210322 0.738550 1.058854 -1.658439 -1.672110 0.302482 -0.085477 -1.334452 -0.586861 -1.162926 0.625415 -0.875069 0.311972 1.098534 -0.295901 -0.783396 1.038393 -0.002263 -0.221175 -0.987721 -0.571730 -0.001542 -0.122124 -0.841791 1.180516 -0.637702 -0.535948 0.222326 0.970563 -0.809683 -0.957459 -0.673169 0.527603 -0.485348 0.158752 -0.020958 -0.133712 -0.147565 0.084990 3.419377 -0.342128 0.247442 -1.524181 0.082565 0.290425 1.072287 0.840755 0.908148
36 0.908342 0.483438 0.553152 -1.270622 0.104112 -0.128808 1.003043 0.143318 -0.222475 1.614296 0.130242 -0.016296 -0.632122 -0.430210 0.396654 -1.131967 -0.029720 -0.706623 1.010425 0.423109 1.305562 -0.255204 -0.432122 -1.748372 -1.193457 0.307466 -0.674331 -0.564841 -2.014315 0.182523 -0.843028 -0.992676 -0.562375 0.854851 0.978158 0.872689 -1.305307 -0.193559 1.221827 -1.227750 -0.857858 -1.284790 -0.849814 -1.524485 0.922440 1.178845 -0.302678 0.404965 2.689352 -1.018939
37 -0.440839 -0.318865 1.506287 1.184319 0.750915 0.285742 -2.728290 -0.021837 0.802061 1.664484 -1.170253 1.168650 1.684005 0.297686 0.102195 -1.399353 0.314056 -1.149570 -0.502942 -1.335675 -0.024455 1.009490 -0.795264 -0.614463 1.422529 -2.359006 0.869498 0.405136 -0.479841 -0.929524 -1.069496 0.813173 -1.535389 0.182476 0.739693 0.157825 -0.065907 2.357031 0.092845 0.065927 -1.207693 0.585683 1.249356 -0.606255 -1.488749 0.548879 -0.097913 2.018267 0.463654 0.537832
38 -0.146890 -0.593777 0.819691 0.951049 0.443505 -1.151668 -0.048189 -0.224320 -1.258242 -1.528703 0.162410 -0.325181 -1.892225 -0.757436 -0.811691 0.895850 1.721980 -1.005404 -1.918828 -0.762380 0.006236 -0.696220 0.844473 -0.148544 -0.832400 0.360645 0.479469 0.339499 -0.449024 -0.804493 0.220661 -0.320612 -1.070028 -0.197126 -0.676560 1.074289 -0.591566 -0.436174 -0.440156 -0.288387 -0.983075 -0.590278 -0.621482 0.994239 -0.464484 0.931360 -0.474611 -0.514544 -0.835786 -0.981574
39 0.965347 0.012709 -0.395222 -0.854520 1.283231 0.982978 -2.028321 -0.341472 -0.556850 1.103474 0.689280 -0.231367 1.468525 -0.595370 -2.276480 0.768328 -1.490224 2.484311 -1.242052 0.294615 -0.520899 1.122868 -0.462662 -1.125755 1.239590 0.712653 -0.972596 0.120561 1.377839 0.520230 0.477947 -0.942896 -0.114111 -1.319209 0.106749 1.342431 0.552136 -0.654756 -0.382137 0.682038 -0.540193 0.407595 -1.074550 -0.490430 0.342602 -0.975079 -0.761408 -0.414704 -0.268819 -0.755531
40 0.055105 -0.441440 0.280891 -0.531043 -0.664503 0.304446 0.356013 0.277832 -0.753606 -0.926923 -0.691049 0.662318 1.475237 -0.043347 0.248574 1.264428 2.261784 2.707145 -0.604008 -1.033093 -1.035778 -1.188621 -0.115718 1.570556 -0.491326 1.305327 -1.413254 -0.177763 0.321368 1.786533 0.737529 0.704075 0.903794 -0.152486 0.306481 -1.316099 1.089119 -0.059177 0.600240 -0.624472 0.999009 0.047435 -1.093723 -0.323304 0.184307 1.096009 -0.963848 2.766841 1.257495 -1.301805
41 -0.042403 2.533282 2.362455 0.415253 0.906915 0.213121 1.454723 -1.047752 1.642323 -1.126141 -1.253388 1.513372 2.720220 -0.750532 -1.226181 -0.995703 0.816078 -1.902518 -1.357265 -0.472669 0.451896 -1.073767 0.478283 -0.894912 0.759118 0.049626 0.065623 -0.375591 -0.561260 -0.720571 0.020313 -0.068384 0.349212 0.393821 -0.857840 -2.371013 0.806925 -0.751589 0.464138 0.486414 0.720657 1.550962 0.610759 0.297134 -1.097582 0.089326 1.444351 -0.169326 0.811966 -1.718474
42 0.023460 -0.098764 -0.359117 0.024098 -0.092852 0.090541 0.933534 0.097178 -0.012756 -0.236558 -1.722729 -0.144058 -1.098888 0.348491 -2.653590 -1.230746 0.151794 0.795368 -0.607897 -0.887315 0.865785 0.046429 0.536300 0.362597 0.404687 -0.847367 -1.077132 1.562025 0.396588 -1.092850 -0.666133 -0.424775 -0.781133 0.850256 -0.210899 -1.262188 0.192888 0.493822 -1.174042 0.233659 -2.507234 -0.179111 -0.863090 0.465049 -0.819137 0.722097 1.296182 -0.518433 -0.997031 1.086874
43 -0.438972 1.011485 0.217955 -1.880012 0.540369 -0.186549 1.460768 -1.197170 0.363336 -1.559391 1.573655 0.371825 0.219014 0.455471 2.853610 -0.689477 -0.192070 -1.303925 -1.465971 0.900779 0.607189 -0.525480 1.130905 0.486377 -0.055786 -0.408803 -1.150367 1.300842 -0.985836 -0.273210 0.067792 -1.869002 -0.432528 0.532138 0.348513 0.706510 -0.082133 0.352161 0.369601 0.462103 -0.791353 -0.773953 0.319371 0.279462 -0.908036 1.207959 -0.813077 -0.960076 0.516938 -0.318270
44 -0.638311 -0.288851 0.822489 -1.008002 0.288862 0.379849 -1.090154 -1.296655 -1.809382 -0.400932 -1.683772 -0.786450 -0.496865 0.613501 -0.690566 -0.708842 0.284291 0.184061 -0.217017 0.027886 0.879935 -1.562139 -1.326524 -0.579633 -0.323079 0.320426 -0.368115 -1.176983 0.417332 -0.329476 0.253522 -0.963618 -2.019662 -0.184940 0.456559 -0.812213 1.406827 -0.275327 1.251792 -0.663854 -1.906806 0.328271 1.483360 0.712893 -0.000296 -0.869171 -0.290331 -1.319324 -0.482096 -1.397628
45 -0.747785 -1.137271 -0.413251 -1.164542 0.855876 1.451603 1.052711 -0.190655 -0.038787 -0.944042 0.172304 -0.016803 -0.661205 -0.454847 -0.105314 0.316051 -0.064064 1.111836 -0.317022 -2.667087 -0.602302 -1.511465 0.054115 -2.501383 0.461713 0.049742 -0.691485 -0.299173 0.439566 0.352399 -1.571597 -1.609662 -2.019375 0.369002 -0.142793 0.869168 1.119593 -0.325906 0.220416 -1.827350 -0.460634 -1.007755 0.531709 0.380942 0.218723 0.151270 -0.278836 -1.710493 -1.436862 -0.206861
46 -0.015625 -1.191354 0.676763 0.461966 -0.965108 -0.030074 1.414627 -0.998923 0.817619 0.572390 0.435783 0.244582 0.371284 -0.080260 -3.278102 -0.101903 0.713806 1.175637 0.016736 -0.235035 0.548299 0.819753 1.300743 -0.872684 1.625969 -1.221550 0.706370 -0.853848 -0.253864 1.587299 1.380506 -0.272093 2.601855 -0.036353 1.606051 0.641981 -0.063856 0.519803 0.598308 -0.383845 0.633449 -0.373725 -0.574463 -0.994585 -1.253101 -0.126270 -0.136615 0.729495 -0.103996 -0.487627
47 -0.380348 -0.944278 0.512130 -0.750935 0.901580 0.124980 -0.906060 -1.567686 1.058828 1.143914 0.915753 -1.566570 -0.652949 -0.009362 0.158223 -1.082528 1.181069 -0.089336 -1.230520 -1.643650 2.014790 -1.204393 -0.305525 -0.315532 1.270375 -1.179978 1.805777 -0.495392 1.551103 0.627765 -0.131182 -0.202847 0.476200 0.225590 -0.333942 -0.453627 -0.280076 0.943903 0.570637 -1.209673 -1.555242 -0.137394 0.700839 0.785603 0.274062 0.804165 -0.784391 -1.719071 -0.851911 0.030330
48 -0.642115 -1.785537 -0.984259 1.545258 -1.464274 -0.108411 0.291899 0.513124 0.047039 -0.401579 0.582361 0.854895 -0.928883 -0.116379 0.605409 0.781647 1.236977 -0.466139 0.125477 1.106448 1.286139 0.010898 0.897770 0.647524 1.152092 0.508493 -0.779726 1.372450 0.267395 -0.698251 0.814894 0.482908 0.980265 1.183692 -0.209141 -0.164373 1.036332 0.846083 0.734798 -0.628397 1.005573 -1.401705 0.105251 0.388228 0.660453 -0.231985 -0.889115 -0.323390 0.975575 0.206614
49 -0.800115 0.134626 -1.659906 -1.943352 -1.456328 -1.469006 0.830888 0.351785 -1.062950 -1.207791 -1.517502 -0.399416 1.277528 0.321406 -0.613620 -0.154042 0.910643 -1.386114 -0.816819 0.695541 -0.120831 -0.195548 0.485040 -0.460066 0.167262 -1.077193 -0.031859 -1.058896 -1.151278 -0.398054 0.226972 -0.095911 0.682867 -0.847195 0.235535 0.739212 -0.012408 1.397266 0.619208 -0.547452 -1.505196 -0.983429 -0.983227 -0.181767 -0.646416 0.137190 -0.031165 1.508528 0.060268 -0.714507
50 0.427678 -0.782560 -1.596911 0.452898 -2.061009 0.944601 0.151447 0.858843 -1.324415 -0.813360 0.874913 -0.251730 -0.600870 2.469339 -1.277227 0.255758 1.109379 -1.045887 0.214109 -0.784396 0.151010 0.556263 -0.056037 0.798826 -0.976912 0.253530 -0.362962 1.704884 -0.498594 -0.920349 -0.001622 -0.114102 -0.768069 0.332074 -0.250706 1.355758 -0.120698 -0.151588 0.778843 -0.059964 0.470853 -1.071373 0.490928 0.487954 -1.343938 0.246719 -0.009443 -1.684545 0.287760 0.436344
51 -0.784519 -0.481602 -0.336461 1.268122 0.192202 0.999298 0.966513 -1.716771 -0.125909 0.197002 -0.487094 -1.045790 -1.444574 0.388119 0.426972 0.633515 -0.506243 -1.808379 1.135630 0.287797 -2.222061 0.027149 -0.181142 -0.084313 1.397789 -0.278539 -0.469402 0.533730 -0.795304 0.325081 -0.404441 0.353309 1.486960 0.804912 1.452541 1.495577 -0.593704 1.356826 -0.984817 -0.215155 -0.665697 2.409939 0.118298 -0.678120 -1.007610 0.332609 -1.326007 0.246453 -2.201405 -0.784458
52 0.222158 -1.142660 -0.919471 0.107884 0.101870 1.339937 -0.486977 -0.601383 0.191729 1.315466 -1.341822 -0.688065 0.618327 -1.186287 -1.254096 -0.166629 0.409440 1.175780 0.221464 -0.141122 -2.460179 1.755003 -0.551648 0.194364 0.419604 1.251031 1.447153 0.152126 1.912249 -0.254848 0.453125 -0.320858 0.006312 -1.685673 -0.030737 -0.748782 0.317342 0.130609 0.195890 0.396598 -2.628403 -1.856999 1.600354 -0.486483 2.700402 -0.156331 0.982777 -0.047806 1.567153 1.012369
53 0.051092 0.961778 0.077387 -1.043350 -1.586074 -0.678366 -0.307086 0.704728 -1.133234 -1.820580 -0.244897 1.638611 -0.453596 -0.521586 -0.103294 0.959830 0.176314 0.340349 0.087364 -0.742618 0.317521 -0.271646 0.763635 -1.095445 -0.617796 1.501422 0.254281 -0.591134 -0.590647 0.100882 -0.670416 -0.847024 0.353509 0.443438 -1.153227 -0.778828 3.243496 2.090777 0.232530 -0.954880 2.003230 -0.110983 0.383605 -0.026635 -0.994805 0.003876 1.201843 1.173157 -0.200167 1.921867
54 -0.644157 0.638396 -0.461811 1.528688 0.156965 -1.506090 0.369219 -1.109561 0.762401 0.065714 0.268450 0.486484 1.467235 -0.774011 0.131190 -1.231023 0.011480 0.595545 -0.019626 -0.088589 0.222587 1.493936 -0.214960 -0.024621 -1.216658 -0.557942 -0.054239 0.836018 0.291940 -0.048936 0.173969 -0.702746 -0.385759 1.554292 -1.199053 -0.980364 0.383888 -0.349944 -1.566284 0.457562 -0.327862 -1.380399 2.628113 -0.460217 -0.940859 -0.250237 -0.353167 -0.051623 0.839514 -1.170197
55 -0.590831 0.057294 -0.180253 -0.401697 1.575863 0.415636 -0.008473 -0.797730 0.534494 -0.857814 -0.441817 -0.708995 -0.372547 0.189541 0.063241 0.911093 0.784281 -0.627820 -0.224683 -1.880292 -1.223149 -0.945136 1.139037 1.460536 0.586721 0.057150 1.846559 -0.300878 0.953362 0.160961 -0.355640 -0.347731 0.764791 -1.380864 -1.692066 -1.635162 1.179974 0.268944 0.133011 -1.727877 -0.034669 -0.280120 -1.039906 -0.835468 -0.794201 0.381091 2.536011 -0.913940 1.367077 0.812758
56 -0.142886 0.235041 0.251842 1.560179 -0.458863 -1.006733 -0.387594 -2.126599 -1.988508 0.703367 -0.706855 -0.909293 -1.046705 1.475411 -0.426556 -0.169573 1.557293 -0.388510 -1.997457 1.017257 0.002963 -0.608908 -1.207235 0.856410 0.667530 -0.141232 1.175058 -0.517568 -0.473134 -0.692556 0.654596 0.279519 -0.041518 0.813891 0.066453 -1.581439 0.042433 0.128566 0.367945 0.320859 0.800361 -0.568880 0.965114 -0.532476 0.258476 0.294542 -0.206119 -1.599532 0.796781 0.303229
57 0.189754 0.623783 1.003996 1.155727 0.512387 1.232127 0.432897 0.174443 -0.739073 1.569658 -1.299256 0.238394 -0.597819 -0.606709 -0.280419 1.028729 1.550236 0.803890 0.752672 -0.480285 -0.439244 0.237840 1.341661 -0.833060 1.775997 0.343077 -1.119069 -0.422402 0.385662 0.585563 -0.087055 0.308741 -0.601379 0.568700 0.054074 -1.178788 0.279344 -2.065234 -1.169545 0.461770 -1.523773 -2.982823 -0.578356 -0.590823 -0.204674 -1.159089 -0.965509 0.200886 0.352538 0.641475
58 -1.281701 -0.454627 -1.478116 -0.750099 -0.451212 0.647502 0.027569 -0.372653 0.102189 -1.606427 0.524394 0.334031 -1.608518 -1.972696 -1.089174 2.031962 -0.509864 1.424979 0.400229 1.959346 -0.022718 0.752764 2.663448 1.397595 0.075722 0.839190 0.707385 1.855737 -0.913252 0.485101 -0.557798 -1.170011 -0.513951 -0.266360 0.194108 1.116510 0.404166 0.348388 2.055554 -2.133609 -0.227721 -0.903253 0.081720 0.160186 1.256125 0.509824 -0.865477 -0.093807 -0.565756 -0.698511
59 1.950457 1.094403 1.104210 -0.779814 -0.984750 -1.037719 -0.202137 -1.541311 0.262848 -0.084003 -0.103335 -0.071655 0.241031 1.158477 -1.613788 -0.995881 -1.075047 0.544055 -1.110418 0.321712 0.175750 -0.311883 0.893316 -0.794363 -0.045462 1.303420 0.909704 0.030515 0.681300 -0.343766 0.892930 0.749233 1.877291 -1.178542 -0.541756 0.372054 -0.571414 -0.998012 0.472504 -0.570042 -2.237790 -1.387699 -0.443638 -0.326140 0.556768 1.377125 -0.457349 0.327309 -0.218042 0.749793
60 -0.095229 0.965983 -0.034456 0.314979 1.636429 0.983982 -0.048041 -0.659966 0.024187 0.897381 0.462606 1.840742 -0.406705 0.053212 -1.125073 0.517579 -0.130606 -1.175606 0.619744 -1.399976 -0.730936 -0.348738 -0.010106 0.380361 2.310339 0.212835 -0.968307 -0.297129 -0.408124 -0.690175 1.465969 0.314416 1.775867 0.920798 -0.519899 1.070335 -1.067042 -1.303168 -2.131916 0.596766 -2.392933 -0.054063 0.661459 -0.200244 -1.229722 0.448431 -0.941835 -1.193123 0.917070 -1.434841
61 -0.186169 -0.194402 1.431908 0.226838 1.441058 0.238697 -1.314880 1.820733 -0.239453 -3.204156 -0.113758 0.325938 0.797280 0.137022 -0.243787 -0.202025 -0.966875 0.176321 1.579246 -0.920366 -0.690427 0.500231 0.443943 -1.762707 0.312560 -0.526261 -1.602230 0.533241 -0.589929 0.506448 1.445260 -0.903419 1.197881 0.139849 -0.587489 0.585981 0.884190 0.861337 -0.486996 0.283159 1.965974 1.924697 0.210765 -0.275398 1.199993 -0.052037 -1.529362 -0.788370 0.610460 -2.387294
62 0.027284 0.107432 1.355459 -0.510913 -2.754978 0.882920 -0.092494 -0.176557 -0.710854 1.048307 -0.456967 -0.208498 1.301193 -0.668074 -0.935333 0.041330 -0.285430 -0.128236 0.411668 -1.298551 -0.103021 0.300261 0.597114 -0.302541 -0.592769 -1.603543 -0.957669 -1.933982 -0.913470 1.387097 -0.407349 0.174171 -0.237509 -0.604257 0.559974 0.735466 -0.378033 -0.150681 1.912460 -1.587522 -1.782339 -1.315411 -1.249353 -0.264362 -0.875982 0.829509 0.406966 -0.009425 0.644983 2.043468
63 1.081127 -0.970611 0.535184 -0.142169 -1.280813 -0.390840 -0.271651 -0.888368 -0.850816 -0.740183 -0.073435 0.506221 -0.821330 1.718994 -0.622554 -0.624206 1.306522 1.672360 -0.003230 0.042742 1.160518 0.416270 -0.293795 0.800875 -0.689018 -0.488069 -0.186369 1.483751 -0.729231 -0.769322 0.180358 0.455284 2.017844 0.530030 -1.676329 0.041024 -0.495622 1.490762 0.467163 0.281475 0.139203 -1.445379 0.917260 -0.072379 -0.361974 -0.618241 -0.894043 1.348648 -0.174656 -1.748062
64 -0.078343 -0.645444 0.511295 -0.490483 1.042534 0.428390 -1.004903 0.491932 -0.483113 -0.385324 -1.990662 0.134177 -0.685208 1.018427 0.391903 -1.643400 -0.010929 -1.378551 0.744633 0.506338 0.761589 -1.166974 -0.482373 -0.186504 -0.778700 -1.551082 0.560260 0.382363 0.309224 -1.107457 -1.118305 -0.667244 -0.344464 -0.005718 1.055720 -1.710133 0.382412 1.277199 -1.250370 -0.577548 -0.147122 0.807880 -0.385623 0.519424 0.191138 0.534264 -1.683657 -0.839846 -0.371288 -0.636975
65 0.988463 0.727317 1.831873 -1.017539 0.276337 -0.194094 1.465976 -0.246062 -0.115034 0.500969 -1.000187 -3.282614 0.968962 -0.421036 -0.797052 -0.060302 0.096078 0.096022 0.249768 0.612810 0.769092 -1.415180 0.269020 1.311632 0.265392 0.373843 -0.757404 -2.388420 1.508601 -0.294422 1.438274 2.815709 -0.042701 1.586129 1.377471 2.650787 0.407614 -2.162994 -0.331322 -1.595523 0.266280 0.295303 1.967457 0.981795 -0.604517 -0.974581 -1.398488 -1.072401 -0.905685 -0.953577
66 -1.486431 -0.061822 0.920901 -1.151349 -0.045283 -0.070696 -0.388443 -0.559887 1.590249 1.099013 -1.178239 1.942064 -0.767035 0.702108 1.803995 0.843180 1.118008 0.586917 0.301136 0.572323 -1.148945 0.453440 -0.867985 -1.829659 0.198101 -0.086338 0.554180 0.099271 -0.204931 -0.201732 1.411457 1.276803 -1.010105 -0.293633 0.280937 0.378408 1.410587 1.353833 1.322882 -0.616095 0.037270 0.044382 -1.849921 2.029541 2.530614 -1.160496 0.265353 -0.138259 1.115275 -1.078565
67 -0.332685 -1.714782 -0.441231 2.011343 2.291326 -0.230785 -0.453643 1.602850 0.390704 -1.406076 -1.088969 1.412939 1.179121 -0.734644 0.209041 0.101920 1.033582 -2.138524 0.640466 0.432612 -1.070623 -0.831135 0.026589 0.529470 0.434315 -0.776592 -1.043017 0.209150 0.662446 0.394296 -0.931501 -0.473727 0.434226 -1.900569 -0.965741 -1.805707 0.067128 0.511295 -1.837749 -2.113763 0.168424 2.044799 -0.656189 -1.254814 0.240184 -0.793912 1.457944 0.300634 -0.252163 0.472135
68 -0.656126 -0.086113 0.415896 0.899735 -0.304138 -0.226159 -1.612693 0.504504 0.305954 1.060738 0.359805 1.307482 -0.974584 0.253144 -1.083703 0.128557 0.566846 -1.992305 0.700902 0.716550 -0.026109 0.532589 1.065436 1.546478 -0.354545 1.349141 0.200843 -1.673445 0.629895 1.360105 -0.687348 -0.455697 0.949911 -1.262773 0.816759 -0.177869 0.675883 1.009532 -0.476725 0.472789 -0.904145 0.479570 1.054030 -0.705285 1.268985 -0.278880 -0.785010 -1.349864 0.520503 -1.185884
69 0.673752 1.011877 -1.714697 0.900843 0.390568 -0.778886 1.144875 -0.301326 0.752268 -1.610827 0.526943 0.392075 -0.930117 -0.089342 1.526701 -2.262271 0.823442 1.021000 1.327573 -0.831452 0.541654 0.225144 -0.037477 -0.709771 -0.254730 -0.189451 1.128637 -0.161470 -0.390790 -1.376280 -0.680584 1.005852 0.690805 0.215071 -0.546116 1.656735 0.913721 -1.740427 -1.043687 0.076157 -0.869174 -0.052293 0.797739 -0.139257 0.303637 0.077424 1.402418 0.001537 1.079566 -1.011442
70 2.334755 -0.550584 -1.406785 -0.419245 0.741309 -0.557151 -0.430820 0.469685 0.269816 0.311001 0.656891 -0.322201 -0.642402 0.331784 1.932563 1.225076 0.338987 0.654246 0.503296 -0.618233 -0.511089 -2.474933 -0.917639 -0.882384 -1.958821 -0.381216 -0.458212 -2.650110 -0.993109 1.114727 -0.485874 -0.578775 -0.214285 0.519110 0.041451 -0.509539 -0.121786 0.367993 0.439629 -0.400874 -0.238171 0.284497 0.625148 0.120022 0.342171 -0.073963 -0.865763 -0.321215 1.997912 -0.433237
71 -1.632630 1.043124 1.092004 0.412791 0.235715 -0.518101 -1.638157 -0.993118 -1.038100 -1.367740 0.971174 -1.094947 -0.308504 1.094360 -0.892621 0.438998 -0.229203 -0.085785 0.183932 -1.042192 -0.521304 -0.902213 0.214717 1.060791 0.470076 0.569779 -0.358994 -0.633813 0.078498 -1.048627 -0.007388 1.637333 1.127869 -0.922707 -0.792875 1.085245 -0.940968 0.339849 1.333197 -0.468377 -0.223278 0.156411 1.597008 -0.417793 0.050315 -0.358526 1.729548 0.212832 0.331982 -0.702171
72 1.567022 0.605106 1.925242 -1.748269 -2.686509 -0.705414 0.545379 -0.514179 1.534927 0.507861 0.650026 -0.384484 -1.636506 0.606130 1.936655 -0.170376 1.425709 -0.143890 0.375091 0.878709 -2.319969 -0.131875 -0.606121 0.790263 -1.274817 1.433407 -0.308129 1.620213 0.417236 0.046801 0.385333 -0.101739 -0.358512 0.378356 -0.477458 -0.038895 0.808151 0.386301 0.822763 -1.645477 0.168469 -0.663025 0.980829 -0.004804 -0.755964 1.033914 -1.758359 -1.643818 0.954549 0.951889
73 1.330517 1.728908 0.323053 -0.779109 0.119862 0.257304 -1.563380 -1.145657 0.892655 1.519774 -0.015134 -1.068696 -0.954009 0.143604 2.193080 -0.251665 0.130233 -0.188963 -1.033424 0.763326 -0.548749 0.735494 -1.373793 -0.186602 -0.321244 -0.437780 -0.340891 -0.845476 -0.643094 -0.655542 0.208436 1.025524 0.609077 -0.564358 0.056109 -0.541678 -0.858610 0.831768 -0.700390 -0.920936 -0.707535 0.261978 0.927243 -0.021004 0.692331 0.293867 -0.472272 -1.196178 0.282409 -0.914011
74 0.235744 0.541897 0.203963 -0.210926 -0.209807 0.948891 0.363994 0.356895 0.066886 0.718583 0.229199 -1.069233 1.477941 1.623011 -0.869916 -2.177637 -1.325502 0.529837 1.051334 0.532660 -0.406026 0.595029 -0.523040 0.908704 -0.759476 0.033766 0.573386 -2.412492 0.092841 0.147121 1.241778 0.374243 -1.357145 1.339534 1.024823 0.897119 0.451813 1.482091 1.166641 0.516574 1.224899 -0.978738 -0.503636 0.593641 -1.282763 -1.880381 -0.739688 -0.143150 -1.479842 0.095598
75 2.203953 -0.084745 -1.561956 -0.506038 -0.514862 0.253017 -2.082763 -0.430550 -0.701603 0.072210 0.982450 -0.667610 1.161439 0.236160 -2.405257 0.999881 0.110639 -1.723474 1.465118 -1.558196 0.016281 0.038399 -0.109491 0.724970 0.280830 1.106863 -0.103936 -0.227241 -0.370213 2.267796 0.098572 0.199111 -0.477267 -1.002428 -0.171749 0.635632 0.489460 -1.297561 1.651296 -0.192326 1.035250 0.654325 -0.557021 0.552330 -1.656168 -0.668604 -1.468588 0.191570 -0.592533 0.038042
76 -1.315692 -0.624716 -0.100286 1.107272 0.065029 0.709270 -0.270371 0.602666 1.186023 -0.338420 -0.775559 -0.156713 -0.954959 1.608797 -1.384175 0.098625 1.191641 1.031411 0.279405 -1.141232 0.813458 1.160684 0.926546 -1.765273 0.446298 -0.285724 1.564698 -0.591612 -0.643349 -1.729919 0.970928 0.336630 -1.086461 0.089129 0.464122 2.442778 -1.204437 -0.144779 -0.546328 -0.687253 -0.654576 0.109381 -0.498997 -0.056486 0.691745 0.513258 2.697449 -0.151834 0.640521 -0.519147
77 1.300616 -0.274379 0.490532 0.486842 -1.901233 0.718636 -0.507188 -0.550683 -0.713343 0.664863 -0.223967 1.068372 0.941771 2.374925 -1.812859 0.340317 0.338489 0.015174 -2.178830 0.782470 -2.392429 -0.038120 -0.617009 1.611788 0.585357 -0.511716 -0.563168 -0.917436 0.772964 -0.420816 0.994943 0.472042 -1.506947 0.693923 -0.703371 -0.183516 -0.029377 -2.413382 -0.298751 2.477353 -1.431459 1.294544 -0.365747 0.791886 0.149306 -0.330097 0.996952 0.635394 -1.646484 0.747497
78 1.157759 0.211929 0.587982 0.014164 -0.400053 -0.001806 0.097051 1.016235 -1.490355 -0.206964 -0.742131 0.476260 -0.736875 -0.682188 -0.948426 -0.695845 -0.602148 2.565050 -0.677100 -1.401041 -0.916678 0.156007 -1.094250 -0.781524 -1.758860 -1.540731 -0.825037 -0.146817 -0.825451 -0.807838 0.729893 0.740554 -0.247522 -0.406219 -0.028101 0.063826 -0.406608 0.567237 -0.297582 0.446966 1.655259 -1.659967 -0.141636 -0.008543 -1.127056 -0.996916 -0.932130 0.486775 -0.519734 -2.690396
79 -1.893455 -1.383026 0.272613 -0.721549 0.615513 0.586279 0.177632 -0.395047 1.363136 1.458236 0.658208 0.985420 -0.236579 0.200484 -0.077485 0.330893 -1.167965 -0.143986 -0.095480 -0.981352 1.954340 0.018592 -3.566435 0.828291 2.042587 1.019213 -2.637039 -0.456615 -0.042080 -0.460850 -0.295307 1.670788 0.153539 -1.569291 -1.104534 -0.041705 0.067998 0.744003 -1.805380 1.523083 0.363138 -1.048940 1.392348 0.451904 -0.010977 1.407376 1.385463 0.423636 1.646741 -0.383955
80 -1.628289 -0.316666 -1.897120 1.144149 -1.160507 0.591130 -0.320284 0.825700 -0.677048 1.248982 -1.168428 -0.562117 0.362118 -0.462667 0.899295 0.061738 -0.842391 0.503943 -0.437616 0.880197 0.414447 2.648496 -0.020403 -2.484265 -0.847624 0.482951 -0.090190 -1.002270 1.146648 -0.600310 -0.934291 0.938541 -0.661738 0.199156 1.616286 0.488958 0.076244 1.311761 -0.256942 -0.988985 0.353383 -0.048265 0.852397 -0.857418 -1.417198 2.954043 0.665002 -2.814247 -1.220669 -0.805177
81 -0.830381 0.013067 0.770191 -3.020963 -0.053499 -1.845668 1.477412 0.707156 2.051423 -0.567749 0.495031 0.192954 -0.978914 -1.647237 -0.945783 1.582391 -0.003254 -0.172531 0.386698 -0.902067 -0.439109 3.362704 -2.231034 -0.766789 -1.421044 -1.226605 0.102384 1.264900 -0.753127 -0.941701 -1.517732 -0.096499 -0.128975 0.542150 -1.248442 0.369498 1.625930 -0.869710 0.889605 -0.869621 -0.126618 0.212703 0.107719 -0.886284 -0.092273 -0.901514 -0.047173 -0.207931 0.088038 -1.226356
82 -1.363919 -0.698416 0.535382 0.351198 0.405375 1.141471 -0.810613 -0.071094 0.005605 0.763543 1.478519 -1.172297 1.334490 0.249482 1.144205 -0.263397 -2.374146 0.399086 -0.008346 0.093628 -0.358088 -0.621746 0.800790 -0.730724 0.588860 -0.471843 -0.325163 1.570733 -2.441947 0.211425 -1.048503 -0.673472 0.114641 0.581625 0.274845 -2.813569 0.565248 -0.143827 1.156661 0.212837 -0.940869 -1.583943 -0.067769 -0.479865 -0.592040 0.216154 -0.299431 -1.097094 -0.290789 -1.088963
83 -0.126770 -0.937710 0.059331 0.708143 0.273381 0.591642 -0.856299 -1.250549 -0.553790 -2.914970 0.049708 -0.221381 -1.441212 1.180713 -0.425783 1.024929 0.896662 1.087698 -1.071579 0.247889 -0.223467 0.043829 -2.294711 -1.090294 -0.200258 -0.902067 1.072463 0.305897 0.659512 -1.425702 0.455952 0.773382 -0.373560 1.551482 0.515727 -0.571817 -1.259971 0.952817 -0.429698 0.353540 0.843671 -0.258757 0.767386 0.053207 0.585323 -1.167205 -1.463094 0.939519 0.423827 0.857738
84 -0.085287 -1.310919 1.779015 0.829588 -0.705708 1.137468 -0.000866 -0.098567 1.102427 -0.946572 0.473771 -1.546926 -0.902202 0.801553 0.152311 1.159508 2.045694 -1.763882 -0.374130 -0.323565 -0.716190 -0.436796 0.849503 0.580682 0.459023 -0.978323 0.235775 0.167981 1.016408 0.628755 -0.942911 -0.190615 0.988624 -0.263234 -0.043516 -1.319792 0.846201 1.471974 -1.342154 -1.577341 1.459923 0.010671 0.587733 -0.490203 -0.366002 1.139675 0.187092 -0.891438 0.498376 -0.298459
85 0.653829 -0.780889 1.618892 1.420543 -0.089371 -1.514538 -0.664249 0.345114 -1.291691 -0.348900 0.002489 -0.783917 -1.659675 -0.658373 -0.439870 0.345739 1.439601 0.483638 0.650462 0.848415 0.923572 -0.381247 -1.006425 -2.382048 0.219905 -0.930456 0.604877 0.302338 -0.241907 0.397991 -0.968592 1.088262 1.751461 -1.242453 -0.969162 -1.031667 -1.259115 0.605869 -1.684614 -0.235315 0.580515 -0.497228 -0.898564 -1.207138 -2.418161 -0.745106 -0.612429 0.946708 -1.870229 1.104753
86 0.664362 -1.298977 -0.440286 1.695901 -0.569492 0.287475 0.071692 0.755242 0.531270 -0.922428 -0.097944 -1.050427 -0.218400 0.208867 -0.965636 -0.975087 -0.607516 -1.468113 -0.206589 -0.093429 -0.565912 1.191404 -0.113989 0.594742 -0.381294 -1.857424 -0.819458 1.499729 0.562110 2.100122 0.043166 0.413136 0.460993 0.517018 1.900809 -2.071175 -0.622057 0.981105 1.241097 -0.368388 0.025870 -1.324017 1.200805 1.402236 0.961971 0.899628 0.407951 0.439445 -0.634053 -1.432552
87 0.479170 0.141389 0.244479 -1.644951 -1.325901 0.598620 0.218234 -0.493264 2.556472 -0.713365 2.019000 0.661411 -0.262821 -1.289530 -0.375844 -0.312789 -0.191877 0.902436 -0.792001 1.423002 -0.370825 -0.346146 -0.311632 0.417396 -0.421432 0.349482 0.338964 -0.621304 -1.330582 -0.435623 0.577536 -0.519142 -1.008334 -0.811033 0.315237 0.214397 -0.553169 0.742516 1.118873 0.587820 0.753111 0.496411 -0.216736 0.096697 0.067114 -0.678369 0.644417 1.121134 0.103999 0.503391
88 0.011486 -1.348611 -0.940915 -0.260881 -2.097769 -0.465220 -1.094507 -0.740202 -0.355221 -0.916701 1.298809 0.775138 0.932083 0.726146 0.161596 1.567862 -1.801044 -0.502681 -0.005611 0.092464 0.443808 -0.292585 -0.503607 0.582718 -0.460248 0.056918 1.269000 -1.511849 -0.721334 1.540763 -0.859175 1.477409 0.142088 0.003963 1.004672 0.247375 0.761303 0.461369 1.255525 0.378983 1.896677 1.186113 -1.191543 -0.018535 -0.780566 -0.465665 -1.933134 -0.394551 0.323752 0.475022
89 -1.288147 -0.114926 -1.260061 0.130094 -1.759677 2.266019 1.393442 -0.078348 -0.562521 -0.569515 -0.877601 0.634723 0.005980 -1.302409 2.204528 1.188261 -1.377905 -0.006449 -0.846785 -1.683139 -0.013115 -0.707556 0.936811 -0.861904 0.339424 0.102896 0.488593 -2.072954 -0.476497 1.160481 -0.862283 -0.403094 -0.792517 0.480877 -0.689736 0.010438 -0.027240 0.415739 0.030598 -1.308200 -0.282764 -1.055334 0.068307 0.130419 -0.103811 -1.498412 -0.723356 -2.221821 -1.520557 1.176663
90 0.955810 -0.688484 -1.651845 -1.888478 0.740405 -0.405755 0.595087 -0.063850 -0.830005 -2.515987 1.083985 1.889728 1.032390 0.851509 0.520649 0.394627 -2.503356 -0.462776 0.646085 0.208438 1.170814 -0.856192 -0.048948 0.513161 -1.046075 -0.931678 -0.282957 0.048242 0.374942 0.315880 0.755907 0.966542 -0.436156 0.394349 -0.682424 0.178495 -0.021911 -1.290763 -0.364788 1.076920 -0.374691 0.877309 -0.762664 -0.111979 0.480811 0.337922 -1.715934 -0.699578 -0.829648 0.155774
91 -0.002127 -0.081400 -0.802417 1.097004 -0.773588 -0.492353 0.606134 -0.389655 1.736596 0.602388 1.744797 0.748447 0.259861 -0.726447 1.691453 0.987771 0.607274 0.389881 0.335146 0.786633 -0.589303 -0.388778 -0.693179 -0.628259 0.681160 0.282810 -0.572559 0.940805 -0.862592 -0.471861 0.702947 -2.289383 -0.229920 2.385590 0.032967 -0.900857 -0.702147 -1.474230 -0.690499 -0.438637 0.662351 -0.467152 -0.046834 -0.789323 -1.121036 1.204768 -0.768420 0.497122 0.273808 0.993225
92 -0.923412 -0.150038 -0.028072 0.209693 -1.188884 0.255088 1.463824 1.017147 0.311788 -0.478364 -0.484670 2.375412 0.294093 -0.048521 -2.196237 0.221445 -0.577010 -0.597626 1.044887 -0.959845 -2.440724 -0.128533 -0.586749 0.952174 -1.380675 0.053159 -1.744495 -0.941330 1.669421 -1.310750 -0.520206 0.369298 0.496034 1.058647 0.314346 0.532850 0.461883 0.413737 0.015665 -1.701703 -1.275148 0.006539 -0.105691 0.779177 -1.482686 0.419117 -0.655638 -0.067462 -0.667128 -0.247088
93 -2.224395 0.612252 1.342865 -0.545257 -1.303440 1.774539 -0.591454 0.844252 0.166536 -1.073261 0.307799 0.469168 1.160472 1.776374 0.242888 0.104007 -1.439324 -2.977097 0.350223 0.256260 -0.171996 0.387299 -0.403149 -0.618407 0.776416 -0.120541 -0.054451 -0.178119 0.500491 -0.210274 0.281621 -0.520942 1.708852 0.692844 -0.152915 1.113753 0.674816 -0.737430 0.948699 -0.419894 -0.027552 0.274970 0.388613 0.181636 -0.697470 1.760512 0.597705 -1.463503 -0.401638 0.670793
94 -0.475805 0.143252 -0.987596 1.896361 1.077912 0.127483 0.609250 -0.521644 0.221119 -0.355979 1.249073 -0.605612 0.647482 -0.270897 -0.360999 0.159224 1.477428 -0.459732 -0.376802 -2.040617 1.657086 0.750381 -0.156937 1.019497 -0.389545 -0.930532 0.309823 1.081070 0.143289 0.367246 0.308613 -1.642543 -1.996931 2.047115 -0.610536 -0.358542 -0.304732 0.741952 -0.382809 -0.067644 -0.830468 0.041544 -0.825329 -0.169482 -0.939102 0.816452 -0.377086 -0.561727 -0.403278 -0.355952
95 -0.610612 -0.704237 -2.194643 0.042307 -0.177495 -0.083839 1.310097 -0.946647 -1.396721 1.434004 0.487645 0.617336 2.282469 -1.203547 -0.783755 1.200343 1.135651 -0.616175 -0.703639 -1.277121 0.709844 0.040909 1.506107 0.692636 -0.391149 -0.465880 -0.989846 -2.228639 -0.058865 -0.206799 -0.158116 0.207822 0.801134 0.764973 1.190311 0.393205 -0.346022 -0.858596 -2.095443 -3.088973 0.102240 -1.200732 0.686578 -0.587488 -0.120453 0.839236 -0.493381 -1.953568 -0.311012 -0.893448
96 1.068691 1.030719 -0.460236 -0.040348 -0.261053 1.489457 -1.257231 1.807514 0.950370 -1.433962 -2.344660 0.091001 0.114000 0.593680 0.347445 -0.158429 -1.111485 -1.791793 0.242850 -0.637567 -0.309387 1.140081 -0.617793 1.645064 1.292797 1.679454 -0.644338 -1.288295 -1.485193 -0.864958 0.481189 1.754210 -0.242579 -1.059033 -1.891949 -0.423307 -1.152830 0.671441 0.107174 -0.712128 -0.903147 -1.110107 0.779727 0.200509 -0.263500 0.171236 -1.690866 -0.173897 -0.104408 0.535972
97 1.698290 -0.842566 4.669942 -2.221017 0.228086 -0.495994 4.897059 -0.797163 0.359192 0.859619 4.948896 3.383423 3.419643 -0.985602 0.603637 0.288099 1.339465 5.973893 6.787204 -0.098306 5.605104 5.482300 5.703360 0.797622 -0.184848 3.899619 4.628707 5.256224 -0.425960 0.602931 -1.293723 -0.567984 -0.013427 -0.934359 -0.952042 4.484311 -0.828731 0.053990 4.283900 4.768882 4.601994 4.860809 -2.088562 0.109793 -0.771264 -1.908244 -0.025487 0.665336 6.148802 4.286872
98 0.305172 -0.285052 4.833683 0.764838 -0.506622 -1.487669 5.603681 -1.643865 -0.308334 -1.307732 4.127009 6.680314 5.515109 -0.458934 1.516156 -0.661363 -0.062088 5.308446 5.105930 -0.949720 3.336640 4.823580 4.544320 -0.453471 -1.504369 4.167401 6.127604 4.509140 0.227551 2.198146 -0.436686 0.038045 -0.709107 -0.397653 0.099416 2.980297 -1.275383 0.875258 5.055820 6.260895 3.965104 4.925843 -1.635894 -2.407993 -0.101042 0.376210 0.722728 -0.201054 4.482210 3.330783
99 0.504917 -0.704687 4.473963 2.114470 0.350865 -0.500358 5.115569 -0.818402 0.953221 1.948446 5.140960 5.667991 5.237311 -0.211811 -0.377672 -0.484307 1.542457 4.528163 4.402051 0.144481 5.125310 4.172915 4.128853 -0.312887 -0.390653 4.754092 3.801345 4.565269 -1.672538 -1.179023 -0.823784 0.971371 0.444306 -0.357925 -1.296710 4.122459 1.084767 0.365547 3.959902 5.992506 4.260742 5.905020 -1.773735 -0.575482 -0.086592 0.871144 0.190713 -0.041871 5.065354 5.322922
END
#################################################################
SECTION3 (Edges Information)
EndPoint0 EndPoint1 Weight
0 1 1.000000
0 9 1.000000
0 10 1.000000
0 90 1.000000
1 0 1.000000
1 2 1.000000
1 11 1.000000
1 91 1.000000
2 1 1.000000
2 3 1.000000
2 12 1.000000
2 92 1.000000
3 2 1.000000
3 4 1.000000
3 13 1.000000
3 93 1.000000
4 3 1.000000
4 5 1.000000
4 14 1.000000
4 94 1.000000
5 4 1.000000
5 6 1.000000
5 15 1.000000
5 95 1.000000
6 5 1.000000
6 7 1.000000
6 16 1.000000
6 96 1.000000
7 6 1.000000
7 8 1.000000
7 17 1.000000
7 97 1.000000
8 7 1.000000
8 9 1.000000
8 18 1.000000
8 98 1.000000
9 0 1.000000
9 8 1.000000
9 19 1.000000
9 99 1.000000
10 0 1.000000
10 11 1.000000
10 19 1.000000
10 20 1.000000
11 1 1.000000
11 10 1.000000
11 12 1.000000
11 21 1.000000
12 2 1.000000
12 11 1.000000
12 13 1.000000
12 22 1.000000
13 3 1.000000
13 12 1.000000
13 14 1.000000
13 23 1.000000
14 4 1.000000
14 13 1.000000
14 15 1.000000
14 24 1.000000
15 5 1.000000
15 14 1.000000
15 16 1.000000
15 25 1.000000
16 6 1.000000
16 15 1.000000
16 17 1.000000
16 26 1.000000
17 7 1.000000
17 16 1.000000
17 18 1.000000
17 27 1.000000
18 8 1.000000
18 17 1.000000
18 19 1.000000
18 28 1.000000
19 9 1.000000
19 10 1.000000
19 18 1.000000
19 29 1.000000
20 10 1.000000
20 21 1.000000
20 29 1.000000
20 30 1.000000
21 11 1.000000
21 20 1.000000
21 22 1.000000
21 31 1.000000
22 12 1.000000
22 21 1.000000
22 23 1.000000
22 32 1.000000
23 13 1.000000
23 22 1.000000
23 24 1.000000
23 33 1.000000
24 14 1.000000
24 23 1.000000
24 25 1.000000
24 34 1.000000
25 15 1.000000
25 24 1.000000
25 26 1.000000
25 35 1.000000
26 16 1.000000
26 25 1.000000
26 27 1.000000
26 36 1.000000
27 17 1.000000
27 26 1.000000
27 28 1.000000
27 37 1.000000
28 18 1.000000
28 27 1.000000
28 29 1.000000
28 38 1.000000
29 19 1.000000
29 20 1.000000
29 28 1.000000
29 39 1.000000
30 20 1.000000
30 31 1.000000
30 39 1.000000
30 40 1.000000
31 21 1.000000
31 30 1.000000
31 32 1.000000
31 41 1.000000
32 22 1.000000
32 31 1.000000
32 33 1.000000
32 42 1.000000
33 23 1.000000
33 32 1.000000
33 34 1.000000
33 43 1.000000
34 24 1.000000
34 33 1.000000
34 35 1.000000
34 44 1.000000
35 25 1.000000
35 34 1.000000
35 36 1.000000
35 45 1.000000
36 26 1.000000
36 35 1.000000
36 37 1.000000
36 46 1.000000
37 27 1.000000
37 36 1.000000
37 38 1.000000
37 47 1.000000
38 28 1.000000
38 37 1.000000
38 39 1.000000
38 48 1.000000
39 29 1.000000
39 30 1.000000
39 38 1.000000
39 49 1.000000
40 30 1.000000
40 41 1.000000
40 49 1.000000
40 50 1.000000
41 31 1.000000
41 40 1.000000
41 42 1.000000
41 51 1.000000
42 32 1.000000
42 41 1.000000
42 43 1.000000
42 52 1.000000
43 33 1.000000
43 42 1.000000
43 44 1.000000
43 53 1.000000
44 34 1.000000
44 43 1.000000
44 45 1.000000
44 54 1.000000
45 35 1.000000
45 44 1.000000
45 46 1.000000
45 55 1.000000
46 36 1.000000
46 45 1.000000
46 47 1.000000
46 56 1.000000
47 37 1.000000
47 46 1.000000
47 48 1.000000
47 57 1.000000
48 38 1.000000
48 47 1.000000
48 49 1.000000
48 58 1.000000
49 39 1.000000
49 40 1.000000
49 48 1.000000
49 59 1.000000
50 40 1.000000
50 51 1.000000
50 59 1.000000
50 60 1.000000
51 41 1.000000
51 50 1.000000
51 52 1.000000
51 61 1.000000
52 42 1.000000
52 51 1.000000
52 53 1.000000
52 62 1.000000
53 43 1.000000
53 52 1.000000
53 54 1.000000
53 63 1.000000
54 44 1.000000
54 53 1.000000
54 55 1.000000
54 64 1.000000
55 45 1.000000
55 54 1.000000
55 56 1.000000
55 65 1.000000
56 46 1.000000
56 55 1.000000
56 57 1.000000
56 66 1.000000
57 47 1.000000
57 56 1.000000
57 58 1.000000
57 67 1.000000
58 48 1.000000
58 57 1.000000
58 59 1.000000
58 68 1.000000
59 49 1.000000
59 50 1.000000
59 58 1.000000
59 69 1.000000
60 50 1.000000
60 61 1.000000
60 69 1.000000
60 70 1.000000
61 51 1.000000
61 60 1.000000
61 62 1.000000
61 71 1.000000
62 52 1.000000
62 61 1.000000
62 63 1.000000
62 72 1.000000
63 53 1.000000
63 62 1.000000
63 64 1.000000
63 73 1.000000
64 54 1.000000
64 63 1.000000
64 65 1.000000
64 74 1.000000
65 55 1.000000
65 64 1.000000
65 66 1.000000
65 75 1.000000
66 56 1.000000
66 65 1.000000
66 67 1.000000
66 76 1.000000
67 57 1.000000
67 66 1.000000
67 68 1.000000
67 77 1.000000
68 58 1.000000
68 67 1.000000
68 69 1.000000
68 78 1.000000
69 59 1.000000
69 60 1.000000
69 68 1.000000
69 79 1.000000
70 60 1.000000
70 71 1.000000
70 79 1.000000
70 80 1.000000
71 61 1.000000
71 70 1.000000
71 72 1.000000
71 81 1.000000
72 62 1.000000
72 71 1.000000
72 73 1.000000
72 82 1.000000
73 63 1.000000
73 72 1.000000
73 74 1.000000
73 83 1.000000
74 64 1.000000
74 73 1.000000
74 75 1.000000
74 84 1.000000
75 65 1.000000
75 74 1.000000
75 76 1.000000
75 85 1.000000
76 66 1.000000
76 75 1.000000
76 77 1.000000
76 86 1.000000
77 67 1.000000
77 76 1.000000
77 78 1.000000
77 87 1.000000
78 68 1.000000
78 77 1.000000
78 79 1.000000
78 88 1.000000
79 69 1.000000
79 70 1.000000
79 78 1.000000
79 89 1.000000
80 70 1.000000
80 81 1.000000
80 89 1.000000
80 90 1.000000
81 71 1.000000
81 80 1.000000
81 82 1.000000
81 91 1.000000
82 72 1.000000
82 81 1.000000
82 83 1.000000
82 92 1.000000
83 73 1.000000
83 82 1.000000
83 84 1.000000
83 93 1.000000
84 74 1.000000
84 83 1.000000
84 85 1.000000
84 94 1.000000
85 75 1.000000
85 84 1.000000
85 86 1.000000
85 95 1.000000
86 76 1.000000
86 85 1.000000
86 87 1.000000
86 96 1.000000
87 77 1.000000
87 86 1.000000
87 88 1.000000
87 97 1.000000
88 78 1.000000
88 87 1.000000
88 89 1.000000
88 98 1.000000
89 79 1.000000
89 80 1.000000
89 88 1.000000
89 99 1.000000
90 0 1.000000
90 80 1.000000
90 91 1.000000
90 99 1.000000
91 1 1.000000
91 81 1.000000
91 90 1.000000
91 92 1.000000
92 2 1.000000
92 82 1.000000
92 91 1.000000
92 93 1.000000
93 3 1.000000
93 83 1.000000
93 92 1.000000
93 94 1.000000
94 4 1.000000
94 84 1.000000
94 93 1.000000
94 95 1.000000
95 5 1.000000
95 85 1.000000
95 94 1.000000
95 96 1.000000
96 6 1.000000
96 86 1.000000
96 95 1.000000
96 97 1.000000
97 7 1.000000
97 87 1.000000
97 96 1.000000
97 98 1.000000
98 8 1.000000
98 88 1.000000
98 97 1.000000
98 99 1.000000
99 9 1.000000
99 89 1.000000
99 90 1.000000
99 98 1.000000
END
#################################################################
SECTION4 (TrueSubGraph Information)
EndPoint0 EndPoint1 Weight
99 98 1.0
98 97 1.0
99 9 1.0
9 19 1.0
END
#################################################################
SECTION5 (Labels Information)
0 0 1 0 0 0 1 0 0 0 1 1 1 0 0 0 0 1 1 0 1 1 1 0 0 1 1 1 0 0 0 0 0 0 0 1 0 0 1 1 1 1 0 0 0 0 0 0 1 1 
END
#################################################################
SECTION6 (bt Information)
-5 -5 5 -5 -5 -5 5 -5 -5 -5 5 5 5 -5 -5 -5 -5 5 5 -5 5 5 5 -5 -5 5 5 5 -5 -5 -5 -5 -5 -5 -5 5 -5 -5 5 5 5 5 -5 -5 -5 -5 -5 -5 5 5 
END
#################################################################
