#################################################################
#APDM Input Graph, this input graph includes 3 sections:
#section1 : general information
#section2 : nodes
#section3 : edges
#section4 : trueSubGraph (Optional)
#
#if nodes haven't information set weight to null
#################################################################
SECTION1 (General Information)
numNodes = 100
numEdges = 200
usedAlgorithm = NULL
dataSource = SimulationData2
END
#################################################################
SECTION2 (Nodes Information)
NodeID Base Counts
0 -1.034091 0.075216 0.156896 -0.242761 1.013738 0.602915 0.433005 1.554747 -0.149790 -0.126740 1.919524 1.434094 0.920970 0.870979 1.068734 0.724868 -1.649367 -0.320943 -0.906553 -0.053406 0.364322 0.199427 1.545725 -0.282111 -1.415991 0.311870 -0.529506 -2.018215 -0.582568 -0.300003 0.052614 1.296630 0.454128 -0.662361 0.674379 -1.046379 -0.934690 1.374808 -0.032149 -0.726224 1.016981 0.303485 0.668778 -2.204570 0.349927 -1.335339 0.049663 0.365790 -0.525917 0.115891
1 -0.926223 -0.289103 -0.930404 -0.676787 0.020765 -1.429041 -0.967703 -1.010420 0.368265 -0.417128 0.322777 -0.194917 -1.802803 -1.968326 -1.802860 -0.356423 0.248602 1.243789 0.377217 0.631651 -1.769122 0.363085 -0.435558 -0.271171 0.223892 -1.131094 0.445808 -0.645963 0.036412 -0.774696 0.702986 -0.614793 0.503537 0.108010 0.488112 -0.851009 0.300768 -0.618984 -0.960455 0.259516 -0.693145 1.527705 1.337373 -0.404297 -1.385451 -1.299694 0.273884 0.267705 0.606666 -0.708673
2 -0.042339 0.054609 -1.746051 -0.647340 -1.348030 -0.401202 0.334714 -1.164685 0.018457 -3.370680 1.056858 1.827601 -0.729738 0.286902 -1.459613 2.030577 -1.818713 0.438235 1.923416 -0.351792 -0.028168 0.481167 -0.360830 0.920099 -1.220496 -0.539462 -0.134138 0.112606 0.885722 -0.681217 -1.663852 1.375491 0.450391 0.268258 0.695486 1.525213 0.046929 0.588399 0.322348 0.101748 -0.844438 -0.454838 0.055951 -1.754803 -1.372315 0.635035 1.208475 -1.104172 -0.763413 -1.793184
3 0.218238 -0.708560 1.227612 0.157976 -1.412571 -0.501045 -0.857196 0.377860 0.685987 0.058735 -0.676164 0.463565 1.872238 -1.242877 0.088329 -0.302156 -0.505724 -0.099332 0.487146 0.552727 -0.717154 0.620466 -0.979531 0.498838 0.686059 0.357526 -1.322984 1.276690 -1.634795 -0.800839 0.397328 -0.420066 0.621829 1.133731 0.464186 0.331623 -1.857080 0.262298 -0.629877 0.414649 1.406357 0.810130 1.219660 0.522102 -0.381700 0.810645 -0.482766 0.764366 0.567534 -1.756544
4 -1.101925 0.924179 0.469154 -0.934408 -0.352448 -1.548552 -0.447645 0.468012 -0.965537 -0.183957 1.163657 -1.864457 -0.650463 -1.515901 -1.029151 -0.672042 -1.975771 1.159291 0.101066 -1.455205 -0.885030 0.049207 0.176485 0.295536 0.349450 -0.350028 -0.865362 0.094251 -0.043420 -0.872170 -1.655558 -0.870521 -1.960024 -0.080917 -0.820288 0.449101 -1.563688 1.709069 -0.519730 0.105017 -0.544894 -0.485036 -0.304749 -0.320865 0.306794 -2.127817 0.084464 -1.050787 -1.593351 -1.132640
5 0.700054 -0.148094 0.298219 -1.209862 0.966318 -1.010382 0.465685 -0.517582 -0.880695 0.922645 1.051802 -0.176005 0.394442 0.253516 -1.016694 0.297296 0.623511 -0.171359 -0.066575 -0.060871 0.012994 2.181246 -0.549213 1.154799 0.187731 -1.523691 -0.773722 -0.706376 1.444139 1.136223 -2.133399 -1.412067 0.195310 0.729333 0.056811 0.818882 0.427744 1.306564 0.192255 -0.132342 -0.780867 -0.527006 -0.143654 -0.340757 -0.073069 -0.931933 2.006900 0.068347 -0.175312 1.293384
6 2.023933 0.120722 0.666136 -1.334387 -0.063166 1.080204 -0.558127 0.481555 -1.127782 0.112718 1.376448 0.070579 -0.581592 0.609056 -0.645316 0.520323 1.008442 -0.105902 0.474587 1.843835 0.535043 1.386139 0.952910 0.693729 0.517256 0.518921 -0.427168 0.624824 1.843531 0.370884 -2.212792 0.723028 -1.876671 -0.525536 -1.115832 0.275875 -0.476730 0.552156 0.789686 1.377245 0.440072 -1.748704 0.147543 0.930316 1.326194 0.419213 1.084562 -0.563414 -0.652028 -0.676355
7 -2.290197 -1.839566 0.896339 -1.117325 -0.456300 0.380289 0.272571 -0.234881 -0.456360 0.883842 1.851067 -1.411253 -1.208011 -0.398642 0.227220 0.066020 -0.691851 0.167839 0.990330 -0.059363 1.488199 -0.822824 0.527258 0.424457 -0.269913 0.020082 -0.869797 -1.071506 0.792273 0.477305 0.396975 0.635790 0.316719 1.579775 -1.684420 -1.159686 -0.958285 -0.851903 0.348547 -0.231679 0.958514 0.710974 1.138749 0.352112 -0.328305 -1.456615 -0.457478 0.474958 -0.544083 -0.516519
8 1.977557 0.575428 1.260443 2.262339 1.938073 1.480720 0.222797 0.718603 0.207928 -0.362691 0.577444 1.672437 -0.659755 -0.269507 0.898795 -0.741717 0.320225 0.584968 0.454059 0.080374 1.181917 1.362701 -0.563664 -1.188407 -1.085216 0.413598 0.325828 0.710986 -0.996111 0.361926 -0.254626 1.644277 1.835959 -0.992025 -0.605347 -0.026159 1.044795 -1.880150 0.147215 0.166636 -1.794823 0.076302 -2.186779 1.432747 -1.378831 -1.310816 0.867275 -0.064399 -0.724767 -0.695030
9 -0.521280 -1.017693 -0.687959 0.765742 -0.629383 -0.239952 -1.027728 0.252831 -0.326791 1.223703 -1.312408 0.845785 -0.612833 1.252804 -0.038268 0.709311 -0.174854 0.480424 0.739140 -1.322773 0.551329 -0.615762 -0.248636 -2.400664 0.728110 -0.721608 -0.377893 0.305191 0.668197 0.975853 0.499448 0.175614 -0.255114 0.280866 0.632776 1.791003 -1.056256 -1.591896 -1.434001 -0.078931 -0.538615 0.149230 -0.337404 0.606679 -1.452641 0.473567 -1.919764 0.343600 1.164920 1.317068
10 -0.666826 -0.200255 -0.162978 0.583074 -1.756533 -0.907904 -0.306459 0.521513 -1.296123 -1.019913 0.012939 -1.116130 -0.591056 0.429806 1.520337 0.706321 -0.065457 -0.317155 -0.670530 -0.495890 -0.848447 2.110379 -1.100198 2.467590 1.073819 -0.833246 -1.986495 -1.755067 -0.100210 0.423185 0.071537 -0.932606 0.261503 0.144087 0.530677 -0.001103 -2.012414 -1.385350 -0.881168 -0.698536 0.719631 0.183419 0.768961 0.524102 -1.118693 0.686048 -1.858151 0.559691 -2.019038 0.721778
11 -0.756728 0.472582 0.473493 0.269440 -0.805403 -1.362848 0.207973 0.263888 1.355461 0.954355 0.388746 0.489900 1.652331 -0.022836 -1.652994 -0.762169 -2.443574 -0.466061 -2.218841 1.149582 -0.749313 -0.481273 -0.287277 0.305042 -0.808920 -0.669678 -0.054283 2.142964 0.025319 -0.233023 -1.964251 0.843579 1.169874 -0.863668 -0.285873 -0.949863 2.352833 0.657999 -1.563358 -0.207986 -0.846317 1.792560 -0.287153 -1.455124 1.602817 -1.926686 0.029955 1.502082 -0.001662 0.626411
12 2.216740 0.802766 1.036566 -0.654688 -0.115617 -0.504151 1.337847 -0.046713 -0.040030 0.839095 1.081113 -1.392228 0.559283 -0.275672 -0.616250 1.743685 0.191484 -1.267972 0.686941 -0.739474 1.898852 1.171446 -0.933904 -0.596762 -0.447427 -1.263243 1.083477 -1.595914 0.040135 -0.793431 -0.692798 -1.588047 -0.690674 -0.189145 -0.313533 0.684084 -0.753769 0.889184 0.040283 0.652902 -0.310251 -1.301655 0.731663 0.649228 0.673482 -1.100299 0.735706 1.310791 -1.102588 0.424192
13 1.862702 -0.819997 0.247791 0.100410 -0.149315 -0.761658 0.767092 -0.073896 0.327724 -0.941857 0.342997 -0.253068 -0.858132 0.331085 0.395236 -0.434907 -1.170697 -1.700040 0.769537 0.194895 0.504132 0.178051 1.377335 0.509429 0.617084 -2.325010 0.254874 -0.574206 -2.485084 -1.188069 0.383839 -1.501519 -2.407459 0.228513 -0.571448 -0.778245 -0.588344 -0.092572 -0.468380 -0.168634 -0.047505 -0.575300 0.737892 -0.124180 0.807881 -0.326890 0.518801 -0.524007 -1.016422 -1.004176
14 -0.057550 0.951991 -0.401422 0.321659 1.349546 0.343791 -0.248791 -1.259824 -0.160346 -1.266602 2.571438 -0.140521 0.031558 0.906055 0.905620 0.872729 2.097957 0.831466 -0.161062 -0.254590 0.379760 -1.497155 -1.246183 0.160836 -0.893017 -0.890383 0.648788 -0.170418 0.337174 0.578292 -0.353772 -0.240382 0.367445 0.335563 -0.705910 -1.638016 0.045342 0.098682 0.820403 -0.247714 1.485735 -1.481191 0.926141 -0.178929 -0.331172 -1.374797 1.073552 -0.262957 -0.699563 0.185626
15 -1.889098 3.673791 0.145681 -0.400843 -0.691507 0.613912 -0.514659 -0.654144 0.022618 0.577010 0.087052 1.685067 0.783517 0.359066 -0.157023 -1.160607 0.075370 0.840556 0.854285 1.328045 -1.219821 0.312506 0.330597 0.714906 2.055073 -0.063344 -1.068983 -2.375905 -1.604201 1.424471 -0.162026 -0.290587 1.148481 1.595127 2.058459 -1.525867 0.428890 -0.324745 0.798160 -0.396187 0.840699 -0.581974 -0.139344 -0.742449 1.119984 -0.347930 -0.503146 -1.032086 0.327554 -0.411295
16 1.712623 -2.371242 0.157526 -0.509623 -0.417150 1.550485 1.459489 0.398547 1.077316 1.342903 0.667730 -0.911342 0.742908 -0.355174 -1.180977 -0.101076 0.573316 0.787591 -1.051947 -0.459935 2.383503 1.289436 0.982851 -1.283423 0.042924 -2.159939 0.561999 -1.104975 0.661138 -0.150346 1.625495 -1.660928 -1.382585 0.791115 -0.055170 0.295894 -0.812488 -1.611365 -0.779651 -0.159576 -0.753323 0.808147 1.310996 -0.660252 -1.163637 -1.692739 1.706006 -2.935728 -0.843179 -0.172300
17 -0.269408 -0.344910 -0.497770 2.714009 0.563824 -1.524322 2.013613 1.287273 -0.902559 -0.029570 -0.879343 -0.484484 -0.145584 -1.977292 -1.268730 1.159362 -0.915814 0.174677 1.586534 0.512280 0.395352 -0.882156 -2.217026 -0.121198 0.180779 -0.247519 -0.943475 0.875738 0.976771 -1.390143 -0.786821 0.473203 0.523869 0.138204 0.511750 -1.593783 0.293805 1.083764 1.208803 -0.588256 -0.264965 0.231777 0.664573 -0.296358 -0.601429 -1.544017 -1.500360 -0.524511 2.274091 -0.326758
18 -2.086208 -0.371120 -0.021569 -0.079509 0.539719 -0.033993 -1.516822 0.905317 0.157724 0.355011 0.066661 -1.681715 0.170657 -0.462971 -0.593557 -0.809497 0.926702 0.171906 -1.328123 -0.020152 1.602241 -0.390477 -0.231706 -0.025105 -0.299682 -0.417759 0.976907 -1.088148 0.820410 0.268465 -0.573095 -0.192523 -0.528129 -0.221066 0.967482 0.835981 -0.122239 1.240259 0.293035 -0.341571 0.212069 0.015641 -0.246680 0.580648 0.538817 -0.197231 -0.351665 0.359775 0.889176 -1.793343
19 0.883590 -0.149516 0.117229 -0.481983 -1.792942 -0.131748 -0.199751 0.727195 1.026434 -1.398507 0.207773 -0.807525 -1.747215 -0.841617 1.002521 1.101759 -1.493542 0.069281 -0.505047 -2.265813 0.237993 1.565427 -2.426312 -1.174216 1.195939 -0.652173 -0.116812 0.022292 -0.787562 0.012563 1.132044 1.037207 -0.888210 0.038907 -0.095979 0.732161 -4.102693 -0.388079 0.467518 -2.172907 -1.184736 1.770113 1.832927 0.732313 -0.296180 0.112188 -0.818978 1.132529 0.956775 -0.107891
20 -1.184207 -0.443024 0.587774 -0.933478 0.676565 -1.938371 -0.077246 0.408921 -0.068043 0.613781 -0.885808 1.913805 -2.390699 -0.821635 0.863681 1.037905 -0.371562 -1.037497 -1.246172 -0.432558 -0.044969 -0.740414 1.581633 -0.871554 -0.660460 0.082910 -0.090108 0.368972 1.649727 0.450276 -0.185148 0.988992 0.930562 -0.535081 -0.245936 -2.971078 1.844982 -0.605955 0.698250 1.783338 1.161799 0.014566 2.045217 -0.693146 -0.445820 -0.659032 1.669975 -1.727386 -0.700565 -0.525365
21 0.625209 1.495692 -0.156458 0.047212 -0.430091 0.909211 1.309308 -0.779823 -1.672520 0.171148 -0.459985 0.405966 -0.341996 0.238322 0.048575 0.781563 1.938649 -0.508878 -0.175213 -0.438280 -0.112027 -1.107435 -0.690039 -0.229451 0.403285 0.498854 2.287484 -0.042301 -1.176057 -1.577050 1.936322 -0.737209 -0.832312 -1.438278 -0.441294 -0.271016 -0.239416 0.306977 0.616762 1.666399 -2.505075 -2.026706 0.647007 -0.772984 -0.191810 -1.458014 0.454633 -0.431750 -0.702763 -0.875872
22 1.558848 1.593084 0.116273 0.923639 -0.425513 0.098775 -0.574228 -1.495605 0.397699 -2.148268 -2.013066 -1.088617 -0.662842 -0.520968 1.387164 -0.769007 1.522931 -0.375660 -0.018681 0.112308 0.901348 -0.907624 1.347195 0.336968 -2.368637 -1.107228 0.024431 -0.088602 0.601793 -0.050129 0.484645 -0.886456 0.193044 -0.533679 1.005447 -0.233207 0.282915 0.599355 1.414112 1.481001 -2.404871 0.192110 0.390006 -0.259346 -0.077187 -1.043677 0.087561 -0.820082 -0.106144 2.148340
23 0.126545 1.035117 0.874650 -0.257809 0.686894 -2.436897 -0.669307 0.574327 -1.645136 0.762457 -1.075216 1.120936 0.855206 0.080110 -0.436740 1.557217 1.093825 0.101095 -0.805188 0.307609 1.142941 1.313770 0.148209 1.177778 -1.101467 -0.328422 -1.245237 -1.534445 -0.413323 0.788645 1.259892 1.104318 -1.575136 0.030765 1.176032 0.720157 -1.064081 0.077951 1.258470 0.314682 -0.479258 1.327037 -0.433289 0.216201 0.030766 1.097367 0.168215 0.642129 0.134162 -0.331797
24 -2.149417 0.793610 -1.248699 -1.363355 0.498379 1.389242 -0.311446 -0.404987 0.004806 -0.023130 -0.801617 0.664845 -1.736685 0.509323 -0.233476 -0.843451 -0.534406 0.581455 0.644725 -0.145426 -0.071781 1.822020 0.241010 -0.499191 0.894417 -1.039132 0.938670 1.538805 1.457276 1.598747 -0.680017 -1.694036 0.567469 0.662671 0.850138 0.347562 -1.407788 0.500166 0.222373 1.577111 1.482929 -0.897365 -1.300033 1.022589 -1.486239 0.534600 -1.464373 -1.530548 -0.383834 -0.131386
25 -1.783773 -0.804440 1.136024 0.157312 0.800904 1.087029 -0.301636 1.136993 1.477570 0.625127 -0.414009 0.831222 0.259607 -0.651860 -1.330800 -2.454720 -0.129658 -0.281186 0.198741 3.274639 -0.875354 0.017753 -0.334748 0.277713 -1.909453 -1.005362 -0.930463 2.027431 -1.469096 -0.641903 -1.308761 -0.354287 1.121351 -0.275075 -0.803930 0.774415 1.159332 -1.398450 -1.738591 -1.133456 -1.436456 -0.167014 0.021153 -0.107829 -0.531251 -0.329770 0.070500 -0.298747 -0.006902 0.876678
26 0.223545 -0.687242 -0.348666 -0.042260 0.574891 0.996798 -2.171224 0.818199 0.149187 0.744626 1.490583 -1.673948 -1.125693 -0.547672 0.575743 -0.457747 0.689633 -1.262715 0.395240 -0.036051 -0.231527 0.203018 -0.803312 -0.625738 0.802680 -0.354229 0.054407 0.078646 -0.809311 0.004626 -0.739785 -0.480055 0.929102 0.373178 0.106077 -1.832421 0.408728 0.191761 0.310402 -1.034808 1.813077 -0.138876 0.033526 1.157835 0.991487 0.223225 1.338899 -1.459263 -0.455284 1.438634
27 0.634377 0.711035 0.435994 -0.089153 -0.417279 -0.689262 0.033152 -0.624369 0.804868 0.639845 -0.657630 0.829571 -0.344901 1.326022 0.133183 0.486050 -1.399700 -0.296356 0.457053 0.632432 0.229082 2.492438 -1.237331 -0.322832 0.497819 0.317777 0.958514 1.717031 0.078336 -1.393517 0.455896 -2.086886 0.718156 -0.897033 -0.153761 1.440595 -1.211857 2.510420 -1.969570 1.910261 0.808559 -1.410637 0.865416 0.591033 0.693947 0.702406 -0.194762 1.139108 -0.098530 -1.233465
28 -1.950035 0.234685 -1.237908 0.321229 -1.618394 -1.370600 -0.523562 0.300589 1.460540 -0.788216 1.276974 -0.339472 1.095405 -3.359441 0.447010 -0.543484 0.067638 -1.386641 -1.177455 0.280594 -0.871988 0.743423 1.539127 0.861982 1.490277 -0.965494 0.590756 0.833683 -2.145932 -1.368032 -0.666748 0.580911 0.744744 1.659872 -0.719733 0.801727 0.120933 0.134381 -0.276407 -0.245355 -1.285588 2.294987 1.599533 0.209243 -1.529566 1.271329 1.588554 -0.597276 -1.170999 -0.746155
29 0.503651 -0.490023 0.547205 -1.069885 -0.741139 -0.248404 0.257602 0.190047 0.330956 1.206059 0.605089 0.305361 -1.467672 -0.609229 0.730141 0.898641 0.568509 0.184202 1.393965 1.215311 1.411110 0.191926 1.498102 -1.881086 -0.560150 -0.326086 1.355224 -0.025292 0.915004 -1.537484 -1.372326 0.703586 0.920373 -0.883757 -1.083696 -0.249375 -0.959025 0.447637 0.813796 -0.593287 -1.244042 1.239287 0.724098 -0.116350 -0.866465 0.569511 1.418529 -1.166009 -0.361910 -0.729804
30 0.235955 -0.820994 -0.282715 0.417842 -0.808387 0.594639 0.494238 -0.715986 -0.555266 -0.645619 -0.087942 1.015779 -0.697443 -0.150698 -0.835264 0.258551 -2.377803 1.429380 0.900369 0.767600 -1.096046 0.258627 0.105968 0.091164 -0.017383 -0.243540 0.005494 -0.004627 -1.443447 -2.168930 1.088389 -0.350280 0.199862 0.198124 1.242990 0.388262 -0.046358 -0.047372 -2.199545 0.174308 0.097953 0.209135 -0.065691 0.287550 0.651168 0.786884 0.204476 1.098269 0.244825 0.324724
31 -0.883194 -0.485318 1.126220 -1.492278 0.832704 1.361442 0.274600 -0.455868 0.571442 -0.510604 1.235545 2.565545 0.271271 0.097081 2.047799 0.792164 0.631397 -2.280864 -1.814555 -0.100051 -2.457034 -0.452737 0.351548 -1.238366 -0.273397 0.971986 0.499096 -1.084694 -0.769436 2.059497 -0.367731 0.610804 -0.663075 2.089863 -0.038824 0.373136 -0.064716 1.447860 -0.673953 -0.229507 0.893724 1.370231 -0.269122 -1.783177 2.151134 0.100385 -0.623849 0.440509 -0.017599 -1.209315
32 0.383080 -1.114109 0.137447 -1.067175 -1.481031 0.279850 0.941530 0.262817 0.311803 -1.436258 -1.267476 0.659269 -0.769475 1.241983 -1.014534 0.416310 -0.199850 0.681892 0.442750 -1.684622 -1.980149 -1.067165 0.305737 -0.820133 -0.229054 0.105346 -1.894650 2.075256 0.944221 -0.814147 -1.302445 1.500895 0.979994 0.082172 -1.375597 -0.324803 0.233648 0.279916 -1.026735 -1.433367 -1.484734 0.075122 -0.897324 0.300031 -0.210992 0.021040 0.750434 -0.473441 0.178772 0.114904
33 0.497105 0.148195 0.520989 -0.462211 -0.282633 -1.243511 -1.040104 2.892729 1.132821 1.179883 0.456841 1.549637 -0.758462 0.496236 -0.790604 -0.163314 0.228839 -0.051649 -0.902066 0.778858 -1.658554 -0.642658 -1.859194 -0.326310 0.181591 0.937979 -0.559375 0.691133 -1.084364 0.225527 -0.029348 -1.285124 1.314686 0.420010 -1.036862 -1.068470 0.250113 1.249647 -0.527288 -0.326441 0.339961 -0.212441 0.207295 0.158098 1.253993 0.797398 1.493452 -0.564137 -0.381003 0.430635
34 0.301342 -0.376658 -1.100313 1.032393 -1.366700 0.259605 1.294553 -1.951447 -0.458845 -0.156737 -0.785692 0.918381 -0.219090 0.804745 -0.989798 0.237727 -0.289948 -0.264231 -1.067400 -0.711218 -0.213436 0.109834 1.423814 0.860460 -0.065306 -1.127201 0.873661 -0.327284 -1.041933 0.690656 1.177569 2.220978 0.623253 -0.289543 0.014816 -0.036285 0.095150 0.483277 -0.003297 -0.088905 0.236470 -0.553348 -1.329100 -1.462769 -0.960076 2.024749 1.370337 -0.295110 0.037427 -0.233156
35 0.166535 1.069582 0.849642 0.504681 0.182361 0.509812 1.818405 0.232990 -0.219767 -0.479664 -0.623978 0.250637 1.392303 0.416229 0.434442 0.061957 -1.227507 0.086769 -0.246765 -0.337173 0.637029 1.051905 0.553285 -1.046088 1.258863 0.271448 0.702549 -0.379440 0.532672 -0.962011 -1.389053 -0.667879 -0.567715 -0.445142 0.132540 0.832415 0.479281 -0.256421 -0.617023 -2.210825 -2.773919 -0.799085 0.808877 -0.979424 0.574098 0.584382 -1.370189 -1.655900 0.141887 0.892809
36 0.204716 1.124296 -0.179650 1.202249 -0.140463 -0.807026 -1.062661 0.289030 -0.596832 -1.403119 -0.224462 0.210116 -1.467739 0.643600 -0.019149 -0.817764 1.357625 -0.233740 1.266063 -0.580075 -1.594187 0.095247 0.840877 0.680793 1.810058 0.282373 -0.051113 0.011443 -2.385743 0.606579 0.037106 0.460001 -0.670985 -0.573802 -2.768537 -0.082377 -0.698596 0.408744 0.324216 -0.758588 0.279525 -1.547190 -0.361045 0.219514 1.981136 -1.141184 -1.350711 -1.071536 0.357897 -0.875302
37 0.486574 2.312322 -0.982647 -0.888756 0.028559 -0.673225 0.905172 0.119260 0.583939 -0.008533 0.011802 1.976525 0.745861 0.169262 -1.444010 -0.012319 -0.961778 -0.174027 2.214191 0.268683 0.154651 -1.448659 -0.722565 0.653158 -0.668428 0.966608 0.406387 0.293393 -0.936700 0.545811 -0.050586 -1.062093 1.776024 0.689234 0.059993 0.941265 0.691934 0.104064 0.338105 -0.107094 -1.521275 -0.296946 -1.317065 0.264304 -0.314637 -0.020360 -1.793870 1.830180 -1.406321 -1.512468
38 1.545137 -0.551346 0.840527 0.345430 0.373660 1.338393 0.602427 1.769459 1.398049 0.476634 -1.738661 -0.953798 -0.204437 -0.583150 1.781115 -0.981544 -2.029254 -0.140994 -0.536812 0.270668 0.472667 -0.526320 -0.066627 -0.294805 -1.005444 0.522104 -1.133008 0.925661 0.535872 -2.805801 0.398151 0.970841 0.058844 0.970303 0.842196 -0.079982 -1.013530 0.073949 -0.016473 -0.337445 0.891395 -0.823912 -1.331584 -0.926190 -0.636351 0.963435 -0.707716 1.547526 -0.902432 0.171766
39 -0.452936 -1.742819 -0.965052 -0.591871 -0.144776 -0.303106 -1.074810 0.965922 0.741681 -0.485082 0.977664 0.052425 0.363200 -0.660935 0.660940 0.342821 1.523025 -0.027391 1.167113 -2.000585 0.427555 -1.698806 -0.027192 0.145356 -0.274303 0.545950 -0.055702 0.184652 1.397176 -0.042880 1.149630 0.774036 0.298563 -0.264697 0.473332 0.174590 0.230923 -1.780732 0.577088 1.140354 0.711623 -0.599714 -0.374587 -1.381365 -0.942975 0.039782 0.693001 0.803046 -0.526529 -0.673362
40 -1.894527 -1.008059 0.069799 0.326840 0.587437 -0.267775 -0.841121 1.130106 -0.486246 -0.504977 0.516053 0.653985 1.422835 0.341153 -0.045263 0.519751 -0.519569 -1.152090 -0.970001 -0.447095 -1.247805 0.630017 0.156612 -0.242457 0.711108 -1.033945 -0.671217 1.041813 -1.601188 -0.686263 1.941051 1.410204 1.386800 -2.279432 0.478055 0.714886 -0.110105 0.198682 -0.674844 1.744913 -2.639277 3.057181 -0.060115 0.342038 0.085888 -0.681125 0.354356 1.743091 0.261020 1.307957
41 0.696672 0.740743 -0.331850 -0.925124 -2.108469 0.913652 0.802864 0.832024 -0.674807 -0.939223 -1.993000 0.948304 -0.658176 -1.923946 -1.120482 0.783742 0.038430 -0.503593 -0.952829 0.052129 1.019241 -0.827253 1.022012 0.250265 0.227385 1.003099 0.094389 -1.254780 -0.407330 0.459036 -0.150148 -0.735230 1.016440 -0.729386 -0.465908 -0.284145 -0.941627 1.120061 -0.035132 -1.081494 -0.872913 -2.059004 0.465195 0.614465 1.430575 0.409542 0.537575 -1.917506 0.768849 1.272967
42 1.238526 0.063689 0.322905 -1.209624 0.547363 0.812727 1.697878 2.111893 -0.021849 -0.986216 -1.524610 -0.377662 0.842084 -0.123781 1.524445 -1.409260 0.165548 -0.643819 -0.443474 0.592458 -0.949850 0.672004 0.272514 -1.470230 0.859563 -0.730398 -2.163265 -1.188686 -1.015506 -1.198819 1.257049 -1.568598 1.368091 0.077586 -0.127248 -0.053176 0.484263 0.474420 1.589904 0.173706 -1.411704 0.020152 1.102669 -0.814185 0.727611 -1.602760 -1.610148 -0.756299 0.892978 0.738144
43 -0.153171 -0.035734 1.697033 -1.460800 -0.737863 0.175527 0.884638 -0.534464 -1.095055 0.188319 0.533884 0.578777 -1.133017 0.051370 -2.009348 -0.696914 1.611095 -0.908469 0.704627 1.242390 0.784753 0.149509 0.762954 -0.947781 -1.963963 -0.371104 -0.007649 -0.907187 0.000565 -1.125884 -0.101836 -1.635380 1.575389 0.044346 -1.734310 -0.321163 0.743299 1.504154 0.219275 -1.189336 0.544843 0.977378 2.051041 0.576307 0.081344 -1.456145 1.545716 0.086128 -0.862163 0.111597
44 0.642470 1.026479 0.743519 -0.614951 1.836538 -1.571592 1.161916 0.169626 -0.238590 0.247548 0.138929 -1.210561 1.121375 0.056803 -0.437055 1.630448 0.467460 0.976978 -1.105087 -1.142349 0.055538 0.311831 -0.507680 0.981598 0.703796 0.869111 0.671529 -0.335011 0.836163 0.384983 0.183754 -0.675786 0.540863 -1.439609 1.618612 1.618310 -0.722933 -0.764079 -0.942366 -1.071196 0.751469 0.313880 0.204343 0.686928 -0.671741 -1.603689 -1.081758 -2.439673 -0.787320 0.189038
45 0.724219 0.697846 0.566570 -0.587451 0.320281 0.353358 0.538966 0.967898 0.612246 0.235999 -0.555872 0.803984 0.160659 1.254213 0.325412 -0.150862 0.081827 -0.129893 0.450778 0.758914 0.888126 0.332932 0.657338 0.873529 -1.130708 -0.344743 -0.537042 -0.426468 -0.727036 0.447071 2.119740 1.603323 2.049407 0.451311 -0.636392 0.857863 0.013365 0.156613 0.398614 1.871677 0.272133 -0.735038 0.555532 -0.290498 0.073663 0.810669 0.511570 -0.215950 0.281482 -0.781869
46 -0.441971 0.733643 1.806729 -0.034247 0.936498 0.403524 -1.495883 -2.349742 -0.363150 0.226890 -1.704505 -0.308439 -0.991474 -2.245375 -0.549423 -1.259748 1.741676 -0.558211 0.498152 0.302466 -0.771825 1.614412 0.339187 -1.539601 0.201335 -0.423955 0.469796 -0.071712 -1.770865 1.479286 -0.138984 1.165798 1.020796 -0.161079 -0.367054 -0.131226 -2.160346 -0.887975 0.211362 0.424371 1.964806 -0.920544 -0.668147 -0.115261 -0.362630 0.335410 -0.139651 1.639947 0.864606 0.450916
47 -1.279902 -2.453660 0.345993 0.884217 2.096489 -1.035586 -2.346995 0.978231 0.060062 -1.950623 -1.223298 -1.259316 -0.595615 0.327484 -0.120470 -1.124061 0.637372 0.054588 0.825845 2.646708 -2.018553 -0.191626 2.261991 -0.157068 -0.177675 0.054893 0.254343 2.112299 0.481304 -0.888966 -1.706180 2.113442 -2.200526 -0.723719 1.333270 1.394854 -0.103699 -2.156381 -1.154364 0.798417 0.874318 -0.444836 -0.847882 1.643875 -1.814643 -0.330465 0.118693 0.773367 0.723031 1.341027
48 -2.032359 -1.937773 1.888112 0.045706 -1.407473 -0.920817 0.208771 0.976103 -0.526222 -2.205385 0.282342 -1.600344 1.039772 -0.353107 -1.031169 -2.127439 1.165854 -0.493670 -0.330402 -0.071786 1.038588 0.643116 1.131421 -0.909998 -2.186151 -0.488713 -0.290645 -0.088209 1.172946 0.355168 0.244015 -0.408555 -0.745829 -0.393051 0.063297 1.568133 -0.401821 0.136214 -1.180499 -0.041298 -1.297145 -0.102698 0.604503 0.819337 -0.485331 -1.378403 0.423096 -0.300962 0.925073 0.118818
49 -0.303666 2.045392 2.096452 -1.688598 1.056522 1.160872 0.612967 0.549889 0.236052 -0.721346 0.478046 0.371058 1.049282 1.210785 0.713276 -0.388998 0.306689 -2.563371 -0.432183 2.047519 -1.154242 0.955861 -0.055908 1.018847 -0.162155 1.247860 -0.326660 -0.737904 -0.685179 -1.594563 0.222377 -0.068556 1.290954 0.777562 0.743356 2.087488 -0.539449 -1.377240 -1.254152 0.342811 -0.900535 -0.865637 0.357071 -0.045290 0.352381 1.245961 -0.144092 0.770635 -0.721012 -1.492720
50 1.795088 6.456055 4.265415 4.469922 4.854994 1.867445 6.035628 3.552518 6.131370 4.381814 2.452601 6.305433 5.489069 4.911420 4.108859 6.249319 5.491938 4.218068 6.274779 6.338769 2.602077 6.838779 5.324576 4.128928 4.599426 4.631614 4.249226 0.751446 4.263554 5.243812 5.209613 6.139608 -0.402553 6.598105 3.236458 5.673210 4.173933 0.126889 5.239744 6.167257 6.491086 5.168736 5.475340 5.569664 5.211314 5.430223 4.876763 4.780661 5.841639 5.162052
51 -1.440813 5.150974 4.228525 5.092733 5.483201 -1.759012 4.672639 6.661759 4.319894 4.328123 6.398824 3.051067 4.920482 4.856084 4.090606 6.047023 3.599860 5.703201 4.513591 5.919040 4.424368 5.330375 4.751022 4.970932 4.541415 4.513469 6.379529 0.455814 7.819846 5.677460 6.849849 5.181583 -0.393094 3.342715 6.297466 3.816245 4.773560 0.220661 4.109894 5.040257 3.413082 4.610991 4.785687 6.049008 5.925111 4.739873 6.608247 6.300263 4.109404 6.296195
52 -0.831338 5.514183 5.859721 4.049118 5.853183 -0.324383 4.070403 5.115140 3.774996 6.665149 3.985379 4.029702 4.205468 3.507904 4.579149 2.849239 5.281528 5.514082 6.198277 5.094333 3.795783 4.793280 5.813839 4.597825 4.653227 7.067596 3.601793 0.487056 4.542573 5.989464 6.265876 5.014456 -0.983036 4.152190 4.442703 3.642866 3.505803 0.259866 5.910590 6.022572 7.218487 5.936119 5.231125 6.062932 4.217931 3.444174 4.445460 5.944068 5.598363 3.556493
53 -0.607569 0.058624 -0.597919 0.015953 -1.680999 -1.496262 0.400607 1.767312 0.010044 1.403512 1.089425 1.014765 -0.340759 -0.107819 0.506136 -0.120831 0.664512 -1.375908 -0.496872 -0.445722 1.028066 -1.184486 0.280711 -0.239299 -0.202940 -0.406190 0.575417 -1.104823 -1.082219 0.855023 -1.011672 -0.381531 1.262269 -0.577318 -0.380268 -1.086184 -2.278803 -0.808004 -0.630887 -1.552566 0.656098 -0.904404 1.025409 -1.649507 -0.891545 0.059748 0.835106 0.643430 -0.219723 -0.506637
54 -0.814010 0.489182 -1.002643 0.795224 -1.529308 0.383057 -0.428796 -1.019634 -1.295269 -0.731722 0.170484 0.395841 1.209146 -1.123065 -1.532107 1.270078 -1.598992 0.994004 0.402213 -1.326236 0.230289 -1.052397 0.657361 -1.451731 0.109061 0.079144 -0.528232 0.224065 -0.894492 1.339026 0.711366 0.092925 0.378045 -0.366008 -0.100166 -0.148744 -0.419276 0.509435 1.893184 0.486189 1.193793 1.445335 1.778313 -1.110340 -1.203423 -0.796139 -0.482980 0.448905 -0.649339 -1.917581
55 1.813773 -0.850234 0.627659 1.412305 -0.551292 -0.159764 1.517066 0.249668 0.667082 -0.468050 -0.824954 -1.354561 -0.463198 -0.729316 -0.434525 -0.120704 -0.738356 -0.602300 1.491840 -0.906025 -0.315696 -0.395812 -2.010267 0.528667 -0.206895 0.552889 1.023120 -0.608315 -0.303129 -0.738906 -0.282070 1.997080 -0.296534 -1.087667 0.585130 0.071377 0.543958 0.360281 -0.679241 -1.269150 0.104440 1.129124 1.641414 -0.093174 -0.151427 -1.179372 0.092410 0.238596 1.202455 -0.786792
56 -1.183743 0.239063 -1.138169 -0.889823 0.399791 -2.380172 0.380661 0.532542 0.890492 1.544669 0.249936 -0.234735 -0.881824 1.536333 -0.069678 -0.722889 0.191107 -0.293632 -0.325114 -0.100264 2.689233 -1.263018 1.733454 -0.367511 1.190627 1.741881 -1.869395 0.029199 1.573829 0.217425 0.590503 -1.041048 0.008191 0.197509 -1.984997 0.105935 -0.701725 -0.171980 1.595896 -0.311675 0.544868 -1.002176 -2.200257 -0.117878 2.299005 1.312813 1.148653 0.087702 0.046365 2.619358
57 1.491216 0.088735 0.931188 -0.885010 0.848403 -1.062448 -0.471014 -1.222074 1.791410 -0.462380 -1.068007 0.382440 -1.906366 -0.837741 -0.053378 -0.023474 0.358868 0.275226 -0.362389 0.240458 1.569391 0.278647 0.001213 -0.180210 1.389533 0.352862 -0.128891 0.230275 -2.141879 -1.129729 -0.821206 -0.269101 0.400506 0.508486 -0.669319 -1.245681 -0.190195 -0.429073 0.700777 -0.993141 0.672571 0.654217 0.453205 -0.720670 0.451001 0.245953 -1.569635 -1.960543 0.122039 0.210434
58 1.654681 0.082694 -0.847602 -0.334181 -0.729066 2.067398 -0.777284 0.291802 -2.015303 0.040127 1.107182 -0.263247 -0.434809 -0.006503 0.032799 1.396049 -2.622782 0.378291 -0.886116 -0.731659 0.001196 0.282279 -0.340203 1.144517 -1.439943 0.756013 0.962068 -0.559678 0.735220 -0.497356 0.697448 -0.970157 -0.434232 1.069148 -0.999653 0.084590 -0.436610 0.818654 -0.917800 -0.720586 0.002757 1.898004 0.485061 0.256508 -0.670969 -1.458313 1.489107 -1.404382 0.482348 -0.038367
59 -0.180538 4.891313 5.728925 5.495815 3.639231 -0.829016 4.120268 5.533001 4.877909 4.823698 4.343004 3.343245 2.897225 5.349623 4.378824 2.977746 5.261033 4.120658 4.419207 6.712216 4.296825 7.153827 4.376268 5.020449 5.769873 4.361086 6.521042 -0.162594 5.641067 5.290354 5.114596 3.069750 -0.498793 6.047934 4.964705 6.091276 5.726403 -1.152082 5.885291 3.636267 6.382547 5.001445 3.313773 5.476745 4.803030 5.353986 4.281093 6.703405 5.105222 3.946637
60 0.220937 4.733342 6.216501 3.380272 5.069360 2.203929 3.181153 5.387010 6.867521 6.248020 5.894861 5.460293 3.182728 6.325339 4.960993 5.016750 4.116184 4.573894 4.247459 4.815165 7.055705 4.323468 4.273537 4.699024 5.892289 3.323139 4.969448 1.502978 4.256436 5.807819 5.241555 5.762859 0.267576 6.417526 4.947793 4.817835 5.239849 1.125177 4.356322 5.458549 7.377843 6.556741 4.786597 4.840308 4.775396 6.855724 5.518494 5.585209 5.532526 4.344399
61 -0.318195 -2.302873 0.982735 -0.165848 -0.895930 -0.234558 -0.200689 -0.199794 0.575710 1.030547 1.436205 1.418943 0.666154 -1.575961 -0.378855 0.888439 -0.143673 -0.115437 -1.150354 -1.733422 -0.569325 -0.442047 0.013816 -1.259139 -0.196355 1.659178 -0.590735 -1.813980 -0.180573 -1.109069 0.956268 -2.048910 1.177051 0.603209 0.902647 -0.769980 0.327736 1.988918 0.300992 0.688578 -0.457562 -0.251112 -0.790976 0.233336 0.640811 -1.321107 -1.106274 1.367062 0.452948 0.347408
62 2.622338 -0.930721 -0.090679 -0.716958 0.394096 1.903168 0.075016 -1.094446 -0.409264 0.410623 0.296534 -1.216702 -1.637511 -0.022890 -1.085536 -0.691058 0.592314 0.723740 -0.955796 -0.367152 0.875252 2.341365 -1.185555 1.084627 2.625981 0.405595 -0.497795 0.244007 -1.220633 -0.775839 -0.337349 0.062150 -0.240779 0.089861 0.581828 -0.957681 0.774044 1.491161 -0.837674 0.692996 0.252705 0.468733 -0.063289 -1.148414 -2.047412 0.181679 -0.346722 -0.636878 0.402095 0.146858
63 0.331198 -0.626136 -0.771358 1.317847 -1.835216 -0.600196 0.525337 -1.095481 0.422223 -1.769827 -0.164255 -1.830735 0.853079 -0.070804 0.509879 1.701152 1.993685 -0.716085 1.271436 1.263275 -1.240588 2.208500 0.292739 0.480265 -0.745547 1.330217 -0.132287 -1.318567 -0.379594 0.272451 0.394167 0.454490 1.436090 -0.944022 -0.760649 -0.970083 0.156852 -0.572201 0.873766 -0.445225 -0.117273 0.045472 0.892743 1.606007 0.444946 0.315076 1.231572 -0.139025 0.093341 -0.581136
64 -0.226824 -0.306109 -0.879655 0.527255 -1.100403 -1.590410 -0.360340 -0.096370 -0.492681 0.670252 -0.196391 0.081593 -0.878049 0.011767 1.442677 -0.642993 0.717447 0.503538 0.617214 0.177531 -0.272679 -0.766311 0.151002 -0.595160 -0.042214 -0.893780 -0.102987 1.034666 -0.720966 -1.970051 0.447716 0.715938 0.196403 -0.557767 1.327315 0.107155 0.375889 0.855714 0.792271 -1.042092 0.385813 -0.769285 -0.671961 -0.893444 -0.207838 0.913845 -2.058760 -0.445665 0.629696 0.946556
65 0.552207 0.917186 0.247276 1.676596 0.174055 -0.862595 0.087784 0.473829 0.077174 1.147433 -0.561594 -0.726605 0.008872 0.547367 -0.447145 -0.599961 -0.507708 -0.516101 -1.085780 1.982942 0.094117 -2.485777 -0.375335 -0.507384 -1.126800 -1.252399 1.041300 0.862218 -1.867501 0.185205 0.839484 -0.113904 -0.332746 0.915439 -0.357072 0.564795 -0.568741 -1.100110 1.724168 -0.586374 0.957433 1.329570 -0.878699 0.792822 -0.047952 -0.924659 0.572935 1.390955 -0.219157 1.154472
66 -0.031686 0.697187 -0.828643 -0.273086 0.665443 -0.475316 -1.269589 1.269854 -0.923437 -0.198638 -1.124348 -1.689284 0.583398 -0.280819 -1.608159 0.137482 0.507442 0.950897 0.039733 -0.691928 -0.443839 -0.865158 0.046932 -0.350206 0.001353 -1.042924 0.092543 -0.583128 -0.951136 -1.551665 2.289584 0.124775 -1.816674 -1.672385 0.859799 2.711250 1.396848 0.180922 -0.303598 -1.225456 0.841359 0.414006 -1.869198 1.181244 1.115658 -0.442224 0.234344 0.987716 -1.641779 1.690730
67 -0.371242 -1.056609 0.598894 -0.777007 1.151078 0.396786 -0.142603 -0.366129 -0.351720 0.173622 -0.247179 0.917256 0.646563 0.104497 0.796827 0.008148 1.548497 -0.092791 -0.479232 -1.771128 -2.321792 -0.078350 0.641053 1.008353 -0.363882 2.422747 0.011577 0.052190 0.312672 1.302753 -0.616622 -1.649507 -0.350045 -0.244981 -2.292210 -2.029271 0.792836 1.162408 0.726945 1.553870 -0.203349 0.161802 -0.250746 0.509957 -0.842212 0.444741 -1.350854 -0.596466 1.206656 -1.948854
68 1.388586 -0.890751 1.222059 0.510991 0.134958 2.299514 0.655537 -2.125320 1.100634 0.652960 0.871897 2.711973 -1.905915 -0.292269 -0.293074 0.564829 0.791576 -0.422531 -0.961475 -0.358590 -0.445930 1.891571 0.679752 -0.667903 -0.449393 -1.380787 1.731782 0.591512 0.965269 -1.826686 -1.612765 1.192853 -1.119031 -0.337019 1.072382 1.318342 -0.597526 -0.127307 1.416528 1.384069 -1.489470 -1.197410 3.043495 -0.520995 0.929663 -2.100699 0.331224 0.703596 1.030527 -0.749359
69 1.418105 0.399550 0.684079 -1.341002 -1.730432 0.600942 0.477971 -1.738341 2.199592 -0.083905 2.141346 0.158917 1.361928 -1.114728 0.325417 1.818281 -0.078770 0.949286 0.798482 -0.851208 -1.460518 -0.203444 -1.935332 1.739062 0.359408 -0.455505 0.602547 -0.822347 0.365716 0.320400 -1.198456 0.094846 1.364896 1.313128 0.094775 -0.702177 -1.068924 0.506848 1.250596 -0.389425 1.236376 0.760618 0.219551 -0.687947 0.876009 0.317071 -0.399550 -0.507696 0.315640 -1.362878
70 -0.665661 7.134361 6.926549 5.552494 3.670066 -0.695282 4.278379 5.687037 5.583768 5.930537 5.950328 5.208091 2.999282 5.097406 6.402388 4.979564 5.000366 5.789666 2.418414 4.934022 5.957305 5.616229 4.861803 7.472229 4.975468 6.194482 5.890742 0.431895 3.721994 5.481327 6.160747 4.476192 0.402531 3.451657 3.886976 6.513292 4.577348 1.636073 4.798714 4.412031 6.097460 5.096590 5.917305 5.118233 4.011241 7.616950 2.991792 5.470197 4.802384 7.701547
71 1.218176 2.637998 5.407455 4.650576 6.255501 1.386518 5.738143 4.335158 5.122555 4.373904 4.446093 3.302981 3.728084 5.345737 4.633137 6.081359 3.658685 5.067383 3.677020 3.823038 5.293124 5.394187 5.394090 5.296700 5.349643 4.860979 5.307945 -1.194990 6.300501 5.724900 5.195033 3.308287 -0.904874 4.598103 4.865401 5.272454 4.018146 -0.184453 6.139305 4.658422 5.172993 5.246514 6.314944 4.292224 4.646086 5.343765 6.544010 3.611215 4.012656 5.667462
72 0.247159 3.509593 4.261064 4.715668 3.877297 1.387964 3.613657 5.061211 5.457045 5.793718 4.669808 4.870693 4.920639 4.977652 4.617179 5.630927 2.753110 4.317874 3.911087 4.680499 3.688615 6.878706 5.357973 5.538198 3.963832 5.891964 5.995596 0.750139 7.745907 4.907195 5.073121 5.602952 1.380278 3.762734 4.997489 4.330961 3.168733 0.566502 6.327493 3.969552 4.251524 5.974123 4.907882 3.894857 5.814177 5.427220 4.684013 5.632360 4.501361 5.772973
73 0.636691 -1.182033 0.570723 -0.398644 -0.433770 0.299186 -0.191890 -1.140703 0.228504 0.889888 0.376196 0.182987 -0.393074 -0.814789 0.100845 0.114635 0.588079 -1.389394 -0.635631 0.310291 -0.067561 0.078499 -1.884578 0.177116 0.428596 -0.959959 1.803105 -0.276968 1.426708 1.434392 1.628947 -1.247416 0.796505 -0.907766 -0.212998 -1.048957 0.184836 1.148729 -0.065723 0.776183 -0.408358 -0.403543 0.171805 0.458590 -0.571199 -0.210557 0.562781 1.175796 -0.438351 -0.273531
74 0.733156 0.294859 -1.490170 1.958045 -0.285236 -0.771134 0.490036 0.218916 -1.320509 0.691476 2.242591 0.670552 2.247410 1.168930 0.878200 1.691779 0.169788 -1.120317 1.850604 0.607910 1.436031 0.562544 -0.193742 0.162334 0.088998 0.269762 -0.706549 -0.600134 0.404991 -1.031383 -1.367202 -0.571251 0.685461 -1.073091 -0.426712 -0.161380 0.202096 1.614793 -0.387316 2.446300 2.101213 -0.630385 -1.344313 -0.216464 -0.011431 0.409836 1.668636 0.451357 1.016088 -0.542123
75 1.403345 0.015925 1.292423 0.325802 0.889740 2.009172 -1.844685 0.128760 0.002436 -1.747276 0.567086 -0.911253 -0.445876 -0.451328 0.209114 0.069574 0.374226 -0.290746 -0.294502 2.548907 -1.329289 0.333338 -2.333308 1.427937 0.150262 0.691149 -0.275499 0.277710 0.081072 -0.701536 -0.758615 -1.159609 1.023855 -0.325454 1.440135 -0.042401 -2.811050 -0.041001 1.275381 -0.606202 0.673843 0.353536 -0.753268 -0.850129 -1.077462 0.623464 -0.777068 0.127923 0.078310 -2.022727
76 0.873932 -0.603916 -0.374564 -0.383449 -0.192828 1.560409 0.546746 0.680201 1.239766 0.609887 -0.067114 1.070141 0.041795 0.354731 -0.931982 0.678261 -0.811882 -0.566581 0.832162 0.550948 -1.732912 -0.498066 0.583866 -0.829626 -0.249498 0.532440 -0.957678 -0.584043 2.143385 -0.134646 -0.250262 -0.725990 0.753806 -0.551324 -0.366602 -0.876187 2.003103 0.471308 1.148313 0.378827 -0.604284 0.697247 -0.823173 -0.450967 -1.116030 0.551833 -0.081101 -1.082171 1.303373 1.791393
77 0.675901 1.126281 1.492971 0.346854 0.204849 0.174342 -0.816861 -2.199037 -0.340750 1.680971 -0.317094 1.427277 0.187256 0.898248 -1.313007 0.976636 1.054031 -0.259932 0.834660 -0.363508 -1.033368 0.121780 -2.589068 0.190039 0.128568 -0.455912 0.561253 1.365219 -1.110289 1.067592 0.588435 -1.555668 0.234594 0.742360 1.615521 -0.152845 -0.103654 -0.147869 -1.452174 0.143801 -0.746429 0.122137 1.625028 0.358243 2.329384 0.199301 0.802335 0.413201 0.124860 -0.589723
78 -0.119117 -0.129747 1.697845 1.196120 -0.924983 -0.526782 -0.002438 1.102953 -1.229973 0.090139 -0.680677 -0.763550 -0.776605 0.576340 -0.723990 1.594645 -1.124952 -0.667447 1.288001 1.305844 -0.872760 2.552678 -0.136111 0.162729 -0.312546 -0.344526 1.143999 0.917267 -0.891856 -2.018747 1.635885 0.636470 0.275560 -1.343342 0.437025 0.366586 -0.113011 -1.591826 -0.167665 -0.554472 0.841702 -1.364835 -0.346541 0.450234 -2.147772 -0.995650 0.388107 1.400475 0.279845 0.134451
79 -0.297226 0.792492 0.184335 0.680299 -0.820789 0.005653 -0.444874 0.075737 -0.849116 -0.938712 -0.040999 -1.402512 -0.258999 0.136464 0.124811 1.124630 1.932716 0.765856 2.003296 -0.728752 -0.100832 -0.974613 0.892550 1.993314 -0.131848 -1.664989 0.889596 -0.050706 0.022369 1.321909 0.565142 0.862749 -0.526184 -0.951656 -0.280029 1.117651 -1.653469 -2.859020 -0.139576 2.667841 -1.103662 -0.044394 0.702238 0.098250 -0.470209 1.007593 -0.872298 0.228113 0.617563 0.762415
80 -0.238976 0.509190 -0.474316 -0.355485 -0.843898 -1.053450 1.245954 0.011856 -0.980185 0.787630 0.360438 -0.889325 -0.750249 0.487236 0.835800 -0.304052 -0.264450 -0.505467 0.010326 1.875820 -0.293991 1.340701 -2.906339 -1.598816 1.001617 -0.112714 -0.596978 -0.218164 1.402214 -1.229852 2.251124 0.103409 1.404546 -0.596577 0.735212 0.012470 2.096269 0.237154 1.170006 0.611043 -0.836048 -2.020636 1.176058 0.115460 1.554377 -1.087087 -0.840324 -0.044470 0.631295 0.017383
81 -0.166988 4.506534 5.373198 5.668920 6.143224 0.188412 5.443462 5.369932 5.616967 6.122828 5.268035 5.112002 3.648055 3.651287 4.984597 5.355136 4.726406 5.936987 5.657786 4.534274 6.310106 4.724554 4.734072 4.739617 5.563479 6.403597 3.542499 -0.075564 4.639953 4.987337 4.838402 4.328252 -0.497121 4.418085 5.228365 4.464959 3.672274 1.043973 6.079705 4.802981 3.992296 2.650459 4.885000 5.833587 5.320982 5.487698 3.561950 4.514705 4.299950 4.550736
82 -0.492750 3.907037 4.983654 5.056807 3.485551 0.308848 4.600451 5.916679 4.239153 6.513636 4.838266 3.168857 4.392672 5.096120 6.864909 4.740866 4.660443 5.387344 4.427504 4.744340 4.818915 4.352480 5.088709 5.684408 4.296171 4.669382 4.508652 0.184729 4.456858 3.962150 3.083309 4.051309 1.412770 6.427734 4.398706 3.538659 4.809408 -0.923556 4.997219 5.894550 6.368102 6.499004 5.233322 4.528132 4.988343 5.544109 4.103072 5.880364 3.017650 4.966977
83 1.234697 -1.220330 -0.580131 -1.016402 -0.219275 -0.055834 -1.873347 1.082737 1.589099 -0.857281 -0.743758 -1.135706 -1.133888 -1.763221 -0.256767 -2.528450 -0.526097 1.233043 0.371905 -0.181972 -1.063050 0.439768 0.630799 -0.796115 -2.667798 0.154756 0.433159 0.653549 1.334620 0.010097 1.604918 1.438291 -1.315167 -1.164352 2.314585 1.147117 -0.958701 0.296350 -1.128488 -1.066840 0.362500 0.566629 -1.642564 -0.873043 -1.265672 -0.662290 -1.664947 -1.208805 1.388929 -1.659115
84 0.310518 -0.842243 -2.299640 0.478463 -0.372471 -0.239934 -1.675333 0.310344 -1.568641 0.733123 0.368466 -0.852749 0.001903 0.931807 -0.384570 -2.190646 0.612763 0.715583 -0.509146 -0.925068 2.092746 0.767639 -0.416152 0.419347 -0.992055 -0.776465 -0.107083 1.121402 1.109553 0.727881 -1.764080 0.287238 -0.819517 -0.435478 -0.413911 -0.001542 0.763228 0.341142 2.047174 -0.777991 1.636845 1.042481 0.286299 0.890681 1.619238 -1.300514 0.749994 -0.488693 0.247393 0.621722
85 1.260280 -0.738060 1.276081 -1.770292 -0.201884 1.197122 -0.640123 -0.130074 0.219640 0.666522 -1.195275 -2.023513 -1.501650 -0.918595 0.072998 0.733374 1.251572 0.711976 -0.002436 0.788590 0.108610 -1.162381 0.864427 -1.395947 -1.101028 1.261665 -0.021214 -0.555891 -0.569715 -1.406945 0.835178 -0.471586 -0.527138 0.654309 0.184009 -0.499758 0.702841 1.348822 -1.514804 2.212553 1.146513 -0.211045 1.084050 0.137612 1.067158 -0.381750 -0.347046 0.900749 0.088079 -0.554114
86 -0.629377 0.584086 -0.753822 1.001300 -1.311593 1.466968 -0.718594 1.099349 0.445784 0.840654 1.947717 0.245619 0.573519 1.876367 -0.133117 1.165769 -1.319290 -0.116422 0.097147 -2.599555 -0.456876 2.564009 -1.183544 0.093470 1.896785 0.289088 -1.286808 -0.704485 -0.478528 1.392727 1.277738 0.754372 0.715948 0.145034 0.498139 0.703891 1.312420 -2.352673 -1.693658 0.552663 1.692879 1.184181 1.955820 0.002402 -0.333328 -0.146461 -1.406916 1.461283 -1.275300 0.588773
87 0.519021 0.579681 0.633657 0.098086 -0.878884 0.678141 -0.779812 -0.051099 -0.541932 0.685795 -0.232557 0.199170 0.081487 -1.373384 -0.377814 -1.033876 0.331214 1.844822 1.512448 -0.756453 -1.200768 0.488122 1.130830 -0.012431 1.703440 -0.764233 -2.509071 1.382639 0.965932 1.110079 0.464250 0.761602 -0.909389 -0.542671 0.009077 -2.289905 0.051702 1.094697 -0.145011 -0.708901 0.173938 0.629137 -1.701277 -0.393613 -0.533160 0.217477 1.158588 0.957918 -0.591806 0.297217
88 -1.513346 0.299071 -0.651671 0.594669 0.574431 1.219086 -0.830113 -2.111600 1.207993 0.611235 -0.977593 1.221287 -0.150081 1.355269 0.175682 -1.193453 0.768921 0.099377 -0.107875 0.154714 0.703214 -0.626510 0.074925 0.633453 0.707612 -1.463748 -1.361812 -1.693263 -0.496055 -1.103860 -0.377562 0.030957 0.183271 -0.459759 0.517940 -0.343506 0.353061 -0.950911 0.779326 -0.947237 -1.514126 0.958391 -0.606646 -1.313008 -0.031487 -0.526744 -0.729892 0.777515 0.408099 0.968941
89 -0.811365 1.018531 0.654968 -0.097626 -0.384709 1.140320 0.654389 -0.093024 0.870603 0.783495 0.676657 -0.624534 0.779489 0.049320 -0.051965 -0.198224 -0.278632 -2.422273 0.122249 -2.047508 0.672818 1.781255 0.005846 0.491525 -0.768121 -0.890212 -0.738365 -0.312010 0.341133 -0.063233 -0.161446 0.040743 2.821903 0.524728 -0.924219 -0.194002 0.850148 0.513609 -0.034702 0.407097 1.119074 -1.247991 -1.325226 -0.912767 -1.250093 0.468663 -0.177998 0.928522 1.714099 0.735753
90 0.305853 -0.258547 0.831558 0.864345 0.050355 0.401228 1.636724 -0.734111 -1.081782 -0.685607 -0.766609 0.248174 2.531115 0.272424 -1.760720 -0.661107 1.196834 0.957222 -1.083211 -0.436218 0.834676 0.753466 -0.484948 -0.019758 0.836615 0.270486 -1.990170 1.232918 1.737705 -0.878655 2.140438 -0.035125 0.290098 -0.427630 -0.594008 -1.086691 0.132149 -0.887251 -0.598602 -1.012599 -0.206229 1.219985 -1.354572 -0.285226 -2.136736 -0.590931 -0.471054 1.546325 0.665537 -0.564363
91 0.215671 0.210286 -0.151542 -1.107837 1.049273 -0.583507 0.227321 -0.672271 -0.585525 0.037450 1.101823 -0.852880 -0.496828 -1.853608 -0.608949 -0.277829 -0.262811 -0.130544 0.327579 0.622769 -0.854221 0.840720 -3.260115 0.518761 1.479462 1.330584 -0.795624 -0.874023 -0.505025 0.362019 0.631771 -0.131720 -0.732311 -0.058826 -0.271258 -0.432681 1.735137 0.135424 -1.057531 -0.158107 -0.881744 0.331916 -1.091606 -0.983312 1.073493 1.564273 -0.208870 -0.642553 0.351536 0.335664
92 -0.888848 -1.308044 -1.127258 -1.546038 1.359150 -1.077850 -0.591984 -0.005981 -0.666635 1.152899 -0.332562 0.246465 -0.291751 -0.685181 -0.049124 -0.192769 -0.491794 -0.617675 -1.819660 0.350287 2.537902 -0.591577 -0.854274 0.388738 0.631992 -0.835277 1.300047 0.468346 -1.405872 -0.716533 -0.990630 -0.763779 -1.193240 0.486433 1.507049 -1.439605 0.609641 0.394817 1.457925 0.376202 -0.917995 -1.420809 0.193126 0.264898 0.300182 0.042101 3.192843 -0.051144 -2.128645 0.038731
93 0.209199 -1.156871 -0.848826 -0.409121 0.318756 -2.279913 0.687557 -0.143169 -0.943769 -0.044743 -0.120052 1.640713 0.004002 0.693318 -1.076464 -0.725792 -1.006535 1.548975 -0.243337 -0.473320 -0.910668 0.140401 -0.281137 1.463130 -0.909163 0.156287 0.689016 -1.175961 -1.029238 0.979792 1.893744 0.327495 0.430726 0.366543 -0.589102 0.561443 -0.145107 -0.567677 0.906883 0.646064 0.181931 1.235224 -0.058032 -0.448020 1.763203 -0.836282 -1.606682 0.068521 -1.388895 -1.060215
94 1.866311 1.340261 2.450002 -0.567561 -0.246510 1.023389 0.797882 -0.167166 0.431582 -0.518001 -0.015185 -0.418261 1.608950 -0.747634 -0.149104 2.208390 -1.004970 -0.024113 0.017635 0.753288 -0.524160 1.405801 0.102603 -1.283227 1.402612 -0.151845 0.605397 -2.186749 0.879124 -0.991151 -0.434273 -0.552565 0.634529 -0.645036 -0.786491 -1.518823 0.657451 0.343125 -0.115366 -0.698891 -1.939115 0.154392 0.981331 0.406149 0.918705 0.607586 0.871889 0.378712 -0.068288 -0.243983
95 -0.142371 -1.867474 0.054930 -0.038654 -0.262954 0.443054 0.202257 -0.849012 0.427609 1.721728 -0.489676 0.225508 0.359269 -0.018558 -0.571947 0.242219 0.278728 -1.237854 -0.119227 0.400757 -0.026466 -0.324644 -0.917310 -1.089767 -0.700499 1.498795 -0.642582 0.226942 -0.341871 -0.099857 2.308499 -0.885284 1.603404 -0.347121 -1.987401 0.495750 -1.839404 0.803899 1.099636 -0.769950 1.966059 0.375867 0.859853 1.215044 0.853896 0.952302 0.223654 1.247494 -1.700210 -0.277188
96 -0.228540 1.107203 -0.552526 1.855591 0.192960 0.267986 0.888703 0.289482 0.258466 1.216827 -0.319051 -0.134578 -0.285539 -1.147717 -1.037666 0.920455 0.158747 0.460888 -0.300067 -1.206655 0.665149 -0.616728 0.623254 1.232654 -0.996143 2.800140 0.160255 0.826963 -0.189985 -0.234400 0.712360 0.359401 1.345879 -1.065900 0.298557 -1.045977 -0.541354 -0.214988 -0.133259 -1.343056 -1.727501 0.084947 1.151953 -0.469986 -0.420269 0.957961 0.703341 -0.536525 -2.257768 0.962993
97 -0.165262 0.990284 -0.750147 0.956878 -2.334803 1.717292 0.021973 0.298348 0.947862 -0.634378 0.520802 0.774105 0.153801 0.080651 -1.383048 1.233882 -0.625674 -1.081865 -0.405716 -0.368688 1.399145 -0.275203 0.359011 -1.119974 1.968820 -0.253770 1.237071 0.656235 1.871162 -0.457383 1.090235 -1.360773 0.646704 -1.724749 -1.808452 -0.355262 0.278155 -0.339413 0.984594 -1.505426 1.357845 0.574827 0.495769 1.486944 1.672247 0.191377 1.687696 0.754031 1.824279 1.908791
98 1.456204 0.269464 0.861340 -0.056094 -0.025037 -1.656431 0.639326 -2.205348 0.397972 0.058441 -0.110741 1.355602 0.552366 0.922957 -1.659022 -1.349736 2.237623 -0.307683 -0.274133 -0.761300 0.403992 -0.551345 -0.679208 -0.995892 0.373729 0.406663 0.613246 -0.104454 -1.360659 1.114962 -0.537732 0.901614 0.552017 -0.508187 0.226256 -0.046018 1.410945 0.036678 0.130560 -1.289225 3.273917 1.042801 1.406733 -0.138440 0.612845 0.788628 -0.505604 -0.372528 0.035581 0.111374
99 -1.444623 2.581926 0.255613 -0.863050 -0.324505 0.294041 0.800462 0.627391 1.117307 0.225444 0.278613 -0.424657 -0.022005 1.613978 -0.461559 -1.697566 -1.633462 0.389127 1.194269 -2.838584 0.224809 -0.523070 0.478905 1.934028 0.386468 0.317505 1.260139 -2.302931 1.391082 -0.848233 0.022161 -1.147193 -0.355902 -1.658971 0.469479 -1.526588 0.446196 -0.047179 -1.635435 1.013140 0.229964 -0.035042 -1.477367 -0.345117 0.475932 -1.035950 -0.976106 1.357500 -0.812162 0.296209
END
#################################################################
SECTION3 (Edges Information)
EndPoint0 EndPoint1 Weight
0 1 1.000000
0 9 1.000000
0 10 1.000000
0 90 1.000000
1 0 1.000000
1 2 1.000000
1 11 1.000000
1 91 1.000000
2 1 1.000000
2 3 1.000000
2 12 1.000000
2 92 1.000000
3 2 1.000000
3 4 1.000000
3 13 1.000000
3 93 1.000000
4 3 1.000000
4 5 1.000000
4 14 1.000000
4 94 1.000000
5 4 1.000000
5 6 1.000000
5 15 1.000000
5 95 1.000000
6 5 1.000000
6 7 1.000000
6 16 1.000000
6 96 1.000000
7 6 1.000000
7 8 1.000000
7 17 1.000000
7 97 1.000000
8 7 1.000000
8 9 1.000000
8 18 1.000000
8 98 1.000000
9 0 1.000000
9 8 1.000000
9 19 1.000000
9 99 1.000000
10 0 1.000000
10 11 1.000000
10 19 1.000000
10 20 1.000000
11 1 1.000000
11 10 1.000000
11 12 1.000000
11 21 1.000000
12 2 1.000000
12 11 1.000000
12 13 1.000000
12 22 1.000000
13 3 1.000000
13 12 1.000000
13 14 1.000000
13 23 1.000000
14 4 1.000000
14 13 1.000000
14 15 1.000000
14 24 1.000000
15 5 1.000000
15 14 1.000000
15 16 1.000000
15 25 1.000000
16 6 1.000000
16 15 1.000000
16 17 1.000000
16 26 1.000000
17 7 1.000000
17 16 1.000000
17 18 1.000000
17 27 1.000000
18 8 1.000000
18 17 1.000000
18 19 1.000000
18 28 1.000000
19 9 1.000000
19 10 1.000000
19 18 1.000000
19 29 1.000000
20 10 1.000000
20 21 1.000000
20 29 1.000000
20 30 1.000000
21 11 1.000000
21 20 1.000000
21 22 1.000000
21 31 1.000000
22 12 1.000000
22 21 1.000000
22 23 1.000000
22 32 1.000000
23 13 1.000000
23 22 1.000000
23 24 1.000000
23 33 1.000000
24 14 1.000000
24 23 1.000000
24 25 1.000000
24 34 1.000000
25 15 1.000000
25 24 1.000000
25 26 1.000000
25 35 1.000000
26 16 1.000000
26 25 1.000000
26 27 1.000000
26 36 1.000000
27 17 1.000000
27 26 1.000000
27 28 1.000000
27 37 1.000000
28 18 1.000000
28 27 1.000000
28 29 1.000000
28 38 1.000000
29 19 1.000000
29 20 1.000000
29 28 1.000000
29 39 1.000000
30 20 1.000000
30 31 1.000000
30 39 1.000000
30 40 1.000000
31 21 1.000000
31 30 1.000000
31 32 1.000000
31 41 1.000000
32 22 1.000000
32 31 1.000000
32 33 1.000000
32 42 1.000000
33 23 1.000000
33 32 1.000000
33 34 1.000000
33 43 1.000000
34 24 1.000000
34 33 1.000000
34 35 1.000000
34 44 1.000000
35 25 1.000000
35 34 1.000000
35 36 1.000000
35 45 1.000000
36 26 1.000000
36 35 1.000000
36 37 1.000000
36 46 1.000000
37 27 1.000000
37 36 1.000000
37 38 1.000000
37 47 1.000000
38 28 1.000000
38 37 1.000000
38 39 1.000000
38 48 1.000000
39 29 1.000000
39 30 1.000000
39 38 1.000000
39 49 1.000000
40 30 1.000000
40 41 1.000000
40 49 1.000000
40 50 1.000000
41 31 1.000000
41 40 1.000000
41 42 1.000000
41 51 1.000000
42 32 1.000000
42 41 1.000000
42 43 1.000000
42 52 1.000000
43 33 1.000000
43 42 1.000000
43 44 1.000000
43 53 1.000000
44 34 1.000000
44 43 1.000000
44 45 1.000000
44 54 1.000000
45 35 1.000000
45 44 1.000000
45 46 1.000000
45 55 1.000000
46 36 1.000000
46 45 1.000000
46 47 1.000000
46 56 1.000000
47 37 1.000000
47 46 1.000000
47 48 1.000000
47 57 1.000000
48 38 1.000000
48 47 1.000000
48 49 1.000000
48 58 1.000000
49 39 1.000000
49 40 1.000000
49 48 1.000000
49 59 1.000000
50 40 1.000000
50 51 1.000000
50 59 1.000000
50 60 1.000000
51 41 1.000000
51 50 1.000000
51 52 1.000000
51 61 1.000000
52 42 1.000000
52 51 1.000000
52 53 1.000000
52 62 1.000000
53 43 1.000000
53 52 1.000000
53 54 1.000000
53 63 1.000000
54 44 1.000000
54 53 1.000000
54 55 1.000000
54 64 1.000000
55 45 1.000000
55 54 1.000000
55 56 1.000000
55 65 1.000000
56 46 1.000000
56 55 1.000000
56 57 1.000000
56 66 1.000000
57 47 1.000000
57 56 1.000000
57 58 1.000000
57 67 1.000000
58 48 1.000000
58 57 1.000000
58 59 1.000000
58 68 1.000000
59 49 1.000000
59 50 1.000000
59 58 1.000000
59 69 1.000000
60 50 1.000000
60 61 1.000000
60 69 1.000000
60 70 1.000000
61 51 1.000000
61 60 1.000000
61 62 1.000000
61 71 1.000000
62 52 1.000000
62 61 1.000000
62 63 1.000000
62 72 1.000000
63 53 1.000000
63 62 1.000000
63 64 1.000000
63 73 1.000000
64 54 1.000000
64 63 1.000000
64 65 1.000000
64 74 1.000000
65 55 1.000000
65 64 1.000000
65 66 1.000000
65 75 1.000000
66 56 1.000000
66 65 1.000000
66 67 1.000000
66 76 1.000000
67 57 1.000000
67 66 1.000000
67 68 1.000000
67 77 1.000000
68 58 1.000000
68 67 1.000000
68 69 1.000000
68 78 1.000000
69 59 1.000000
69 60 1.000000
69 68 1.000000
69 79 1.000000
70 60 1.000000
70 71 1.000000
70 79 1.000000
70 80 1.000000
71 61 1.000000
71 70 1.000000
71 72 1.000000
71 81 1.000000
72 62 1.000000
72 71 1.000000
72 73 1.000000
72 82 1.000000
73 63 1.000000
73 72 1.000000
73 74 1.000000
73 83 1.000000
74 64 1.000000
74 73 1.000000
74 75 1.000000
74 84 1.000000
75 65 1.000000
75 74 1.000000
75 76 1.000000
75 85 1.000000
76 66 1.000000
76 75 1.000000
76 77 1.000000
76 86 1.000000
77 67 1.000000
77 76 1.000000
77 78 1.000000
77 87 1.000000
78 68 1.000000
78 77 1.000000
78 79 1.000000
78 88 1.000000
79 69 1.000000
79 70 1.000000
79 78 1.000000
79 89 1.000000
80 70 1.000000
80 81 1.000000
80 89 1.000000
80 90 1.000000
81 71 1.000000
81 80 1.000000
81 82 1.000000
81 91 1.000000
82 72 1.000000
82 81 1.000000
82 83 1.000000
82 92 1.000000
83 73 1.000000
83 82 1.000000
83 84 1.000000
83 93 1.000000
84 74 1.000000
84 83 1.000000
84 85 1.000000
84 94 1.000000
85 75 1.000000
85 84 1.000000
85 86 1.000000
85 95 1.000000
86 76 1.000000
86 85 1.000000
86 87 1.000000
86 96 1.000000
87 77 1.000000
87 86 1.000000
87 88 1.000000
87 97 1.000000
88 78 1.000000
88 87 1.000000
88 89 1.000000
88 98 1.000000
89 79 1.000000
89 80 1.000000
89 88 1.000000
89 99 1.000000
90 0 1.000000
90 80 1.000000
90 91 1.000000
90 99 1.000000
91 1 1.000000
91 81 1.000000
91 90 1.000000
91 92 1.000000
92 2 1.000000
92 82 1.000000
92 91 1.000000
92 93 1.000000
93 3 1.000000
93 83 1.000000
93 92 1.000000
93 94 1.000000
94 4 1.000000
94 84 1.000000
94 93 1.000000
94 95 1.000000
95 5 1.000000
95 85 1.000000
95 94 1.000000
95 96 1.000000
96 6 1.000000
96 86 1.000000
96 95 1.000000
96 97 1.000000
97 7 1.000000
97 87 1.000000
97 96 1.000000
97 98 1.000000
98 8 1.000000
98 88 1.000000
98 97 1.000000
98 99 1.000000
99 9 1.000000
99 89 1.000000
99 90 1.000000
99 98 1.000000
END
#################################################################
SECTION4 (TrueSubGraph Information)
EndPoint0 EndPoint1 Weight
72 82 1.0
82 81 1.0
81 71 1.0
71 70 1.0
70 60 1.0
60 50 1.0
50 59 1.0
50 51 1.0
51 52 1.0
END
#################################################################
SECTION5 (Labels Information)
0 1 1 1 1 0 1 1 1 1 1 1 1 1 1 1 1 1 1 1 1 1 1 1 1 1 1 0 1 1 1 1 0 1 1 1 1 0 1 1 1 1 1 1 1 1 1 1 1 1 
END
#################################################################
SECTION6 (bt Information)
-5 5 5 5 5 -5 5 5 5 5 5 5 5 5 5 5 5 5 5 5 5 5 5 5 5 5 5 -5 5 5 5 5 -5 5 5 5 5 -5 5 5 5 5 5 5 5 5 5 5 5 5 
END
#################################################################
