#################################################################
#APDM Input Graph, this input graph includes 3 sections:
#section1 : general information
#section2 : nodes
#section3 : edges
#section4 : trueSubGraph (Optional)
#
#if nodes haven't information set weight to null
#################################################################
SECTION1 (General Information)
numNodes = 100
numEdges = 200
usedAlgorithm = NULL
dataSource = SimulationData2
END
#################################################################
SECTION2 (Nodes Information)
NodeID Base Counts
0 0.428704 -0.688708 1.038627 -1.023562 -0.980184 -0.733255 -0.060910 0.164102 -0.525357 0.248060 0.268839 -0.455157 0.491379 -0.515956 -1.630142 0.257299 0.147366 0.240768 -0.472933 -0.872380 -0.021003 -0.007807 0.337992 -0.110088 -1.695755 0.478365 0.092420 -0.574658 -0.524157 0.083219 0.759423 -1.421214 0.453879 1.862893 -0.775717 -1.159384 0.057422 1.389411 -0.418699 1.476727 -0.223734 0.757342 -0.687720 0.491403 -0.031473 1.182945 0.895907 -0.937291 -0.346183 1.326975
1 0.369062 0.210489 -0.626740 0.195003 -0.362299 0.205393 -0.528646 1.227854 1.160148 -0.302359 0.960441 -0.774008 -1.277881 -0.958774 0.518682 -1.170598 0.216020 -1.426086 0.083358 0.222039 1.183717 -1.333692 -0.573985 0.960877 0.844218 -0.722763 1.522989 -0.850378 0.282965 2.768130 0.161821 0.398272 0.139761 0.018008 -1.769954 -0.236169 -0.229081 -0.186563 -1.281145 -0.019364 -0.672091 1.008126 -0.591284 1.746282 1.224655 0.795196 -0.464008 -0.572742 0.213118 0.765424
2 -0.880626 -0.957918 -0.257037 -1.603556 -0.656100 0.687330 1.459931 -0.711810 -0.210629 0.750779 0.933835 -0.552027 1.516825 -1.058863 0.966184 -1.098969 0.057169 -1.128030 -0.211276 -0.741139 -1.438334 -0.233402 1.205316 0.516647 -0.760958 -1.046014 1.531237 -0.252537 0.208192 -0.803448 -1.047598 0.660399 -0.000980 -0.812858 -1.096494 0.150215 -0.706083 1.762789 -1.822566 0.493222 -0.897591 -0.472876 -1.153337 0.230576 -0.727007 0.561289 0.063379 0.234062 0.569480 -0.616424
3 0.495620 0.618201 -1.070661 1.655901 0.232307 -0.093947 -1.516376 1.142011 -0.810930 -0.611500 -0.574160 -1.071397 0.785054 -0.803307 0.852486 -1.312261 0.408855 0.389862 0.052910 -0.275737 -0.177030 -2.128359 0.714918 0.423017 -0.817097 0.479759 0.749891 -0.693322 0.830879 -1.632927 0.641955 1.766604 -0.938029 -0.093176 0.447778 0.378371 -0.215514 -1.225612 0.267657 3.605771 0.380011 1.371489 0.485372 -0.094377 -0.640659 2.536947 0.096832 2.030404 0.130299 1.070541
4 0.590597 -0.368122 -0.824818 -1.735103 1.393666 -1.153880 0.196888 0.514940 -1.344340 -1.822749 -0.060155 0.042712 -0.369660 1.050784 0.289467 -0.417326 -0.473219 0.443249 -0.550919 -0.718836 -0.506563 2.052508 -0.689091 1.196672 2.616181 0.733082 -0.493515 1.293956 0.903142 -0.730965 0.087910 0.551620 -1.845383 -1.054793 1.699350 -0.084317 0.501068 0.311344 -1.102717 1.762707 -1.697161 -0.311662 0.429825 -0.532200 0.194251 0.887216 -0.010975 -0.201598 -1.585049 0.137858
5 -0.967245 -0.154156 0.055196 0.749119 -1.137632 0.035862 1.818131 -0.199292 0.333747 -0.194941 0.234555 -1.162733 1.366799 0.906672 0.618369 0.561007 -2.877177 -0.906879 -0.161359 0.270341 0.816033 -0.679854 -0.109543 -1.561878 0.517041 -0.757608 -2.353509 -0.621574 -0.368634 0.983981 0.825870 -0.182322 -1.296479 -0.345624 1.194497 -0.272770 -0.521843 -0.858267 -1.349188 0.510588 0.575871 -0.194199 0.640820 -0.011854 1.069539 -1.620017 0.450390 -0.616817 0.740840 0.269972
6 -0.624343 1.593266 2.375731 0.826933 1.620883 0.344981 1.058616 -1.043964 -0.439027 -1.427300 0.145490 -0.120588 0.018404 0.246308 -0.349290 -0.152081 -1.200410 -0.257699 0.373331 -0.088111 1.225786 -1.342004 -2.516411 -0.187348 0.354010 -0.123043 0.288678 0.549289 1.364500 -0.843249 -0.315810 0.699525 0.529821 0.859748 0.320528 -0.678207 -0.808765 1.241437 0.977438 -0.647079 -0.203438 1.212351 0.970956 -1.093631 -0.257807 0.572463 -1.141280 -0.669216 -0.518401 0.703932
7 2.136149 -0.051875 1.125853 -1.369421 -1.946391 -0.356519 0.109768 0.315909 -0.385202 1.675744 -0.868962 -0.823932 0.943886 -0.105423 -1.414352 0.218384 -1.732662 0.300990 0.595905 -0.348383 -2.189072 0.464546 -0.720517 -0.385697 0.557931 1.074155 -1.357935 1.556330 -0.094142 -0.551372 -1.171282 -0.413789 -0.449236 -1.179492 -0.509933 -1.356060 0.354921 -0.067768 -2.138772 1.440382 -2.212712 -1.266325 -0.408511 2.778458 0.093843 -0.218026 0.590540 -1.781600 0.371578 -0.844231
8 1.212133 -1.299932 0.348843 1.659078 -2.441423 -0.029995 0.860819 0.313433 -0.479300 -0.179831 0.048773 -0.340635 -0.088045 -2.293712 1.108719 0.346072 -1.837030 -0.422811 -0.012234 1.814528 1.558076 -2.598080 1.271212 0.214829 0.821744 0.546986 1.217296 -0.551961 0.792553 -0.067181 -1.583755 1.696651 1.588541 1.869710 -0.738108 0.339677 0.746618 0.262883 -0.127773 0.389066 -1.653408 -0.105917 1.222928 -0.183993 0.310319 -0.940165 0.150362 0.686238 -0.250425 -1.004121
9 -1.198238 -0.026893 -1.869199 0.750376 -1.761906 -0.230936 0.092400 0.200551 -0.708618 0.764111 -1.223505 -0.087108 0.665470 1.136125 -0.180908 1.408014 0.299889 -0.294474 -0.328060 -0.602585 1.440253 0.104105 -1.254327 -0.202892 0.149584 -1.282774 0.323946 0.152818 -1.222611 -0.795639 -0.045675 -0.563245 -0.027943 -1.254667 -0.481195 0.697479 -0.034570 -0.045428 1.990574 -2.125843 -0.143541 0.228337 -1.289515 -1.518357 -0.093730 0.302850 0.615832 1.948592 0.437248 0.175487
10 0.206788 -0.322828 -1.723724 -1.273877 1.178401 -0.144518 -0.283442 -0.288735 -1.066397 0.351209 -1.530059 0.127100 1.104155 1.802213 0.999865 -0.085608 -0.562132 -0.774116 -0.797879 -0.478870 -0.246806 0.625763 -0.233091 2.603663 0.688908 0.841366 1.827878 -0.839798 -0.673618 -1.199895 -0.399962 -1.296263 -0.919569 -1.752644 -0.348333 -0.505911 -0.557993 1.064085 -0.636290 -0.204315 -0.618894 -1.521785 0.501764 1.272504 1.882167 -0.531371 0.374389 -0.340467 -0.918293 -0.037874
11 -0.933095 -0.498294 0.425509 0.359000 0.046167 0.522488 0.078795 0.223041 0.804599 -0.193896 0.177121 -0.957514 0.109824 -0.674267 -0.408420 -0.458072 0.225732 -0.520554 -0.732947 -0.874428 1.698292 0.157837 -0.211246 -0.335569 1.086938 -0.767251 0.796317 -1.272915 -1.536875 1.168160 -0.601512 -1.936696 -0.830642 -0.166965 -0.829501 -0.055681 -0.640929 -1.127334 1.495528 1.594316 0.961290 0.307206 0.888394 1.314809 0.523946 -0.199293 -0.238026 0.175617 -1.105769 -0.503468
12 -0.162011 -1.028235 0.007984 -1.727102 2.182459 -0.650958 -0.198787 -0.941057 0.881979 0.042967 1.621656 -0.455326 -0.146928 -1.035426 -0.424334 -0.592206 -0.646379 -1.861787 0.199173 -1.321806 0.407439 -0.036049 0.154375 -3.336474 -0.654872 -1.219632 1.152795 0.464342 0.068157 -0.530737 0.237924 -0.234450 0.022259 -0.897930 -0.281766 -0.635882 0.139632 -0.641287 0.639587 -0.275370 1.090097 0.629156 -0.779753 -1.316240 0.952597 1.303213 -1.102662 -0.308619 1.533100 -0.838627
13 1.359444 -1.530843 -0.508376 0.867325 0.477074 -0.093322 -1.158031 -0.021119 -0.771044 -0.424327 -0.344820 -1.435924 1.229452 2.725369 0.841445 -0.721598 -0.173631 1.216278 1.619558 0.874437 -1.091475 -0.324839 -0.304160 0.268821 -0.798000 0.593151 2.873957 -0.054798 0.050021 -0.105245 -0.072955 1.009486 0.901964 0.249174 1.316598 -1.743470 0.287394 1.272624 0.980165 -0.217756 -0.425979 0.861051 -0.196664 -1.238275 1.437678 -1.313119 -0.157594 -0.008791 -1.226058 -0.385562
14 0.357410 -0.701294 1.103244 0.588793 0.779236 -0.008127 0.009778 0.642405 -0.061047 0.448139 0.205194 1.945567 -0.808436 1.033960 -1.182729 0.493722 3.162991 -1.040512 -0.457534 -1.588717 0.074400 0.099060 0.802967 -1.042749 -0.873827 -0.619396 1.150668 1.879765 -1.098886 0.568387 0.179747 0.223380 2.232158 -0.235545 -0.821614 -0.947871 0.212921 0.706578 -0.611589 -0.477648 0.197230 -1.086817 -0.900123 0.548094 -0.555533 0.084608 1.512980 -0.424212 -1.555323 0.179009
15 1.185162 1.415196 0.254845 -1.249094 -0.712033 0.205859 0.501031 0.714148 1.498958 0.546513 -0.383060 0.084801 0.471543 -0.256635 -0.800195 -0.553567 0.637529 1.436882 0.440932 -2.053813 1.067989 0.183200 -0.092127 0.690962 0.146119 0.121472 1.282959 -0.535090 0.141156 0.986908 -0.192462 -2.781088 -0.501023 0.127750 -0.207558 0.454496 0.437548 -0.521900 0.126951 -1.936375 1.576813 -0.764981 -0.471277 0.614769 -0.903490 1.245198 -0.229840 -1.972489 -0.580100 1.098537
16 1.688082 0.336553 0.379684 1.275663 -0.115065 -0.763499 -1.096900 0.354291 0.799156 0.644833 0.183919 0.551146 -0.437871 -0.313836 -0.236660 0.205052 -0.626063 2.171620 0.050297 0.412264 -1.007340 0.802496 0.251512 1.047272 -1.764728 0.462980 0.592858 -0.159097 0.584153 -0.551141 -0.067197 1.309153 -0.049164 -1.252342 -0.562824 -0.044574 -1.222248 -1.354465 0.988948 0.745747 0.707681 0.022572 0.022195 0.235804 0.542674 -1.904652 -0.947259 -3.498428 -0.071899 1.346542
17 -0.894405 -0.002018 0.663966 0.484569 1.813065 -1.473090 1.922312 -1.283886 -0.754847 0.553907 1.008686 0.309632 -0.246671 0.826114 1.370806 0.887102 0.539049 -0.389284 -0.335513 -0.192282 0.145695 -1.240081 -0.618347 0.458071 -1.830447 -0.487300 0.771280 -0.690751 -0.734272 -2.320713 -0.672979 -1.096071 -1.158066 0.788520 1.269595 -0.156014 0.915005 -2.570132 0.296681 -0.684562 1.435202 1.160911 1.259089 -0.622315 0.352301 -0.534219 -0.532837 -0.353612 0.765244 0.527824
18 -0.383751 -2.571270 0.642349 0.886711 0.970531 -0.426537 0.002190 0.566773 -0.699054 -1.352510 0.086700 -0.102338 -0.386945 -0.533834 -0.519558 2.316663 -0.289218 0.335599 0.742850 -0.491179 0.630242 0.439593 -1.051294 1.027356 0.120846 2.254651 -0.380264 -0.620027 -0.455926 -1.539824 1.460509 0.497711 1.575428 1.886757 2.410608 0.478591 -0.009337 -0.223306 0.333357 0.871558 -0.583950 -0.878040 0.669504 0.756068 1.434382 0.181750 0.250483 -2.580333 -0.864771 1.092363
19 0.118894 -1.263718 -1.285074 0.295448 -0.394848 -1.144893 -0.681393 -1.963234 0.171220 -1.479658 -0.067349 1.382464 0.833902 0.078009 0.926036 -0.188953 0.339542 -1.629577 1.395314 -1.224627 -0.625899 -0.368791 -0.772712 -0.688020 -1.138157 -0.187017 0.509085 0.194569 -1.179869 -0.265201 1.980503 0.710433 0.787858 -0.403445 1.001139 -1.383174 -0.582003 0.100544 -0.604158 1.007232 -1.257523 -0.889641 2.445342 -0.475328 0.657286 -0.986057 0.464336 0.365101 0.202259 0.474018
20 0.388020 0.808062 0.101995 -1.077597 -0.591275 1.128312 1.371552 0.471702 -1.747558 -1.335203 0.074430 0.086043 0.734574 -0.452246 0.924072 0.757597 0.789142 -0.488377 -0.829903 -0.501756 -0.733152 -0.386662 0.095348 0.996650 -0.296665 1.260311 1.335253 0.080987 -0.921181 -0.520592 -0.378278 0.662027 -0.683816 -0.225789 -1.572326 0.800387 0.436800 0.539786 0.147974 -2.301284 -0.950343 -1.356751 1.319494 -0.693989 0.300541 -0.337732 -0.161823 1.183903 0.679965 0.618740
21 0.396387 3.194734 0.616579 -1.481465 -1.643421 0.823235 -1.353490 0.346088 -0.941317 -0.938054 0.283928 1.192448 0.457663 0.251307 1.653137 -1.432331 2.076894 0.255681 -0.448187 0.300134 0.671829 0.362087 0.320470 0.415930 0.989142 0.453683 0.498397 0.039174 0.377059 1.549744 0.809871 -1.026647 0.097750 -0.333378 -0.159989 -0.560893 -0.881904 -1.196637 -0.282516 -0.759132 0.656384 0.413433 -0.234745 -1.435522 0.219658 -0.278798 0.150401 -0.808851 -0.662011 -0.566937
22 0.577080 0.112473 0.328656 1.142148 0.114395 -1.062809 0.412684 1.292331 -1.869253 0.978777 1.030739 -1.324774 1.422561 0.934958 -3.762334 1.129676 1.713367 0.028712 2.226225 2.269078 0.114213 -0.464861 -0.851388 -0.050735 -0.617053 0.174640 -1.736414 -1.351714 0.249144 0.804319 0.070957 0.080118 -0.361052 1.550625 -0.967800 -1.234405 0.059964 0.198945 -0.043262 -0.256693 -0.317347 -0.257054 -1.829165 -1.508157 -0.692545 -1.037780 -1.518053 -1.175264 0.925858 -0.202070
23 0.048699 1.722159 0.572128 0.774512 1.160450 1.472804 0.608411 -1.036588 0.894665 -1.389425 -1.207156 -1.197470 1.477186 -0.380301 0.236861 -0.165802 -0.792522 -0.668206 0.950319 -0.687682 -0.413262 0.459608 0.292365 0.006165 -1.229575 0.222419 -0.283303 -1.139929 -0.300696 -0.523173 -0.213854 0.344976 -1.261032 0.690607 0.785315 -0.032805 0.240427 0.080389 -0.299057 0.192259 -0.412194 1.504933 0.707304 1.672643 0.951926 -1.622692 0.004113 0.647321 -0.085415 0.249372
24 0.449171 -1.259375 -1.414307 0.773843 -0.510757 -1.866592 -0.372895 -1.233771 -0.045319 -0.186429 -2.212478 -0.302376 -0.722919 0.568920 1.399638 1.219303 -2.874823 -0.702799 0.090401 0.667552 -0.545102 1.283606 0.913333 0.647530 -2.502637 -1.513882 0.420244 0.267151 0.995814 -0.508013 1.845398 0.269870 -0.696349 0.756718 -0.414671 0.140683 -0.251572 -0.723792 -0.354211 0.978560 -1.212133 0.280151 -0.039505 -0.856046 -0.290698 -0.169031 0.647654 1.436641 0.647200 0.874718
25 -0.481324 -0.499330 0.791831 -0.565212 0.507013 -1.461491 0.510729 -0.710000 -0.494438 0.670395 -0.421942 -1.259000 0.366823 -0.128801 1.029775 0.832138 0.743559 0.481452 -0.388291 -0.470868 0.919477 0.364035 0.636099 -1.906547 1.023861 -0.527469 1.433384 0.419162 1.093991 -1.032823 0.046591 0.173770 -0.983605 -0.285589 -0.220396 0.370333 -0.405178 -0.780452 1.256412 0.338857 0.267359 -1.809392 0.234113 -0.179893 -0.726323 0.400401 0.098308 0.032245 0.198988 0.510852
26 1.139993 -0.838449 0.463120 -0.851390 0.891718 -0.269797 0.102117 -0.758636 -0.137161 0.335397 -0.092901 -0.725409 -1.722029 -1.849917 -0.536664 -0.375271 0.498749 -1.074318 2.241482 -1.084831 -0.074274 0.321475 -0.836098 2.253104 1.926481 -0.186235 0.655537 -1.501423 0.064724 1.553083 -0.071731 -0.331064 0.528853 -0.445325 -0.013246 -1.579176 0.446695 -1.319057 -0.579616 0.639565 2.227403 -0.235737 -1.210409 0.110877 0.166834 0.247401 1.293196 0.299135 -0.888761 0.167258
27 -0.568983 -0.113951 0.459844 1.257185 1.136986 -1.934758 0.448243 -1.785027 -1.228858 0.566907 -1.481234 0.164709 0.548114 0.673880 0.207869 -0.897321 -0.622286 -0.306874 0.114917 1.484263 1.125126 -0.277619 1.343609 -0.995888 -0.845720 -1.083386 0.459844 0.575229 0.925675 -0.782294 1.286481 1.261893 -0.869549 1.791312 0.389883 -0.814223 -0.774801 1.819121 -1.092645 0.822469 -2.311845 1.610562 0.871487 -0.553434 0.684400 -0.474798 -1.234433 -0.488901 -0.564275 -0.831936
28 -0.226850 -0.766731 0.528248 -1.193648 -0.042126 0.240063 1.332397 0.011622 0.084771 1.367426 1.433143 0.188325 1.580642 -1.412722 1.079126 -2.486950 0.519097 -1.665548 -0.680270 -0.125787 -2.264632 -1.958678 -0.590428 0.703635 0.143377 -0.455153 -0.125388 0.264292 -0.432409 0.435605 0.245244 -0.308422 0.524624 -0.481825 -0.568380 0.203379 0.001276 -0.548324 -2.228184 1.271895 -1.517170 2.673138 -0.887610 -0.665914 -1.617377 0.379127 1.097024 0.423680 0.606229 -1.562470
29 1.555733 1.372925 0.456367 -0.566418 -0.044183 -0.069812 0.363724 0.764725 -1.380324 0.932614 -1.667942 -0.407172 -0.437158 0.364066 0.193237 1.288088 0.040714 0.271365 -1.207259 1.738678 1.159237 -1.690275 -0.621881 -1.575667 -0.354044 0.563624 0.388591 0.375370 0.774602 -0.364134 -0.343885 0.428370 -0.708425 0.003843 1.634340 -1.015885 -0.682371 -1.771547 -0.424983 0.366330 -1.979279 1.910358 0.246213 0.664565 -0.243274 0.309549 -1.652081 0.557343 0.657484 -0.356946
30 -0.361522 -0.659467 1.692547 1.932473 1.113218 0.105828 0.907662 -0.829218 0.160864 1.202915 -1.621506 0.874166 0.281811 -0.201644 1.298910 -0.049439 -0.246823 1.287062 -0.603283 0.684303 0.230935 -1.496825 -0.364506 1.497910 -0.417149 -1.174796 -2.309412 -1.111097 -1.691154 -0.374622 0.508526 -2.535274 -0.368604 -0.535199 -2.229229 -0.201728 0.149022 -0.669901 -2.706299 -0.451333 1.161105 0.196345 -1.326713 1.361043 -0.533004 0.429669 0.042018 1.331966 -0.274042 -0.654020
31 0.721767 -1.113370 -0.924548 0.162561 0.480541 4.179822 -0.545936 0.020536 0.028402 0.848721 2.924100 -0.633652 -0.587766 -0.104985 0.046058 -0.264600 2.759086 -0.197317 0.092308 0.399387 4.224629 -0.148894 -0.341007 -0.712207 0.771191 -0.537077 0.116645 4.165657 -0.947578 6.103632 -0.432893 1.118152 4.977433 -0.387497 4.754486 -0.321331 0.939624 -1.026354 5.187582 -0.530336 -1.265927 0.899752 4.807165 5.681556 0.109142 -0.311185 -1.515750 -1.538273 0.598920 -0.443019
32 0.805956 -1.104474 0.058361 0.193578 -1.099044 1.332967 0.127908 0.170239 0.824638 0.605638 0.958063 1.221909 -1.667161 -1.070032 2.657735 0.160401 -0.366160 -0.922099 0.772065 2.512209 -0.076526 0.250606 0.481713 -1.552934 1.954040 -0.131773 -0.401725 -0.182830 -0.498909 1.240688 1.217985 0.110105 0.846849 -0.353622 2.612962 0.099830 -0.020152 -2.330166 0.325655 0.743440 0.239420 0.444345 -1.531716 -0.187305 -1.426812 0.357508 -2.238770 0.944257 -0.058752 -0.149819
33 -1.145093 0.772331 -1.023622 0.146639 1.233827 1.007986 0.357427 -2.450077 0.368066 -1.386896 0.247581 -0.050236 0.699117 -0.547047 0.912380 -0.318977 0.711094 0.991922 -0.800742 -0.670680 -1.956825 1.146857 1.115684 0.751649 -0.283663 -1.022191 -0.525917 -0.389965 0.454944 -1.439480 -1.538139 -0.855811 0.874347 0.042587 -1.549719 0.669116 -1.203483 0.873986 0.441629 1.603949 -0.364380 -0.082980 -0.377993 -0.959943 -0.506269 0.880097 0.861846 1.251815 -0.279852 0.162061
34 0.470447 0.183175 0.830996 -0.814279 0.415022 -0.242438 -2.098877 -0.366331 -1.507950 -0.209250 1.552994 -0.296756 1.117261 -1.601783 1.192084 -0.796280 0.212871 0.484245 -2.195674 0.175178 -0.463327 -0.133050 -0.477298 -0.150502 -1.017917 -2.306265 0.149385 0.304034 -1.310842 -1.567267 -1.269620 0.245544 -0.326926 0.539033 -0.625510 -0.048337 0.294435 0.165639 0.462690 -0.126638 1.926760 -1.621613 -0.348744 0.328718 -1.046301 0.921218 -0.896399 -1.375220 -0.805753 0.804825
35 0.287508 1.857947 -0.147082 0.075675 -0.138315 0.894642 -0.652851 -0.635018 -0.057086 1.941418 0.634441 0.781021 0.487014 1.585401 -1.060770 0.121715 -1.030142 -0.914392 0.151369 0.121697 1.676265 0.058952 0.569412 0.612473 -1.299988 -0.722470 0.423999 -0.163614 0.317914 -0.104033 -0.715985 -0.752801 -1.653414 0.771740 0.326959 0.661463 -0.669463 1.119393 -0.362574 -1.252081 -0.503465 0.035874 -0.887320 -0.100323 0.443954 -0.043591 0.307667 -2.248816 -1.164934 -0.461651
36 -0.064312 0.961300 0.486680 -0.084431 0.828614 -2.087455 -1.708941 0.534960 -0.064540 0.687072 0.340146 -0.084923 -0.228216 2.473251 -0.228716 -0.406637 -0.603858 -0.417964 0.822511 0.891704 -0.418939 0.387686 -0.049816 1.338073 -0.002045 0.150119 1.098718 -0.488074 -0.521095 -0.852596 -1.014865 -1.448536 -1.460934 -0.230463 -0.680676 1.343307 0.980579 0.615540 -0.205998 1.708814 0.839854 -0.922730 0.737478 -0.319804 0.221742 -0.517922 0.505935 -0.327604 -0.002956 -1.377054
37 0.232164 -0.030222 0.164628 1.793223 1.237122 -0.390269 0.789157 1.499877 -1.250446 -0.209647 -0.291177 0.477816 -0.841519 -0.887043 1.516367 0.657359 -1.470215 -1.738258 -0.112916 -0.124051 -0.520654 -0.107706 -0.785099 1.360516 0.911604 0.418706 -0.110017 -0.027166 1.611078 1.553077 -3.125815 0.218032 0.054479 -0.162050 -0.137751 -0.038840 0.255159 1.466258 0.266670 1.098261 1.619468 -1.240938 -0.052904 -0.085235 -0.003137 0.175474 -1.129714 -0.495648 -0.039547 0.115814
38 -0.032545 0.318989 -0.464904 -0.616376 -0.372828 1.173863 0.174004 1.199541 0.498536 -1.180748 -0.694126 1.142124 -1.394104 -0.451712 -0.770796 1.183161 -0.647144 -0.682456 -0.123715 -0.900965 2.398081 1.714735 1.322576 2.027686 0.024490 -0.184528 -0.043416 0.755678 0.576223 -0.084099 0.339570 0.723616 0.449352 -0.463633 -0.373576 -0.742070 -0.160813 1.803342 0.908322 -0.957107 2.249085 0.989083 0.696658 -0.752011 1.067917 -1.262800 -0.697686 -0.454238 0.560569 0.520727
39 0.331301 0.341919 1.485060 0.609015 1.205129 1.553792 0.544873 -0.070154 1.472767 -2.314133 0.620126 -0.484159 0.112532 -0.730776 0.594976 0.279157 1.088280 0.460937 2.075433 0.063910 0.967023 -0.791651 0.216785 -0.597972 0.648817 -0.158245 1.047292 0.719168 -0.007665 -0.403183 0.924795 1.161928 2.077615 0.151766 1.076580 -1.987144 -1.448369 -0.105974 0.429143 1.464134 -1.626564 0.476723 0.029862 0.626307 1.230688 -0.791521 3.351521 1.174324 2.026657 -0.760311
40 0.849890 0.762651 -0.441107 0.204371 -0.088796 0.613519 0.515352 -0.860361 -0.394812 -0.297794 1.023898 0.674239 -2.835398 -0.000258 -0.287788 -0.894293 1.201382 -1.077829 -0.294099 0.157091 0.843140 -1.185307 -0.260478 -0.756914 0.032708 1.365952 0.125665 0.022434 -1.299162 -0.705523 -1.246571 -0.332527 0.876731 1.763769 -0.384617 -0.206074 1.413471 1.466954 -1.440799 0.622036 0.247411 -0.836252 1.364809 -1.303012 -1.301706 0.134457 -0.402245 -0.513544 -1.569642 -1.148196
41 2.894413 -0.559932 -0.783264 1.412576 0.404457 5.521889 0.271810 0.599619 -1.008722 -2.449253 4.293344 -0.641653 -0.667468 0.527169 -0.141932 1.411136 -0.050966 0.694498 -0.015319 -0.021857 3.207687 -0.683168 0.732577 -0.436700 -1.336776 1.524415 0.804648 4.755278 0.947578 3.540423 0.341817 -0.733792 5.159869 1.076466 5.559385 -1.455229 -0.216893 0.078843 5.757078 1.405420 -0.165746 0.016870 5.735517 5.220219 0.025849 1.488546 0.137106 -1.197665 -0.330673 0.042693
42 0.424624 1.395960 -0.720377 -0.709747 -0.812241 -0.185911 -1.241000 0.908839 0.387262 -1.217457 2.432114 1.837780 -0.486857 -0.318833 -0.215900 -2.032450 -2.206452 0.170971 -0.378475 -0.903242 0.156991 1.105822 -0.573535 -0.587858 -0.306193 0.113348 0.625771 -0.676261 -0.115999 0.373277 -0.520758 -1.884400 -0.916983 0.918454 -1.804537 0.631322 -0.309398 0.730755 -0.727600 -1.131818 -0.726253 -0.546048 0.249062 -1.048351 -1.222322 -1.745728 1.060012 1.409413 -0.204401 0.377649
43 -0.176146 0.369799 0.200636 1.169817 -0.330357 1.725497 0.372420 0.796692 0.465278 -0.667908 0.898787 -0.076948 -0.156434 0.514433 0.563006 -0.090813 1.676509 0.495273 0.431638 -0.288794 -0.431405 0.631870 0.833573 -0.448981 0.584568 -0.939763 0.503757 -0.654390 -0.494734 1.225307 0.449049 1.325385 1.363121 -1.512250 0.075124 0.010690 1.186622 0.393920 -0.577162 1.089653 -1.120803 1.029682 -1.248176 -0.657022 0.237758 0.788167 -1.535797 0.143155 2.410042 -0.000845
44 0.859209 -0.425865 -1.814191 -0.928250 -0.008548 0.994315 -0.473307 0.268816 2.051219 -0.193511 0.461129 -0.474129 -0.460472 -1.398172 1.425533 0.085236 -0.495173 0.546193 0.556216 2.040596 -0.592452 -0.561726 -0.042008 -0.329066 1.005112 0.720074 -0.299459 -0.650226 -0.221057 2.418626 -0.398771 -1.629797 -0.539151 0.700171 -0.536042 -0.177697 -0.531432 0.576569 0.261677 1.428169 -1.935867 1.140503 0.191206 -1.926940 0.793954 0.065653 1.620298 -2.000277 -0.361347 1.868787
45 0.485018 -0.927065 0.286199 0.275799 -0.655826 1.092078 -0.704148 0.082023 -0.021125 0.051133 -1.976248 0.508285 0.995332 0.189047 2.736264 -0.704929 1.255117 -0.949864 0.140086 -0.456091 -0.989308 -0.616507 -1.522451 0.456319 0.277820 1.000818 -0.788716 -0.441508 -0.158902 0.394169 -0.087666 2.434212 0.149586 -0.854865 -0.301557 -1.088496 1.002390 0.537599 0.220802 0.900437 -0.069168 -0.680003 1.492033 -1.875918 -0.979819 -0.084790 1.188570 0.050193 -1.036866 0.223952
46 -0.496327 0.013193 0.327034 0.075924 -0.961768 -1.263480 -0.196411 1.177855 -0.119852 -1.035375 -0.260739 0.982297 -2.100771 -0.443885 -0.508451 2.331445 -2.494565 0.824957 -0.399385 1.311084 -1.810056 -0.297261 -2.656873 -0.892579 -1.045669 -1.900050 -0.393033 0.575950 -1.631423 -0.659774 -0.331536 1.284794 0.270460 0.563511 0.875292 -2.044551 -0.834382 -1.037658 -0.280775 -0.336386 0.989060 -0.615075 0.461243 1.104080 -0.824853 0.435834 0.394820 -0.578300 -1.235776 0.961666
47 2.243507 -0.011078 -0.064627 0.391095 -2.192904 0.232662 -0.981606 -2.255688 -2.729746 -2.197427 1.491931 -1.226484 1.475294 0.366781 -0.563902 0.537420 1.570127 1.337356 0.291406 -0.826230 0.487304 -0.476544 -0.548424 0.603745 -0.727710 -1.042242 -0.302473 -0.367235 0.406673 -0.414285 -0.725446 -0.377481 2.030212 0.487004 0.601380 -0.866274 -0.850860 -0.199885 1.048626 0.161699 -0.936058 -0.232953 -0.018959 -1.699058 -1.243774 0.563215 -0.550144 -0.922369 -0.567664 -1.161818
48 1.099953 0.304741 -0.302351 -0.773488 -0.646475 1.600244 1.439314 1.317176 2.231139 0.626353 -0.051643 -0.250633 0.008241 0.956711 -0.451081 -0.544052 -0.104413 -0.024543 -0.664204 0.306037 0.206228 -1.253514 -1.851870 -1.245047 -1.936637 -1.221683 -1.118514 0.451859 -0.327710 0.282317 1.205425 -0.994030 0.681311 2.498754 -0.882311 -1.697222 -0.438910 -0.162798 -1.762784 0.609785 1.279701 0.389269 1.547302 0.141388 -0.275497 -1.107193 -0.047224 0.290499 -0.383060 -0.926598
49 0.461171 0.631425 -0.369982 -0.453779 -0.527186 -1.487541 0.973025 1.143105 -2.248134 0.066535 0.542966 1.605540 -0.018374 -1.035550 -1.361949 -1.209634 0.716886 1.115221 -1.792359 -0.240032 -1.355467 -0.601556 -0.291612 0.510732 -0.047022 0.271120 0.998681 0.395257 -1.962369 -0.187198 0.176165 -1.084418 -0.057192 0.566029 -0.656470 0.585447 -0.051575 0.264650 1.192572 0.685386 0.844829 -1.428259 -0.502511 -0.929242 1.100417 -0.704598 0.256531 0.897358 0.741239 -0.946094
50 -0.437218 1.402123 -2.063797 -2.535986 -1.609092 5.659099 1.707428 -2.065258 0.234080 -0.920711 5.457591 1.553874 -1.347110 1.116025 -0.587349 0.342750 -1.388346 0.154077 0.738031 -1.956832 4.677882 -0.930163 -1.605859 -0.711087 -2.140743 -0.619311 1.524766 6.094285 -0.041710 3.735481 -0.318150 1.435424 4.423237 -0.365846 5.892950 -0.549780 1.176138 -0.314796 3.193715 -0.515969 0.357197 0.777808 6.460203 3.538568 -0.982633 -1.451918 0.754947 -0.920401 1.351144 -1.144190
51 0.802648 1.157592 0.187444 -0.241010 -1.272482 5.174777 -0.432560 1.587574 -0.467819 -1.401641 5.528058 -0.095414 -0.187143 -0.587509 0.553792 -0.425539 -1.594855 -0.890894 -0.470276 -0.490427 5.479402 -0.611668 0.281402 0.032680 1.264902 0.475099 -1.353118 5.578052 1.015208 5.582559 -0.041513 1.350840 5.317858 -0.261950 3.353767 -0.112580 -0.738958 0.566323 5.543626 0.410804 0.627554 0.029143 6.268090 5.748258 -0.227025 1.140562 1.601479 -1.377042 1.302369 -1.716452
52 1.215124 -0.604391 0.495559 0.007726 1.610083 4.738520 1.015879 -0.102010 1.443669 -1.014387 4.507901 -0.159584 -0.678490 1.402422 -0.451096 -1.276080 -1.328455 0.721241 2.829816 -1.684601 5.226196 -0.222719 -0.436337 0.210126 -0.116335 0.102583 1.909675 5.810784 -1.596558 4.569646 -1.916504 -0.692355 5.888025 -1.513078 5.620834 1.071488 0.217360 0.689660 4.973748 -0.331567 0.305092 -0.911496 5.123921 5.159233 1.334451 1.139132 -0.961543 -0.196500 -0.684335 1.276514
53 0.384175 -0.627406 -0.108485 0.363105 -0.213424 1.546774 0.170308 -1.839619 -1.641893 -0.742888 -0.491288 -1.045814 0.457271 -0.528293 0.560097 0.269112 1.023981 -0.224168 -0.245913 0.789616 -0.002523 0.843222 0.278075 -0.926587 0.136856 -0.734358 -0.557274 1.003208 -0.593972 -1.186470 -0.593746 2.797333 -1.339394 -0.725865 0.258227 1.618641 0.587932 -1.696859 -0.719266 -0.434446 1.087552 -1.023802 0.011116 -0.357649 0.412550 -0.485520 0.915867 -0.329643 0.371528 1.461930
54 0.525924 -0.428507 0.821978 1.071778 0.090544 -0.070427 -0.144747 -2.028202 -0.221240 0.216261 -0.181662 1.044585 0.710426 -0.108813 -0.144378 -0.084267 1.001542 0.236590 -1.081267 -0.257819 -0.063510 0.306930 0.730257 -1.094206 1.747842 0.723504 -0.025641 -0.888181 0.147224 1.017716 0.575443 -0.226517 0.465640 0.078161 -0.732770 0.557295 -1.098476 0.188083 2.098801 -0.438021 1.179644 0.546102 0.677482 -0.797115 1.031158 -1.810424 0.076156 -0.299274 0.487008 -0.252024
55 -0.296271 1.064160 0.267334 1.539397 2.182225 0.294801 -1.048144 2.254842 -0.117758 -0.057470 -0.781038 -1.030219 0.763554 -1.763060 0.826131 0.290055 -0.377343 1.361306 -0.786850 -0.311719 -0.328916 -1.038499 0.368104 0.143817 0.394914 -0.548359 0.915994 0.571143 0.867544 -1.689583 -0.967943 0.969576 -1.794777 0.768649 0.406188 0.386348 0.081862 1.490295 1.583779 0.605535 -0.851622 -1.464426 -0.009807 -1.187132 0.989102 -0.869246 -0.137174 1.731930 0.225935 0.492907
56 -1.450283 0.068956 -1.390130 -0.405104 -0.349328 -0.526536 -1.013932 -0.115283 -0.899105 -0.220251 2.134587 0.921436 2.188131 0.709693 1.105528 -0.802215 0.644519 -1.232638 0.046112 -0.605182 -2.620016 0.927259 -0.961190 -0.090623 -0.515672 -0.242690 -1.469516 -0.134120 -0.412514 0.095047 -1.571575 -0.688602 0.094253 1.181387 0.815444 -0.925715 0.172309 -0.074919 -0.846250 -0.329155 1.982513 1.293517 -1.932147 -1.429793 -0.222563 -1.759747 0.269222 1.745348 -1.058423 -1.361017
57 -0.202234 -0.239477 -0.256072 1.370480 -0.825072 -0.505516 -1.818475 0.649185 0.040208 1.444777 -0.321659 0.713587 -1.327629 -0.085391 0.325095 1.243921 0.648945 0.510869 1.004400 0.323591 -1.297837 -0.643104 0.613258 -0.045280 -0.314597 -0.798393 -0.346121 1.460895 -0.589234 0.791568 -1.653031 -0.231062 -1.428832 0.002329 1.915416 1.022855 0.876939 0.626787 0.138919 -0.641700 0.336658 -1.765340 0.717338 -1.239071 -1.704810 1.219566 -0.560614 -0.426330 1.887529 0.197372
58 -0.604545 2.441445 0.359770 -1.188345 -1.555950 -0.427060 -1.977786 -1.152340 0.395204 -0.522537 -1.113767 0.830177 0.348690 0.850829 -1.200665 0.185904 -0.837351 1.395328 1.756017 -0.477467 1.518597 0.101016 0.893152 0.387947 0.664155 -0.107660 0.488689 1.263922 0.389862 -0.289554 -1.217077 0.488580 0.696525 -0.778139 -0.362314 2.042942 1.498238 0.249231 1.860093 1.825374 2.230523 -0.826379 -0.236035 -0.195059 -0.240860 0.277488 1.625217 -0.942399 -0.564896 -0.737280
59 0.789683 1.005477 0.258852 1.450190 -0.958223 0.698082 -1.288711 0.750307 0.366371 1.013235 -0.772272 -0.486254 -1.291808 0.119197 0.128339 0.559177 -1.311731 -0.354860 -0.616239 -0.975469 -0.466602 -0.613832 -0.722986 -0.710186 -0.050150 1.149825 -1.182770 1.552509 -0.207697 0.616235 1.745252 0.900634 1.265716 -0.637137 -0.306114 -1.098906 -0.137442 0.133151 -0.781740 1.908272 -1.967025 0.473216 1.338888 -1.934206 -1.268760 0.478861 -1.126170 -0.580179 -1.622625 0.249634
60 0.051313 -0.503223 -0.004412 0.721429 1.916674 -0.333255 1.924274 0.217496 1.973063 0.642651 0.496787 -0.021306 1.168280 0.591581 -0.091807 -0.812405 0.044514 -0.386445 0.058800 -1.676620 0.043923 -0.128348 0.745548 0.213611 -0.519918 1.264607 0.980404 1.211842 -0.425932 1.464832 0.369849 1.858926 1.054684 0.075030 0.023457 2.112458 0.984144 0.631307 0.759469 0.032572 -0.076125 -0.558929 0.363239 0.040340 -0.694883 0.314673 1.851881 0.905463 1.095644 -0.291853
61 -1.129516 0.671658 -0.032034 0.544133 -0.121254 -1.013208 -0.101322 0.762970 -0.436450 0.348470 0.049875 1.084400 0.333828 -0.684162 0.631602 0.715046 -1.026671 -1.252265 -2.507043 -0.207182 1.922305 0.594233 -0.546803 0.514717 -0.634585 0.743532 0.793220 0.113360 0.733296 0.226876 0.433458 1.462301 0.814327 -1.067290 -0.484052 0.905584 -1.157131 -2.279901 -2.348822 -0.387921 0.361123 0.757528 -0.753328 0.754116 -0.369087 0.563613 0.932604 0.398295 0.493350 1.520068
62 -0.561329 -0.950484 -0.835767 0.485048 -0.340670 1.075461 0.177824 -0.663258 -1.803011 1.292569 -0.804553 0.392078 -0.884108 1.085733 -0.798322 0.058027 0.506056 0.600603 -0.302001 -0.830160 0.205072 1.857994 -0.031611 -0.138553 0.503811 -0.395947 0.657830 0.227853 -0.821583 1.134344 1.607971 1.074478 -0.503371 0.563843 1.021714 -0.270334 -1.923432 0.761205 1.772738 -2.502683 1.508040 -0.945835 1.946198 -0.633398 0.938385 0.776213 -0.566885 1.693301 1.434665 -0.225255
63 -0.489176 -0.953136 1.192879 -1.032250 1.022794 -2.935129 1.593083 -0.641653 1.064819 -0.384435 -0.014048 -0.355232 0.448028 -1.327142 0.189891 -0.036928 0.332797 1.516343 -0.384045 1.060953 0.652240 -2.820656 -0.077240 -1.517364 0.600248 1.373147 1.390867 0.046816 -1.313834 0.643517 -0.372907 -0.729736 0.525078 0.289863 -1.426879 1.938076 1.075323 0.762151 1.247946 1.109373 0.660315 0.122663 -1.799278 1.146150 0.068069 -0.740350 1.346513 -1.523161 1.947861 1.432786
64 0.996501 0.356037 0.018563 0.092458 -1.291420 -0.561919 0.311210 0.039534 -1.562620 0.580793 0.369552 0.415768 0.786786 -1.717876 1.070649 0.151954 -0.100584 -0.440338 0.994060 0.442618 1.079636 0.139992 -0.239785 1.122429 1.697020 -0.974188 -0.256321 -0.508531 0.516188 -0.680396 0.989731 -0.339122 0.062630 -0.753216 -3.744646 -1.310560 -0.819356 1.284844 0.371913 -0.838237 -1.007165 0.105923 -0.230951 -0.005376 0.003096 0.203640 1.353704 -0.349405 -1.390911 0.214589
65 -1.574564 -0.516150 0.826257 1.321940 0.329908 0.565831 -0.047801 0.581974 1.455416 -0.050754 -0.155705 0.624506 -1.303893 -0.780758 0.640178 0.041377 -2.187305 1.917830 -0.923984 -0.955689 -1.414168 0.980291 -1.742576 0.036888 -1.405356 1.099710 -0.429007 0.157894 -0.855707 -1.415031 0.158812 -0.310859 -0.227219 -0.443545 -0.010963 1.067328 -0.536152 -0.434074 2.000165 -0.894846 0.369326 1.598156 0.294823 -0.242000 0.061048 1.026764 -0.064746 -1.035378 -1.858151 0.589440
66 -0.669202 0.710942 -1.194952 -0.196890 0.554638 -0.757154 0.171573 0.064031 0.800517 -0.291942 -0.392653 1.220190 0.261818 0.322809 0.320716 -0.512934 1.176675 1.005358 -0.865391 0.304745 -0.897606 -0.215819 -1.384929 -0.273064 1.194902 -0.688820 -1.250280 0.927676 0.368769 -0.410306 1.949154 -2.711954 -1.480847 1.761593 -0.689294 0.440601 0.976932 -0.813951 -1.990112 0.955047 -0.040450 -2.094239 0.921913 2.685071 -0.415167 0.029307 -0.467012 -0.758142 0.782676 0.829943
67 -0.213802 0.031115 0.512019 1.447860 -0.323581 0.340827 0.061158 0.376510 0.525743 -0.682739 0.790887 0.027007 -0.103263 0.553750 -1.153955 0.945279 -1.339165 -1.064338 0.715235 1.252041 -1.287566 -1.004680 -0.008814 -0.558288 -0.684095 0.385263 0.023997 1.733406 0.141511 1.207181 -2.380468 -1.175615 -0.618219 0.635959 -1.371426 -1.133594 -0.568611 -1.577916 1.227791 -0.327448 0.394473 -0.284157 1.677829 -1.504054 0.866383 -0.161340 -0.627963 -0.267614 1.172973 -0.290342
68 -0.271721 0.532673 0.081595 0.594001 -0.562721 0.961099 -0.651475 -0.666055 -1.370772 0.370357 0.785345 -1.355378 -0.494629 0.701738 -1.115633 0.232595 2.357007 0.825895 1.557224 0.708936 -0.249952 -0.389383 0.316335 -0.330407 0.580101 1.452814 1.307430 -1.917047 -0.805548 -0.044044 0.132713 0.721868 0.492419 -0.334127 1.920275 -1.342806 -0.137613 -1.278400 1.436159 0.381960 1.085964 -0.655269 -0.454654 0.062448 -0.541590 -1.084309 -0.475460 0.495802 0.576153 -1.185368
69 0.283727 0.726725 -1.917565 -0.206806 -1.182162 -1.375067 0.848379 1.936143 0.246793 0.511778 -1.947701 -1.770884 0.149036 -0.660370 -1.725703 -0.348377 0.118492 0.126263 0.673051 -0.309688 0.415159 0.218616 -1.521038 -0.065038 -1.542638 -1.415294 -0.435107 0.321025 -0.369241 0.420145 -0.148690 -1.431903 0.047175 0.012141 0.333252 1.254599 -1.044030 -0.008676 2.091983 1.828784 -0.663477 -0.510119 0.120775 -0.077645 -0.546641 0.019656 0.526686 -0.705495 0.092752 -0.984952
70 0.333379 2.284081 1.229205 0.251456 -1.392343 -0.037393 0.025080 -0.319028 0.229721 0.379709 0.911531 0.047657 0.259239 -0.484722 -1.216350 0.127721 0.168035 -0.041895 -2.850219 1.354583 -0.856238 -0.462539 -1.012720 1.333264 0.654734 -0.076578 -1.980073 1.384522 -0.275130 -0.838688 -0.880597 -1.651767 0.637436 -0.541446 -0.763048 0.898051 0.004230 -0.079836 0.983351 -0.160870 0.423247 0.251674 1.259919 -0.401886 -0.445245 0.922570 -0.173940 0.287567 -0.857212 1.287413
71 -1.055976 1.634454 1.825585 -0.648282 -0.225932 -0.346927 1.147577 0.891591 -1.273928 0.710273 0.353571 2.075558 -0.229676 0.343651 -1.049445 -1.161015 0.743271 0.924377 -0.205204 1.085664 0.251861 -0.332812 -1.860371 0.187276 -0.642434 0.487842 0.323617 -0.068778 1.196141 0.324916 -0.684893 -0.319931 -0.320279 0.573993 0.129682 -0.061910 -1.192835 0.457827 -0.098768 -0.188164 -0.571579 0.082708 0.085559 0.117305 0.679232 -1.945255 -0.302599 -0.289299 1.515021 -0.550626
72 0.562868 -1.375123 0.272486 0.162778 0.043590 0.245964 -0.464568 1.419429 0.155037 2.005033 0.997373 0.580794 1.640651 0.521360 -0.162564 -0.522735 -0.192549 1.041322 -0.387213 0.812614 -0.645485 -0.900137 -0.922632 0.769389 0.565999 0.285451 0.098925 -0.720089 1.699133 -0.570045 0.151421 1.878148 -0.719518 -0.842393 -0.346003 -1.869722 0.383427 0.272871 0.447404 0.027709 -0.912055 -1.167014 0.217713 -0.537967 0.897103 1.359319 -0.763149 -1.014057 -0.447065 0.809102
73 -0.333367 0.113984 -0.798264 -0.122548 0.877421 -1.253490 1.208738 0.043592 -1.626126 -1.579141 -0.658262 -0.588921 0.873877 0.261419 -0.215623 0.502268 -1.450857 -0.136687 0.028197 -2.168367 -1.861493 -1.237134 0.916039 0.503074 0.800325 1.448618 -0.099536 -0.436263 0.248489 0.801932 0.455554 0.883342 0.805507 -0.072133 0.126425 -1.434962 -1.051753 -1.315954 -0.772828 -1.551048 0.493468 -0.726857 0.722030 0.381834 -1.099382 0.649636 -0.100882 0.924373 0.170192 -0.107193
74 -0.682489 -0.882920 0.696797 -0.772961 0.157653 -0.731836 -1.890520 -0.312203 -0.140184 -1.114343 -0.209979 -0.776812 0.377492 0.209327 -1.111041 0.263678 0.119436 1.122685 -0.444892 0.394045 0.076344 -0.224985 -0.382437 -1.426349 0.734953 -0.316532 0.146160 0.381766 1.054328 0.169779 -0.876787 1.084585 -1.327650 2.087668 -0.285572 1.105692 1.163334 -1.208541 0.475978 -1.247060 -0.216348 0.058154 -0.561888 0.321357 -0.712099 0.555684 1.578557 0.538817 0.620744 -0.163966
75 -0.129538 0.499697 -0.171633 0.854381 -0.646416 2.536098 0.080883 -0.092556 -0.763869 -0.555793 0.967223 -0.440462 0.405422 -1.317109 0.920470 -1.395094 -1.289995 0.761622 1.077163 0.781342 -2.469969 -0.290016 -0.107828 1.902190 -1.382268 1.250917 0.136586 -0.563985 -0.066532 -0.175421 -2.057073 0.095020 -0.417345 2.541241 1.549326 0.379768 -0.152011 -0.228175 2.405840 -0.642750 0.425644 0.778999 -0.345369 0.926811 -1.436306 0.470399 -0.745658 1.970782 -1.642888 -3.333684
76 0.179096 1.726177 0.409589 0.425016 -0.964240 -1.049331 2.053754 0.410250 0.386536 -0.057561 -0.003291 -0.491082 0.077100 0.323555 0.635943 2.255103 1.669140 1.061218 -0.740751 -0.464900 0.804959 -2.757614 -1.397606 -0.499630 -0.363794 0.786789 0.862820 1.218030 0.178547 -0.629753 1.179210 -0.023246 -1.915339 -0.907535 0.030397 -0.499564 -1.055132 -0.890045 0.232827 -1.588317 0.132862 2.605910 -0.608110 -0.542778 -1.469655 2.420956 1.306001 2.102667 -1.356027 1.131976
77 1.723736 0.277028 1.027537 -0.058859 -1.189138 -0.830364 -0.868707 0.115949 -1.764144 0.306220 0.258314 -0.092155 0.620263 -1.727551 -0.531724 -0.034025 -1.359000 1.306251 0.841014 0.937575 -0.494260 -1.944316 -1.224593 -0.490564 -0.587587 -1.537396 2.154236 -0.652566 -0.902500 0.891943 0.684791 -1.927818 1.337626 -2.335029 -0.892344 -0.821582 1.774098 -0.795737 0.944754 -0.018677 0.282645 -0.002042 -0.329286 -0.389004 -0.380643 0.054458 0.604897 -0.894746 -0.262562 -0.392593
78 0.822984 -0.436794 1.322593 0.256329 0.847324 0.941167 1.083259 2.311970 -1.278488 1.405366 -0.290036 0.752357 1.174490 -0.032781 0.396935 2.214245 0.127993 -1.143877 -0.102093 -0.055403 -0.936581 0.678056 1.922780 0.859419 -0.509827 0.911878 1.412525 0.153531 0.553219 0.327304 0.841623 0.823829 0.726542 0.094496 1.106764 -0.859796 0.627893 0.590876 -0.072154 0.532893 -0.313349 0.253765 -0.026116 0.174930 -0.877951 0.032774 1.548605 -1.101601 0.222328 -0.092545
79 -1.716020 0.349464 0.630320 -0.479524 1.060901 -0.917807 0.664871 0.052334 -1.418358 0.627713 1.007812 0.485555 0.879937 -1.112875 1.824619 0.372982 1.123055 -1.010572 -1.652614 0.999628 -0.028307 1.227533 0.744415 -1.230076 0.250112 -0.799601 1.089181 0.836500 0.978819 -0.508502 0.935957 -0.573008 -2.116969 2.251025 -0.242489 0.760507 -2.129175 1.118716 -0.545746 0.044026 -2.020468 1.032593 1.333495 -0.193862 -0.847128 1.562852 -0.128820 -0.820260 1.310974 -0.303054
80 0.738969 -0.941402 0.253913 0.435028 -0.496704 -0.598278 0.001204 1.398463 0.148205 0.173706 0.158165 -0.077360 1.097131 0.001723 -1.233725 -0.514358 0.020656 1.653091 0.343562 0.026164 1.447352 -0.396703 -0.050807 0.391676 0.488332 0.240761 0.530603 -1.055500 -1.144394 -0.683529 0.324973 -0.003126 -1.004575 -0.806172 0.532180 1.323977 -1.318831 -0.205789 -1.049752 -0.329536 0.593655 -0.450019 1.387883 -0.044232 -1.663039 0.317224 1.635078 -1.453311 0.376507 -0.051822
81 1.222475 1.219252 1.280455 1.000587 1.237963 -2.011251 -0.238629 0.118747 0.759057 0.277654 0.157637 -2.760844 -0.613652 0.161529 -0.102698 0.321602 1.734157 0.992601 2.189793 -0.112545 0.659053 1.962174 0.144450 0.941030 0.057525 -0.416430 -1.508150 -0.732903 0.081222 -0.269907 1.497725 0.283849 0.114167 -1.309163 0.291472 -0.584850 -2.025714 -0.175781 1.550170 1.563789 -1.369373 -0.262432 0.567078 -0.629346 -0.128754 -0.594490 0.737229 -0.316590 -0.137368 0.230020
82 0.399205 0.696878 -0.460710 0.803527 1.136314 0.090690 -0.544292 -0.923105 0.497331 0.556508 1.305693 0.023112 1.085706 -0.401409 0.624402 -0.447726 -0.458104 -0.111091 -0.432667 -1.029828 1.151536 -0.453162 -0.290072 -1.366302 0.723487 0.660641 0.364155 -0.593913 -0.043411 -0.548053 -0.395734 0.809856 2.153863 -0.577111 1.275501 -0.509955 -1.556902 -0.459688 -0.484053 0.666624 -0.149649 -1.568124 0.030466 -0.864858 1.773025 1.337773 -0.106772 -0.003432 0.946049 -0.607874
83 0.512185 0.134383 0.634482 -1.622953 -0.914083 -3.489680 0.143194 -3.249259 -0.321752 0.115497 0.585179 1.554808 0.055038 0.445598 -0.980699 0.115719 1.260704 0.694325 -1.421976 0.533886 0.113221 -1.179206 0.037239 0.039546 -1.097943 0.310615 1.481758 0.374783 -1.014806 1.100244 -2.526357 0.115146 -0.094087 -1.992336 -0.356673 -1.656033 -0.405312 -1.023546 0.257986 -0.615513 0.018626 -0.924104 0.807778 0.504327 1.275588 0.458405 0.275285 -1.187158 -0.902192 -0.879254
84 -1.645689 0.286098 0.427806 1.563622 0.247755 -0.133655 0.008953 0.049755 -1.092687 0.715500 1.683144 -1.270383 -1.051446 -0.896386 2.392287 -1.007552 -0.590160 0.822691 -0.495264 -0.928869 1.834547 -0.360502 -0.476294 0.194838 0.719236 -1.144651 1.467173 -0.827369 1.049255 -1.433073 -0.203890 -0.570481 -0.075262 1.965361 0.938603 -0.093207 0.119104 1.405352 1.218897 -1.051922 1.138620 1.286134 0.424593 -1.549641 -0.887005 0.160716 -0.904736 -1.388482 -1.510520 -1.494660
85 -1.770874 0.995203 -0.090261 0.393578 1.633647 -0.039327 -0.728331 -0.851966 0.307093 1.524743 -1.717285 0.057364 -0.368577 2.142458 1.125318 0.167957 1.087181 -0.061172 -0.473212 -0.376047 0.689284 -0.998515 0.742403 0.580006 -1.353653 0.191865 0.657106 2.184614 -2.106444 -0.896648 0.132048 -1.047506 -0.932820 1.983397 1.780303 -1.214296 -0.779443 0.750169 1.582039 0.614275 0.749646 1.649092 -1.412917 -0.541547 -0.713721 -0.327812 0.639477 1.600906 -0.317844 1.098548
86 -0.765083 -2.694430 -0.812739 -0.156561 -0.286124 -0.474990 -1.304518 2.207599 -0.218739 -0.139848 -1.578565 -1.062632 -0.405012 -1.151284 0.729329 -0.830665 -0.741193 -0.054012 1.578569 0.276506 -1.426726 -0.472370 -0.454377 1.005387 0.147801 -0.768952 1.162579 1.872780 0.801958 -0.963713 1.095783 -0.660182 0.747487 0.354430 -1.437757 -0.435604 0.811175 0.055731 -0.285282 -0.863597 1.352205 1.059226 0.682311 -0.930612 -0.769491 -1.124727 -0.199753 -0.073872 -1.662231 -0.515597
87 -0.852845 0.759961 -0.975924 0.446424 0.877642 -0.601913 -0.211187 -0.385893 1.007474 0.838075 -0.901882 -0.478289 -0.905793 -0.604899 -1.221551 0.189624 0.622996 -0.033432 0.429736 0.395728 -0.686570 0.271422 -0.435075 0.268700 -0.611373 0.753525 2.133145 1.681611 -1.419648 -1.742963 -0.644398 -0.234137 0.117447 -2.933283 0.353189 1.016148 -0.677890 -0.854282 -0.392768 0.144327 0.483181 -0.455714 -1.058035 0.115072 0.588942 0.459795 0.651568 0.335915 0.821800 1.300344
88 -0.966623 1.705633 -0.265144 0.231518 -2.327901 -0.730183 0.476350 -1.619743 -1.259752 -2.279650 1.549302 -0.565544 -0.741868 -0.197778 1.550539 -0.477955 -0.972534 -0.455213 1.645014 -1.618671 0.583603 0.187070 -1.150299 0.905239 0.027508 -0.076717 0.029104 0.141482 -0.169531 -0.120879 0.776901 1.745561 1.643330 0.685921 1.501018 -1.382070 0.439376 0.301051 0.819977 -0.084068 -0.776982 0.910873 -3.398191 0.187177 -1.178595 0.863333 0.772106 0.067743 -0.435309 1.504426
89 -0.557689 -0.423568 -1.457410 -0.428676 -0.174247 -2.352489 -0.936405 0.629461 -1.018216 1.095578 0.591996 0.744052 0.528186 1.177279 -1.061747 -1.071648 -1.130737 -2.541853 1.243498 0.028599 0.894710 0.799115 0.312862 -0.623489 -0.077960 0.208489 1.555968 -1.558409 -0.370549 -1.007713 -1.992502 -1.047920 0.778600 0.937571 1.206087 -0.828588 0.504235 -1.210123 1.840765 1.442634 0.011344 0.076895 -0.291439 -0.115920 -0.560216 -1.584605 1.118636 0.655648 -0.178353 1.072599
90 -0.725263 0.759894 0.757350 1.173973 0.183567 -0.384795 -0.941777 -0.186074 1.108901 -1.461482 0.600087 -1.361704 -1.076310 0.832503 -2.432809 0.770328 -0.969315 -1.255583 0.677710 0.403025 0.490834 -0.811541 -1.009303 0.321609 0.700143 -0.060162 -0.294369 -0.416588 -0.103607 -0.685505 0.494146 0.913367 -1.792504 -0.211194 -0.534331 -0.087750 0.628400 -0.123936 -1.282907 0.864503 1.397734 -2.309342 0.270902 -0.409587 0.713471 -2.422911 -0.980837 1.874048 0.145461 -0.957803
91 -0.696274 -1.214662 -0.073021 0.696881 0.795484 1.208039 -0.212069 -1.505469 0.642488 2.023432 0.516231 0.763343 0.132380 -0.484173 0.038483 -0.573055 -0.619274 -0.573904 -0.097111 -0.945943 0.999298 -0.667424 0.055164 0.823577 0.710624 0.450371 0.553683 -1.291052 -0.066077 1.571307 1.332413 0.360529 0.085949 0.595658 -0.466716 0.060275 0.442265 1.603003 0.475779 0.569984 -0.119706 -1.191498 0.709422 0.730755 -0.003424 -0.287314 -1.288867 -1.337818 1.058118 -1.794745
92 -0.005818 0.140004 1.509061 1.183933 -0.640119 0.992169 0.606325 -2.624148 -1.438197 -1.388314 -0.665454 0.344603 -0.572929 -1.179923 -1.602647 0.011038 0.979228 0.993451 0.820944 -0.851981 0.428860 -0.854992 1.499579 -1.695096 -0.259970 0.620950 -0.315191 1.077365 0.559340 0.244427 0.380482 0.719383 -0.661021 0.471188 -0.897800 1.719964 0.570541 0.633244 -0.673027 0.845120 0.567059 -0.079105 -1.198363 -1.483057 0.290873 0.838212 0.575101 0.344667 0.153101 0.026403
93 -0.077345 0.540591 -1.502203 -0.164286 0.527765 -0.478807 -1.262940 -0.263228 0.076608 -0.215331 0.276961 -0.691586 0.575785 -0.317962 -1.975640 -1.033156 0.698816 0.306587 -0.443007 -1.754881 -0.680250 0.486130 0.536840 0.926898 0.189128 -0.668931 1.740529 1.100745 -1.161923 0.659789 -0.059538 0.773577 0.689639 0.903309 -0.628687 -0.911143 0.835206 -0.449554 0.846887 1.498418 0.896187 0.191549 1.213676 -1.496269 -0.797712 -0.314076 -1.282678 -1.064612 -0.392596 -0.706777
94 -0.377853 1.171614 0.440747 -0.305092 -0.176864 -0.796457 0.431975 0.585942 0.854216 -0.997729 1.005198 0.099362 0.251218 1.165110 1.342345 0.957457 -0.097755 -1.143983 0.943668 -0.409921 1.685809 -0.819954 -0.199357 -0.499698 0.465639 1.005716 0.235381 -1.381351 -2.829412 -0.306854 -2.105727 -0.287814 -1.058141 -1.311762 0.233369 0.837036 2.067192 0.527380 -0.188024 -0.269766 0.693961 0.096496 0.832204 1.782034 -0.146154 -0.583999 0.990229 1.200220 -2.190225 -1.824491
95 -0.932198 -2.294435 -0.957672 1.269992 0.177595 0.344635 -0.666475 -0.229779 0.769008 0.162962 -1.106766 0.889363 -0.708676 0.677346 0.073883 0.291877 0.828448 -0.428311 -0.085565 0.388561 -0.393664 0.842899 -0.618418 -1.147618 1.086578 1.093588 -0.753422 -0.184001 -0.510967 0.815466 -1.684751 0.782836 -0.769628 -0.131476 -1.524866 -0.303131 -1.561198 0.220840 -0.850158 -0.170845 0.431786 -1.314242 0.086015 -0.133937 1.603766 -0.963898 -0.110746 0.138735 1.106446 1.429265
96 0.165255 -1.868613 -0.997879 -0.138137 -1.172861 -1.847296 -3.709456 -0.485246 0.419820 -0.512564 -0.904431 -0.298171 1.135996 -0.414990 -2.518233 0.663423 -1.470511 -0.334955 -0.093836 0.610158 0.240870 1.392513 -0.954918 -0.005626 -0.862506 -0.187175 1.242893 0.288513 -1.007645 0.942146 0.165405 0.722246 -1.576468 0.647056 1.210178 1.288704 0.445353 -0.471784 0.530500 0.223497 0.033317 0.329064 -1.816661 2.943203 -0.185662 -2.004679 -0.221864 0.806443 0.089465 1.505770
97 -0.679593 -0.917041 -0.074962 -1.722092 -0.360299 -0.017679 -0.454423 -0.003818 1.166277 0.724170 1.676215 1.104586 -0.206109 -0.504715 0.133679 0.131325 0.153739 0.991513 -0.393870 0.960132 -0.719053 -0.466443 0.200497 -1.665128 0.847039 -0.055944 0.074304 1.182127 1.604018 0.905389 -1.286349 -0.213244 0.808894 2.379058 -0.972057 1.454002 2.014760 0.483074 0.302472 -0.249035 -1.231353 -2.297056 -0.414598 0.636677 -0.193157 -1.257681 -0.689369 -0.894814 0.122364 -0.675356
98 0.481328 -0.217415 -2.136353 -0.113911 -0.488044 -1.964813 1.018050 -0.537579 -1.968911 1.066622 -0.358850 0.617853 0.059152 0.502574 -0.277356 -0.377632 -0.586126 1.663775 0.919256 0.737755 0.324345 0.519798 -0.569714 -0.783842 1.134087 -0.733233 1.607321 0.224372 -0.868994 -1.158072 0.311936 -0.296529 -0.167785 0.957295 -0.329023 1.286659 1.115373 -0.577624 0.215096 1.536744 0.589486 -1.008498 -0.539697 -0.052488 -0.338230 1.371857 -0.577639 0.060820 -1.596722 -0.416887
99 -0.405562 0.141633 2.506621 0.285396 2.278956 -0.022632 -0.274549 -0.562177 0.943078 -1.871956 0.630791 -0.143992 1.006194 2.375591 0.956230 -2.051915 -1.273277 1.077384 0.383879 -0.199623 -1.799807 1.107921 0.038429 0.846618 0.302804 1.509504 1.379808 0.501355 -1.968981 -0.170475 1.664248 -0.069615 0.378256 2.499883 0.761615 0.445074 2.167733 2.084095 -1.108894 1.746285 -1.059610 -1.439605 0.491861 -1.214476 1.669172 0.709042 2.823804 0.406780 -0.001087 0.823748
END
#################################################################
SECTION3 (Edges Information)
EndPoint0 EndPoint1 Weight
0 1 1.000000
0 9 1.000000
0 10 1.000000
0 90 1.000000
1 0 1.000000
1 2 1.000000
1 11 1.000000
1 91 1.000000
2 1 1.000000
2 3 1.000000
2 12 1.000000
2 92 1.000000
3 2 1.000000
3 4 1.000000
3 13 1.000000
3 93 1.000000
4 3 1.000000
4 5 1.000000
4 14 1.000000
4 94 1.000000
5 4 1.000000
5 6 1.000000
5 15 1.000000
5 95 1.000000
6 5 1.000000
6 7 1.000000
6 16 1.000000
6 96 1.000000
7 6 1.000000
7 8 1.000000
7 17 1.000000
7 97 1.000000
8 7 1.000000
8 9 1.000000
8 18 1.000000
8 98 1.000000
9 0 1.000000
9 8 1.000000
9 19 1.000000
9 99 1.000000
10 0 1.000000
10 11 1.000000
10 19 1.000000
10 20 1.000000
11 1 1.000000
11 10 1.000000
11 12 1.000000
11 21 1.000000
12 2 1.000000
12 11 1.000000
12 13 1.000000
12 22 1.000000
13 3 1.000000
13 12 1.000000
13 14 1.000000
13 23 1.000000
14 4 1.000000
14 13 1.000000
14 15 1.000000
14 24 1.000000
15 5 1.000000
15 14 1.000000
15 16 1.000000
15 25 1.000000
16 6 1.000000
16 15 1.000000
16 17 1.000000
16 26 1.000000
17 7 1.000000
17 16 1.000000
17 18 1.000000
17 27 1.000000
18 8 1.000000
18 17 1.000000
18 19 1.000000
18 28 1.000000
19 9 1.000000
19 10 1.000000
19 18 1.000000
19 29 1.000000
20 10 1.000000
20 21 1.000000
20 29 1.000000
20 30 1.000000
21 11 1.000000
21 20 1.000000
21 22 1.000000
21 31 1.000000
22 12 1.000000
22 21 1.000000
22 23 1.000000
22 32 1.000000
23 13 1.000000
23 22 1.000000
23 24 1.000000
23 33 1.000000
24 14 1.000000
24 23 1.000000
24 25 1.000000
24 34 1.000000
25 15 1.000000
25 24 1.000000
25 26 1.000000
25 35 1.000000
26 16 1.000000
26 25 1.000000
26 27 1.000000
26 36 1.000000
27 17 1.000000
27 26 1.000000
27 28 1.000000
27 37 1.000000
28 18 1.000000
28 27 1.000000
28 29 1.000000
28 38 1.000000
29 19 1.000000
29 20 1.000000
29 28 1.000000
29 39 1.000000
30 20 1.000000
30 31 1.000000
30 39 1.000000
30 40 1.000000
31 21 1.000000
31 30 1.000000
31 32 1.000000
31 41 1.000000
32 22 1.000000
32 31 1.000000
32 33 1.000000
32 42 1.000000
33 23 1.000000
33 32 1.000000
33 34 1.000000
33 43 1.000000
34 24 1.000000
34 33 1.000000
34 35 1.000000
34 44 1.000000
35 25 1.000000
35 34 1.000000
35 36 1.000000
35 45 1.000000
36 26 1.000000
36 35 1.000000
36 37 1.000000
36 46 1.000000
37 27 1.000000
37 36 1.000000
37 38 1.000000
37 47 1.000000
38 28 1.000000
38 37 1.000000
38 39 1.000000
38 48 1.000000
39 29 1.000000
39 30 1.000000
39 38 1.000000
39 49 1.000000
40 30 1.000000
40 41 1.000000
40 49 1.000000
40 50 1.000000
41 31 1.000000
41 40 1.000000
41 42 1.000000
41 51 1.000000
42 32 1.000000
42 41 1.000000
42 43 1.000000
42 52 1.000000
43 33 1.000000
43 42 1.000000
43 44 1.000000
43 53 1.000000
44 34 1.000000
44 43 1.000000
44 45 1.000000
44 54 1.000000
45 35 1.000000
45 44 1.000000
45 46 1.000000
45 55 1.000000
46 36 1.000000
46 45 1.000000
46 47 1.000000
46 56 1.000000
47 37 1.000000
47 46 1.000000
47 48 1.000000
47 57 1.000000
48 38 1.000000
48 47 1.000000
48 49 1.000000
48 58 1.000000
49 39 1.000000
49 40 1.000000
49 48 1.000000
49 59 1.000000
50 40 1.000000
50 51 1.000000
50 59 1.000000
50 60 1.000000
51 41 1.000000
51 50 1.000000
51 52 1.000000
51 61 1.000000
52 42 1.000000
52 51 1.000000
52 53 1.000000
52 62 1.000000
53 43 1.000000
53 52 1.000000
53 54 1.000000
53 63 1.000000
54 44 1.000000
54 53 1.000000
54 55 1.000000
54 64 1.000000
55 45 1.000000
55 54 1.000000
55 56 1.000000
55 65 1.000000
56 46 1.000000
56 55 1.000000
56 57 1.000000
56 66 1.000000
57 47 1.000000
57 56 1.000000
57 58 1.000000
57 67 1.000000
58 48 1.000000
58 57 1.000000
58 59 1.000000
58 68 1.000000
59 49 1.000000
59 50 1.000000
59 58 1.000000
59 69 1.000000
60 50 1.000000
60 61 1.000000
60 69 1.000000
60 70 1.000000
61 51 1.000000
61 60 1.000000
61 62 1.000000
61 71 1.000000
62 52 1.000000
62 61 1.000000
62 63 1.000000
62 72 1.000000
63 53 1.000000
63 62 1.000000
63 64 1.000000
63 73 1.000000
64 54 1.000000
64 63 1.000000
64 65 1.000000
64 74 1.000000
65 55 1.000000
65 64 1.000000
65 66 1.000000
65 75 1.000000
66 56 1.000000
66 65 1.000000
66 67 1.000000
66 76 1.000000
67 57 1.000000
67 66 1.000000
67 68 1.000000
67 77 1.000000
68 58 1.000000
68 67 1.000000
68 69 1.000000
68 78 1.000000
69 59 1.000000
69 60 1.000000
69 68 1.000000
69 79 1.000000
70 60 1.000000
70 71 1.000000
70 79 1.000000
70 80 1.000000
71 61 1.000000
71 70 1.000000
71 72 1.000000
71 81 1.000000
72 62 1.000000
72 71 1.000000
72 73 1.000000
72 82 1.000000
73 63 1.000000
73 72 1.000000
73 74 1.000000
73 83 1.000000
74 64 1.000000
74 73 1.000000
74 75 1.000000
74 84 1.000000
75 65 1.000000
75 74 1.000000
75 76 1.000000
75 85 1.000000
76 66 1.000000
76 75 1.000000
76 77 1.000000
76 86 1.000000
77 67 1.000000
77 76 1.000000
77 78 1.000000
77 87 1.000000
78 68 1.000000
78 77 1.000000
78 79 1.000000
78 88 1.000000
79 69 1.000000
79 70 1.000000
79 78 1.000000
79 89 1.000000
80 70 1.000000
80 81 1.000000
80 89 1.000000
80 90 1.000000
81 71 1.000000
81 80 1.000000
81 82 1.000000
81 91 1.000000
82 72 1.000000
82 81 1.000000
82 83 1.000000
82 92 1.000000
83 73 1.000000
83 82 1.000000
83 84 1.000000
83 93 1.000000
84 74 1.000000
84 83 1.000000
84 85 1.000000
84 94 1.000000
85 75 1.000000
85 84 1.000000
85 86 1.000000
85 95 1.000000
86 76 1.000000
86 85 1.000000
86 87 1.000000
86 96 1.000000
87 77 1.000000
87 86 1.000000
87 88 1.000000
87 97 1.000000
88 78 1.000000
88 87 1.000000
88 89 1.000000
88 98 1.000000
89 79 1.000000
89 80 1.000000
89 88 1.000000
89 99 1.000000
90 0 1.000000
90 80 1.000000
90 91 1.000000
90 99 1.000000
91 1 1.000000
91 81 1.000000
91 90 1.000000
91 92 1.000000
92 2 1.000000
92 82 1.000000
92 91 1.000000
92 93 1.000000
93 3 1.000000
93 83 1.000000
93 92 1.000000
93 94 1.000000
94 4 1.000000
94 84 1.000000
94 93 1.000000
94 95 1.000000
95 5 1.000000
95 85 1.000000
95 94 1.000000
95 96 1.000000
96 6 1.000000
96 86 1.000000
96 95 1.000000
96 97 1.000000
97 7 1.000000
97 87 1.000000
97 96 1.000000
97 98 1.000000
98 8 1.000000
98 88 1.000000
98 97 1.000000
98 99 1.000000
99 9 1.000000
99 89 1.000000
99 90 1.000000
99 98 1.000000
END
#################################################################
SECTION4 (TrueSubGraph Information)
EndPoint0 EndPoint1 Weight
52 51 1.0
51 50 1.0
51 41 1.0
41 31 1.0
END
#################################################################
SECTION5 (Labels Information)
0 0 0 0 0 1 0 0 0 0 1 0 0 0 0 0 0 0 0 0 1 0 0 0 0 0 0 1 0 1 0 0 1 0 1 0 0 0 1 0 0 0 1 1 0 0 0 0 0 0 
END
#################################################################
SECTION6 (bt Information)
-5 -5 -5 -5 -5 5 -5 -5 -5 -5 5 -5 -5 -5 -5 -5 -5 -5 -5 -5 5 -5 -5 -5 -5 -5 -5 5 -5 5 -5 -5 5 -5 5 -5 -5 -5 5 -5 -5 -5 5 5 -5 -5 -5 -5 -5 -5 
END
#################################################################
