#################################################################
#APDM Input Graph, this input graph includes 3 sections:
#section1 : general information
#section2 : nodes
#section3 : edges
#section4 : trueSubGraph (Optional)
#
#if nodes haven't information set weight to null
#################################################################
SECTION1 (General Information)
numNodes = 100
numEdges = 200
usedAlgorithm = NULL
dataSource = SimulationData2
END
#################################################################
SECTION2 (Nodes Information)
NodeID Base Counts
0 0.032555 0.101518 -0.171431 -1.441353 -0.617789 -0.351722 -0.949439 1.371595 -0.189042 -1.282864 0.398666 -0.064042 -0.064774 -1.971831 0.993897 -0.479451 0.297353 -0.150045 0.155075 -0.321945 -0.250526 -0.122110 -0.234261 -0.818282 -1.428856 -0.232277 -0.172829 0.929937 -0.723297 0.171474 2.433541 -0.643676 0.147886 -0.762725 -0.531848 -1.215387 -0.332665 0.235180 -1.437664 0.387766 -0.295733 -1.174863 0.423720 0.923983 0.279695 1.459769 -0.986803 -0.201644 1.233942 1.086372
1 1.210834 -0.736992 -0.057777 -0.314130 -0.530411 0.167716 -0.862012 0.205898 0.659553 -0.567245 1.621358 0.422217 0.009773 1.972615 -1.928171 -0.764793 -0.220848 -0.606023 -0.736611 -0.666709 0.838260 -0.199783 0.663540 1.417585 1.436751 -1.420308 0.264462 0.398770 -0.848978 0.006703 -1.141734 -0.230081 -1.031703 1.079861 -0.289118 1.028053 -2.230909 0.321770 -1.544827 -0.890354 -0.983054 -0.199170 0.784986 0.296296 1.800825 -1.516636 -1.941971 2.216070 0.067765 0.505702
2 0.688116 -0.188655 2.845991 0.537175 0.797266 -0.220552 -1.640692 1.126198 -0.990292 -1.419238 0.997438 0.264213 0.102984 -0.248093 1.161567 1.758740 -0.783174 0.832257 0.127301 -0.634048 -1.097277 -1.051295 -2.140475 0.756268 1.680584 1.642038 1.255251 0.924941 0.034282 -1.441528 1.133426 0.810861 -0.132958 1.649808 -1.466326 1.365582 1.045810 0.056343 -1.052529 -1.443019 -0.987101 -0.489207 -0.667283 0.409700 0.767181 0.018442 -0.432606 0.154780 -1.542819 -0.891900
3 -0.911717 1.364301 0.236898 -0.133090 0.421169 -2.373187 -1.495208 1.033476 0.364260 -0.524126 0.216496 -0.597996 0.664111 0.709132 -0.489184 -1.025577 -0.230872 -0.970104 1.461852 -0.039746 -0.700328 0.378547 -1.394831 -0.183553 2.616370 -1.150134 0.564410 -0.014511 -0.609390 0.569078 -0.524106 0.543357 1.532509 1.617911 -0.249928 1.055201 1.562947 -0.559508 1.729530 -1.263107 0.889307 -0.170791 -0.497969 0.128007 1.554935 -0.512893 -1.757245 -1.363783 -0.233362 0.917437
4 -0.026651 0.037788 -0.717641 0.136854 1.083388 1.250069 -1.066248 0.432424 2.110344 -0.129589 -0.601619 0.858131 -1.723559 0.653491 -0.410748 -1.135657 -1.158763 -0.701061 -1.139487 -0.579864 -0.198611 -0.370291 -0.463143 0.400962 -1.380455 0.145764 -0.265386 -0.225081 0.076724 1.523683 -0.019815 1.301588 -0.960541 1.648544 -0.200672 1.192198 1.473626 -0.050490 -0.239916 0.729561 0.748551 -1.076141 0.848033 -0.602473 1.025621 -0.168098 -0.593371 0.280694 2.083493 -0.542979
5 0.375472 -0.144699 -1.278499 -1.605728 0.885689 2.646511 -0.310921 0.835410 -0.353821 0.348735 1.569415 2.376740 -1.810098 0.059822 1.870660 -3.783835 -2.202735 -0.972868 0.956521 0.001673 0.126638 0.696539 -0.427183 0.079743 -1.435985 1.639273 -1.242562 0.307822 1.856313 -1.249410 -0.847278 0.936311 1.329683 1.296563 1.322996 -0.697309 -0.317498 1.019779 0.419609 -0.435777 -0.117721 0.306839 -0.213214 1.525484 -1.236447 -0.473690 -0.459600 -0.479928 1.081117 0.231957
6 -1.758916 -1.285340 1.224256 0.275234 0.072669 -0.811175 0.896115 0.837940 0.261463 1.440806 -0.534006 0.563967 1.418090 0.120427 0.789484 0.873835 -0.753374 -1.015369 -1.145563 0.832327 0.210115 0.071085 -3.021145 0.485287 -0.888971 0.945233 1.616468 0.971336 -1.038849 -1.440385 -0.123839 1.404760 -0.570314 0.531843 -0.132380 -0.239240 0.276784 -1.365002 0.289349 0.791154 -0.387018 -0.673225 -0.030950 0.725227 -1.218214 0.167195 -0.425954 -0.531149 0.406729 -0.050571
7 0.148448 0.092560 -0.568219 0.355914 -0.226144 3.309992 -0.882949 -0.871577 -1.675247 1.414804 -1.038517 -0.705139 1.163662 0.433065 -0.135907 -0.495997 1.142295 -0.405513 -1.439644 -1.380026 0.231398 0.709064 0.027662 -0.354746 0.149879 -0.123853 0.635169 0.327230 0.058665 0.109405 -0.345572 -0.185604 -0.614024 -0.578294 0.284210 -0.580361 -1.050204 -0.446717 -0.431923 0.044403 -0.241268 -0.763919 0.332417 0.555746 -0.885590 -0.459646 -0.934945 -0.442514 1.318849 -0.078280
8 1.458297 -0.731362 0.033867 -0.382984 -0.474932 -0.016076 0.492223 -1.278569 -0.067806 1.696796 -2.141955 0.740678 -0.940859 -0.317776 -0.790885 -1.594891 -0.162645 0.770554 -0.111207 -1.637184 0.107671 0.606739 -0.595685 0.845205 0.728878 -0.817769 -1.049372 3.110473 -0.401445 0.189245 0.108257 0.376279 -0.064883 -0.078813 0.389774 1.713966 0.506436 -0.082575 1.333523 -0.228703 -0.476850 -0.949100 -0.376085 2.556287 -0.307033 -0.639784 0.469811 -1.230098 0.957372 0.249636
9 0.149756 -0.728155 1.226146 1.228914 -0.974576 1.299873 0.910290 -0.993805 -0.759959 -0.315128 -0.848801 -1.020337 0.267719 -1.232639 1.250566 -0.316877 -1.938055 -2.252396 0.259401 1.937658 1.421717 -1.185207 0.173774 -2.306086 0.415462 0.316531 0.938594 1.177810 -0.671863 0.383909 -0.271925 -0.682970 0.260290 -0.204959 0.104757 1.261218 0.009588 -0.087919 -1.591775 -1.291466 0.757065 1.002785 -0.275991 0.833715 0.239163 -0.473699 -0.567924 -1.038315 -1.541998 1.593775
10 0.970675 0.727237 -1.514902 0.120126 -1.484335 0.153257 -0.814599 2.642653 0.180933 -0.154621 0.371971 0.456477 -0.790653 -0.341278 0.596624 -0.838053 -0.347858 0.902066 0.415416 -1.742778 1.239614 -2.429336 -1.255681 1.606561 -0.667825 1.121425 -0.287929 -0.783236 -0.659148 0.835949 -0.428508 1.491682 0.480631 0.061270 -0.019698 -0.410323 -0.256153 -0.918781 -0.725833 0.630802 1.251354 -1.981775 -0.104822 1.049430 0.006534 -0.232019 -0.785734 0.719722 -1.564966 -0.428150
11 -1.046570 1.508171 -0.093973 -2.328705 0.259877 -0.869027 -1.054851 1.100127 0.299809 -0.174199 0.195041 0.985362 1.616069 0.414039 -0.459815 0.919052 -1.575954 0.220966 -0.605430 1.020192 0.131137 1.840028 0.748653 -0.808613 -0.203635 0.502654 2.167733 1.830974 -2.139357 -0.311527 1.032685 -2.433708 -0.395380 1.176228 -1.133451 1.470621 0.152875 0.812947 -2.023754 -1.145042 -1.399854 -0.342181 0.967005 -0.917374 0.808221 -0.651938 0.262329 0.171015 0.149854 -0.480686
12 1.178474 0.088770 0.867429 0.115586 -0.727582 0.037970 -0.366506 1.825283 -0.674331 0.434978 -0.820531 -0.378993 0.610081 0.948123 0.966297 0.367825 -0.267981 -1.504721 -0.562021 0.093565 -0.358170 0.085043 -0.583853 -0.083849 1.003925 1.195433 2.148273 1.804666 1.027956 -0.056153 -0.377055 1.719159 0.664664 -1.437886 -1.365874 -0.459963 0.293326 1.470882 -0.002232 -2.445417 0.631318 2.423509 0.516795 -1.888250 -0.074618 -0.409780 0.163593 1.173917 -1.980728 1.212851
13 -0.656696 -0.414942 0.315999 2.205346 -0.103213 -1.128616 -1.272822 0.616718 -1.499078 0.071539 0.217841 -1.052478 -2.067070 0.977808 -0.822653 -0.909947 -0.092083 -1.734713 0.161851 1.509264 -0.366171 0.201946 0.012644 0.932845 1.142296 1.170731 -0.845034 -0.608695 -0.174013 -1.227041 -1.136097 0.065589 0.728525 -0.456527 2.333146 0.920528 0.839565 -1.067061 0.482482 1.458660 0.031784 -0.822662 -0.982368 0.369388 0.291319 0.479564 -0.408347 0.055122 -0.108011 -0.421882
14 0.153844 0.009142 1.827728 0.081333 0.552538 0.764268 0.164086 -0.934697 -1.530673 1.603240 -0.905884 0.768857 1.132288 1.401509 -1.014497 0.025761 -0.201873 -0.686995 0.773882 2.372954 0.297156 0.268673 0.088287 0.512162 0.659772 -0.882247 0.261990 -1.133003 0.786477 -0.772284 -0.588272 -1.039523 0.353090 0.973702 -2.561203 0.359947 0.781006 -0.932724 -2.670169 1.470087 -2.033035 -0.091458 0.613927 0.140987 -0.628549 1.000698 0.513780 1.098908 0.386042 -0.402933
15 0.188793 -0.623052 0.703119 0.222538 0.030018 1.305335 0.324478 0.374875 0.266216 -1.524655 -0.181526 0.270158 0.651660 1.472862 0.047917 0.924490 0.127747 0.349951 1.069538 -0.427753 1.799649 -0.839164 0.784527 0.398942 1.359376 0.016534 0.595632 -1.254047 1.225190 -0.403295 0.714676 -0.433904 -0.107261 0.491295 -0.767292 1.179358 -0.892795 -0.337191 -0.277555 -1.665856 0.624758 0.857658 1.030789 0.492073 -0.765464 -1.203884 0.854749 -0.174944 0.440849 1.710677
16 0.075459 -0.321393 -1.296849 -0.545408 0.254252 -0.733214 1.053679 0.533677 -0.196186 -2.006141 -0.133923 -0.140811 -1.403109 0.428022 -0.412407 -0.963381 1.016764 -0.945460 -1.364269 0.227934 0.806853 0.175398 -0.170041 0.208997 -0.803656 -1.544978 0.018624 -1.313217 0.785720 1.030954 1.033761 -1.658619 -0.492350 -1.488000 1.059816 1.227649 -0.734633 -1.037953 0.424028 -1.898610 -0.117241 -0.436837 0.383626 0.278517 0.757907 -0.349030 -0.298112 0.604991 -0.285932 -0.371662
17 -1.160176 -0.940762 -0.169761 0.826634 0.180175 2.026770 -0.294803 0.188313 1.276933 0.454909 0.571450 -0.121884 1.873018 0.588062 -1.003189 0.023368 -0.554264 -1.506759 -0.335634 -0.186429 0.522836 1.078472 -0.631393 1.422581 1.902424 -0.296160 0.053910 0.295251 1.344767 -0.050779 0.037587 -0.367222 -0.816451 -0.028642 -1.356586 -0.751373 -2.249691 -0.248896 0.849281 0.628162 1.610443 -0.070980 0.363883 -0.549131 0.628515 0.391974 0.450412 -0.624384 0.725473 0.064427
18 1.253172 -1.259124 1.962399 0.368908 0.773985 1.157282 -0.935685 -0.025155 -0.460602 -0.581048 -1.283303 0.035311 -0.860711 -0.759922 1.139698 -1.770706 0.151623 -1.233782 -1.874486 -0.817091 -0.296937 -0.930887 -0.383124 0.327716 -0.871882 -1.156633 2.042588 -0.203757 0.830101 -0.552103 0.148277 1.072262 -0.477032 -0.170710 2.367743 -0.173203 1.602015 -0.387173 0.196552 -0.560524 0.741160 0.609669 1.367103 -0.078849 0.421324 1.015192 0.059474 1.974879 0.654396 0.610567
19 0.015166 -0.993771 -0.463196 0.796187 -0.417688 0.107905 -0.293146 0.364222 0.031661 1.667257 -1.133096 0.783971 0.687423 0.344821 0.785891 1.092726 0.446994 1.697046 -0.768075 -0.303581 -0.013832 -0.755083 -1.744843 1.617808 -1.003412 -0.252896 -1.125983 -0.356878 -1.453181 0.690973 -1.216612 -1.531337 0.490294 -2.136484 0.344517 -0.151562 0.046937 1.112667 -1.058686 -1.595442 -0.110486 -0.797463 0.973857 0.618804 0.913953 -1.031096 -0.825194 -0.500982 0.971788 -0.258455
20 0.186817 1.921617 0.241108 -0.993413 -0.386718 -0.273861 0.952828 0.149137 0.681647 0.930791 -0.985701 -0.638289 -1.114366 0.164211 0.425974 0.797671 1.885680 -0.496541 2.182449 0.330677 -1.595592 0.656803 -1.304068 0.993931 0.166642 -0.933024 0.273554 0.434791 -1.068253 -0.460494 0.688988 -1.546717 1.737613 0.661583 0.582889 0.170851 -0.761572 -0.993051 -1.937470 0.152278 1.481332 -0.492662 1.687207 -0.126066 -0.637384 0.391120 0.059480 -0.507937 0.109822 -1.363940
21 0.077857 0.686177 -0.090286 0.720537 1.240531 3.318977 0.895962 0.580318 1.177088 0.385503 -0.124719 1.427559 -0.615121 -1.594519 -0.216696 0.611217 1.053995 0.211397 -1.749827 -0.579611 0.615854 -0.827549 0.051389 0.179383 -1.529675 -0.706019 1.625793 -1.344839 -1.743655 -0.777395 -1.128403 0.628056 -0.247943 -2.534440 0.241816 -0.173460 0.571561 -0.875267 -0.719758 -1.945587 0.496102 0.653117 1.140298 0.647197 -0.393301 -0.496797 -0.087518 -0.190323 0.271916 -0.306314
22 -0.496748 -0.840255 0.400098 0.958126 -0.026026 0.016084 -0.386033 -2.211523 0.070282 -0.974061 0.013714 1.924060 0.171718 -1.068654 -0.763110 0.641118 0.613245 0.081098 1.379268 0.488043 -1.414576 0.201361 -0.113033 0.094712 -0.696693 0.745147 -0.579854 -0.827349 0.975281 -0.326363 0.601743 -0.259263 0.543101 1.025294 -1.497288 -1.563157 -0.100413 -0.024342 -0.246575 0.145893 -1.619284 0.250120 0.574613 -2.347595 -0.068837 -2.024994 -0.678364 0.007997 0.849623 0.091319
23 -0.407313 -0.527897 0.398046 -0.286821 -0.098678 0.704483 0.217976 -0.645730 0.739977 0.917110 -0.433010 -0.917769 0.729021 0.320058 0.301264 -0.441019 -1.441298 -0.923552 0.678434 -1.059320 -1.414009 -0.846502 2.155074 1.248383 1.368895 0.631520 1.535535 -0.042823 -0.600046 -0.722257 1.068153 -0.247970 -0.708793 0.255593 0.675922 -0.385755 -2.015059 0.871414 -0.219755 0.647373 0.110380 0.745337 0.143590 0.153172 0.459131 -0.706181 0.464770 1.903571 0.444411 -0.781678
24 0.942369 1.399443 0.515616 -0.687955 0.110271 1.025112 0.443208 0.497777 -0.858334 1.246666 -2.012137 0.547192 -0.009620 -1.340893 1.268132 1.265239 1.361508 -0.184101 0.311221 0.282491 0.652123 -0.495335 -1.458835 -0.840770 -1.463854 1.360981 -0.001156 1.436016 0.317224 -1.771708 -0.595077 -0.282853 0.089541 1.090075 -0.054453 3.025403 2.282778 0.845229 -1.944039 -0.259863 -1.393972 -1.130496 0.908756 0.498185 -0.262910 -1.830286 -0.548376 0.809750 -0.135307 -0.447482
25 -0.662239 -0.987344 -0.820667 -0.142050 1.295879 1.503467 0.410087 0.767885 -0.887761 -0.756025 -1.262645 -0.013385 -0.555020 -0.090727 -0.605415 0.582887 1.328357 -1.217476 -0.030915 0.218473 -0.440455 0.829751 -0.581395 1.318866 0.431024 -0.211167 -1.155311 2.719445 0.731302 1.144400 -0.560261 -0.492484 -1.616888 0.005003 1.160629 1.005753 0.518290 -0.983732 -1.551875 0.093999 -1.405002 -0.494795 -0.841809 -0.429906 -0.917877 1.058807 1.157818 -0.524205 -0.618303 0.573706
26 -1.080834 -0.719505 0.602309 1.256541 -0.513579 1.661818 0.846227 1.121356 0.369972 -0.480625 -0.114625 1.448367 -0.769612 -0.825130 0.429058 -0.485904 -0.653638 0.997422 1.182375 0.385871 -1.177870 0.527247 -0.366991 -0.017850 0.678417 -2.475497 0.836164 -2.546296 -1.065336 0.725940 -0.535170 1.555775 0.662517 -2.007653 0.285706 1.409939 -0.484075 -0.867646 0.806549 0.913877 -0.747299 -0.971483 0.332353 -0.118116 0.118766 -0.467683 0.646368 0.259109 -1.202179 0.522033
27 -0.391865 0.813130 1.299581 0.223852 0.385391 -1.219288 1.403171 -0.961091 -0.916939 0.793872 1.513020 0.033837 -1.550975 0.214872 0.353689 -0.541341 -1.893484 -1.216436 1.719887 0.515536 1.278374 0.376602 1.527902 -0.530420 -0.399911 2.372333 0.207890 -0.146800 -0.805473 -2.589227 -1.747340 -0.030907 1.695855 0.002789 -1.871130 -1.935054 -0.576804 -1.152791 0.738688 -0.234016 1.031483 -1.163519 0.034950 -0.394388 -0.554370 0.441610 -0.411769 0.926531 -0.450403 -1.562565
28 0.641997 0.861271 0.053557 0.403526 1.061814 1.401535 -0.477669 -0.447138 -0.737173 1.178806 0.586292 -0.584375 -0.389315 1.068172 1.291055 0.643312 -0.920465 -1.617583 0.756389 0.805848 -1.516591 -2.142444 1.314825 -1.882866 -1.196206 0.292702 0.285119 -0.366519 0.085191 -0.596350 0.236481 1.624260 0.230555 -0.428674 0.406035 -0.946557 -0.209828 2.209255 -1.454762 0.871153 1.383401 1.268299 0.811306 0.786693 -1.254478 0.575386 -0.646147 -0.807142 -0.714171 -1.361466
29 -0.319625 -0.539407 0.264854 0.753136 0.474966 1.328204 0.870368 -0.627413 0.143015 -1.523001 0.125169 0.279070 -0.786509 -0.104469 0.229882 1.595646 -0.751802 0.384834 1.668922 -1.442333 0.122439 -0.014064 0.743720 0.152367 -1.189904 -0.032620 1.443763 0.325467 -0.158671 2.121571 0.973305 -0.489379 -0.755492 0.213942 -0.240401 -0.707619 -0.396955 0.131124 -0.750400 2.699898 -0.423713 -0.105042 -1.500256 1.633286 -0.155087 -0.187528 0.075067 -0.470200 0.530944 1.579842
30 -0.374911 0.907042 2.039361 -0.063794 -0.267129 0.548046 -0.340228 -0.075770 -0.706583 -0.583380 0.484691 1.428299 -0.324975 -0.783216 -1.085371 1.106339 -0.311149 0.104061 -0.379940 -0.120688 -0.379423 1.747762 1.872203 1.470213 -0.300598 -0.094764 -1.700437 -0.733414 0.556204 -0.387931 0.592969 1.134113 0.412165 1.520767 -0.119258 -0.788410 1.486528 -0.481209 1.529350 -1.078596 0.199289 -0.501707 2.034532 0.197430 -0.436502 -2.160079 0.501312 2.065387 1.726044 -0.182684
31 -2.057982 -0.961289 0.125649 0.365450 -0.143049 -0.329095 -0.529439 0.228141 0.002327 -0.463003 0.187351 -1.134241 -0.331487 -1.601555 0.119604 0.131407 1.519822 0.495843 -0.887827 2.377034 1.133890 1.264689 -0.609375 1.631494 -2.075283 0.126028 0.099623 -0.472091 -1.120811 -0.954404 -0.382252 -0.664278 -1.279158 0.662532 -0.058434 -0.748994 -0.741660 -0.355008 -0.562306 -0.389996 1.906734 -1.015445 -0.094520 -0.083752 0.850338 -0.945817 -2.313754 -0.014773 -0.588046 -0.768116
32 0.631240 1.336382 0.967189 -2.171854 0.061093 0.473796 0.731518 0.069769 0.697217 0.487530 0.093414 -1.500722 0.434005 -2.802014 1.471656 0.846643 1.180016 -0.720390 -0.840575 -0.020443 -0.556419 0.507899 0.230883 1.472522 -0.894656 0.312289 -0.296519 0.532752 -0.911943 -0.484494 0.593535 0.143162 0.029393 -0.765441 -0.589036 -1.575089 0.552798 0.153770 -2.115647 0.834602 -0.442008 1.191653 -0.093394 0.552251 -0.807308 -0.270450 -0.194423 0.043201 0.427432 0.605464
33 -0.475890 -0.792016 1.048656 -0.632758 -0.201617 -1.440350 -1.833434 -1.249230 -0.576110 -0.595324 0.748253 -3.093854 1.063171 1.538876 0.777142 1.912927 1.606421 -0.682668 -0.118939 0.463703 -1.293288 -1.521089 0.504684 0.737448 -0.073740 1.771463 0.768344 -0.232392 -0.245373 -0.096741 -0.432453 -0.249716 -1.010340 1.821383 -0.659611 0.543259 0.092606 1.257762 -1.898284 0.969061 -0.031530 0.752038 1.182941 -0.077532 0.252063 1.267112 -1.896022 -1.287671 0.290704 -0.131499
34 0.032688 0.109608 -1.603769 -1.746267 0.248876 0.636008 0.406837 0.162206 -0.424914 -1.047128 -0.182701 -0.202526 0.976474 -1.660594 2.641986 0.628183 -0.174134 0.583945 0.774358 1.690551 -0.263016 0.803971 -0.227975 -0.892728 -1.981424 1.195341 -0.490165 0.211638 -0.609570 1.318063 0.337801 -0.087298 0.048552 -0.048925 0.666110 1.882211 1.495937 -0.915709 -0.104953 1.645447 -0.401846 0.335675 0.552522 1.118532 -0.035248 -1.431533 -0.449853 -1.575378 -0.038871 -0.029422
35 0.393685 0.616726 -1.244448 0.917085 1.350113 0.690864 0.207668 -1.026778 0.926520 -0.704580 -0.831603 -0.941533 0.538584 0.194457 2.843764 0.698013 -0.160071 0.364904 -0.541023 -0.233743 1.385972 1.640988 0.670075 0.164807 -0.776880 1.910716 0.774089 1.610461 0.036797 0.337630 -0.498878 0.813944 0.625472 1.796997 0.633773 -0.112591 0.864432 -0.176153 0.757306 0.147888 -0.783167 1.687875 -0.517862 -1.628606 0.745693 3.477850 2.242677 -1.402327 0.286746 0.590466
36 0.369162 1.582482 0.575517 0.862319 -0.356737 1.849714 0.841772 1.477363 -0.958222 1.845023 -0.490639 -0.524375 -0.474841 1.608044 0.277059 0.235657 0.009977 1.751700 0.681192 0.663361 -0.358263 0.372669 0.345751 0.519984 0.073015 1.452632 -0.005545 -0.183101 -0.997248 0.977306 -0.914038 0.937933 -0.608141 0.122836 0.845778 0.255584 -1.977187 -1.243867 0.196169 -1.777059 -0.465638 0.862961 -0.985381 0.016248 -0.090488 1.312887 2.299760 -0.319218 0.495981 0.200071
37 -0.108275 2.495819 0.976311 1.845768 0.221854 0.713344 -1.348388 2.034443 -0.991694 -1.550456 -1.248283 0.336435 -0.122237 0.143181 -0.108181 -1.487045 0.633350 -0.296404 -0.280620 1.240952 -0.281103 -0.953617 -1.153674 1.658425 0.651071 -0.093322 -0.445535 0.030108 1.603026 -0.821437 1.171773 1.074569 -1.199277 -1.006943 -1.315472 -0.765713 -0.360382 -0.567430 1.177028 0.573178 0.665241 0.641694 0.683052 -1.426349 0.453710 -0.546034 2.364077 -0.730380 -0.712540 -0.502914
38 0.361365 0.551031 0.203864 -1.071377 0.308303 -0.883407 0.342112 -0.277264 0.671187 -2.622532 0.931905 1.311494 1.617238 -1.343574 -0.469243 -1.165927 -1.348197 0.692579 -0.286105 -0.301785 -1.419388 0.523890 -1.049373 -0.124601 -0.805253 -0.666667 -0.598414 0.340401 -0.132364 0.657983 0.710146 -1.503882 -0.534158 0.124889 0.015495 -1.106798 1.465236 -0.506088 -0.159461 0.104139 0.861517 2.891685 0.893988 0.500335 -0.729388 0.327846 -0.888976 -1.204942 1.085878 0.126248
39 1.562208 0.798977 1.061038 -1.186552 0.249466 -0.249166 0.964767 0.157952 -1.057345 -1.174176 0.978843 0.544980 -2.676275 -0.386915 -2.370347 0.237645 1.259240 0.585509 1.227065 -2.280428 0.550325 0.292062 1.810057 -0.342154 0.763060 2.245753 1.583474 -1.508514 -0.538715 0.179981 0.185479 -0.693699 0.680167 0.302628 -0.319343 0.103991 0.730105 -0.127356 0.356492 1.632263 -0.610078 0.428020 0.023658 0.635036 -1.089861 -0.587801 1.275035 -0.153943 -0.212475 2.056228
40 0.149294 -0.804247 -1.083731 0.708228 1.511479 0.200508 -1.138191 -1.243545 0.965838 -0.453201 -0.574691 -1.740577 0.560161 0.125978 -0.937020 -0.862124 0.172743 -0.619679 0.496060 -0.524251 -1.575795 -0.930429 0.469166 -0.042749 1.533789 0.505023 0.079307 -0.643090 -0.705863 0.105015 -1.061308 2.174229 -1.191111 0.033632 -0.694862 0.536871 -0.627648 -0.453134 1.730246 1.038228 0.084057 -0.249306 -0.174825 -0.031691 0.268168 -0.100077 1.784296 -0.641024 0.885967 0.298212
41 2.462578 0.566810 1.460425 1.564003 -0.023464 -1.023809 -0.714773 -0.322315 0.132556 -0.800484 1.156843 0.745973 -0.218236 3.262580 -0.214163 -0.070740 -1.137939 0.012351 2.200555 -0.498727 -0.142280 -0.140625 0.886782 2.006527 0.277079 -0.300901 -0.423958 -0.675089 0.555651 -0.581612 1.598642 1.423663 -0.625684 0.609917 0.014447 1.551764 0.919513 0.095126 -0.967889 -0.048499 0.704476 -0.652828 -0.010861 -0.258867 0.785638 0.724832 -0.558915 0.389911 -1.028071 -3.594543
42 0.229359 1.154834 0.507232 0.201123 1.807754 0.303100 1.132941 -0.708712 0.686260 0.681222 -0.320232 -1.000551 -1.886792 1.694581 -1.596499 -0.157471 0.920768 0.925549 1.546469 -1.026373 -1.211128 0.863490 2.221310 0.062829 -0.564717 -0.357351 0.633453 -0.109247 0.079118 0.811202 -0.442363 -0.574329 0.912903 1.042012 -0.158707 -0.555527 0.190106 -0.641494 -0.512204 -1.316764 -0.912220 0.551919 -1.008938 0.968493 -0.771365 -1.520958 1.562863 -0.741733 -0.357512 1.031924
43 1.267513 2.480108 -0.766537 -0.757023 1.326100 0.009580 -0.468013 0.232736 -0.509132 -0.751785 -0.066441 0.423113 -0.632062 -0.718763 -0.819341 -1.583225 0.138097 0.091797 0.053264 1.528432 0.062965 -0.619445 -0.117042 0.299406 1.613633 1.578869 -1.162709 1.362511 -1.280430 1.197684 -0.282727 2.299355 -1.808816 -0.226719 -0.478149 0.068046 0.507869 0.208196 1.252903 -0.355451 0.081990 0.573269 0.303276 -0.569316 -0.474928 -1.738969 1.017885 -1.334298 -0.093987 -0.178202
44 -0.090137 -0.515580 0.532405 -1.456872 -0.300343 -0.708589 -0.737257 0.012574 -0.148255 -0.451556 -0.781815 -0.210878 -0.301283 -1.793866 1.909432 0.888802 -0.223677 1.566649 -0.531583 1.386624 0.562393 -0.952295 -1.754937 0.577025 -0.271518 -0.393794 1.352715 1.101206 -0.344443 1.435839 -0.708908 -0.558440 -2.829761 -0.393500 1.471032 -0.376286 -0.347506 0.670329 -0.437476 -0.241764 0.005632 -0.795982 -2.107654 -1.747262 -0.986091 -0.176927 -0.605875 0.106222 0.472744 0.913104
45 0.604469 -0.571015 0.757808 -0.765686 0.282837 -0.180651 -1.551965 -0.472372 1.014903 0.484825 1.710291 0.178943 0.749508 -0.651165 1.211398 -0.504007 0.807407 0.608831 0.046674 -0.225131 1.686615 1.378648 0.003400 0.654189 0.402347 0.983552 0.319699 0.617340 2.123078 -0.042856 0.391315 -0.032118 -0.917789 -0.695608 1.416190 0.259895 -0.590834 0.267740 -0.325851 0.055987 0.030129 -1.012095 1.514945 0.927453 -0.696792 -0.893363 1.246166 -1.249383 -0.401742 -1.532161
46 0.756420 0.502782 -0.767786 -2.732347 0.585925 1.978593 0.561512 -0.665135 -2.058020 -0.810780 1.034481 -1.621263 -0.219605 1.343277 -0.923082 0.469829 -1.360198 0.089816 -0.891321 0.154468 1.222405 -0.121373 0.214464 1.941198 -0.372749 0.521123 -0.420989 -0.004739 -1.400141 -0.624033 -0.256137 0.300007 -0.653068 1.635138 -0.552440 0.679041 -0.332633 1.331126 0.530284 -0.127733 0.397788 -0.683082 -0.296014 -0.335819 0.781764 -0.237372 0.618182 1.324754 0.164211 2.421737
47 -0.206428 -0.513753 0.184611 -0.457936 1.571283 -0.276217 1.587829 0.307974 -0.155982 1.117177 -0.062388 0.611442 -0.392369 0.692462 0.546918 3.003983 1.293950 0.610822 0.194395 -0.930580 -1.437693 -1.737940 -1.000212 0.132476 -1.874892 1.295718 0.725274 0.416593 -0.925389 0.544259 0.876753 0.378379 1.477637 1.282258 0.208224 0.077014 0.222898 1.411736 -0.378845 1.533401 1.080818 -0.815084 -0.399827 -1.027466 0.990563 0.642295 1.390152 -0.517127 -0.579055 0.256880
48 -0.005706 0.529914 1.698464 1.103541 -0.888801 1.547218 -0.306732 -0.698510 -1.095077 -0.602486 0.189955 -1.936582 -0.847600 -1.291131 2.984227 -0.727624 0.285217 -2.624040 1.742660 0.199868 0.168489 1.095670 0.749448 -0.511304 1.694708 -0.244677 0.595198 -0.036263 -0.195228 -0.464691 0.903351 0.885771 -1.200779 0.929522 0.084777 0.635920 -0.337609 -0.839994 -0.199625 -0.428498 1.596292 -1.285787 0.639848 0.354678 0.685832 -0.142820 -0.249045 0.531451 -0.206754 1.397881
49 -3.001004 -1.173337 0.146348 0.277136 0.303592 1.079886 0.093110 -0.535366 -0.525117 -0.504284 -1.450581 0.368666 -0.885096 -0.816363 0.207431 1.839406 -0.017615 -0.049224 1.240164 0.239487 -0.301967 -1.827041 0.769651 0.492820 -2.936644 -0.902705 0.753901 -0.458252 -0.162414 -0.160996 0.744784 0.736730 -0.140443 0.123564 -0.608269 -0.540088 0.841693 0.845999 -0.978185 1.179094 0.299416 -0.339988 -1.811802 -1.598511 0.548929 1.961622 -0.866155 1.382436 -1.697264 1.074888
50 -0.329313 0.544820 0.279239 1.901694 -1.463954 -1.503520 0.654491 -0.026682 -1.860747 1.766831 1.006701 -0.920587 -0.416775 0.064824 -1.056532 0.007684 3.005485 -0.622466 -0.714789 1.764596 0.239675 -0.813883 0.093486 1.178975 1.602199 1.331315 -0.481705 0.967086 -0.520943 0.211937 -0.036198 0.096789 -0.809243 0.443926 1.383515 -1.084577 0.747750 -1.465301 -0.212353 0.405661 -0.283872 0.570849 0.119519 -0.136611 -0.720101 0.618339 -0.948200 -1.494280 0.455835 -0.800674
51 -0.775644 0.986984 0.157557 -0.308440 1.446104 -0.854974 -1.091896 -1.621198 0.441014 0.511819 0.860017 -0.123952 -0.581823 0.408074 1.968450 -1.735635 0.130647 -0.326725 0.746063 -1.916450 0.287433 0.180033 1.083313 -1.131991 -0.044970 0.389533 -1.986921 -0.509881 -0.356234 0.142284 1.134374 -0.264784 -0.961151 -0.366717 -2.102141 2.532063 -1.069584 0.016213 0.821030 1.209847 -1.544485 -0.380554 -1.869576 -1.098522 -0.825992 0.643811 0.051408 0.375552 1.047332 -0.966234
52 0.107121 -0.216621 -0.621038 -1.705355 -1.561010 -1.770206 0.537597 -0.178387 -0.864722 -0.930916 0.212279 0.713614 -0.535838 -1.538065 0.414381 0.308792 -0.831894 -0.023978 1.315185 0.709119 -0.697975 0.762392 2.360314 -0.015651 1.541714 -0.202893 0.230487 -1.001617 -1.268319 -0.910468 -1.317148 0.461681 -0.405534 -0.608149 1.117613 0.822122 0.477636 -0.416648 1.199521 -0.587042 -0.431594 0.254057 1.854052 0.014010 -0.482040 -1.027770 -0.367139 -1.260222 -0.940871 1.107476
53 -1.425470 -0.773712 0.531122 -0.400834 -0.163615 1.028851 -2.173770 0.556649 1.876457 -0.610850 2.026626 0.223346 0.223834 -0.023962 -0.888438 0.675545 -0.083275 0.411436 -0.728898 -0.488291 -0.232436 -0.258740 1.542392 -1.704630 -1.106048 0.780116 -0.091312 1.601687 -0.703338 -0.729566 1.964718 -1.747210 -1.883046 1.453520 -0.445292 -0.548897 -1.467237 0.470719 0.372680 -0.570551 -0.927288 -1.222507 0.988358 -1.047835 0.284443 -0.118760 0.762744 0.587559 0.042408 -1.352689
54 1.333158 1.002579 -0.443156 3.335361 1.451037 -1.455531 0.894793 0.070549 3.107538 -1.249575 2.876218 2.741644 -1.601493 3.622188 1.162752 -1.129703 0.437333 1.931207 -1.248511 2.718935 0.528151 2.832031 2.596585 1.520991 2.915968 2.549905 2.493184 1.834335 1.514927 -0.012992 2.001820 0.194873 2.951764 0.196736 -0.337526 1.810750 2.027918 0.345547 -0.514001 0.340605 -0.329504 1.035377 -0.426662 1.659831 1.863460 2.904002 3.608389 2.440390 1.315442 1.949439
55 1.439213 1.771815 -1.096092 0.995603 1.378847 -0.719824 -0.915886 2.190067 2.055744 -0.760451 1.218516 1.724075 1.830542 2.449518 0.929803 1.767548 -0.879975 2.329178 2.188206 1.225140 -0.125485 1.923451 1.324345 0.263373 2.028074 0.185580 0.050567 0.265396 2.451757 -0.218080 2.196222 -0.361361 2.441085 0.542783 1.323806 4.324717 0.973533 -1.053311 0.644537 -0.408222 -1.799522 0.777570 0.210957 1.506937 0.530635 1.081020 2.445043 0.871550 3.151300 0.508428
56 2.300347 1.781471 1.528158 0.310603 3.598666 -1.799692 2.058306 2.806416 2.414014 0.214854 2.142589 1.190393 0.488499 1.819915 0.132044 -0.694317 -0.843593 3.159375 2.080259 1.230913 -0.143086 2.348375 2.233806 1.727511 0.643791 1.875733 -0.011532 0.749934 1.835704 -0.224170 2.166781 0.872665 0.868004 0.352815 -0.557963 0.026967 1.930496 0.465078 0.627365 -0.797148 0.807800 -0.280510 0.544809 2.774596 2.786877 2.588343 1.356200 0.277720 2.490983 1.480557
57 2.467793 1.673976 -0.328461 1.866823 0.677355 -0.358720 0.349332 2.256369 -0.300124 -1.311869 2.036057 1.544054 -0.220650 2.398162 2.400298 0.131081 0.994553 3.413603 3.165441 2.194575 -0.049788 1.820618 0.272283 -0.963995 3.975880 0.576803 -0.167830 2.553138 4.071543 -0.639813 1.608423 0.801095 2.383423 1.640073 -2.831963 3.376632 1.061252 0.069771 -1.238436 0.384022 1.782802 -0.005361 0.117255 1.571607 1.232691 3.428623 2.871535 2.534368 2.492246 1.913201
58 1.721288 -0.533951 -1.141135 -0.406732 -1.444022 0.395052 0.147032 1.413071 0.185601 -1.044021 -1.295382 -1.111959 -0.792258 1.212876 -1.127033 -0.134279 -0.903237 1.682976 -0.058755 -1.170131 -0.197931 0.599120 1.690103 1.086770 -1.301484 1.058146 0.375980 1.340862 -0.076076 -0.753226 0.020637 -0.816990 1.341288 -0.261715 0.109442 1.655009 0.294654 0.687402 0.218496 1.061418 0.277142 0.089082 0.793410 1.114743 1.240080 -0.535516 0.032618 -0.479539 -1.299973 -0.537506
59 -0.088539 0.164981 -1.213096 0.645617 1.486685 -0.359825 -1.979025 0.095137 -0.219346 -0.054925 -0.879376 0.594152 -2.443172 -2.673106 0.075600 0.342956 -1.044310 0.607815 1.782162 -0.228749 0.349017 -0.130704 0.784810 -1.430907 0.351572 -0.185091 0.511884 0.380507 -1.440466 -0.143624 -0.443215 -0.468163 -1.487848 -0.096809 -0.660659 0.436345 -0.337286 2.136872 -0.086386 0.963139 0.728212 -2.818191 0.237536 2.179057 -1.908399 0.416582 1.184282 -2.417014 -1.705688 0.401421
60 -0.372343 0.278611 -1.705105 0.887855 1.362735 -0.418033 0.847711 -1.315699 -1.384583 1.122414 0.177038 0.152911 -0.907095 -0.775079 1.004421 0.189218 -0.916694 0.798141 1.088259 -1.224948 1.384717 1.226002 -0.620488 -1.944112 0.484183 1.576399 -0.109923 -0.807930 -0.167548 0.060237 0.048164 -1.282939 -0.729425 0.884479 -2.009316 0.408937 -0.614326 0.662752 1.461696 -0.378025 0.176097 1.192933 -1.409588 1.076778 1.499720 0.613783 1.288959 0.271432 -0.921163 -1.148778
61 0.046008 0.439108 -0.570924 1.083904 1.858243 -0.305995 -1.113064 0.110598 -0.950427 -0.441921 0.715834 1.025865 0.320582 -0.425199 1.134348 -0.452832 -1.072053 0.397634 2.389536 0.682302 -2.555801 1.631755 0.440267 -0.058232 1.586676 -0.120437 0.772371 -0.073059 1.804928 1.241916 -0.171690 -0.310779 0.394391 -0.215008 -1.782782 0.191336 0.130578 0.346395 1.273464 0.337196 2.183063 -0.769974 -1.748621 0.436246 0.497323 -0.359188 -1.718714 -0.335150 -0.233214 -0.355501
62 0.152272 -0.127227 -0.566151 -2.249910 -2.176888 -1.095358 1.027886 -1.542145 -1.142073 -1.424197 0.418567 -1.473369 0.059499 0.463792 0.054080 -0.293903 0.857858 -1.098558 -0.253640 2.076731 0.399675 -0.231930 0.099894 0.972300 -1.489789 0.121915 -1.598797 -0.285725 0.425408 -0.656860 -0.931213 -0.140341 1.110590 1.342361 0.395689 -0.870710 -0.613309 -1.265919 0.338837 -0.812239 -1.523939 0.843058 -2.126399 0.160450 -0.078515 0.285442 1.214788 -0.193434 1.038048 0.074673
63 0.114943 0.447282 1.461544 0.226076 1.113475 1.058860 0.452590 -0.250120 -0.150069 0.481713 -0.575799 -1.109067 0.892985 0.821400 -0.481663 -0.491264 0.200168 -0.657611 0.566623 -1.303927 0.813575 -0.185031 -0.024961 1.724956 0.815096 0.329313 -1.578228 -1.343169 1.098895 -0.833187 -0.915946 0.297423 -0.026412 -1.186388 -0.175526 -1.927644 0.149986 -0.349256 0.618339 0.401507 2.637636 -0.592333 1.858421 1.095075 -1.092021 -2.128444 -0.088712 0.196352 0.151688 -0.386659
64 -0.878651 0.375814 -0.496369 -0.600445 -0.478787 -1.352296 -0.023506 1.217490 -0.923485 2.405543 3.194397 0.911094 -0.454977 0.244363 -0.415044 -0.505596 1.707684 -1.411255 0.971297 0.933124 -1.051629 -1.370754 -0.328393 0.202338 1.196936 0.483454 -1.213036 0.224568 -1.040874 1.401414 0.260032 -0.689147 0.497510 0.214628 0.399048 0.376890 -0.865110 0.709116 1.459367 -0.738069 0.208072 0.051115 -0.511792 -0.155752 0.284412 -2.284060 -0.254578 -1.792121 -0.846911 -0.414150
65 1.646055 2.653720 -1.105730 1.348614 1.341268 0.179703 0.584637 3.129405 1.191496 2.171061 2.070253 2.706648 -1.114869 1.488861 2.975090 0.445462 1.748948 1.720457 3.164135 2.199970 -1.239936 3.579469 1.980097 1.070241 0.640875 1.954562 -0.924904 0.676411 4.298193 0.837723 3.024332 -1.583479 1.022305 0.881119 1.658297 2.865850 2.002467 -0.532396 1.925580 -0.145633 -0.658830 -0.773836 -0.115793 1.123305 2.967699 3.820471 1.502150 1.519209 2.366407 2.365702
66 0.848340 -1.265445 -0.214952 -0.199378 0.916562 1.489848 1.033056 -0.803235 -0.597155 0.310126 -0.447930 1.609821 -0.122590 0.003681 -1.043630 1.208136 0.519990 1.114727 -2.154583 -0.240848 -1.009231 -1.707937 -1.416465 -1.602580 2.286974 -0.634802 0.166089 -0.315990 0.117294 0.214186 0.199308 -0.714020 -0.910563 0.111216 0.895525 0.331135 0.185600 0.331278 -0.393232 1.043251 1.099091 0.099222 0.484284 -0.612240 -0.508698 -1.720387 -0.272671 1.737689 1.520945 -2.663630
67 0.231270 0.177425 -0.623968 -1.095005 -1.364702 -2.282024 1.190874 -0.623445 -0.047969 -1.047006 0.642382 -1.757857 0.418136 0.110434 -0.718172 0.284076 0.882371 1.244860 -0.987951 -0.623987 0.112083 -0.078147 -1.084878 -0.550269 -0.823897 0.832800 -0.438648 -1.208463 -0.737079 0.499451 0.890947 0.275133 1.136309 0.155182 -0.115664 1.211465 -0.429950 0.672125 -0.419924 1.059125 -0.785606 -0.480697 -0.817510 0.384647 0.287773 -1.937670 -1.980053 0.455797 -0.028467 0.639827
68 -2.221748 0.327543 2.030480 0.360462 -2.806403 -0.098830 0.886615 -0.181028 -0.056624 1.598659 0.272888 0.163013 1.994629 -0.239083 -0.405702 1.164099 -1.739791 1.652241 -0.772288 -0.096941 -0.080058 0.531981 -1.428654 0.904896 -1.315158 0.510327 -1.373204 0.943145 -0.667438 0.317655 -1.089736 -1.235190 0.413862 -1.718814 1.385005 0.353324 -1.342218 0.284038 -0.002286 1.394984 0.342825 -1.006254 0.194867 1.042830 0.790091 0.766771 0.633470 1.151798 -0.473848 0.268070
69 0.595755 -0.317766 -1.018111 -0.571067 1.056145 -0.976141 -0.801449 0.754254 -0.515375 -1.263938 -0.176721 0.360499 -0.034160 0.067991 0.040317 1.337830 -0.174018 0.287023 -0.524082 0.237525 -0.846868 0.259050 -1.322891 -1.088899 -0.714447 0.370763 0.287301 0.937831 -0.616060 0.425430 -0.371834 1.754141 1.900458 -0.188731 -0.888450 -0.601093 0.664255 -0.657871 1.983360 0.521025 1.044569 0.469861 -0.855215 0.751696 -0.392865 -0.141954 -3.079522 -1.089046 1.822687 0.768513
70 -1.073122 0.196873 0.229415 -1.560601 -0.776107 1.930474 0.949832 -0.032986 1.355356 0.929240 -1.475529 -0.314659 1.542428 -1.203788 0.015091 0.078130 -2.715108 -1.413132 -0.743210 2.178594 1.581953 0.536440 0.420288 -0.406977 -0.409814 -2.220012 0.387637 -1.749672 0.624814 0.938471 -0.732566 -0.198990 -1.503461 -0.291761 -0.430636 0.673732 1.161731 -0.494169 -1.262331 -0.479908 1.499907 0.577981 -0.731892 -1.494455 0.696769 -0.520020 0.897199 -0.189965 2.064032 -1.068774
71 0.402892 -0.837844 -0.470146 -0.516071 2.202184 0.393570 0.180015 -1.406499 -0.410008 -0.259981 -1.147772 1.119115 0.384116 0.922349 0.409162 -0.266222 2.824381 0.083437 0.354880 -1.239215 0.086494 -2.164466 -0.244960 -0.759080 -0.538512 -0.866312 -0.404729 0.430725 0.958536 -0.168988 -1.162894 2.567277 1.138968 0.765848 -1.188172 1.551298 -2.556683 0.845581 0.400715 -1.100540 0.518390 1.197718 -0.097078 0.895292 0.221443 0.394858 -1.015486 -0.873337 0.073837 -1.863787
72 -1.187972 0.866711 -0.373126 -0.015285 0.647940 -0.239728 -0.909306 -0.369881 0.956998 -0.392162 -0.647292 0.922319 0.128707 -0.819954 -0.397182 0.562895 -1.413471 -0.407813 -0.685856 1.543446 -0.421398 -0.361066 0.921768 -0.673324 0.577045 -1.300438 0.223996 -2.044119 0.259730 -0.601348 -1.117854 -0.958184 0.425748 -0.217813 2.388803 0.363844 0.986096 1.349698 -1.308456 0.511015 -0.059755 -0.863427 -0.161919 0.073177 0.961710 0.505277 -0.983128 1.712600 -1.194971 0.862983
73 -2.807135 0.497053 -0.256533 2.280069 -0.126460 0.086551 0.349541 1.113228 1.067377 0.371163 1.906362 -0.562640 -2.308736 -1.649807 0.339040 0.054016 0.808064 -0.140435 -0.531396 -0.531736 -0.695536 -0.892470 0.910886 1.196370 -0.099118 1.005471 -0.123424 -0.255712 -0.493814 -2.279251 -0.776629 0.912512 0.929067 0.770157 -0.235873 0.793308 0.405614 1.560651 -0.778645 0.448189 -0.537960 0.945952 1.815465 0.109147 0.383622 0.467262 2.815067 0.707126 -1.356626 -0.403730
74 2.537350 1.688145 0.066219 -1.686717 -1.277843 0.216339 0.253905 0.667675 1.071352 0.366586 -0.181117 -0.721010 1.239716 0.695833 -2.444873 -0.928904 -1.491937 -0.627236 -1.032651 -0.108039 -0.295627 0.363067 0.709009 -0.292331 1.153813 1.780458 -0.434458 1.046411 -0.562301 0.081596 0.039639 -1.206713 -0.340463 0.840581 -0.011335 0.076925 0.932348 0.970897 -1.595738 -1.136359 -0.980719 -0.020218 0.034671 1.257149 -1.143372 -0.277288 0.276832 -1.438362 0.273050 0.684323
75 1.162473 0.092319 1.776509 -0.278895 1.375897 1.037331 2.498191 -0.643310 -0.135341 -1.198823 0.734940 -0.076647 0.648662 -0.382930 0.485621 -0.257299 0.951081 -1.464646 0.140443 0.855049 1.376685 2.085249 0.656767 -0.233660 2.230235 -1.340508 -0.066109 -0.180525 -0.128035 0.239041 0.601203 -0.935928 0.012488 -1.079065 -0.076193 1.592726 0.964793 -0.580393 0.083763 1.877755 -0.339199 -0.853324 1.563100 -0.287144 -0.911256 -1.099410 1.594924 0.624531 0.613587 0.050871
76 0.339065 -0.343567 -0.528633 0.638516 0.978406 1.903622 -1.318323 0.930493 -1.446059 -0.315115 -1.344688 1.479140 -0.914895 0.903717 -0.918364 0.317102 -1.310413 1.406570 -2.296110 0.501219 -0.038288 -1.429413 -0.660208 -0.437627 0.875194 0.971168 1.032142 0.319762 -2.805614 0.383178 -0.561420 -0.438148 -0.191177 -0.402016 -0.545578 0.287221 -1.251007 -1.228072 0.029036 0.214286 0.224651 1.074478 -0.518124 0.391820 -0.015806 0.007839 -0.843167 1.228718 0.403940 -0.774579
77 1.721175 0.244892 1.178806 -0.193992 0.472810 0.673695 0.412695 0.587226 1.201271 -0.701234 0.159526 0.121200 -0.516367 -1.237728 1.540813 -0.720979 -0.632911 0.979033 0.340869 0.566953 -1.193219 0.873876 -1.442409 0.074322 -0.562176 -0.109997 1.002995 -0.955924 0.379721 1.480036 -1.205758 0.374313 0.007706 0.244821 0.256524 0.557790 0.454705 0.242171 0.648844 0.473768 -1.386270 0.400071 -1.271686 -0.035831 0.768989 0.512284 -0.484832 -1.150752 -0.995549 -0.787200
78 -0.288414 0.979063 -0.042904 -0.552109 -0.698631 1.242578 -0.062521 0.502765 2.430195 -0.442482 -2.717480 0.429674 1.679108 -0.277779 -0.927574 0.103074 -0.474891 -0.756368 0.761067 1.356993 0.295858 0.343472 -1.186087 -0.491928 1.410520 -1.213815 -0.086983 -1.153125 -1.264695 0.937818 0.896707 -1.045136 -0.625940 -1.404281 0.296992 0.616812 -0.161586 -0.243943 0.640297 -0.240424 0.140671 0.231946 3.124561 0.522413 0.111005 -0.296570 0.429686 0.658402 -0.280422 0.034507
79 0.113366 -0.682532 1.833549 -0.751440 -0.762019 -0.025145 0.714229 0.827760 0.436604 0.452431 -0.022086 0.640433 -1.657080 -0.620097 0.050442 -0.649147 0.109233 0.067018 0.600006 -0.734935 -0.040137 -0.297167 -0.726267 0.041891 -0.784929 0.937699 -0.155490 -0.145387 -0.023649 -0.662540 -0.011567 0.253998 -1.163933 -0.746484 0.901887 0.667297 0.999863 -1.418006 -1.515872 -1.362939 -1.299816 -0.283818 -1.676819 1.707331 -1.241243 -0.752216 -1.364998 -0.634093 0.038226 -2.190011
80 -1.405535 0.121724 -0.479377 0.057450 -0.825533 1.107030 -0.628517 -1.170260 0.310617 -0.370850 0.541932 1.439616 1.097784 0.019263 -0.268840 -1.450734 2.505584 0.168154 2.057768 1.807022 -0.584965 -1.284722 -1.496295 -2.097948 0.089080 -0.304398 -0.255929 0.677897 -0.688584 -1.894229 -1.028536 0.891744 -0.823492 0.148946 1.965696 -0.966610 0.273516 0.711289 0.299120 1.010336 -0.740674 0.439097 0.376743 -0.495465 -0.358529 -1.179129 0.054390 -0.070048 0.543619 0.890420
81 -0.101470 -0.931567 0.565936 0.524265 -0.019129 -0.897274 -0.415015 0.292438 -1.467565 0.594982 0.981165 1.641020 -1.182850 -0.395011 1.223315 0.276550 -0.967281 0.019008 0.070054 0.415066 -0.421757 0.213645 -0.113177 -0.213078 1.064296 0.304386 -1.307095 1.140649 0.294685 0.446390 -1.264364 -0.804591 -0.307612 0.470375 1.059658 -0.908866 0.081200 0.252175 -1.843203 0.142004 -0.486261 -0.918042 -0.779505 0.914336 0.132604 -1.773749 0.355281 1.471945 1.333509 0.164590
82 -0.769406 0.604998 -0.125103 -1.016752 0.769746 -0.215524 -0.131456 0.210827 -0.230490 0.579910 2.180799 -0.205799 -0.141362 0.511937 -0.511830 0.622629 -0.778633 -0.149201 -2.585534 0.975625 -0.134298 0.763027 -0.694840 -0.540483 -1.298740 -0.174389 -1.475248 -1.619127 0.245177 -1.316410 -1.047403 1.475339 -0.186736 0.196401 -1.070870 0.704120 0.528857 -1.383475 0.048179 0.598418 -1.453355 0.301081 1.019148 0.535058 0.651789 -0.449450 -1.030881 0.332870 -0.706146 0.064447
83 0.714923 -1.243770 -0.685923 2.051104 0.918360 -1.990138 -1.119646 -0.182010 1.006545 -1.468696 0.141186 -0.460785 -0.348579 0.419098 0.403360 1.902588 0.158942 -1.311583 -1.103592 -0.284670 0.394376 0.300900 1.689632 -0.457817 0.693289 -1.038311 0.905471 1.750972 2.404316 0.624486 -1.067984 -0.663511 0.223599 -0.665595 -0.832924 -1.149313 -0.508396 1.222373 -0.598220 0.496778 1.237987 1.301370 0.399038 -0.173285 0.749220 0.653132 0.462597 0.608456 0.380404 -0.857162
84 -0.269889 -0.158918 1.151955 -1.277291 -0.721493 -1.509834 0.103047 -0.395025 -1.210310 -0.516804 0.570906 -1.291571 -0.403096 0.865825 0.686214 0.717889 1.459586 -0.458908 -0.662546 1.024813 0.968324 2.625262 -0.336536 -1.113127 -0.141184 -0.633597 -0.181240 0.512852 0.224345 -0.079067 0.475861 -0.812714 0.899168 0.108607 1.632455 0.216222 0.114473 -0.915959 -0.748700 1.242027 -0.351356 -0.580963 0.406443 -2.001098 1.718530 1.456713 -0.629334 -0.558214 1.133304 -1.500229
85 1.528285 0.697732 -1.124449 -0.893283 1.676776 2.608170 1.452942 0.138039 -1.811874 -1.031976 -0.871266 -0.682428 0.753993 -1.430637 -0.346148 1.426079 0.343140 0.940434 0.011997 0.619005 0.729394 1.177739 -0.672992 0.992075 0.128363 0.702720 -0.454440 -0.705942 1.243435 -0.733844 -0.688848 -1.261916 0.987940 -0.464297 -1.037972 1.194510 0.781063 -0.632947 -0.642039 1.253256 -1.321699 -0.490025 -0.131457 -0.614677 0.480833 0.105058 1.083158 1.328975 -0.988557 -0.494220
86 0.527474 -2.774179 -0.825290 0.125828 -0.105029 -1.056274 -0.322969 2.237088 2.010409 -0.958535 -0.879836 2.060663 0.186726 -2.358889 -0.541167 -1.573327 0.757664 -0.862921 1.028430 0.184503 1.208579 0.549399 1.506199 1.073473 0.210971 -1.169884 0.150882 0.076627 1.183781 2.118013 0.095029 0.998353 0.557491 -0.769133 1.012801 -0.511776 1.135197 1.780615 0.976073 -0.305178 2.428152 0.347795 -1.190149 -1.926440 0.248120 -0.405712 1.361534 -0.778909 2.166282 -0.580913
87 0.588093 -0.734685 -0.768874 0.040487 -0.280105 -0.036694 -2.030495 1.159085 0.023432 -0.316723 -0.867336 -0.927150 -1.053658 0.031547 0.777017 -1.392492 -0.381981 0.608495 -0.834580 -1.239013 -0.794239 1.063998 -0.263704 0.384001 -0.776618 0.749432 0.864894 -0.692984 -0.557408 -0.107522 -0.024474 -0.418049 0.246413 0.771505 0.285207 -0.354040 -0.934202 -0.090889 -1.318573 -0.399665 0.073440 -1.008167 1.023251 -1.470586 -0.066824 -0.998887 -0.495389 -0.092828 -0.579456 -0.840125
88 0.051096 0.633122 0.815325 1.357372 0.637369 0.178046 -0.257387 -1.043045 -1.169360 -0.230245 0.237124 -2.177183 0.893813 1.049708 0.843679 1.031218 -0.909218 0.508411 1.451271 -0.741518 0.822273 0.842787 0.650958 -0.219049 -1.328663 0.178725 0.509271 0.937563 0.353349 0.219316 -0.542824 -0.803214 1.269420 -0.533615 0.168450 -1.964115 -0.369505 -1.161109 0.227152 -1.184453 0.641885 -0.240525 0.088722 -0.136594 -0.328661 0.902463 1.405015 1.025683 1.381580 -0.543060
89 -0.289358 0.384120 -0.324621 0.927452 -1.637621 -0.254831 -0.930831 -0.514500 -1.245062 1.515377 0.446813 0.321978 -0.818415 -1.011735 0.810965 0.280660 0.258663 -0.305943 0.746014 3.832422 -1.696860 0.180183 0.674178 -0.313638 0.801212 0.571404 -1.570439 -0.633618 -1.730436 -0.763467 1.973103 -0.052750 -0.668837 -0.191075 -0.365591 1.266114 -0.637204 1.632532 -0.197570 0.613181 0.381230 -0.111688 0.753031 -1.431255 -0.981654 -0.054642 -1.197070 -0.527590 -1.657553 -1.233038
90 -0.365747 -0.058022 -0.767199 -0.642285 1.183260 -1.451716 0.728980 -0.283157 0.225895 0.555914 -1.812764 -0.681069 1.248984 1.866733 0.342958 0.817779 -0.361801 -0.082826 0.160892 1.056689 0.435938 -0.585576 0.758569 -1.739855 -1.183243 -0.965984 0.226493 0.143795 -1.398107 -0.030633 1.516844 0.335716 -0.129683 -2.119010 1.237886 -1.000972 0.193190 0.941529 0.312777 -0.713394 -0.350974 0.873264 -1.512724 -1.002812 2.399834 1.016526 -1.825557 -0.436011 1.095926 -0.900361
91 -1.809283 0.952984 0.814277 -1.059924 0.236538 -0.397598 -1.045116 -0.411735 -2.060157 -0.389693 -0.280480 0.927903 1.027470 0.166425 0.361049 0.146495 -0.255035 -0.453459 -1.750638 -0.910540 0.675096 -1.027134 -3.428527 0.285438 0.427322 0.677882 0.032767 0.656367 1.573894 -0.732295 1.023416 -1.015068 0.462587 -0.008531 0.665260 -1.054991 2.031427 -0.565607 0.800609 -0.434173 -0.544420 -1.193776 0.841082 0.094948 -0.157137 1.156051 -0.919116 -0.368145 1.093991 0.320780
92 0.402995 0.655665 -0.589168 -0.959272 2.008315 0.662216 0.513503 0.060393 0.948419 -0.291463 1.034216 0.607103 -1.840856 -0.893296 0.798323 1.006434 0.166274 0.788187 2.264766 -0.346182 0.274840 -0.201851 0.659648 1.961123 0.263721 -1.078195 1.336005 -0.109924 0.861007 1.825909 -0.756683 -2.280865 1.029549 -0.682126 1.189633 -1.291554 0.653205 -0.723873 0.079924 -0.325318 1.330398 1.119876 -0.824366 0.302917 0.947604 -0.153683 0.087679 1.400000 0.208798 1.227164
93 0.501948 1.400635 0.276545 -0.857966 0.976867 -0.494995 0.623730 -0.862697 -0.272233 0.563133 -1.538524 0.422766 1.949946 1.909014 0.167395 -0.410687 0.327346 0.011348 -1.106147 -0.839397 1.147581 0.613427 0.397048 0.195633 -0.568460 -0.992807 -0.198136 -0.182861 -1.571313 -0.538673 0.620763 -0.284964 0.660196 0.129713 0.609904 -0.534649 -0.638271 -0.367910 0.301906 -1.236118 -1.206013 -0.565521 -1.587916 -1.346251 0.188176 -0.528373 0.558717 1.654286 1.651010 1.536093
94 0.869582 -0.458855 0.892268 -1.648238 -1.469090 -0.328071 0.162407 -0.071110 0.627742 0.579620 0.018952 -0.463490 -0.108197 0.920764 1.619720 1.545083 -0.624530 0.296774 1.243617 0.069436 0.178926 -0.575499 -2.026943 -0.795064 0.121686 -0.042385 0.377073 -0.896773 -1.003861 -1.379465 -0.324332 0.500080 -0.876354 1.015527 -0.369420 0.910332 0.757310 -0.605934 1.093219 -0.206895 -0.903174 0.368669 0.483621 -1.034738 -0.026832 -0.315467 -0.325002 -0.421596 0.634946 -0.059159
95 1.370525 -0.382727 -0.357781 -1.274518 0.843905 -0.143691 0.638529 -1.397338 -0.297592 0.960367 -0.995039 0.177206 0.137709 1.331326 0.577655 0.272123 0.264638 -2.077067 1.061984 1.112643 0.183468 1.141739 0.655216 -0.886886 -0.051446 -2.377450 1.713038 1.756746 1.888304 1.104723 -0.913948 1.067914 -2.837218 -0.032533 -0.850235 -0.734862 1.259069 -0.337121 0.155937 1.350759 -1.229587 0.217714 -0.500653 0.105606 -0.467446 -1.468210 -0.744482 -0.164936 -0.834023 -0.519166
96 1.358794 0.234728 0.486152 -0.827134 -0.165790 -0.336603 1.145829 -0.398524 1.090158 -0.373534 -1.575295 -0.021266 -0.776544 -1.053255 1.151816 0.611064 -1.247681 0.897360 -1.310997 -0.279553 -1.775412 -0.751251 0.126353 -0.213308 -0.084692 -1.462038 1.175022 0.198709 -0.303995 2.734509 -0.038738 -0.762683 0.659511 -0.671315 1.253197 -1.501395 0.896573 -0.063765 0.113933 -0.409153 -1.713140 -0.859465 1.017280 1.230751 0.989698 -0.395285 -0.163287 1.808789 -1.604743 -1.313034
97 0.018474 -1.672256 -1.454844 0.420527 0.495650 -1.726340 1.399754 -1.295069 0.180498 -1.089724 -0.401472 0.282287 -1.014267 0.854191 -0.758062 0.147355 -0.059015 0.295567 -0.937126 -0.121632 0.637899 2.018116 1.547312 -0.329116 0.628053 0.066678 0.602631 0.787840 0.889296 -0.454766 -0.574437 1.081395 1.240071 1.751786 0.321715 -1.502782 0.906197 0.128816 1.158654 0.112106 -1.849742 -0.543650 -1.521895 -0.739248 0.854425 -0.431245 -1.654886 -0.101744 -0.821517 -0.242337
98 0.333637 0.686253 -0.041771 0.174118 0.508985 0.541956 0.497402 -1.859074 1.745127 -0.896677 1.587630 -0.784972 1.362279 1.174596 -1.276509 1.241779 0.421607 0.424390 0.069245 1.087008 0.347011 -0.031230 -1.063484 0.066540 0.831020 0.346308 0.982133 -1.280958 1.867744 -0.302405 -0.911682 1.588599 0.518999 -0.130358 -0.805716 1.560049 -0.419953 -1.067986 0.270392 0.375990 -0.685615 -0.457071 0.054033 -0.301889 1.304839 0.555307 -0.193079 0.066763 -1.670067 0.035954
99 0.256334 0.633160 -0.157764 0.669375 0.888707 -0.448866 0.561445 1.999824 0.975791 -0.134966 0.304597 0.012990 0.250151 -0.673689 -0.571744 0.459238 -0.346353 -0.007120 0.465431 0.115705 0.596467 -1.914876 -1.583447 -1.025987 0.886992 1.214885 0.305740 -0.934738 -0.459305 -1.022636 0.592226 -0.605386 -0.097891 -0.487576 -1.751816 0.805060 -1.363111 1.177809 -0.883328 -0.340676 0.514374 0.673022 -0.641098 -0.563867 -0.182317 0.227965 0.050597 -0.122968 -0.037096 -0.885242
END
#################################################################
SECTION3 (Edges Information)
EndPoint0 EndPoint1 Weight
0 1 1.000000
0 9 1.000000
0 10 1.000000
0 90 1.000000
1 0 1.000000
1 2 1.000000
1 11 1.000000
1 91 1.000000
2 1 1.000000
2 3 1.000000
2 12 1.000000
2 92 1.000000
3 2 1.000000
3 4 1.000000
3 13 1.000000
3 93 1.000000
4 3 1.000000
4 5 1.000000
4 14 1.000000
4 94 1.000000
5 4 1.000000
5 6 1.000000
5 15 1.000000
5 95 1.000000
6 5 1.000000
6 7 1.000000
6 16 1.000000
6 96 1.000000
7 6 1.000000
7 8 1.000000
7 17 1.000000
7 97 1.000000
8 7 1.000000
8 9 1.000000
8 18 1.000000
8 98 1.000000
9 0 1.000000
9 8 1.000000
9 19 1.000000
9 99 1.000000
10 0 1.000000
10 11 1.000000
10 19 1.000000
10 20 1.000000
11 1 1.000000
11 10 1.000000
11 12 1.000000
11 21 1.000000
12 2 1.000000
12 11 1.000000
12 13 1.000000
12 22 1.000000
13 3 1.000000
13 12 1.000000
13 14 1.000000
13 23 1.000000
14 4 1.000000
14 13 1.000000
14 15 1.000000
14 24 1.000000
15 5 1.000000
15 14 1.000000
15 16 1.000000
15 25 1.000000
16 6 1.000000
16 15 1.000000
16 17 1.000000
16 26 1.000000
17 7 1.000000
17 16 1.000000
17 18 1.000000
17 27 1.000000
18 8 1.000000
18 17 1.000000
18 19 1.000000
18 28 1.000000
19 9 1.000000
19 10 1.000000
19 18 1.000000
19 29 1.000000
20 10 1.000000
20 21 1.000000
20 29 1.000000
20 30 1.000000
21 11 1.000000
21 20 1.000000
21 22 1.000000
21 31 1.000000
22 12 1.000000
22 21 1.000000
22 23 1.000000
22 32 1.000000
23 13 1.000000
23 22 1.000000
23 24 1.000000
23 33 1.000000
24 14 1.000000
24 23 1.000000
24 25 1.000000
24 34 1.000000
25 15 1.000000
25 24 1.000000
25 26 1.000000
25 35 1.000000
26 16 1.000000
26 25 1.000000
26 27 1.000000
26 36 1.000000
27 17 1.000000
27 26 1.000000
27 28 1.000000
27 37 1.000000
28 18 1.000000
28 27 1.000000
28 29 1.000000
28 38 1.000000
29 19 1.000000
29 20 1.000000
29 28 1.000000
29 39 1.000000
30 20 1.000000
30 31 1.000000
30 39 1.000000
30 40 1.000000
31 21 1.000000
31 30 1.000000
31 32 1.000000
31 41 1.000000
32 22 1.000000
32 31 1.000000
32 33 1.000000
32 42 1.000000
33 23 1.000000
33 32 1.000000
33 34 1.000000
33 43 1.000000
34 24 1.000000
34 33 1.000000
34 35 1.000000
34 44 1.000000
35 25 1.000000
35 34 1.000000
35 36 1.000000
35 45 1.000000
36 26 1.000000
36 35 1.000000
36 37 1.000000
36 46 1.000000
37 27 1.000000
37 36 1.000000
37 38 1.000000
37 47 1.000000
38 28 1.000000
38 37 1.000000
38 39 1.000000
38 48 1.000000
39 29 1.000000
39 30 1.000000
39 38 1.000000
39 49 1.000000
40 30 1.000000
40 41 1.000000
40 49 1.000000
40 50 1.000000
41 31 1.000000
41 40 1.000000
41 42 1.000000
41 51 1.000000
42 32 1.000000
42 41 1.000000
42 43 1.000000
42 52 1.000000
43 33 1.000000
43 42 1.000000
43 44 1.000000
43 53 1.000000
44 34 1.000000
44 43 1.000000
44 45 1.000000
44 54 1.000000
45 35 1.000000
45 44 1.000000
45 46 1.000000
45 55 1.000000
46 36 1.000000
46 45 1.000000
46 47 1.000000
46 56 1.000000
47 37 1.000000
47 46 1.000000
47 48 1.000000
47 57 1.000000
48 38 1.000000
48 47 1.000000
48 49 1.000000
48 58 1.000000
49 39 1.000000
49 40 1.000000
49 48 1.000000
49 59 1.000000
50 40 1.000000
50 51 1.000000
50 59 1.000000
50 60 1.000000
51 41 1.000000
51 50 1.000000
51 52 1.000000
51 61 1.000000
52 42 1.000000
52 51 1.000000
52 53 1.000000
52 62 1.000000
53 43 1.000000
53 52 1.000000
53 54 1.000000
53 63 1.000000
54 44 1.000000
54 53 1.000000
54 55 1.000000
54 64 1.000000
55 45 1.000000
55 54 1.000000
55 56 1.000000
55 65 1.000000
56 46 1.000000
56 55 1.000000
56 57 1.000000
56 66 1.000000
57 47 1.000000
57 56 1.000000
57 58 1.000000
57 67 1.000000
58 48 1.000000
58 57 1.000000
58 59 1.000000
58 68 1.000000
59 49 1.000000
59 50 1.000000
59 58 1.000000
59 69 1.000000
60 50 1.000000
60 61 1.000000
60 69 1.000000
60 70 1.000000
61 51 1.000000
61 60 1.000000
61 62 1.000000
61 71 1.000000
62 52 1.000000
62 61 1.000000
62 63 1.000000
62 72 1.000000
63 53 1.000000
63 62 1.000000
63 64 1.000000
63 73 1.000000
64 54 1.000000
64 63 1.000000
64 65 1.000000
64 74 1.000000
65 55 1.000000
65 64 1.000000
65 66 1.000000
65 75 1.000000
66 56 1.000000
66 65 1.000000
66 67 1.000000
66 76 1.000000
67 57 1.000000
67 66 1.000000
67 68 1.000000
67 77 1.000000
68 58 1.000000
68 67 1.000000
68 69 1.000000
68 78 1.000000
69 59 1.000000
69 60 1.000000
69 68 1.000000
69 79 1.000000
70 60 1.000000
70 71 1.000000
70 79 1.000000
70 80 1.000000
71 61 1.000000
71 70 1.000000
71 72 1.000000
71 81 1.000000
72 62 1.000000
72 71 1.000000
72 73 1.000000
72 82 1.000000
73 63 1.000000
73 72 1.000000
73 74 1.000000
73 83 1.000000
74 64 1.000000
74 73 1.000000
74 75 1.000000
74 84 1.000000
75 65 1.000000
75 74 1.000000
75 76 1.000000
75 85 1.000000
76 66 1.000000
76 75 1.000000
76 77 1.000000
76 86 1.000000
77 67 1.000000
77 76 1.000000
77 78 1.000000
77 87 1.000000
78 68 1.000000
78 77 1.000000
78 79 1.000000
78 88 1.000000
79 69 1.000000
79 70 1.000000
79 78 1.000000
79 89 1.000000
80 70 1.000000
80 81 1.000000
80 89 1.000000
80 90 1.000000
81 71 1.000000
81 80 1.000000
81 82 1.000000
81 91 1.000000
82 72 1.000000
82 81 1.000000
82 83 1.000000
82 92 1.000000
83 73 1.000000
83 82 1.000000
83 84 1.000000
83 93 1.000000
84 74 1.000000
84 83 1.000000
84 85 1.000000
84 94 1.000000
85 75 1.000000
85 84 1.000000
85 86 1.000000
85 95 1.000000
86 76 1.000000
86 85 1.000000
86 87 1.000000
86 96 1.000000
87 77 1.000000
87 86 1.000000
87 88 1.000000
87 97 1.000000
88 78 1.000000
88 87 1.000000
88 89 1.000000
88 98 1.000000
89 79 1.000000
89 80 1.000000
89 88 1.000000
89 99 1.000000
90 0 1.000000
90 80 1.000000
90 91 1.000000
90 99 1.000000
91 1 1.000000
91 81 1.000000
91 90 1.000000
91 92 1.000000
92 2 1.000000
92 82 1.000000
92 91 1.000000
92 93 1.000000
93 3 1.000000
93 83 1.000000
93 92 1.000000
93 94 1.000000
94 4 1.000000
94 84 1.000000
94 93 1.000000
94 95 1.000000
95 5 1.000000
95 85 1.000000
95 94 1.000000
95 96 1.000000
96 6 1.000000
96 86 1.000000
96 95 1.000000
96 97 1.000000
97 7 1.000000
97 87 1.000000
97 96 1.000000
97 98 1.000000
98 8 1.000000
98 88 1.000000
98 97 1.000000
98 99 1.000000
99 9 1.000000
99 89 1.000000
99 90 1.000000
99 98 1.000000
END
#################################################################
SECTION4 (TrueSubGraph Information)
EndPoint0 EndPoint1 Weight
54 55 1.0
55 56 1.0
56 57 1.0
55 65 1.0
END
#################################################################
SECTION5 (Labels Information)
1 1 0 1 1 0 0 1 1 0 1 1 0 1 1 0 0 1 1 1 0 1 1 0 1 1 0 0 1 0 1 0 1 1 0 1 1 0 0 0 0 0 0 1 1 1 1 1 1 1 
END
#################################################################
SECTION6 (bt Information)
5 5 -5 5 5 -5 -5 5 5 -5 5 5 -5 5 5 -5 -5 5 5 5 -5 5 5 -5 5 5 -5 -5 5 -5 5 -5 5 5 -5 5 5 -5 -5 -5 -5 -5 -5 5 5 5 5 5 5 5 
END
#################################################################
