#################################################################
#APDM Input Graph, this input graph includes 3 sections:
#section1 : general information
#section2 : nodes
#section3 : edges
#section4 : trueSubGraph (Optional)
#
#if nodes haven't information set weight to null
#################################################################
SECTION1 (General Information)
numNodes = 100
numEdges = 200
usedAlgorithm = NULL
dataSource = SimulationData2
END
#################################################################
SECTION2 (Nodes Information)
NodeID Base Counts
0 0.161936 0.513803 0.914341 -0.535152 1.410463 -0.826536 -1.319934 1.006006 0.665379 -0.229292 -1.348288 0.705926 0.898864 0.962802 -0.999785 -0.785919 0.313409 -1.184782 -0.751207 0.373539 0.851316 0.469400 0.789114 0.921738 0.244614 -0.230549 -1.368842 -0.869650 -1.019709 0.307246 -0.679048 0.803681 -0.522446 2.382509 -1.595174 0.392574 0.554115 1.215274 -0.445999 -1.408448 0.061868 1.548931 2.150945 -1.639014 0.096033 0.246387 -0.365163 0.898248 -1.003238 0.009368
1 0.847276 0.687394 0.173322 -0.251303 -0.159435 0.404177 0.542709 2.645401 -0.896836 -0.064495 0.861403 -0.817337 -0.179424 0.993758 1.194009 1.266380 -0.697728 0.949700 -1.132823 0.099817 0.093775 0.988054 -0.771560 0.355427 -0.157694 -1.261344 0.317706 -1.508783 -0.220933 0.156599 -0.647304 0.819961 -0.949299 1.291184 -1.092001 1.157521 0.423970 1.165277 -0.825174 -0.583669 2.851568 1.673370 0.535345 0.762301 -0.201233 -0.498765 0.433996 -0.517237 1.364802 -2.770074
2 -1.442791 -0.227460 0.935359 1.856744 -1.387880 -0.795041 -0.212115 -1.366802 -0.678845 2.038171 -1.067563 -0.423710 0.247116 0.395617 1.158509 -0.749741 1.411814 0.508538 -0.083291 -0.815703 -1.284855 0.905752 0.581834 -0.973155 -0.801224 0.793930 -0.480829 0.094014 -0.605748 -0.228868 -1.853591 0.525479 0.368256 -0.775398 0.883343 -0.962601 -0.052678 0.577633 0.490463 0.078566 0.591168 1.171230 0.244974 -1.216042 0.455417 0.232932 0.775638 1.924676 -0.177714 -0.791120
3 -0.364716 -0.444846 0.227303 0.123188 0.737399 -0.770557 -0.244666 0.273953 -0.200456 -1.377247 -0.188330 -2.133150 0.110522 -0.123169 -0.085219 -0.093366 -1.503348 0.753857 -1.288116 0.641374 1.545134 2.480884 -1.452027 0.728764 0.496701 -0.364003 0.581872 0.037970 2.368878 -0.138307 0.527174 0.501161 -0.926086 -0.562741 0.010059 -1.041030 -0.198023 2.159807 -0.511396 1.225996 0.764186 0.391298 -0.598829 0.370640 -0.976112 1.806002 1.577973 1.120133 -0.675957 0.024120
4 0.664776 -1.149892 2.084744 -0.484848 1.608378 -1.811851 -0.448416 -0.485697 -1.642572 -1.182377 -0.011280 0.060427 -0.954031 -0.850254 -0.689900 -0.317466 -0.015292 0.047291 1.784072 -0.484527 -0.452053 0.820988 0.698073 -1.334240 2.472016 -0.408791 1.492248 1.541959 0.199056 -2.575801 -0.083484 0.574483 -0.724271 -0.680647 0.570437 -0.326046 -0.678432 0.220025 0.345062 1.051937 -1.383084 0.340498 -1.293868 -1.205847 0.604025 -0.658329 -0.602544 0.097805 -1.060950 -1.566661
5 0.337881 0.667977 0.127355 -1.088799 -0.509302 -0.409637 0.804317 -0.626662 1.830016 -1.634370 -0.829717 0.272602 0.986401 0.484917 1.124584 1.169116 -0.711730 0.391327 1.308663 0.083980 1.073514 0.749085 1.089657 -0.183798 -0.411990 -0.887066 0.226327 1.836254 1.382063 -1.196346 -1.112495 0.130099 0.592918 -0.551820 0.831938 -2.177273 0.304838 -0.353877 1.491463 -1.464206 2.234366 0.332931 -2.207925 -0.367994 0.425730 0.714931 -0.652474 0.510446 -1.036211 0.049497
6 -1.415278 -0.569422 -0.138219 -0.961871 0.302008 -0.088658 1.191142 -0.542935 -1.194101 -0.171038 0.191709 1.737963 1.424213 -2.225434 1.239636 0.267357 -0.722471 1.276276 0.237355 0.245398 0.795533 -0.852221 0.292846 0.480319 -1.126166 1.160785 1.535580 0.412231 -0.732576 -2.159311 1.446303 0.682338 0.939221 -0.376315 -0.138367 1.549948 1.994218 -0.185757 -1.355272 0.635631 1.247008 -0.953499 -0.861303 0.881372 0.221988 -0.754355 0.668240 -0.185909 -0.317974 -0.580811
7 0.800986 -0.321999 -0.650113 1.853830 0.689615 0.724823 -2.035809 2.171388 -0.313574 1.236854 -2.046699 0.096033 0.443245 0.106735 0.013196 -0.164002 1.229803 1.279169 -0.209431 -0.232852 -0.031017 1.064937 0.219627 -0.010236 -0.145339 -0.010614 -0.858212 1.405839 0.964935 -0.375014 -0.608757 0.636556 0.154648 0.202482 2.247794 0.354720 -0.635683 0.549423 -0.497524 2.386097 -1.471811 -1.055966 -0.205742 0.081691 -0.173930 -1.159002 1.311938 -0.084549 -0.475029 0.484777
8 5.428854 4.537360 3.794774 3.626911 4.127246 4.399888 6.007052 4.361482 2.994113 4.959716 4.686764 4.112789 5.370464 2.783096 4.652473 2.696441 4.176541 3.703990 5.957572 5.517911 4.981264 4.791021 4.448491 6.257355 5.218881 7.289889 4.779853 4.370063 5.638223 6.069664 4.587048 5.235915 4.730659 6.291935 4.188476 5.234161 3.144408 4.187632 2.793400 4.991956 6.659069 6.461511 5.804351 5.185500 4.189388 4.976268 4.872110 5.971709 3.538457 5.247594
9 5.578846 6.085112 4.244969 4.220429 5.570021 4.755991 4.642382 5.882681 4.353784 6.964668 5.438728 5.902979 6.613647 3.829904 5.022058 5.227965 4.150175 3.962610 4.471342 3.681778 4.547688 6.326116 5.347034 4.209519 5.513265 5.172769 6.977009 5.551909 6.714349 6.243516 6.235285 7.331296 5.238132 4.538641 4.838543 6.258850 5.925565 6.795211 7.431481 4.654892 5.041212 5.561855 4.437469 4.663978 4.199717 4.360600 4.122652 5.722123 5.123281 5.306399
10 0.484255 0.893620 -0.063903 -1.681865 -0.287471 1.336809 0.536647 0.165624 1.020376 -0.489087 -1.492758 1.308596 -0.812448 0.169401 0.304905 -0.359290 1.689158 -0.127648 0.518865 2.193168 0.364094 1.114661 1.788389 -0.125546 -0.410865 -0.046483 2.011549 -0.043977 0.020080 -0.184898 -0.325444 0.427596 -0.346670 -0.701651 0.607148 -0.206675 0.733399 -0.640883 0.565808 -0.370136 0.405949 -0.676615 -0.927280 0.204376 -1.008169 -0.836493 0.257943 -0.041369 0.371149 0.623839
11 0.614696 -0.903425 -0.607011 0.969265 -1.641691 -1.237282 -0.074123 1.288921 1.045710 1.027058 0.894556 -1.441148 -0.544171 0.384597 0.494375 1.032750 -0.162443 -0.150724 -0.335744 0.414355 0.207032 0.139390 0.511898 0.450104 0.548997 -0.451030 -0.731484 0.068293 -1.083700 -1.549871 0.964670 0.332633 -1.353525 -2.165855 0.470786 -0.743529 -0.499538 0.950601 -0.266540 0.090017 -1.088092 -1.120025 0.758830 -0.098923 0.308312 0.160692 0.658532 2.393738 -0.572478 0.333209
12 -0.693027 0.150516 1.410452 -0.251739 1.042630 -1.023726 -0.118487 2.150001 -1.206836 -0.039853 1.069460 -1.757002 0.771533 1.012244 0.331474 -0.835898 -0.163860 -0.284873 0.261030 -0.571991 0.688135 -0.430574 0.216217 -1.587693 2.009960 0.642815 1.782998 0.542421 -0.500888 1.064732 -1.069104 -1.095052 2.075979 0.422387 0.358929 0.199004 0.425019 -0.978603 0.214472 0.381011 0.830948 0.937846 -0.528276 -0.409527 -2.548589 1.094930 0.133949 0.962218 -1.369244 -0.108228
13 0.107011 1.458377 0.126235 -0.091415 -1.289298 -1.295247 -1.092140 1.193676 0.337479 0.625043 0.270145 -1.006412 0.148966 -0.211330 -1.269056 -0.634438 -0.181270 -0.733878 -1.357220 -1.082708 -1.229738 0.135445 -1.183101 0.956333 1.658669 -1.326579 1.645510 2.112933 2.510013 0.761278 0.945101 0.184472 0.398902 -1.521967 0.303657 0.978709 -0.026273 0.153327 0.708218 -0.138998 0.482708 -1.830021 0.913137 -1.341069 2.773144 -0.661255 0.267973 0.369465 -1.856348 0.317548
14 -2.273519 0.395681 -0.538297 0.291799 0.211178 -1.211572 -0.285325 0.898443 1.050868 -0.800391 1.373005 0.607162 -1.164872 -0.401180 0.214383 -1.596796 1.046473 1.296665 1.405224 0.249703 0.268712 -0.618334 -1.617602 -1.126530 0.669776 -0.353414 -2.622780 0.186734 1.131132 -0.500509 1.634572 0.687360 -0.014946 0.023673 -0.361070 -1.152520 -0.365510 0.680824 -1.626983 0.893826 0.469999 0.369680 0.981620 -0.244399 -0.172846 -0.854739 0.079073 1.080785 -0.012837 -0.815039
15 -0.402424 -0.956150 -0.760916 0.130692 0.994897 -1.694668 0.040023 0.693611 1.136952 -0.152415 0.293154 0.864474 0.108482 -0.879189 0.726510 0.690088 -1.362446 -0.894522 0.231735 -0.130159 -0.409859 -0.551680 -0.425175 -1.394496 0.153547 -0.536969 2.874481 -0.129187 0.382345 1.347555 -0.889711 0.261046 1.980574 -1.226879 -0.067148 0.024285 -0.315245 -0.073265 0.752724 -1.928593 -0.200744 -0.409551 -0.677328 0.490810 -0.146173 0.836937 0.407524 0.058886 -0.724728 0.212362
16 5.359103 6.423743 5.285715 6.482787 5.346199 3.875609 5.085125 6.157012 5.058943 6.389809 6.300432 6.483686 5.251648 4.878711 5.059307 5.527923 5.997380 3.318901 3.725034 5.526940 4.877539 5.413992 6.694899 5.387033 3.598644 4.581079 4.759745 5.635915 5.306180 7.074238 4.829828 4.925143 4.842194 3.681654 5.065769 5.406346 3.289400 5.732431 5.444987 3.835569 4.797745 4.084403 5.812236 3.921292 4.210900 5.702247 6.070842 5.362401 5.025746 6.127109
17 5.959905 5.354427 4.299243 5.205375 4.830677 4.550225 6.506219 5.923933 6.360851 5.048673 4.439689 5.937408 7.103986 3.174073 5.537266 4.617717 4.161004 4.687698 6.010929 2.366897 6.299381 4.873543 3.848661 3.641024 4.341162 5.566225 5.780113 5.485792 6.166347 5.618098 4.373851 5.547549 4.784823 5.864548 7.137872 4.848391 5.452369 4.483750 5.454327 4.694978 6.217415 6.025460 5.513501 5.130639 6.479117 4.559884 6.377470 7.496074 5.257603 3.827330
18 3.265586 5.522595 6.740947 3.179707 3.450073 4.997740 5.437904 7.782818 3.094218 5.997609 6.507746 6.235399 6.489795 8.017565 5.237114 3.319401 5.428109 5.149360 4.560145 4.870033 5.715782 5.505553 4.720310 5.999131 4.982053 4.955501 5.385148 4.429577 5.178300 4.080220 5.491308 4.677206 6.743721 6.499072 4.843039 5.162713 2.903935 5.157035 5.116615 5.286955 3.543820 5.047283 3.016094 3.717987 4.973093 5.769891 5.831584 4.916777 4.525870 4.146685
19 5.900615 4.979880 7.762963 5.469524 5.506846 5.076900 5.158767 4.665780 5.245287 4.297071 6.191227 4.895687 5.376311 4.669598 5.248877 5.817113 4.952607 3.559738 7.251255 4.509676 5.203195 8.017741 5.396714 4.934117 4.449173 4.809305 4.792483 6.516334 3.780629 6.365306 4.900927 4.333611 4.984313 3.412750 5.741677 5.496604 4.742680 2.928401 4.949936 2.571251 5.404395 5.298239 4.334060 4.104157 4.302856 4.849883 5.078489 6.091914 3.287083 5.065802
20 0.177016 -0.549712 -1.092763 -0.503092 2.185586 2.792487 0.006110 0.725550 3.418227 0.161490 0.298797 0.340577 1.389272 0.787832 -0.773210 -0.284426 0.088603 -0.635199 -0.072236 0.396048 1.216449 -1.219015 0.681677 -1.238233 1.148184 -0.007849 -0.735068 -0.848719 0.465882 -1.224922 -0.143535 -0.693472 1.254633 0.943405 1.042585 -0.389395 -0.980170 -0.179541 -0.538671 1.841017 -1.367643 -0.097598 0.035981 0.243543 -0.426651 1.122578 -1.703193 -2.076881 -0.224106 -0.236439
21 -2.601704 -0.076119 -0.971373 -0.247615 -0.720715 -0.604454 0.906932 0.570218 -0.637901 2.195999 0.986386 -0.265975 0.512569 1.617112 0.481469 0.675134 1.400584 0.668875 0.246016 1.707270 -0.724911 1.776086 -0.340902 0.119541 1.430284 -0.139827 -1.158836 -0.597467 1.050310 -0.999908 0.978936 1.879946 1.020834 -0.067259 0.067145 -1.089725 -0.327706 -0.238647 0.776519 0.880254 -0.807103 0.139215 -0.478830 -0.785291 -0.026295 1.296383 -0.146723 0.137980 0.387277 0.108083
22 -0.312964 0.339761 0.811425 1.102695 -1.979027 1.390042 0.431147 3.487736 -0.358047 1.630773 -0.962828 0.012396 -1.257088 -0.944434 -0.850799 -0.019610 -1.032194 0.355250 0.251162 0.679203 0.098097 -0.775093 0.117557 -0.550160 0.535302 -0.609097 2.091667 -1.178653 -0.259920 -0.100720 -0.916471 0.278171 0.983309 -1.224587 0.806836 -0.497986 -1.890851 -1.275970 0.244076 0.026896 -0.874965 -0.631922 -0.008204 0.638732 1.607861 0.812596 -0.083919 1.423317 0.264588 0.060781
23 -0.360614 0.180863 1.754404 -1.207826 -1.001803 1.805050 0.871029 -1.515218 -0.398473 0.174846 0.859561 -1.439324 -0.435511 0.941245 2.272385 1.365133 0.990308 1.351660 0.525466 -0.239850 0.690149 -0.610205 -0.049982 2.029826 0.681584 0.074644 0.111091 -0.132053 -1.137106 -0.853953 -1.665567 0.439875 1.701601 -0.023838 -1.409505 -1.149200 -0.128270 0.024734 -1.676986 -0.747043 1.497502 -0.539438 -0.508143 -2.193132 -0.822347 1.723915 -2.400791 -1.924191 0.509513 1.019101
24 -0.534518 -0.510034 -0.824587 0.426111 1.497232 1.214510 -1.525420 1.229305 -0.062902 0.234206 -1.795779 -0.678918 -0.227946 -0.624383 -0.666440 -0.979868 -0.279159 -0.279544 -0.925963 0.927802 -0.016904 -0.341115 -1.055726 0.347912 -0.644555 1.461022 0.993280 1.526594 0.793729 -0.374340 -1.498433 -0.878682 0.509414 1.337314 0.490301 -0.138512 -0.544154 -1.701578 1.098399 -1.833419 0.435464 -1.076514 0.328857 1.132712 0.665301 -0.992652 0.688148 -1.760613 0.426328 0.093890
25 0.629349 -0.055028 0.098968 -1.409317 0.115583 -0.189646 1.716721 0.364023 0.356100 0.044386 1.295079 -0.658230 1.099056 -1.986924 -1.084126 0.842230 -1.516319 0.079485 0.693161 -0.746020 -0.386326 -1.431636 -0.803596 -0.103491 1.065155 1.324567 -0.180905 -0.202171 1.437965 -0.052432 -0.889464 0.159570 -0.299842 -0.272835 1.265580 -0.033171 -0.317243 -1.337580 1.221323 -0.173691 1.029542 -1.267087 0.036626 0.175051 -0.542976 -0.175902 -0.930026 0.947953 -1.077196 0.970370
26 -0.808621 -0.375873 0.504917 0.310710 1.449632 0.437479 -0.978137 0.402580 -0.880131 0.356319 1.434354 -0.112907 -1.542827 -0.502681 1.084595 -1.208693 0.442545 0.924161 1.667305 -0.749690 0.370461 1.703525 0.104253 -0.483574 0.328577 -1.148112 -0.152762 -3.362781 1.162803 -0.709778 -1.285713 -1.168033 0.174811 -1.412673 0.096236 -0.413913 0.611920 -0.520355 0.896806 1.697019 0.751915 1.368058 -0.320694 2.255474 0.713981 -1.171334 1.099107 1.514490 -0.274094 -0.142287
27 5.312239 3.620794 3.754879 5.407348 4.590542 5.675055 4.386111 5.366189 4.248016 5.746387 2.874166 5.455606 4.050395 6.237701 6.112999 5.451153 4.367636 6.894322 5.178379 4.154716 3.331037 5.842524 4.750762 6.316505 5.058875 6.903462 6.554052 4.008123 4.631193 6.774029 5.992363 5.157474 4.603967 4.255899 4.346444 6.463950 5.635197 5.175912 5.087193 4.884608 6.052635 5.479915 4.750358 4.628895 5.296822 4.464263 3.695544 3.434848 4.341466 4.577750
28 5.879054 4.654358 4.885291 6.606434 5.128443 3.078353 5.816474 4.831688 5.127986 6.325548 5.098918 5.962442 4.281217 4.370566 2.364796 4.377523 5.245085 4.367658 5.162472 6.035938 5.990565 4.063186 6.338279 5.608897 5.050671 4.705208 4.254271 5.004584 4.268878 6.366935 4.253370 4.228017 5.727986 4.048513 4.442632 5.076163 5.262939 5.111002 5.042498 4.560125 5.019987 4.637445 5.295413 4.433846 5.595661 4.079415 5.365080 5.669250 4.831447 4.631635
29 5.277909 6.179275 4.798688 4.814064 5.589800 4.284106 5.592281 6.174739 6.497129 6.291115 4.871195 7.201236 6.757409 6.978912 5.412304 4.982640 4.651004 5.690064 5.174005 4.834293 4.802555 5.104401 4.771892 5.383987 5.640586 5.091613 6.210789 3.804181 5.246357 4.316340 4.085257 3.676587 3.619158 5.238192 5.254988 6.820120 5.736475 5.834831 5.396773 6.376422 4.988904 3.587133 5.929033 6.969339 3.860304 3.477610 5.701453 4.137673 3.700056 4.705145
30 0.767506 -0.755520 -1.154874 -0.085809 -1.364515 -0.115232 1.017627 -2.068496 1.258555 -0.298274 0.076595 -0.931507 -1.046212 0.301302 0.240587 -0.300301 0.408249 -0.289376 -0.760812 -1.272367 -0.070002 -0.296344 0.500036 -0.660054 -0.819777 -0.461474 0.878946 0.909199 0.862376 1.489605 -0.801875 -0.517244 0.136338 0.893573 -1.827035 -1.025788 -0.762963 -0.584151 -0.327326 -0.324582 -0.559710 1.913274 -0.358173 0.724531 -0.308263 0.017447 -0.218635 -0.345820 0.107935 0.946945
31 -2.552928 -0.428453 0.086909 1.417470 0.171768 1.396350 -1.574123 -0.675079 -0.233112 0.345732 0.472113 -0.503960 0.936529 -1.298045 -0.695878 -0.990383 -1.497343 -0.296714 -0.611271 1.156643 0.566630 -0.849479 -0.038736 1.102163 -0.151399 -1.584396 -0.914553 0.717191 -1.498470 -1.128881 -1.095357 0.185585 -0.222908 -1.046261 -0.530296 0.519553 -0.976765 0.170909 0.617739 1.582310 -0.818772 0.567938 -0.170048 0.298178 0.212921 1.584677 0.507091 -0.273418 -1.084288 -0.242198
32 0.192167 1.912821 1.378974 3.002672 0.047736 -0.656294 -0.014440 0.236930 0.975624 -0.216972 -2.648849 -0.397817 -1.460920 1.652990 -0.861575 0.188616 0.265999 0.204988 -0.997217 1.114144 -0.988229 0.498453 0.602829 0.837989 1.391626 -1.726142 1.581887 0.191040 -0.458236 0.014117 1.172694 -1.385359 1.735315 0.536219 0.786574 0.866561 -0.687727 0.248508 0.540048 -0.101251 -0.185227 0.461144 2.040318 0.173148 2.106092 0.639493 -0.965216 -0.895957 1.697198 -0.480688
33 -0.266714 0.244711 -1.188886 -0.012967 0.167353 -2.454276 -0.491968 -1.396522 -1.023399 -1.954534 0.527453 0.775923 0.635337 -0.222639 0.488580 -0.465012 0.455345 -0.579239 -0.888260 -0.056202 -0.285412 -0.812735 -0.148012 -0.901395 -0.576708 -0.189580 -2.375627 0.461499 0.421598 1.478491 -1.517182 -0.036114 0.593306 0.350669 -1.481315 1.006236 -1.457513 -0.555456 0.012155 -0.821419 1.134549 -1.202455 0.985479 -1.053523 -0.280505 0.706792 0.671203 0.372972 -0.410181 1.316886
34 0.661950 -0.052465 0.459661 -0.885924 -0.193432 0.271725 2.623097 0.022475 0.325865 -0.640812 3.823422 1.115639 -0.107219 -0.668442 -0.251125 0.743627 -0.445234 1.241358 -0.209833 -0.570028 -0.661715 -0.277071 -1.130953 0.455342 0.039073 -1.663719 1.273238 0.064812 -1.134964 0.385535 0.680193 0.289700 0.923318 -1.186836 -0.348363 0.379668 -1.403567 0.252729 0.707314 -0.139155 -1.976485 0.352538 0.361518 -1.865287 -0.628444 -0.216127 0.972713 1.562358 -0.284274 0.076077
35 0.511423 -0.799171 -0.544925 -0.100339 2.318995 -0.709837 -0.350191 1.133451 1.632062 -0.983478 -1.857110 0.530066 0.445165 0.065718 -0.616011 -0.797330 0.548309 1.474147 0.909189 0.858636 1.267355 -0.679548 -2.121583 -1.036035 0.130316 -0.026269 1.257964 0.534749 1.193295 -1.556186 0.342775 -1.544243 1.929052 0.084967 0.966253 -0.987170 0.750960 1.529735 -0.223668 -0.220987 1.520552 0.170235 2.125217 0.374795 0.682250 1.288260 0.138590 -0.162460 -0.866566 0.812065
36 1.499101 0.516133 -0.151148 -0.861419 1.921808 -0.283051 0.755595 0.239139 -1.099959 1.422901 0.425674 0.742087 1.056782 0.690043 0.378811 -1.650047 0.076393 0.898417 0.118530 0.209942 0.363550 -0.615648 -0.241934 0.135576 1.187074 0.827606 1.349559 -1.651373 0.727536 -1.114406 -3.043175 -0.853462 0.662684 0.179910 1.002534 -2.485294 -0.117861 0.204486 0.047925 0.393501 -0.274637 -0.115731 0.249171 -0.960159 2.059747 0.415008 0.290965 0.306794 -0.705283 1.892986
37 -0.797914 0.091452 0.889631 -0.603369 -0.541232 -0.388851 0.768378 -0.809739 0.599288 -0.701340 1.391165 0.378828 -0.822560 -0.499119 -1.199213 -0.571712 0.959758 -0.127807 0.739074 0.479051 -0.331023 -0.472881 0.298823 -0.466146 0.193572 0.290732 -0.044710 0.025555 -1.149771 -0.791260 -0.114043 -1.073872 -0.703930 -1.034981 -1.096002 0.465554 -0.430452 0.840302 0.259495 -0.988570 -0.080463 0.720352 1.033095 0.305651 1.325062 -0.129603 1.940896 -0.316761 -0.558867 -2.127066
38 -1.058074 1.155095 -0.101162 -0.443809 2.297804 0.362457 -0.296837 -0.527935 2.284530 0.667037 -1.357796 -0.529437 1.070550 0.206447 1.740340 -0.314325 -0.062712 0.051136 0.954805 -0.430382 1.849023 -0.431484 1.839513 -0.312443 -0.906889 0.995364 0.230261 -0.306805 -0.370729 -0.573859 0.449528 -0.554074 -0.852653 0.655249 0.629269 -0.310414 0.323416 -0.057304 -0.359282 1.644642 0.349924 0.720757 0.779839 -0.659869 -0.299522 -0.563085 0.805422 -0.295936 -1.108780 -0.361866
39 6.699236 5.340004 5.735459 7.281277 2.015377 5.169081 4.877359 3.668386 2.806937 5.011975 4.548384 4.331616 5.501633 8.053787 5.113174 4.993802 3.929794 5.072568 4.338235 4.724638 4.343744 2.627667 5.811278 3.752559 5.346974 5.936135 3.890541 5.288412 5.426078 4.008312 5.989832 5.407501 6.165510 5.034126 5.295423 6.804940 6.223205 4.610981 3.181364 6.716435 5.330514 4.216576 5.683377 6.050968 6.180764 4.509111 4.009840 4.577249 4.717985 5.469263
40 -0.945162 -2.284335 -0.655653 0.632715 -0.782877 -0.145993 1.863941 0.478793 -1.786826 -1.182533 0.117770 -0.463178 0.351708 -1.612317 -0.759002 -1.378650 0.258746 -0.824026 -0.155005 1.940029 0.024437 1.006311 -0.507163 -0.371044 -1.349981 -0.121754 -0.469852 -0.585180 -0.495649 1.455716 -1.173353 1.600545 -1.988621 0.827555 -0.448182 0.413244 0.011816 -0.022414 1.182950 0.253853 0.032549 0.767849 -1.260152 0.540864 1.281710 -1.159603 1.655557 -0.699661 -1.849948 0.019571
41 0.012760 -1.087974 0.337828 0.103718 -0.777691 1.402032 -0.085460 -1.993649 0.156712 1.721030 0.540266 0.574400 -0.244173 0.238229 -1.114905 0.985138 -2.392442 0.468348 1.205496 0.547301 0.144442 -0.353321 -1.156671 -2.025622 -0.170954 -0.627481 0.335820 -0.341409 0.028198 0.452418 -1.110633 -0.912554 -0.149241 2.115233 -0.788728 -1.331703 -0.171962 -0.553409 0.232312 -0.069412 0.209499 1.341129 1.483975 0.698267 1.629225 1.065781 0.874747 -0.723826 -0.716117 0.716270
42 1.028088 0.109115 -1.092171 0.073167 0.593758 2.083338 -0.071060 -0.625135 0.357364 1.460838 -0.158967 0.371187 1.381512 -0.260941 0.246815 1.428093 0.803973 -0.762888 -0.469964 0.667242 -1.167837 -1.645706 -0.325952 -1.294038 1.191338 2.293841 0.914612 1.088346 1.463341 1.126527 -1.420773 -0.617593 0.899815 -0.444902 -0.030149 0.856390 1.195286 -0.005340 -1.219334 0.106681 -0.808513 -1.647287 -1.205661 -0.135675 -1.087911 -1.960877 1.202059 0.824439 0.554454 -1.045233
43 -0.408198 2.927007 0.422591 -0.342257 0.650498 1.440096 2.952393 0.841517 -1.452878 -0.247366 0.129428 -0.445859 -1.194765 -0.413397 0.554779 -1.206138 -0.577148 0.042184 -0.122761 0.708439 1.304005 -0.505195 -1.301361 0.305236 -0.701756 0.199475 -1.343391 0.065028 0.366492 -2.379362 0.923317 -0.753365 1.946364 0.184154 -1.611454 -0.384309 0.437077 -1.064354 -1.082379 1.110474 -0.293591 0.287669 -1.449705 -0.974507 -0.140113 -0.051553 -1.004577 -0.751491 0.907495 -0.832902
44 1.303595 -0.817173 -0.955525 1.883703 -0.931343 -0.589500 0.196016 0.128726 -0.320594 -1.354288 1.006358 -1.245665 -0.309593 -0.920369 -0.829325 -2.101766 0.704184 0.809770 0.667935 1.666974 0.912357 -0.497391 0.272436 0.545652 1.137678 0.319427 -2.244033 -1.929409 1.165990 -1.498031 -0.095348 1.327392 0.976960 0.375952 1.332423 -1.193928 1.763596 0.843921 0.067293 1.484140 0.642708 -0.158890 -1.898295 -0.363000 -1.723708 0.740415 -2.130465 1.359349 0.539852 0.886912
45 0.868492 1.121074 1.017272 0.097187 0.312601 -1.598815 1.007861 2.639389 -1.546904 1.083990 0.338846 0.535755 1.180358 0.141263 2.103648 0.970215 0.688117 -1.653548 -1.437876 1.469020 0.098264 -0.305911 0.528335 1.829995 0.637456 -0.169451 0.184140 -1.349827 -0.926170 0.724611 0.362682 1.022525 1.084079 0.343825 0.933872 -0.752258 0.990328 -0.628745 -0.311897 -0.558634 -0.639398 -1.080326 0.868774 -0.599409 -0.225161 -0.048210 -0.537028 -0.545259 0.301053 -0.888240
46 1.072380 2.096973 0.755358 0.104686 -0.515746 -0.689293 -0.212458 0.201662 -1.171692 1.603296 0.434398 1.277616 -0.189792 -0.903822 -1.334583 -1.082443 -2.351914 0.736200 0.490337 2.055478 1.475721 0.043073 -0.379442 -0.859530 -1.409783 0.698844 -1.292395 -0.935808 0.738523 -1.597404 0.226178 0.420360 -0.060411 0.532398 -1.285502 -1.540882 -1.918682 -1.723976 -0.026029 -0.093288 1.028871 -0.621843 1.473640 -1.889345 -0.111457 1.409907 0.555810 -0.082977 -0.212856 -0.118271
47 -0.272700 0.599816 0.442085 0.571154 0.495820 0.039412 1.011498 -0.770234 -0.420105 1.214754 -3.011431 1.365812 0.948632 0.365671 0.015665 0.420662 -0.551468 -0.771619 0.147927 -1.202429 1.281699 -0.851213 0.300076 1.131278 -0.163738 0.394569 -0.772254 0.716245 -1.319606 -0.347755 -0.085033 -1.195910 0.140354 -1.408550 -0.810759 2.272116 -1.716432 -0.627317 -0.157870 -1.245543 0.000544 1.419142 0.735238 -0.182910 -1.225119 1.345758 -0.037186 0.696708 1.539260 0.273879
48 -1.730848 0.781706 -0.144115 -0.360786 0.681583 0.972864 0.639015 -2.189192 1.189448 0.148112 0.868339 -0.036265 -1.202877 1.155905 0.882957 1.313201 1.259493 0.472664 -0.516899 -0.266254 -1.160526 1.554979 0.907687 -1.907185 -1.108395 1.270923 -1.731862 -1.317123 0.271357 1.309701 0.461775 -0.386400 -0.812098 0.780232 0.080790 1.505338 0.042373 0.198807 0.109163 0.941671 0.427579 0.021114 -0.804361 -0.213901 0.377312 1.634868 0.979685 -1.465698 0.440455 1.046535
49 -1.170056 -2.146705 1.720005 -0.878158 0.236129 -0.404198 -0.835364 -0.897647 -0.354093 0.044210 0.814841 -1.431404 -0.289443 -1.193542 -0.419323 -0.800806 -0.503438 -0.507543 1.876894 -0.007920 2.472267 -0.453005 2.495362 -1.467314 1.069043 0.845530 1.280330 0.319747 -0.173340 -1.061314 1.183544 -0.608318 -0.204248 -0.907342 -0.671642 -1.600911 -1.234449 3.561227 -1.114708 0.044311 -0.172901 0.319670 -0.474380 -1.102426 0.314920 -0.171044 -0.066168 -1.657278 0.140861 -0.179758
50 0.257344 -0.062528 -1.051049 1.217555 0.266057 1.162521 0.101290 1.376713 -0.347206 0.611290 0.245871 -1.272011 -1.145273 -0.988586 1.423053 1.385014 0.401140 0.530815 -0.378366 -0.279888 -0.537544 2.273462 -1.244617 -1.411247 0.043630 0.542023 0.075940 -0.202223 2.002770 1.314923 0.498808 0.713825 0.922926 0.015230 -0.666380 -0.266655 0.982946 1.673528 0.031275 0.161683 -0.217224 -0.185093 1.070643 0.185743 0.221148 1.267664 -0.270072 -0.429852 0.266488 -0.390678
51 -2.660015 0.252937 -0.431581 -0.635001 1.156936 1.687854 -0.524232 -0.565799 1.285636 0.505135 1.534835 -0.963761 -0.910733 1.771208 0.831454 -0.501180 -1.091695 -0.711282 -0.877348 -1.296946 -0.068253 1.025810 -0.557892 0.978488 -0.791316 -0.792133 -1.213629 -0.845687 -1.566641 0.152169 0.419287 0.302346 0.579116 1.895975 0.804527 -0.230219 1.101150 -2.531401 -0.534408 -0.152232 -0.335001 -0.430053 -0.115277 -0.235492 -0.635232 -0.942024 0.380308 1.116653 0.069754 -0.712064
52 0.405006 -0.879763 0.299248 0.170063 0.297572 -0.782249 -0.365871 0.779562 -0.354774 -0.380335 -0.652342 -0.187234 -0.190768 1.566173 0.018227 1.042066 -0.196307 1.392016 0.245140 -1.059681 0.378803 0.420213 1.048489 -0.602804 -1.361280 -0.846043 -1.136274 1.710202 0.075953 1.002809 -0.217251 -0.665244 1.763841 -1.123541 0.313610 0.358699 -1.645625 -1.043481 1.072096 -0.010042 1.536774 0.865039 -0.392913 0.555950 0.317301 0.270467 -0.579754 1.386996 0.623278 -0.108650
53 -1.154628 0.702527 0.189542 1.472469 -0.298497 1.094931 -0.774795 0.324228 0.167993 -0.367428 0.084838 0.610225 -1.678207 1.162121 -0.240883 -1.124858 0.079159 -0.559903 0.241512 0.909042 -1.112225 1.036548 -0.295597 0.853464 -0.393769 -0.511403 -0.568624 -1.593774 -0.112521 -0.002342 1.015332 1.292165 0.991025 0.546200 -0.011077 -0.262701 -0.119480 0.697939 -0.832173 1.922126 -0.447341 0.196877 0.688317 -0.052069 1.367256 2.166599 1.155813 0.342788 -2.415922 -0.328649
54 0.305381 -2.081819 0.142923 -0.868144 0.702689 -1.467618 1.480112 1.940251 -0.430547 -0.460909 0.150194 0.846371 1.165906 -0.371333 -0.278207 -0.495237 0.993200 1.488024 -1.056761 -1.373949 -0.059288 -0.604804 -0.190273 1.126192 -2.199496 -0.340510 0.038472 -1.493474 -0.473761 -0.652639 -1.079826 1.332499 1.376620 0.140504 0.101263 -1.746653 -0.561506 -0.839939 -1.035712 -1.218762 0.718019 0.381973 0.240406 -0.774136 0.106241 -0.615100 -0.127426 -2.876344 0.833670 0.244993
55 -0.288215 -0.179793 0.017483 -2.571603 0.831422 0.799709 -0.990250 -0.055712 -1.152913 -0.291087 -1.229411 -0.004266 -0.284886 -1.021788 -0.696785 -0.112415 -0.504940 -0.295205 0.808764 0.407520 0.339971 1.095886 -0.643143 -0.734205 -0.623982 0.200863 0.071575 -0.735535 -1.418469 -0.811795 -0.359407 -1.075997 -1.143190 0.151684 -0.107063 -0.029740 -0.468313 2.447912 0.519344 -0.150640 1.693446 1.155790 -0.514766 -0.935677 0.948262 -0.444790 -0.131728 0.317096 -0.547359 -0.144989
56 0.049776 -0.455200 -0.663878 -0.301388 -0.336338 0.980450 1.291320 -1.181379 -0.128813 -0.451736 -0.473970 1.207197 1.536221 1.616294 -0.345896 -1.100975 2.424689 1.808610 -1.394341 -0.329989 1.704277 0.665433 0.189086 0.956046 1.650274 -0.618562 0.860124 0.351098 0.954881 0.222578 1.028637 -0.338782 -0.623901 -0.386920 -1.913385 3.849730 0.417784 0.692694 -0.898914 0.624972 -0.427044 1.367641 -1.524978 0.291984 1.330596 1.190357 -0.460295 -1.409784 -0.264543 1.646622
57 1.240067 -0.108006 0.155554 -0.863444 0.165603 -0.347642 1.416616 0.090019 -0.616581 2.124645 -0.307236 -0.882092 0.598970 0.293754 0.973405 0.906134 0.301007 0.104051 0.475981 -0.084257 -0.392728 -1.334821 -1.148924 0.879308 -0.022545 0.173152 -0.961561 1.741904 -0.526196 -0.382104 0.954383 0.452278 -0.119385 0.008938 0.624423 -1.932832 -0.642718 0.407173 0.628304 -0.798031 0.592466 -0.883270 1.725213 -0.208872 1.249143 0.517897 0.550850 0.722380 -0.825782 -0.794858
58 1.150431 1.004322 -0.098643 -2.211102 -2.224078 -0.064554 0.299867 0.517914 0.128554 -1.420180 -0.071794 -1.472836 -1.277668 1.027618 -2.248267 0.525756 0.365652 -1.310614 0.361344 0.957040 -1.581090 -0.236994 0.118435 1.034468 0.532852 -1.088701 0.383712 -0.259587 -2.262893 0.725427 -0.249093 -0.887892 0.218690 0.532071 0.228083 0.716525 0.067360 1.448532 0.841146 0.688057 1.224010 -2.942821 -0.445910 0.927045 0.924481 -0.597392 0.303785 -1.042304 2.092150 -1.179520
59 -0.650090 1.284292 0.425911 0.281795 -0.445069 -0.692796 2.232176 -0.264866 0.929596 0.763582 0.459239 0.186679 0.058754 0.857514 -1.578604 -0.767298 0.091243 -0.282432 -0.000973 -1.059701 -0.423804 1.339888 -0.793693 0.782459 0.248330 -0.499361 -0.491343 0.390135 0.507038 -1.633795 1.114766 -0.132703 0.686842 -0.526391 0.331670 2.020856 0.129278 -1.059267 0.364981 1.275773 0.230349 -1.779525 0.249970 -0.356665 -0.759113 0.045615 0.011955 1.416448 0.753085 1.619258
60 -0.404319 0.575156 -0.826573 -1.414508 -0.094692 0.449246 -0.236586 -1.749750 -1.554653 0.711704 -0.211985 -0.342772 -2.464059 -0.441869 0.371958 -1.560045 0.220192 0.422627 -0.473840 0.199069 1.934897 -0.506437 -0.565491 -1.085755 1.197211 -1.376985 -0.476927 1.608974 0.998765 1.026784 0.745047 -2.343750 0.649602 -1.672063 -0.445675 0.964993 1.951939 1.389025 1.210546 -1.438234 1.511086 0.266413 0.180850 0.268995 0.255501 -2.002133 -1.553280 -1.040940 -0.474057 0.833587
61 -0.606603 0.702594 -1.483517 1.825895 -0.401766 -0.324471 1.723678 -1.599598 0.214649 0.245194 1.105813 1.461047 -1.699065 -1.830058 -0.949929 0.510152 0.494884 1.016196 0.365448 -0.590929 0.718276 -1.019227 0.350530 0.373968 2.247471 1.025370 -0.773243 1.070308 -1.962918 0.572673 0.250864 0.173765 0.165461 -0.003640 -1.426212 -0.647098 -1.257357 -0.684389 -0.292200 -0.108896 0.279540 0.375561 0.370640 -1.177874 0.554157 0.724073 1.280801 0.178882 -0.096512 1.281539
62 0.350758 1.453215 -0.126736 -0.572775 -0.229770 -0.213965 1.593897 0.942830 0.093290 0.115632 1.584975 -1.581315 0.620387 -0.359776 0.366757 -0.666031 0.507823 -0.532795 -0.902542 1.359472 -1.196725 0.878933 2.064853 0.234987 1.122792 -0.741638 0.917499 1.527489 -1.821814 0.779142 0.949750 1.199908 -0.033151 1.755418 0.068626 0.630879 -0.593914 0.108499 -0.103676 0.309107 1.157071 -0.045527 0.435468 -1.114113 -0.442403 -0.689141 -0.501193 1.459804 0.496424 -0.429094
63 0.776297 -0.222123 -0.221586 -1.054286 0.963095 -0.270296 -1.609348 0.045642 0.180505 -0.519842 -0.544261 -0.143538 -1.168207 -0.085696 -1.966308 1.397799 0.198166 -0.351595 0.166864 -1.344324 -1.020115 0.656878 -0.922024 -0.619908 -1.243494 0.083894 -0.775519 1.087749 0.521923 -0.266021 -0.229686 -0.346790 0.358487 -1.306614 -2.223856 0.336839 1.691815 -1.998839 -3.052663 1.746629 0.801529 0.054058 0.323526 -1.968033 1.260710 1.513383 0.338108 1.493863 -0.662540 -0.732484
64 -0.275886 0.105926 -1.014600 -0.361172 -0.065466 0.133252 -2.840702 -1.022223 1.878958 0.914288 -0.896847 -0.671471 -0.531269 0.917602 -0.295308 -1.061442 0.338123 0.947100 0.528022 -0.769103 0.169372 -2.010114 -0.153165 1.335387 -0.329181 -1.538900 -0.508940 -0.371682 -1.657008 0.078441 1.402737 0.818220 0.384457 -0.532384 0.530857 0.407806 -0.869063 -0.193247 0.716926 -0.255418 1.023352 0.490243 0.224241 -0.691767 -1.057813 -0.416931 -0.291984 -0.053462 -1.160120 -0.727876
65 -1.001493 -0.693727 -0.472410 0.238795 -0.476397 -2.004154 -0.160682 -1.751692 1.310107 0.367134 1.081869 -1.322799 -0.296696 0.461154 -0.549881 0.505697 1.598995 0.225393 0.204388 -0.941649 -1.347516 -0.857990 -0.521373 0.205177 1.175673 0.995054 0.215968 0.145917 -0.976918 0.148123 -0.242748 0.157704 -0.663214 0.891477 0.474959 0.151302 0.302840 -0.180602 -0.628219 -0.497187 -0.519423 0.505855 0.783304 0.326606 0.476268 0.902522 1.387462 -0.702043 -1.256491 0.131473
66 0.462363 -0.085562 0.055114 1.531797 0.342300 1.694412 1.615777 1.067577 -0.993536 0.197377 0.743772 0.744753 -0.594305 0.259870 -1.812795 -0.193102 0.103432 1.382615 -1.791400 -0.620027 1.285293 2.496358 -2.248661 2.097413 2.600669 1.553787 -0.305723 0.183912 1.084450 -1.358290 1.000410 -1.828125 0.677908 -1.023113 0.607279 -0.640150 1.676462 -0.075795 -0.052406 -1.846067 1.487922 -1.410786 1.707100 -0.038569 1.458915 -0.351598 1.223775 0.264352 1.097469 -0.673116
67 0.894104 0.219395 -0.216449 -0.680705 -0.270915 -0.059100 0.987708 -0.707344 -0.179266 0.797064 0.197364 1.198639 -1.633142 -0.032589 0.497385 0.650610 0.809817 -1.449650 -0.192104 -1.305928 -0.823845 0.691518 0.632288 -0.533317 1.821895 -0.538989 -0.362015 -0.222042 -0.416352 -0.957084 0.834218 0.665311 -0.126739 -0.172934 -0.637706 -0.906290 -0.058021 0.842936 -1.173388 -1.183618 0.286605 -0.849383 -1.157655 -0.474107 -0.598256 0.409966 -0.692569 0.526367 0.277112 -0.727963
68 1.749159 1.091373 -0.571092 -0.000367 -0.941188 -0.767766 -0.531098 1.471197 -0.717416 -0.182122 -0.012148 -0.135526 1.985274 0.797411 -0.180371 -1.405896 -0.310793 0.235974 -1.170759 -0.086325 1.874275 2.627273 0.988929 -0.784343 -0.416487 -1.328051 -0.039428 0.454118 -0.028058 -0.148524 -0.370872 -1.616146 0.921844 0.851162 -0.513353 0.418424 -0.229282 0.121132 0.181431 0.489828 -1.225109 1.793682 0.442956 3.324104 0.727574 -0.404380 -0.336582 -1.111243 -0.172746 0.476711
69 0.469732 -0.650674 -0.096275 0.304157 0.759201 -0.316393 1.150748 -0.074256 0.072436 0.276028 -1.250845 0.585911 1.459993 -0.775248 1.098354 1.497453 -1.208413 -0.653931 0.847370 0.678258 -2.065117 0.020901 1.041370 1.379016 -0.064487 1.009269 -0.119981 -1.096643 -0.230373 1.201415 -0.195418 0.941349 -0.388279 -0.735572 0.256383 1.037695 1.949723 1.047242 0.737715 -1.703832 -0.223470 -0.278616 0.607869 0.414363 0.639047 0.910603 0.686804 0.156522 -1.058420 0.041436
70 0.308286 -0.570481 0.553708 2.295743 1.202038 -0.944902 0.292312 -1.301000 -1.588030 -1.527371 1.606953 -0.116135 1.443045 0.979563 -1.797179 0.252813 0.957427 -0.037833 -0.411422 0.079805 1.411814 -0.884534 1.007495 2.153313 -0.360696 -1.394728 0.519722 0.891878 -0.525292 -0.237279 -1.073397 -0.591733 0.291429 -0.632961 0.483438 0.311530 0.369759 1.277633 0.021522 -1.059372 -1.714593 -0.635855 -0.123080 -0.669756 -0.332024 0.602244 0.909522 -2.626806 -0.159241 -0.468557
71 1.760279 -1.529199 0.596431 0.915381 1.580781 -0.030175 -1.093115 2.120328 -0.629214 0.791330 0.216116 1.169921 0.497726 -0.095750 -0.260845 0.605690 -0.714730 -0.319676 -1.565666 -1.064089 0.132248 -1.415407 -0.113331 -0.562603 1.831119 -0.948472 -1.015572 -0.062760 -0.614827 0.323429 0.411796 0.757885 -0.292429 0.275702 0.840034 2.279907 -1.504386 0.117040 0.398830 -0.168867 1.319046 0.933790 0.710766 0.480139 0.797782 0.106245 1.486437 1.205328 -2.266580 -0.853625
72 -1.098281 -1.178263 -0.869497 2.003323 -0.968572 -1.336805 0.549165 -0.043889 1.249132 -0.959044 0.002458 -0.026623 -0.677329 0.293496 -1.222767 -0.304263 -0.902417 -0.513691 0.848059 0.459139 -0.677708 0.452266 -0.236153 -0.697374 -0.067078 -0.366890 -1.273516 -1.042235 -1.525460 1.225800 -1.811034 -1.126261 -0.626017 0.233451 -2.368865 1.698484 -0.985818 -1.641188 -0.582296 -0.864714 -0.672823 1.690039 0.356713 1.464308 0.790872 0.014669 -1.318538 0.661931 -0.237599 -0.181139
73 -0.408582 -0.149776 0.132951 -0.644792 1.489434 -0.311644 -0.058456 -0.562196 0.340144 0.731316 0.697192 0.034157 1.270465 0.115455 1.915973 -0.932996 -0.485949 0.796331 -0.819673 2.139649 1.364774 -0.391732 0.285538 -0.075156 -2.042417 0.374944 0.684235 -1.183401 -1.685060 -0.773371 1.673426 0.477755 -0.763947 0.395298 -0.040687 0.940984 -0.289381 -0.645560 2.971777 -1.056316 0.307240 0.718486 1.532246 -0.502223 -1.615052 -0.183284 -0.160004 0.451004 1.154933 1.312204
74 -1.301849 0.802187 0.967908 -2.642302 -1.052226 -0.398414 -0.108899 2.172389 0.635707 -1.013792 1.137498 0.255197 -0.633272 1.709098 0.098206 -0.069026 0.087119 1.574634 0.329823 1.104965 0.879689 0.560185 0.642622 0.101646 -1.144828 -0.186340 1.030609 -0.336345 2.398099 -1.090129 -0.005196 -1.183964 -0.864807 -1.053448 0.799321 -1.578957 -1.030799 1.103524 0.499228 0.150774 -0.862540 -0.981272 2.008730 1.783222 0.543008 -0.235197 -1.083055 0.988513 -0.464350 1.160115
75 -0.097792 0.742256 1.575464 -0.297217 -0.214740 -2.031801 0.594084 -0.079255 -0.141047 -1.494852 0.361010 -1.223737 0.451923 0.997246 1.377245 0.511670 -1.434296 -0.987371 1.286409 0.747362 0.240793 -1.594242 -0.666940 -0.584483 0.560093 -0.057215 0.138750 1.435432 0.739972 -0.575542 -1.324925 -0.436263 -1.504475 0.225567 0.213342 0.253059 -0.849192 -0.447293 -0.313600 0.798329 0.425652 0.712155 -0.232255 -0.127623 -1.469036 0.598386 -0.597250 -0.658366 0.700912 -0.321123
76 0.323983 -0.290133 -1.255601 0.510061 1.572499 -0.640727 0.387473 -0.518605 -0.997181 -1.058767 -0.616410 -0.621032 1.448220 -1.363272 -1.114173 1.984205 1.508100 0.182601 0.232218 0.963579 -0.109697 1.365535 0.622745 1.970122 -0.263721 0.761163 -0.422683 -0.026245 1.454679 -0.536576 1.324568 -0.132949 -1.220993 -1.384934 -0.664617 0.022000 0.856046 0.001894 1.409140 -0.074903 0.369399 0.216588 0.763103 -0.321789 0.044578 -0.003333 -0.859749 -0.481338 -1.341210 -0.140076
77 0.438413 -0.983907 -0.576937 -0.906032 -0.185641 0.552934 -0.517075 2.382185 0.447579 0.288368 0.678527 0.314170 0.158262 1.194956 -0.443728 0.975433 0.054310 -0.092563 -0.052454 0.054664 -0.022708 1.332876 1.657311 2.543657 -0.557829 1.362724 0.321672 -0.284229 0.567950 0.491475 0.503280 -0.661025 -1.197969 1.906177 0.165175 1.022596 0.361875 -0.678579 -0.455331 -0.945735 0.366869 -0.361111 -1.229250 -0.614457 1.047068 -0.638791 -1.131159 -1.281961 1.746724 1.654076
78 1.365422 0.872061 2.082884 -0.092882 1.056504 0.676574 0.216063 0.605761 -1.475268 -1.709553 -0.161131 2.406574 1.071848 0.421115 1.549898 1.197406 0.146370 0.318275 -0.475281 -0.188559 0.624075 1.588836 0.241973 0.770083 -1.468767 -0.696872 -1.006905 -1.627388 -0.404026 -0.307422 0.559191 -0.089541 -1.052572 1.123024 -1.865795 -0.231246 0.279421 0.393757 2.793772 -1.664764 -1.085380 0.806300 -0.346436 0.486878 0.122065 -2.163684 -0.229595 -0.773358 -0.317022 -0.192841
79 -1.266186 -0.676477 -0.082589 -1.294769 0.208449 -1.816593 0.093582 0.277746 -0.265376 0.789286 0.399056 -1.462158 -0.135687 -0.963414 0.738081 -0.925751 -0.363281 -1.269797 -0.039064 -0.294268 -1.258179 -0.729239 -0.323706 0.439232 0.441057 1.008638 -0.737689 0.604876 0.104262 1.782630 0.979466 -0.136015 -1.178124 -0.882356 0.514458 1.147186 -0.357289 0.094367 0.723773 0.054171 0.238292 0.277209 -1.216393 -0.421435 -1.212107 1.890665 0.036134 -0.993413 0.128414 0.439885
80 1.285963 0.384495 0.308675 0.889366 -1.741158 -0.698565 -0.232730 -0.435116 -0.603990 -0.899403 -1.103518 0.687493 1.102360 0.461104 -1.138202 -0.359235 -0.528412 -0.219293 0.072528 -0.662741 -0.434040 2.179825 -0.810708 -0.025456 0.649458 -0.951871 1.274386 -0.841967 -0.280987 -0.591604 -1.144730 -1.755331 0.119315 -1.850306 -0.733449 0.060936 0.867939 -1.726684 1.800571 0.454662 -0.893188 -0.310460 0.151303 0.985303 -0.232684 0.867871 0.402675 0.098453 -0.621627 -0.914811
81 -0.852750 1.287946 -1.092515 0.146577 -0.675057 0.877736 -0.244563 -1.123644 -0.448514 0.522337 0.173553 1.349979 0.834627 1.550136 -1.764209 0.307801 -0.865646 -0.788671 2.030781 2.083240 -1.210092 -0.114273 -0.037006 1.185725 -0.247853 0.504005 -1.149501 1.106108 -0.788424 0.001383 -0.283447 1.239986 0.838380 -2.323173 -0.178232 -1.589952 1.041923 0.558578 -0.286303 -1.605729 -0.907301 -1.740418 0.948257 0.656544 1.003564 1.083965 0.269456 -1.783245 0.439094 -0.065361
82 1.052240 0.310378 0.348821 0.813711 -0.388055 0.548730 0.818229 -0.711942 0.228489 -0.698854 -0.982259 -0.354788 -0.416517 -0.357934 0.711006 1.422804 -0.819762 0.657849 0.437143 -1.053172 -0.434442 -0.283809 0.257328 -1.399782 0.498396 0.479660 -0.641723 0.160961 -0.587718 -0.831374 -1.393030 0.848516 0.365946 -0.493365 1.190067 0.728801 -1.991806 -0.788389 -0.432107 1.683134 1.314895 -0.452232 -0.989212 0.674181 -2.153502 0.436107 -1.961941 0.723174 -0.659784 -2.356826
83 0.717895 0.972150 -0.451202 0.998134 0.090250 -0.189465 -2.229470 1.094627 1.279038 0.840938 1.436228 0.434875 -0.521144 -0.287221 1.020546 0.381664 -0.271633 -1.372431 0.032156 0.042403 1.640632 0.197829 -0.638716 1.298452 -0.233253 1.186571 -1.988697 -1.138080 0.105674 1.153017 1.455877 0.224637 -0.159059 -1.099246 1.050484 -1.775742 0.849333 -0.312996 -0.883552 -1.523990 0.064423 1.520373 0.733117 -0.149349 -0.224453 0.287064 0.021522 0.601425 0.953105 -1.101645
84 -0.976518 -0.341876 0.406273 -0.752023 -0.478522 0.825420 1.981369 0.223971 0.782161 -0.949555 0.173700 0.727054 -0.757435 -1.944233 -0.568804 -0.654849 -2.046296 -0.705078 -0.123473 -1.155429 -1.263455 -0.208221 -0.343194 -0.776523 -0.444445 0.288398 0.289503 -0.902724 -1.436913 -0.301935 -0.494466 0.893740 1.328235 0.462639 0.762624 -0.859454 -0.128011 0.279853 0.383902 -0.484123 1.500843 0.530106 1.212990 1.112339 1.263226 -0.200156 0.519316 -0.012734 -0.033029 -0.102428
85 -0.152219 -0.494896 0.420678 0.956876 0.998209 0.705745 0.118201 0.116108 -1.867950 0.464010 -0.267081 -1.071492 -0.422193 -0.747427 1.801982 -0.310233 0.722079 -0.699209 -1.928426 -0.471035 0.228871 0.045073 -0.109795 0.108457 -0.226940 -0.242393 -0.063564 0.702433 0.080915 0.667381 -1.430553 2.036739 -0.712517 -0.771411 -2.058201 -1.200413 -0.671513 -0.156814 -0.288010 -0.527287 -0.817563 0.054045 1.889969 2.339316 -0.884913 2.042242 0.896773 1.170725 -0.686117 -0.641251
86 0.667931 0.829118 0.073655 -0.343887 2.631477 0.761205 -0.560806 0.937062 1.984088 0.762139 0.682706 0.349781 0.168297 -0.048031 -0.168571 -0.119641 0.331208 1.505478 -1.343022 -0.310602 -0.630041 0.733239 1.504308 -1.350315 0.699200 0.701514 0.165758 -1.462818 -1.436264 -0.005450 0.323136 -1.350495 0.895323 1.491968 -1.219533 -0.861695 -0.419494 1.505264 0.745832 -0.429164 -0.951385 -0.088712 -0.907908 1.489064 -0.839233 0.021115 -0.212048 -0.175193 -0.336708 -0.868767
87 0.827100 1.383988 -0.104135 1.051001 1.063817 0.250562 -1.445732 -1.400027 1.310436 -0.406342 1.003251 1.025738 -0.445350 -0.372553 0.509087 0.797242 -0.825531 0.905656 -0.469257 0.043129 -0.695985 -0.863847 0.140623 -0.313906 1.225705 0.872776 -0.456199 0.357787 1.380959 0.243170 0.350238 -0.312403 1.391126 -0.037643 -0.546962 -1.236079 -1.265095 -2.061419 -0.897990 -0.285374 -0.988948 -1.016313 0.818175 -0.073535 -1.148062 0.169126 1.116601 1.996218 0.256053 -0.935822
88 -0.531156 0.599438 -0.646528 -1.767118 -0.245167 1.353897 0.028755 0.939842 -0.253270 1.139799 0.806965 -0.471496 -0.522525 1.026746 2.225470 -0.017693 -0.791473 -0.186159 0.306522 0.641829 -0.138552 0.953292 0.367823 -0.112113 0.131688 -0.100789 0.232876 2.754893 -0.500712 0.769424 -0.416323 -1.132689 0.707495 1.504920 -0.283491 0.440103 -1.279874 -0.335959 -0.654032 -2.917962 1.311150 -0.228619 -0.757709 1.298920 0.668796 1.100927 -1.979629 0.163833 1.473497 -1.442863
89 -1.734695 -1.699303 -1.354513 -1.537425 -0.340761 -1.517481 -0.374919 0.785228 -0.959017 -0.888252 -0.832720 -0.312273 1.142247 -0.535896 -0.239897 -1.738337 0.523992 -0.438091 1.325289 -0.631466 1.678770 -0.024614 -0.490541 -0.668205 0.801736 -1.054661 -1.675827 0.693520 -0.995675 -1.048818 1.707647 1.318999 0.343144 0.216622 0.047032 -0.181952 0.436892 0.938745 0.714386 -0.300835 -0.579299 0.162094 -1.143002 -0.739923 0.758998 -0.700488 -0.805220 -1.942592 -1.416037 0.034234
90 1.964484 0.336850 -0.197958 0.162021 -0.979114 -0.117287 -0.154671 1.051589 -0.417649 0.591225 0.743592 -0.158462 -0.317086 -1.349010 1.270541 1.959432 0.488476 -1.172425 1.891178 -0.702454 -1.003064 0.315958 1.710928 0.108345 0.212433 -0.424043 -1.934653 -1.542719 0.345751 1.836163 -0.310814 0.428689 -1.982573 -0.573095 0.006798 0.769317 1.412753 -0.138451 0.107618 -0.206700 -1.075121 -0.569073 0.201284 1.144303 0.069830 0.356282 0.374364 -0.768797 -1.347923 -0.206885
91 -0.151265 -1.822441 -1.110166 -0.926031 0.963030 0.395373 0.297903 2.181885 -0.013350 -1.709993 -0.682108 0.557853 1.236054 -1.262042 -0.971042 0.823824 -0.340566 -0.432188 0.589118 0.858451 0.192197 0.022635 1.190352 2.030175 -1.988545 1.141658 1.082681 0.518983 1.334177 -0.645306 -0.045714 0.550499 -0.198993 -1.624086 0.106271 0.842959 3.185257 -1.179280 0.760209 -1.039055 -0.697790 -1.325044 -1.749852 1.367797 1.606120 -1.526373 -0.402323 1.484163 -0.358905 0.525094
92 0.206999 0.624650 0.182665 0.621121 0.502841 0.786607 -0.458950 0.700740 1.465403 0.985780 -0.032042 0.393297 0.494302 -0.155773 0.148352 -1.002184 -0.411581 0.385863 0.880218 -0.473678 0.975755 -1.977026 -1.705848 0.181857 1.066706 -0.386591 1.233759 0.646897 -1.069026 0.088284 -0.207436 -0.748553 1.263484 -2.423809 -1.697680 -0.379371 -1.058923 0.637694 -0.322095 -1.510631 -0.028378 -0.372049 0.599446 -0.184837 -0.872315 0.527510 0.217010 -1.181255 0.109779 0.751423
93 1.167205 -1.357137 0.204963 0.460895 -1.730110 0.683633 0.369366 -0.608164 0.766821 -1.204143 -0.749704 -0.653159 -0.300733 -0.562419 0.607656 0.947331 0.714954 -0.124908 2.541043 -0.322736 -0.193710 0.216002 1.113581 0.746269 -0.292236 -0.189763 0.190794 -1.786516 0.549670 0.643686 -0.711633 2.137422 0.184350 1.222666 0.729473 -0.338144 -0.437796 -0.498427 0.493168 -0.064448 -0.886599 -1.551190 0.548656 -0.294927 -0.969223 0.661742 -0.645313 0.652872 -0.257845 -0.336669
94 -1.107198 -0.406898 1.026816 2.340519 0.495628 2.337867 0.395458 -0.100324 1.451265 0.932432 -0.861240 1.310312 -0.626575 0.582910 -0.467445 -1.233952 -0.578349 -0.390351 0.788064 1.032020 0.756440 1.613774 1.384658 1.229546 0.766313 -0.656993 -1.646716 -1.013730 -0.535673 0.107160 0.912691 0.966709 -0.791375 0.647719 1.686315 1.522049 1.479598 -0.247852 1.170761 0.878601 1.495706 0.706516 -0.493938 0.339185 -1.308725 -1.523430 0.728149 0.562723 -0.768368 -0.182647
95 1.164932 -2.568023 -0.735271 0.393763 -1.188398 -0.387090 -0.355459 0.175570 -0.775263 -1.400474 -1.902030 0.108925 -1.191018 -1.515113 -0.308576 -1.062785 1.455430 0.341639 0.309427 -0.725972 -1.867991 1.289260 1.729284 0.634449 0.889242 -0.843817 -0.043223 -0.366689 1.486906 0.656238 0.735398 0.387601 1.463313 -0.268731 2.418659 0.331092 -0.532218 1.635875 -0.044076 0.890792 1.118138 1.071355 1.896352 -1.012969 -0.172796 1.068014 -0.020186 0.411790 -0.005185 -0.224330
96 -0.989080 -0.511906 0.488006 -0.016761 -0.441013 0.464732 0.500739 2.219846 -2.588133 0.131859 0.596995 -0.448184 0.138496 -0.580940 -0.059213 0.984923 0.554627 1.605875 0.556029 -0.748034 0.730714 -1.445577 0.179763 -1.275567 -0.381384 0.471842 0.645173 0.515102 -0.729563 0.331391 0.490179 -0.763109 -0.303851 -0.025119 0.361174 0.801486 1.029611 -2.381690 1.291758 -1.337016 1.172883 -0.497295 1.189354 1.267332 -0.216157 -1.188592 -0.889053 -0.398392 0.686019 0.618691
97 0.192377 -0.403800 -0.227093 1.427015 2.759992 -0.721789 0.423439 1.756648 0.117489 -0.577510 0.595898 0.129786 -0.361444 1.189108 -1.569364 1.128064 -1.459185 -1.291397 -0.969050 1.449484 -0.540907 -0.010743 0.108707 -0.949782 1.413328 -1.104084 -0.307160 2.027520 -1.096928 -0.910628 1.010806 -0.564840 0.065738 0.691604 -1.273979 0.365111 0.649188 0.922080 0.088737 -0.026829 -0.472476 -1.034209 -1.022108 -0.517355 1.344471 -1.015714 -2.475203 -1.060316 1.641226 0.998680
98 1.842950 -1.027740 1.295508 0.599346 0.243374 0.889134 -0.733277 -0.639150 -0.605972 1.289591 -0.006637 -0.287791 2.174378 0.425369 1.185928 0.223401 -0.399570 -0.582932 -0.789070 -0.024829 -1.100418 -0.757409 2.529139 -0.043898 -0.276358 -0.873841 0.496112 -0.749800 -0.498064 -0.650012 -1.905688 -0.415746 -0.651235 -1.928167 0.593757 0.581184 0.397872 -0.229967 0.365701 1.220479 0.092978 -0.629426 -1.240084 -1.386789 -0.894756 -1.570143 0.304485 -0.128652 1.100271 1.487240
99 -2.011231 0.065361 -1.806818 -0.734526 -0.372405 -2.855922 0.153929 0.346667 0.431606 -2.209095 -1.109376 -0.894574 0.071827 -0.210412 0.930687 -0.393975 -0.102041 0.290817 0.253413 -0.130276 0.107192 1.238131 -1.024750 1.845377 2.216769 -0.558521 0.042040 -0.211267 0.200521 0.382218 -1.489839 -1.058825 -1.407656 -1.230627 0.497998 0.691428 -1.171409 -1.116392 1.048896 -0.427816 -0.561182 -0.661873 -2.433832 1.002932 -1.887228 -0.857644 0.967544 -0.350324 0.317951 0.468204
END
#################################################################
SECTION3 (Edges Information)
EndPoint0 EndPoint1 Weight
0 1 1.000000
0 9 1.000000
0 10 1.000000
0 90 1.000000
1 0 1.000000
1 2 1.000000
1 11 1.000000
1 91 1.000000
2 1 1.000000
2 3 1.000000
2 12 1.000000
2 92 1.000000
3 2 1.000000
3 4 1.000000
3 13 1.000000
3 93 1.000000
4 3 1.000000
4 5 1.000000
4 14 1.000000
4 94 1.000000
5 4 1.000000
5 6 1.000000
5 15 1.000000
5 95 1.000000
6 5 1.000000
6 7 1.000000
6 16 1.000000
6 96 1.000000
7 6 1.000000
7 8 1.000000
7 17 1.000000
7 97 1.000000
8 7 1.000000
8 9 1.000000
8 18 1.000000
8 98 1.000000
9 0 1.000000
9 8 1.000000
9 19 1.000000
9 99 1.000000
10 0 1.000000
10 11 1.000000
10 19 1.000000
10 20 1.000000
11 1 1.000000
11 10 1.000000
11 12 1.000000
11 21 1.000000
12 2 1.000000
12 11 1.000000
12 13 1.000000
12 22 1.000000
13 3 1.000000
13 12 1.000000
13 14 1.000000
13 23 1.000000
14 4 1.000000
14 13 1.000000
14 15 1.000000
14 24 1.000000
15 5 1.000000
15 14 1.000000
15 16 1.000000
15 25 1.000000
16 6 1.000000
16 15 1.000000
16 17 1.000000
16 26 1.000000
17 7 1.000000
17 16 1.000000
17 18 1.000000
17 27 1.000000
18 8 1.000000
18 17 1.000000
18 19 1.000000
18 28 1.000000
19 9 1.000000
19 10 1.000000
19 18 1.000000
19 29 1.000000
20 10 1.000000
20 21 1.000000
20 29 1.000000
20 30 1.000000
21 11 1.000000
21 20 1.000000
21 22 1.000000
21 31 1.000000
22 12 1.000000
22 21 1.000000
22 23 1.000000
22 32 1.000000
23 13 1.000000
23 22 1.000000
23 24 1.000000
23 33 1.000000
24 14 1.000000
24 23 1.000000
24 25 1.000000
24 34 1.000000
25 15 1.000000
25 24 1.000000
25 26 1.000000
25 35 1.000000
26 16 1.000000
26 25 1.000000
26 27 1.000000
26 36 1.000000
27 17 1.000000
27 26 1.000000
27 28 1.000000
27 37 1.000000
28 18 1.000000
28 27 1.000000
28 29 1.000000
28 38 1.000000
29 19 1.000000
29 20 1.000000
29 28 1.000000
29 39 1.000000
30 20 1.000000
30 31 1.000000
30 39 1.000000
30 40 1.000000
31 21 1.000000
31 30 1.000000
31 32 1.000000
31 41 1.000000
32 22 1.000000
32 31 1.000000
32 33 1.000000
32 42 1.000000
33 23 1.000000
33 32 1.000000
33 34 1.000000
33 43 1.000000
34 24 1.000000
34 33 1.000000
34 35 1.000000
34 44 1.000000
35 25 1.000000
35 34 1.000000
35 36 1.000000
35 45 1.000000
36 26 1.000000
36 35 1.000000
36 37 1.000000
36 46 1.000000
37 27 1.000000
37 36 1.000000
37 38 1.000000
37 47 1.000000
38 28 1.000000
38 37 1.000000
38 39 1.000000
38 48 1.000000
39 29 1.000000
39 30 1.000000
39 38 1.000000
39 49 1.000000
40 30 1.000000
40 41 1.000000
40 49 1.000000
40 50 1.000000
41 31 1.000000
41 40 1.000000
41 42 1.000000
41 51 1.000000
42 32 1.000000
42 41 1.000000
42 43 1.000000
42 52 1.000000
43 33 1.000000
43 42 1.000000
43 44 1.000000
43 53 1.000000
44 34 1.000000
44 43 1.000000
44 45 1.000000
44 54 1.000000
45 35 1.000000
45 44 1.000000
45 46 1.000000
45 55 1.000000
46 36 1.000000
46 45 1.000000
46 47 1.000000
46 56 1.000000
47 37 1.000000
47 46 1.000000
47 48 1.000000
47 57 1.000000
48 38 1.000000
48 47 1.000000
48 49 1.000000
48 58 1.000000
49 39 1.000000
49 40 1.000000
49 48 1.000000
49 59 1.000000
50 40 1.000000
50 51 1.000000
50 59 1.000000
50 60 1.000000
51 41 1.000000
51 50 1.000000
51 52 1.000000
51 61 1.000000
52 42 1.000000
52 51 1.000000
52 53 1.000000
52 62 1.000000
53 43 1.000000
53 52 1.000000
53 54 1.000000
53 63 1.000000
54 44 1.000000
54 53 1.000000
54 55 1.000000
54 64 1.000000
55 45 1.000000
55 54 1.000000
55 56 1.000000
55 65 1.000000
56 46 1.000000
56 55 1.000000
56 57 1.000000
56 66 1.000000
57 47 1.000000
57 56 1.000000
57 58 1.000000
57 67 1.000000
58 48 1.000000
58 57 1.000000
58 59 1.000000
58 68 1.000000
59 49 1.000000
59 50 1.000000
59 58 1.000000
59 69 1.000000
60 50 1.000000
60 61 1.000000
60 69 1.000000
60 70 1.000000
61 51 1.000000
61 60 1.000000
61 62 1.000000
61 71 1.000000
62 52 1.000000
62 61 1.000000
62 63 1.000000
62 72 1.000000
63 53 1.000000
63 62 1.000000
63 64 1.000000
63 73 1.000000
64 54 1.000000
64 63 1.000000
64 65 1.000000
64 74 1.000000
65 55 1.000000
65 64 1.000000
65 66 1.000000
65 75 1.000000
66 56 1.000000
66 65 1.000000
66 67 1.000000
66 76 1.000000
67 57 1.000000
67 66 1.000000
67 68 1.000000
67 77 1.000000
68 58 1.000000
68 67 1.000000
68 69 1.000000
68 78 1.000000
69 59 1.000000
69 60 1.000000
69 68 1.000000
69 79 1.000000
70 60 1.000000
70 71 1.000000
70 79 1.000000
70 80 1.000000
71 61 1.000000
71 70 1.000000
71 72 1.000000
71 81 1.000000
72 62 1.000000
72 71 1.000000
72 73 1.000000
72 82 1.000000
73 63 1.000000
73 72 1.000000
73 74 1.000000
73 83 1.000000
74 64 1.000000
74 73 1.000000
74 75 1.000000
74 84 1.000000
75 65 1.000000
75 74 1.000000
75 76 1.000000
75 85 1.000000
76 66 1.000000
76 75 1.000000
76 77 1.000000
76 86 1.000000
77 67 1.000000
77 76 1.000000
77 78 1.000000
77 87 1.000000
78 68 1.000000
78 77 1.000000
78 79 1.000000
78 88 1.000000
79 69 1.000000
79 70 1.000000
79 78 1.000000
79 89 1.000000
80 70 1.000000
80 81 1.000000
80 89 1.000000
80 90 1.000000
81 71 1.000000
81 80 1.000000
81 82 1.000000
81 91 1.000000
82 72 1.000000
82 81 1.000000
82 83 1.000000
82 92 1.000000
83 73 1.000000
83 82 1.000000
83 84 1.000000
83 93 1.000000
84 74 1.000000
84 83 1.000000
84 85 1.000000
84 94 1.000000
85 75 1.000000
85 84 1.000000
85 86 1.000000
85 95 1.000000
86 76 1.000000
86 85 1.000000
86 87 1.000000
86 96 1.000000
87 77 1.000000
87 86 1.000000
87 88 1.000000
87 97 1.000000
88 78 1.000000
88 87 1.000000
88 89 1.000000
88 98 1.000000
89 79 1.000000
89 80 1.000000
89 88 1.000000
89 99 1.000000
90 0 1.000000
90 80 1.000000
90 91 1.000000
90 99 1.000000
91 1 1.000000
91 81 1.000000
91 90 1.000000
91 92 1.000000
92 2 1.000000
92 82 1.000000
92 91 1.000000
92 93 1.000000
93 3 1.000000
93 83 1.000000
93 92 1.000000
93 94 1.000000
94 4 1.000000
94 84 1.000000
94 93 1.000000
94 95 1.000000
95 5 1.000000
95 85 1.000000
95 94 1.000000
95 96 1.000000
96 6 1.000000
96 86 1.000000
96 95 1.000000
96 97 1.000000
97 7 1.000000
97 87 1.000000
97 96 1.000000
97 98 1.000000
98 8 1.000000
98 88 1.000000
98 97 1.000000
98 99 1.000000
99 9 1.000000
99 89 1.000000
99 90 1.000000
99 98 1.000000
END
#################################################################
SECTION4 (TrueSubGraph Information)
EndPoint0 EndPoint1 Weight
28 18 1.0
28 29 1.0
29 19 1.0
19 9 1.0
9 8 1.0
8 18 1.0
18 17 1.0
17 16 1.0
17 27 1.0
27 28 1.0
29 39 1.0
END
#################################################################
SECTION5 (Labels Information)
1 1 1 1 1 1 1 1 1 1 1 1 1 1 1 1 1 1 1 1 1 1 1 1 1 1 1 1 1 1 1 1 1 1 1 1 1 1 1 1 1 1 1 1 1 1 1 1 1 1 
END
#################################################################
SECTION6 (bt Information)
5 5 5 5 5 5 5 5 5 5 5 5 5 5 5 5 5 5 5 5 5 5 5 5 5 5 5 5 5 5 5 5 5 5 5 5 5 5 5 5 5 5 5 5 5 5 5 5 5 5 
END
#################################################################
