#################################################################
#APDM Input Graph, this input graph includes 3 sections:
#section1 : general information
#section2 : nodes
#section3 : edges
#section4 : trueSubGraph (Optional)
#
#if nodes haven't information set weight to null
#################################################################
SECTION1 (General Information)
numNodes = 100
numEdges = 200
usedAlgorithm = NULL
dataSource = SimulationData2
END
#################################################################
SECTION2 (Nodes Information)
NodeID Base Counts
0 0.380464 0.520448 1.495443 -0.470525 1.004963 0.432669 -0.141509 -1.022667 -1.136823 1.060970 1.079627 0.153190 2.206774 0.726902 1.000294 -2.026697 0.508021 -0.743606 -0.968105 -1.877251 -0.441191 1.219541 -0.307062 -1.214075 -2.469237 0.273769 -0.934057 0.035694 0.186013 -0.519505 -0.056968 -0.083936 -0.760432 -1.999763 0.990993 -0.847364 0.107571 -0.285777 -1.324194 -0.364544 -0.667727 0.706800 0.079506 -0.787445 0.231455 1.194129 -0.417275 1.077900 -0.251812 0.048761
1 -0.247456 0.401504 0.386229 -0.156653 -1.171867 -0.367744 0.121136 -0.278034 -0.139845 -0.103397 1.501563 -0.114882 -0.683402 -0.499431 0.676272 0.571356 0.410021 -0.194628 0.058308 -0.833140 -0.750231 -0.327768 -0.451687 -0.223114 0.466392 -0.624389 -2.010648 0.137006 0.071166 0.698923 0.283495 0.648833 -0.720115 1.324397 0.523689 -1.797856 -1.483373 1.285948 -0.226781 0.472228 2.599859 0.402929 -0.652767 -2.232878 1.430049 -2.059342 1.165887 1.832235 0.605246 0.958579
2 0.484317 -0.691182 -1.266783 0.118328 0.798270 -0.701250 0.577945 1.021584 1.130642 1.018266 -0.300040 0.763384 0.301504 -0.648583 1.565264 -0.790934 1.110344 -1.771925 -1.625128 -0.102946 -0.727858 1.228659 -0.937157 1.094509 1.788750 -0.927246 -0.127411 -1.032803 -2.280040 -0.688297 -1.189866 2.231021 -0.136703 0.618682 -0.051921 -0.631435 -0.722259 0.513544 0.236910 0.271378 -1.114434 0.631478 -0.133206 -0.359136 0.779246 -1.127111 1.069081 0.579726 0.238407 -1.319964
3 -0.378924 0.583612 -0.001893 0.001939 -1.401652 -0.387489 -0.222993 -0.298213 0.390040 -0.735958 -0.902863 1.979827 -0.625429 0.017056 0.097849 1.596204 2.229478 0.223535 -1.211627 0.547036 1.692889 0.301519 -1.426057 0.429792 -1.679155 0.634813 0.709106 -0.330175 -1.412719 1.449674 0.163450 -0.972564 1.531588 0.455235 0.222810 -1.241273 0.971448 1.193285 1.424545 -1.771139 -0.557607 -0.563522 1.208864 -0.060095 0.643667 -1.587823 -0.877954 -1.399312 0.286409 -0.890249
4 -1.709108 0.830298 0.921533 0.631142 0.651701 0.077993 -0.202213 -0.585568 -1.882013 0.437391 -0.957173 1.836099 -0.106425 -0.331125 -1.289014 1.781705 0.243853 -1.805937 0.067840 0.821350 0.061345 1.683295 1.024873 -0.640634 1.149086 -1.389142 0.258018 0.537654 0.065096 0.082415 1.005206 -2.068779 1.359702 0.451136 0.072308 -0.118651 -0.641056 -0.979979 1.658358 0.320460 1.057603 1.456335 0.118846 1.338540 -2.551060 0.456170 0.215329 0.920715 0.046157 -0.314914
5 -0.350681 -0.409882 0.035235 -0.244732 -1.126581 0.048219 -0.918599 -0.264004 0.329804 0.441154 0.876126 -0.419575 -0.878755 -1.288876 2.123719 -1.347244 0.149645 -1.009546 -0.092471 -0.621788 1.195639 -3.401514 -0.204379 0.947620 -0.432308 0.581165 0.614664 0.879866 -0.842452 0.734101 -2.083786 -1.575705 -1.282859 -0.275803 0.027618 0.552136 -0.602515 -0.885591 0.716333 -0.659283 -0.088127 0.784111 -1.149381 -0.286337 -1.222262 0.685185 -1.346971 -0.738791 -1.220836 -0.909618
6 -1.923385 0.268991 0.409942 1.507882 1.111679 1.205471 0.305036 -0.703292 -0.930385 -0.641077 -1.385539 -1.915843 0.292440 0.940747 -0.303300 1.637864 0.464337 0.644574 0.877398 0.924537 1.246293 0.074632 1.029583 -0.148420 0.401627 1.575434 -0.553282 -0.842971 -0.017977 0.349811 -1.654248 -0.205917 -0.751557 -0.545574 0.557020 -0.249207 -0.550921 1.196139 0.124706 -0.103948 0.209320 -0.130403 -0.092503 -0.345587 0.331235 0.742927 0.497703 0.462972 0.269356 0.367793
7 -1.086545 -1.268801 -0.791362 -0.657289 -1.466198 1.149328 -0.806738 -0.296712 0.565125 -1.016610 -0.047757 -0.153927 0.974589 0.317633 0.209404 -0.795969 0.044013 0.355201 -0.448518 -0.592554 0.667865 -0.607485 -0.642311 -1.828050 -0.510794 0.686582 0.281652 -0.153172 -0.303646 0.899821 0.843966 0.493836 0.375167 0.058263 -1.087871 0.439441 1.406198 0.922348 -0.886109 -1.939660 0.539054 0.729516 1.101289 1.037183 -0.212521 -0.118122 1.823363 -0.689400 1.119172 0.459069
8 -1.109273 -2.762144 0.922822 -0.071524 1.273025 0.611899 -1.122401 0.278999 -1.319862 0.448234 -0.324281 -0.947625 -1.007233 0.340048 -0.490291 0.694705 -1.234313 -0.373932 -0.739352 0.535315 0.947384 0.195592 1.281903 -0.854446 1.898312 0.925792 0.487911 2.141842 1.497484 0.506888 0.189131 0.538566 -0.715393 -0.363343 0.342030 0.978942 0.366181 -1.276589 -0.441081 -0.094045 0.566296 -0.478811 0.611470 -0.792344 0.770825 0.845208 -0.632039 0.209408 -0.917347 2.161903
9 -2.249847 0.106500 0.885185 0.793556 0.611296 0.479818 -1.495505 -0.858386 -1.749857 -0.609595 -0.601488 0.335448 1.436691 -0.573369 -0.422836 0.196089 0.464852 -1.068981 2.048305 -0.432182 0.430932 0.418717 -1.083997 -0.577553 -1.537432 2.038725 0.245418 0.714261 -0.616800 0.534856 -0.760891 -0.656551 2.381991 -0.188511 1.917500 -0.670728 1.652336 0.146499 -0.313031 0.236251 0.835939 -1.893902 1.456546 -0.531888 -0.385750 -0.406012 -0.571515 -0.450247 -0.088457 -0.127454
10 2.425264 0.480837 -0.990281 0.320083 -0.665629 1.091208 0.737372 -0.263724 -0.235613 -0.046539 0.487900 0.299439 0.896400 -1.624414 -1.468834 0.382499 0.067725 0.445719 0.496670 1.399369 0.613387 -0.330746 -0.602977 -0.466145 -1.111357 1.494414 0.393908 0.781965 -0.177805 1.448992 -0.185932 0.584838 0.426536 -1.111465 -2.552249 1.075758 -0.313962 -1.684108 -0.733849 -0.285996 0.862871 1.212106 -0.158842 0.199123 0.643737 -1.388878 -0.789233 -1.384804 0.316294 0.137805
11 -1.216096 1.228953 0.407104 0.466184 -0.916093 1.808574 -0.478898 0.185012 1.232491 -0.734537 2.367264 0.509740 0.887619 -0.230754 0.811080 -1.315971 -0.780215 0.338263 2.130964 0.189741 -0.601712 -0.605326 0.424816 -0.847988 -0.814228 -0.954698 -1.197461 -0.452848 -1.814743 -0.107518 0.736666 -0.159707 -0.553195 1.071962 -1.086843 -1.045508 -0.529925 0.293055 1.261721 -2.147063 -0.874820 1.094162 -1.568724 1.420470 -0.424541 -0.602464 -0.251882 1.285600 -1.661851 0.466495
12 0.833515 -1.261446 -0.483022 -0.846231 1.477576 1.955162 0.777528 0.898280 1.737827 -0.173072 1.230739 -1.046922 -0.166221 -0.856156 -1.300511 0.762764 -2.178775 1.066911 0.802551 -1.355735 0.406888 -0.277823 0.813395 0.319851 -0.049396 0.135855 -0.755615 -0.082660 -1.736144 1.886260 -0.877069 -0.210490 -0.911741 0.117922 -0.239848 -2.708345 0.644306 1.019778 0.460461 -1.315612 0.480661 1.009037 1.406167 1.121514 -1.060280 -0.990960 1.408181 -0.744498 -0.518861 0.115886
13 -0.698439 -0.858272 0.459884 -1.569650 -0.561806 -0.510604 0.533335 -1.143288 -0.792631 0.051083 -0.324321 0.418133 -0.050201 -0.718478 0.098478 -1.976663 0.857838 -0.799674 -0.201619 1.231611 -0.930267 -0.433716 0.034001 -0.865534 -0.697336 0.834016 1.563015 -0.552786 -1.140187 -0.190921 1.426747 0.310898 1.664525 -2.289009 -0.153025 -0.820424 0.151425 -0.323202 0.867569 0.089554 -0.159535 -0.971272 0.743726 -0.930978 1.333450 -0.022132 1.371248 -0.490650 0.449183 -0.613317
14 -0.513270 -0.348952 0.784960 2.101495 0.084470 2.562843 -0.134114 0.512746 0.170572 2.267726 -1.670468 0.103730 -0.809187 2.896076 -0.172101 -1.099073 -0.518536 -1.434857 -0.396030 1.802351 -1.754070 -0.866363 0.832373 -1.675386 -0.961501 -0.230687 -1.674972 -0.037597 -1.038616 -0.845390 0.384140 -1.357366 -0.231450 -2.035116 0.847701 0.427471 -0.116796 0.805794 -2.063934 -1.330765 -0.554900 1.087022 -0.356453 0.903009 -0.006947 0.359542 -0.097860 -0.657611 -0.081420 -0.122589
15 1.523449 -0.382099 1.249421 0.391958 -0.235999 -1.357949 -0.464787 0.737962 0.401739 -0.087297 -0.065598 0.307246 1.509377 1.055022 -0.678874 -0.713345 1.508787 0.604262 -1.108989 -0.710500 0.059025 -0.847371 -0.413244 0.259701 0.125723 0.626803 0.536636 -1.556090 0.872067 0.441398 -1.366755 1.880287 0.186377 1.745870 1.056164 2.232486 1.302898 2.633131 0.975555 0.781298 -0.713667 0.684285 1.325449 0.344542 0.996926 -0.240472 1.618424 1.823396 -0.688250 -2.146169
16 1.268393 1.169875 0.431679 1.193975 0.518683 0.401067 -1.073494 -0.517159 -1.026156 -1.221452 -0.230430 0.325640 -1.120473 0.324835 0.779900 0.546545 0.720786 -1.978039 -0.599120 -0.920426 1.126704 0.185479 -0.642052 1.380406 -0.296923 0.942635 0.205083 0.739286 -0.321903 -0.774618 -0.023435 0.908661 0.865729 -0.412248 0.458726 -0.179996 -0.579793 0.927413 0.319946 -0.947175 -0.728614 0.272681 0.376492 0.663404 -1.183598 0.654000 -0.840773 -0.330648 -1.338212 -0.376548
17 -0.209429 -0.802218 0.263396 1.260841 0.640086 -1.173539 -1.861603 0.799058 -1.214029 -1.173228 0.250709 -1.263254 -0.307333 0.458706 0.542365 -0.526027 -1.636044 -0.760812 -0.220747 -2.290557 -0.940398 0.594157 0.132741 0.214755 -2.286467 0.562953 1.409741 -0.530678 -0.450746 -1.194163 1.053646 -0.207563 2.094358 1.193705 1.076119 0.106302 -0.976404 1.093494 0.821517 -0.225377 2.464860 -0.150162 -1.171155 0.716189 -0.750898 -0.611837 0.428816 -0.729343 1.250037 -1.094543
18 0.406517 -1.297243 -0.137796 1.505918 1.451820 0.346578 0.002560 0.152935 -0.949879 -1.720573 -0.722429 0.929867 -0.680087 -2.830862 0.842411 0.214958 -1.513992 -0.457443 -0.196522 1.371563 -0.777417 -0.687755 0.720837 0.539919 -0.628323 -1.051169 -0.806982 2.353306 -0.569370 0.973426 -1.315020 -0.834843 -1.416418 0.645309 -1.358377 0.632320 1.106222 -0.693319 -0.941536 -0.621347 1.200398 0.584130 0.049116 1.688447 -0.146980 -0.814816 -0.424999 0.095982 -0.186711 0.115715
19 -0.137214 0.512129 1.706434 -0.008157 0.380249 -1.787191 -0.529738 0.578100 0.427042 -0.304660 -0.907790 -0.339654 -0.324512 -3.660674 1.699234 0.553689 0.314938 2.437400 -0.208349 -2.067797 0.009214 2.314539 -0.182593 -0.518768 -0.022186 0.319201 0.643242 1.331229 -0.184711 -0.133109 -0.146404 0.237241 0.324938 -0.405123 -0.713744 -0.679637 0.924719 -0.193522 0.648624 -1.178445 0.920652 0.447219 1.033668 0.312075 -0.369796 1.440795 0.040683 0.027019 0.589547 -1.016438
20 -0.704307 -0.810217 0.027903 -1.547562 0.464052 -0.566115 0.862756 0.304511 -1.627979 0.484610 2.234841 -0.156422 1.650727 -0.031562 0.619829 -0.533234 0.355308 1.494266 1.638365 -0.681080 1.227259 -1.177188 -0.749020 0.420000 -1.290218 -0.261276 0.902573 -0.199932 -0.370719 2.343275 -0.300524 0.649290 0.167456 0.114437 1.482392 -0.294933 -1.544801 0.897969 1.184633 -3.198691 1.848396 0.554293 0.601341 1.378925 0.200415 0.000746 -0.535820 -0.896301 -0.244786 -0.820825
21 0.419523 0.064961 1.172396 -1.067030 -0.527281 -1.947488 -0.670320 -1.182228 -1.423106 0.750486 0.596622 0.325602 -3.261141 0.962417 -1.192720 -0.582108 -0.564451 -1.291392 0.357225 0.329933 -1.412692 0.022851 -3.541739 -1.310433 -0.175674 -0.801767 -1.292265 -0.639903 -1.181862 -0.140381 1.274278 -1.849214 0.151474 0.029072 0.746499 -0.035221 -0.197749 0.638233 1.166164 1.621576 0.884778 1.225783 1.571122 -1.276098 0.512399 -1.387705 1.240245 -1.284005 -0.297076 -0.286427
22 -0.465915 0.966809 0.145955 1.438056 0.019372 0.451448 -0.379993 -1.566032 0.591842 -1.414566 -0.542662 0.483666 1.271308 1.075238 -1.047064 -0.494469 0.235708 -0.635463 0.615195 -0.851258 -0.878979 1.977991 -2.007421 0.627067 -1.068892 -0.291825 0.244405 0.048531 -2.862558 1.258319 0.464018 -0.193017 -1.033062 1.064306 -1.279226 -0.318766 0.617934 0.473357 -0.429724 -1.419045 -0.267173 0.423491 0.716416 2.502938 0.617957 -1.159880 0.408818 -1.563820 0.986408 -0.059788
23 0.103254 1.064971 0.768617 0.228145 0.507860 -1.411041 1.470880 0.257598 0.582229 1.454416 0.500649 -1.686809 -0.327656 0.732413 0.615789 2.005489 0.168829 -0.048115 -0.352640 -0.509917 0.946474 1.702014 -1.350919 0.453518 0.191840 -1.665842 -0.745161 -1.081388 -0.790745 -2.048446 2.028880 -0.235045 -0.432939 0.375030 0.551573 -0.658048 -0.697969 -0.152705 2.135609 -0.630740 0.488330 -0.294844 -0.032146 0.506967 -1.029371 0.227024 1.152979 -0.490065 0.528151 -0.987870
24 1.080009 1.561440 -0.686244 -0.549400 -0.674132 1.168675 -0.346337 -0.366795 -0.601637 -1.030794 1.533127 -1.610309 0.373720 -1.644235 0.849334 -1.046287 -0.061888 0.074763 0.813834 0.160199 1.440239 0.047335 -0.095540 0.922975 -1.340952 -0.530632 0.673676 0.330318 1.414782 -0.696725 0.748394 -0.374699 0.740155 -0.335068 0.302142 0.071376 1.120996 -1.421585 0.012108 -0.339516 1.272470 2.212513 1.165946 0.223067 -0.616110 0.828487 0.660342 0.556345 -0.100246 -1.192644
25 1.019890 -0.771410 0.736179 -0.579884 0.458420 -0.030878 0.785428 -0.326831 -0.597473 0.030120 0.942632 -0.053103 -0.269357 0.315235 -0.281335 1.070204 -0.860706 0.022688 -0.514666 0.055117 0.970601 0.049432 -1.906451 0.101189 -0.718974 1.568309 -0.635824 -1.167277 -0.515194 1.312317 1.012158 -0.585934 0.391809 0.033606 1.859924 -2.114511 -1.407771 -0.147592 -0.638065 -1.647938 -0.856931 -0.719367 0.213327 1.852915 -0.709196 1.257116 1.008420 2.144369 0.345255 -0.882644
26 0.123133 1.674127 -0.059882 0.546377 0.884166 -1.253600 0.679075 0.825183 -0.285646 -1.207796 0.825163 -2.015690 0.775161 -0.363070 -0.117290 0.227917 -0.635538 2.023302 0.839846 -1.597415 -1.386176 -0.405887 -0.313640 -0.646594 -0.946240 -1.135837 -0.488523 0.304253 -0.086546 0.793806 -0.215889 -0.399166 1.127925 0.441179 -1.057679 0.920539 -1.259255 1.945297 -0.448879 0.248562 -0.816552 0.239824 1.650385 0.009939 1.945093 0.465255 -0.941132 1.213435 -0.239696 -1.261812
27 0.459741 0.529387 2.061671 -0.910400 -1.211988 0.831290 -0.968182 -0.512092 1.880206 -1.180679 -1.462413 0.938329 -1.861583 0.578446 1.023794 -0.458483 -1.846114 -0.474125 0.152100 0.492369 -0.427203 0.374738 0.116522 -0.435927 0.303307 -1.717712 -0.582242 0.191444 -0.181795 0.188836 -0.381561 -0.447485 -0.500777 0.151397 0.185835 0.304704 -0.624926 1.317382 -0.018762 -1.114838 1.042854 -0.928247 0.557355 1.584140 -0.171749 1.014219 -0.553639 -0.069291 0.981758 2.134245
28 -0.443136 -0.934875 0.311056 0.174784 1.244161 1.094500 0.425155 -0.649444 0.303089 0.410250 2.067501 1.298071 -0.213421 -0.644339 0.202205 -0.337099 1.568602 -2.420054 0.950954 0.800980 -0.090429 1.269542 1.370315 -1.380749 0.768839 -0.870746 1.068141 -0.702171 3.352267 -0.343485 0.809829 -1.089347 1.974713 0.777489 0.176911 1.092443 -1.408883 0.558652 -0.238185 -1.609426 -1.060058 -1.149126 -0.843133 -0.853950 -0.472577 0.368071 0.455021 0.974567 -0.241722 2.091406
29 1.174443 -0.256999 1.313450 0.940652 1.708243 -0.048156 2.029995 0.880640 -0.529042 -0.973121 1.855418 1.009611 -0.423271 1.403785 -0.653545 -0.086491 2.942301 -0.958284 -0.168304 -0.506243 0.285973 0.360496 -0.305721 0.422646 -0.636151 -0.598207 0.364471 -0.583258 -2.274296 -0.296038 1.075242 -1.188820 -0.252880 0.359259 1.104307 -0.677650 -1.498416 -1.171398 1.869612 1.104871 2.635681 0.033330 1.015336 -0.883511 -2.020132 -0.544774 0.401772 -1.035936 2.089866 -2.520608
30 0.475854 -1.231388 -1.942133 0.738867 -1.247183 1.032780 -0.126491 1.147594 1.312172 -0.547205 0.384101 0.110677 -0.311904 1.738812 -1.554423 0.648893 -0.081496 1.268754 -0.952341 -1.927977 1.515854 -0.610423 0.393565 -0.803184 -0.351688 -0.410839 0.531195 0.277328 -1.073886 1.814541 -0.206719 -1.368789 -0.243150 -2.542259 1.194599 -1.034088 -1.041731 -1.023495 0.505225 -0.159972 -0.339310 0.250777 0.979885 0.197121 0.511588 -1.133904 -0.639997 1.129099 0.421897 1.051840
31 0.711467 0.268603 1.439478 -0.388891 -0.451816 -1.698341 0.537422 0.210898 -0.783427 1.342977 1.402591 -0.061411 -0.324417 -1.455150 0.139044 0.909705 -0.869902 -0.301937 2.474769 0.388978 -0.308918 -0.489338 0.822114 0.914164 0.458738 0.570693 -3.277879 -1.267845 -0.894254 -0.620945 0.135426 -0.989181 -0.455627 0.787889 1.073450 0.429254 -0.513944 0.061772 -0.286538 -0.174419 1.007311 -0.683812 0.721704 0.922030 -0.080946 -0.577434 -0.319398 0.744280 -0.324254 -0.446109
32 -1.752169 0.339815 1.988411 -0.524946 -0.499381 0.643051 0.470301 -1.168629 -0.525285 -0.213184 -1.404146 0.498568 -0.952920 -0.179678 0.844144 0.869428 1.913358 -1.158966 -1.542059 -0.431922 -0.817768 -0.465741 -0.864311 -1.796944 -0.091300 -0.560083 0.555112 1.349127 0.590279 -0.254787 -0.829733 0.913232 2.274427 0.836590 1.240003 -0.075749 -0.142281 0.692359 0.418880 -3.575811 1.586548 -0.672045 0.486445 -1.705674 1.035497 -1.827910 -1.020077 2.784810 -0.235124 0.718450
33 -0.684401 -1.107134 0.531855 0.729617 -0.203242 -0.926728 -0.854242 -0.569763 1.423432 -0.144027 0.373264 0.750391 -0.923779 -0.364488 -0.320381 -0.180722 0.713551 0.438613 1.683877 -0.645118 0.702580 -0.350798 0.708664 -2.403667 0.244359 0.764448 1.123095 0.050773 -1.099918 -1.299410 0.000927 -0.584698 -1.910666 -0.183098 2.132241 -0.912388 0.788428 -0.640570 -0.619253 -0.649084 -0.794748 0.487838 -1.530262 -0.957918 -1.084343 0.745818 0.172855 -0.398340 1.801920 0.165875
34 0.376413 0.533494 -1.328055 -0.675792 -0.886734 0.331574 -0.533890 -1.052037 1.596569 -1.996347 0.127061 -0.122421 -0.934139 -0.842291 -0.875569 -0.795907 -1.500975 -1.072387 0.024158 -0.286034 1.045715 -0.458572 -1.988442 -0.125420 -1.472421 -0.608482 0.216820 -0.145800 0.680713 1.268439 -0.611031 -0.099159 -1.022994 0.942350 -0.458822 2.579357 0.386172 0.205346 -0.535568 -0.339962 -0.174851 0.387887 -1.165268 -0.480372 -0.641107 -1.533311 0.486569 1.667758 0.788415 -1.256638
35 1.449065 -1.285748 1.415956 1.545310 -0.107715 -0.304957 0.963428 -0.112154 -2.867189 0.771620 -1.618040 0.935988 -0.941895 -0.388898 0.362467 0.509271 -1.183697 -2.548856 0.054373 0.132105 -0.760142 -0.719924 -0.211458 -0.817629 2.128215 -0.200935 -0.417180 0.726764 1.036994 0.581990 0.716939 -0.586006 1.093184 1.139285 0.230178 0.829168 -1.974397 -0.303317 -0.574860 -0.084579 -0.006299 0.681648 -0.048168 -0.517979 0.107120 -1.355765 -0.916914 0.194489 -1.161363 -1.088721
36 -1.529363 -1.117561 -1.009611 -0.363639 -1.307757 -0.080069 1.027049 2.276001 0.127405 1.962602 0.552003 -0.806950 -0.788284 0.004444 0.177089 -0.461265 1.357062 0.398848 0.266723 -1.393257 -1.253083 -1.011184 1.949170 0.981391 0.139225 -0.532198 -1.125034 -0.287423 -0.679821 0.160633 0.149954 -1.241849 0.251948 -0.013075 -0.262840 0.728435 -0.864932 -0.760812 -1.725844 -2.106994 1.417919 0.404209 -0.264310 -1.271433 -0.164053 0.329688 0.640085 -0.331051 1.194420 -0.690459
37 -1.512543 0.657134 0.376152 -0.402891 -0.022228 -0.673904 -1.736897 -0.871202 -0.112981 -0.306572 -0.316089 0.350986 0.238642 0.181646 -0.301601 -1.064671 0.910953 -0.078086 -0.042266 0.788030 0.539855 -0.110064 0.584517 -0.433844 0.861957 -1.058413 -0.895798 -0.226775 0.483466 0.873823 1.027960 0.108286 1.301704 -0.165539 1.476889 1.668822 -0.367008 1.649323 -0.293892 1.096515 0.539157 0.487407 -0.032000 -1.502243 -0.871586 1.481585 2.835687 -0.361716 0.083408 0.740911
38 0.248463 0.680376 0.614096 1.222273 -0.299512 0.333853 0.116143 1.751704 -0.524063 0.414218 -0.502517 -1.236446 -0.189946 0.289041 -0.370691 1.518393 0.530105 -2.463047 0.185906 0.447294 -0.276480 -2.570437 0.532676 0.920566 -1.121148 -0.162058 -0.275743 -0.380332 -1.059699 0.371908 -0.961601 0.479187 1.406196 0.550462 -1.339385 0.433876 1.127283 0.391191 -0.870517 -0.150002 0.281653 0.053871 -0.363991 0.905927 0.529361 1.945335 1.194990 1.322796 0.483217 1.412182
39 -1.172333 -0.005218 0.527750 0.378124 -0.717914 -1.862412 0.466334 -1.739411 -0.195772 0.313550 0.352696 0.554468 1.187606 0.918507 0.568530 0.298286 -0.212272 -0.353711 -0.545269 0.480920 -0.309161 -0.292647 0.636064 0.429587 0.828856 0.443859 -0.289480 0.227642 0.800517 -0.207419 -0.801375 -0.959255 1.075150 1.045428 -0.438657 -0.060812 0.175487 0.130502 0.550119 -1.252954 1.146139 -0.379221 1.464267 -1.122535 1.057375 1.063653 -1.380747 2.153059 -0.735678 -0.652660
40 0.786820 -1.731085 -1.230878 -0.528047 0.069237 0.070902 1.127120 -1.024887 -2.238065 0.354454 -0.697752 1.086856 0.323259 -0.717714 0.359763 -0.729056 -0.779188 0.348790 -2.046877 0.045250 0.939997 -0.074155 -1.413211 0.684125 -0.304550 0.511190 0.730396 -1.080096 1.428085 -0.208096 -0.129740 -0.603888 0.565185 -0.030632 -0.057086 -0.521592 -0.820445 1.260731 1.931283 0.487187 -0.464866 -1.968043 -1.466265 -0.756175 0.305279 0.643004 -0.038753 -0.430703 -0.274827 0.387563
41 -0.541464 0.181545 0.749655 -0.607014 0.347296 1.531995 1.380870 0.896189 -0.328030 1.440204 1.601356 0.893789 2.338564 -1.176377 0.457640 -0.588285 -0.108867 0.287665 -0.532839 0.842153 -0.105021 -1.065768 0.940822 0.535181 -0.663713 -0.326421 0.022519 0.475298 0.817437 -0.175040 -0.873699 0.599979 0.538779 2.401378 1.304955 0.132742 -0.275007 0.643067 0.778258 0.082892 0.950350 0.284489 0.112099 1.324396 -0.589312 -1.396516 -1.483948 -0.391762 0.618799 0.464594
42 -0.288113 0.791074 0.807758 -1.464284 -0.864009 -0.937541 1.671502 0.209025 1.783417 2.065563 0.094169 1.392507 2.601352 2.826404 -0.791039 -1.311695 -0.478708 -0.872405 0.985742 0.159473 -0.231910 -1.693022 -0.643789 -0.073864 -0.346301 -1.327507 0.537758 0.004773 -0.324532 1.273253 0.869287 1.165603 -0.225669 0.128282 0.206062 0.255404 -0.102207 -2.622101 2.398112 0.532687 -0.570351 0.408014 0.602012 -0.150654 -0.017682 -1.148862 1.033716 -0.359477 1.511125 0.549463
43 0.766692 0.686041 -0.183504 -0.578489 0.767595 0.299693 -0.112201 -0.468006 -0.187389 -0.283598 1.693304 -1.016103 2.857938 3.782517 0.541530 0.591675 -0.180878 0.442730 1.280176 0.436290 -1.334406 1.651533 -1.260497 -0.462153 -1.449610 2.382819 -0.115178 -1.593000 -0.057329 0.869868 0.594519 0.021694 0.190581 0.899046 -0.112058 -1.066558 0.804218 -1.207491 2.418521 -0.385857 1.741661 2.398821 0.914062 0.744974 -0.073273 0.192325 1.464104 1.118244 -1.227972 -0.206869
44 -0.501155 0.390719 1.068287 1.311079 -0.022519 -1.597494 -0.879929 -1.126847 -0.380785 -0.418367 0.822516 1.531411 2.510471 1.763038 -0.388309 0.803589 -0.681715 -0.414694 -0.629456 -1.927854 -0.043863 0.998237 -1.549528 0.380565 -0.702330 -1.409278 2.220943 0.409777 0.702896 0.264582 -1.393290 0.814429 0.125982 0.936770 -1.168310 0.082170 -0.179814 -0.262779 2.595280 0.480446 0.059324 0.594281 -0.734002 -0.558926 0.357335 -1.845919 1.999733 1.746537 -0.552684 0.445194
45 1.078208 -1.052226 -0.528495 -0.213979 -1.356904 0.659319 0.360478 -0.101543 -0.059089 -0.315751 1.732706 0.432411 0.327839 -0.276098 1.431343 -1.026926 1.939649 -0.048663 0.031493 -0.129333 -0.886312 0.540482 0.759167 1.226365 -0.717625 1.394925 0.418265 0.675612 -0.582429 -0.805603 0.905518 0.199121 0.125010 -0.169369 -0.100115 -1.013725 -0.701147 0.045507 0.421839 1.389585 1.977180 -0.656091 0.480048 0.741004 0.292541 -0.623310 -0.270372 -1.208322 0.218754 -2.323478
46 -0.013348 1.359839 -0.678577 1.302360 -0.703210 0.906318 1.713589 -1.880526 2.440077 -0.027237 1.045231 1.849823 -1.492587 1.175592 -0.067218 -1.085793 1.815539 0.654453 1.820115 1.050623 0.036738 -0.721399 -0.617912 0.273216 -0.317820 -0.605380 -0.117554 0.591718 -2.053942 -0.665704 -0.708008 0.748164 -0.146193 -0.967266 0.632448 0.901663 -1.513497 -0.634531 -1.496578 1.062185 0.907353 -1.654850 -0.991913 0.669659 -0.149640 -0.622722 1.783843 0.024322 -0.173341 -0.084026
47 -0.122963 0.430689 1.385248 -0.302955 -0.645533 0.737379 -0.446653 -0.625753 -0.602740 0.727965 0.783504 -1.893482 0.055490 -0.392987 -0.204231 0.431187 0.320964 -0.833205 1.009385 2.640224 1.543955 0.244237 0.426738 0.382146 -0.140791 -1.958943 -0.498911 -0.629434 -2.351092 1.286871 0.452545 -0.437004 -0.000294 -1.351146 0.971936 1.743586 -0.949036 0.716260 -1.534078 -0.259074 -1.232610 -0.972912 0.194978 -1.495206 -2.204068 -1.570299 -0.780861 -0.015264 0.265251 0.241405
48 0.113923 -0.136171 1.559503 -0.528485 -0.494333 -1.947800 0.326237 -0.892889 -0.421773 0.107826 0.310102 -2.224500 2.027373 0.933198 0.761834 1.770146 -0.553154 -0.458902 -0.829056 -0.514359 -1.105492 -1.145980 -0.738676 -1.824505 1.233886 -1.471819 1.248735 0.810896 -1.022975 0.788285 -0.081091 -0.040168 0.476937 -0.529559 -1.520162 0.666516 1.130348 0.314604 0.494144 0.257578 -0.271823 -0.834174 -1.847493 1.086271 0.017275 -0.849426 1.334120 -2.985093 0.445380 0.133071
49 0.500926 -2.285198 0.941573 -0.253660 -0.346475 1.417483 -2.175693 0.382407 0.032664 -0.754612 -0.731226 -0.147959 1.715935 0.373575 -1.480835 -0.959817 -0.247798 0.646882 1.636609 -1.592361 -0.275361 -0.257042 1.091346 -0.015972 -0.080194 0.300956 -1.573729 -0.865098 0.075852 -1.316466 0.884247 0.183249 -1.728633 -0.109212 0.745318 -0.687941 -0.317176 -1.401726 -1.003234 -0.906846 -0.644323 -0.929686 -1.793631 0.684599 0.269027 0.845754 -0.021223 -1.761048 2.119670 1.028898
50 0.725155 0.348010 1.629969 0.357489 0.159363 0.396348 0.306518 -0.924781 0.823059 1.262216 -0.680588 -1.759339 -1.207211 0.651670 -1.323068 0.639266 -0.067673 -0.299420 0.493645 0.303682 0.726033 0.593971 -1.488726 -1.275199 -1.685557 -0.995688 -2.118933 1.009094 -0.461286 -0.245396 -0.560522 -0.671422 1.132753 -0.716373 -0.275039 -0.241058 1.600713 -1.693088 0.232219 0.579403 1.169853 0.819563 -0.897367 -0.622052 -0.003076 -1.332590 -0.544233 1.535843 0.308503 -0.269425
51 1.344401 0.606709 -0.783488 0.694102 0.903793 -1.097585 2.111743 -0.838968 0.839903 1.563555 -1.330575 -1.971059 -0.167233 0.001295 0.896983 1.098689 1.338981 0.322223 -0.798565 0.403531 -1.289663 -0.518313 -0.428238 0.228880 -0.908772 0.601816 1.103092 -0.316429 -0.382716 -0.544045 0.508004 -0.564386 0.120502 -0.414910 0.741987 -2.073209 0.186607 0.409236 -1.099822 2.054353 -0.579787 0.458788 -0.607820 -0.551450 1.653153 -0.282245 -0.462527 0.964422 0.184913 -0.412100
52 -1.493269 -1.929603 -0.829488 1.093935 0.498645 1.250004 0.111221 0.324816 1.253468 -0.783865 -0.508699 -0.968634 0.432012 -1.439237 0.288468 -1.041232 -1.460840 0.244518 0.838002 1.765067 -0.258472 0.000715 0.405357 -0.492439 -1.646850 -0.825907 -0.546453 0.188027 -1.734057 -0.498087 0.228116 0.134622 1.026087 0.830489 -1.071931 -0.480321 3.375258 0.026478 0.097836 -0.380821 -1.741421 -0.529903 0.267142 -1.324200 -1.295263 -1.164982 -0.056432 1.367754 0.248556 -0.909366
53 -0.340439 -0.816264 1.225102 -1.497442 0.954769 -1.151822 -0.076269 0.373786 -1.806470 -1.128564 0.232082 -1.499740 3.603523 1.647187 1.298311 0.749251 -0.090477 -0.371030 -1.217347 0.128631 -1.053359 -0.495722 2.279595 -0.548566 -1.164929 0.820256 0.854750 -0.108976 -0.997704 3.121255 0.163327 0.081063 -0.181911 -0.162116 1.139656 -0.680803 0.835494 -1.205199 2.008367 -0.418627 -2.671444 -0.456516 0.826395 -0.633806 -0.895065 -1.685753 4.215610 0.040292 -0.782168 -0.506592
54 2.103325 1.085330 0.410172 -1.121256 0.411286 -1.484950 0.734706 2.150730 -0.871870 -0.568818 -0.724048 -0.623359 -0.678091 0.145029 -0.276525 -0.027735 -0.298298 0.343455 0.217747 0.938078 -1.475964 0.814078 -0.055194 2.220943 0.365268 -0.376922 -1.502863 0.891987 1.723019 1.410818 1.582441 -0.814665 0.964421 0.125615 -0.470923 -1.375176 -1.370780 1.394994 0.432422 -0.223160 0.189145 -0.840670 0.817345 -0.388244 0.904961 -0.295564 0.424260 -0.770282 -0.248723 0.816862
55 0.875524 -0.742361 1.393191 1.805895 0.252113 1.976933 0.746190 -0.066102 -0.543991 1.402079 -1.033505 -0.015544 -0.158628 -0.434751 0.470033 -0.701587 0.185830 1.151594 1.171053 0.696413 3.459883 0.129379 -0.175129 -0.464770 1.128312 -0.533659 -1.979403 -0.531000 -0.163063 2.042889 1.491375 -0.994773 -0.317005 -0.070648 0.826947 2.041451 1.170487 1.385701 -0.082451 -0.128723 -0.126688 -1.685632 0.182364 -0.333492 -0.298165 1.009605 1.429778 -0.550305 1.083065 0.202854
56 1.661125 -0.287968 0.568839 -1.489492 -0.678439 -0.446211 0.552001 0.271020 1.255180 -0.719052 -1.490542 0.647416 -1.134723 0.458928 -0.325216 1.217501 -1.777004 1.742431 -0.322624 0.683807 -0.731250 0.478254 0.037214 -0.605792 -1.493949 1.708639 -0.311557 -0.648829 0.500066 0.355789 -0.171582 -0.188930 -0.909030 -0.511699 -2.392846 0.363372 -0.331321 -0.943313 0.206305 2.099275 0.343909 0.334055 0.526448 -1.507887 0.530465 -0.445042 -1.521938 -0.786257 -0.052934 -1.901528
57 1.386970 0.888537 2.464509 0.191674 -0.619428 1.159639 -0.116847 -0.502549 0.740395 0.212782 -2.775440 -1.401848 0.424331 0.749638 0.170589 -0.773044 1.142527 -0.153433 0.980449 -0.820039 0.887465 0.287646 -0.145940 2.431854 -1.762225 -0.236407 -0.544988 -0.574618 0.546112 0.070572 -0.165388 -0.187097 1.453999 -0.218305 -2.298185 0.522063 -1.297447 -0.427774 0.131486 -0.218655 0.338247 0.746531 0.013840 1.098799 -1.448504 -1.364238 0.492700 -0.004811 -0.388107 1.602467
58 0.267135 0.483001 -0.669522 -0.055602 1.795931 -0.182664 0.168753 -1.317407 0.590575 -1.475211 -0.608733 0.822239 0.985931 0.575952 1.105707 -1.019965 0.833904 0.057636 -0.859876 -0.062626 0.640695 0.068712 -2.243793 -0.055601 0.137228 -0.853631 1.676023 -0.523267 0.531349 0.683994 -0.294157 -0.433498 -1.800097 1.608498 -0.604352 0.731444 -0.865600 -1.299009 0.574735 -2.045677 -3.230250 -0.667857 -0.463947 0.643220 1.097783 -0.380528 -0.251277 -0.615141 -0.114722 -1.190819
59 0.605381 1.506946 0.462541 -0.929189 2.029113 -0.289758 1.539388 -1.449280 -0.219497 1.394290 -0.857531 0.637799 -0.878240 -0.915065 -0.488890 -0.352112 0.174270 -0.199391 -0.298109 1.847912 -0.271653 0.435614 1.204776 1.210284 -0.044490 -0.214450 -1.128414 -0.143956 0.747299 -1.207865 -0.771464 -2.074487 -0.225300 -0.440892 0.269965 -0.609222 0.503335 -0.759844 0.268556 -0.926883 0.714053 -1.273738 0.241960 -0.294038 -0.102991 -0.141957 0.885256 -1.012808 0.799311 1.424126
60 -0.553092 1.264614 0.777664 -1.303678 -0.902124 0.862468 -1.479783 1.480365 -0.909406 0.395004 -0.352332 -1.088680 0.115634 -1.566809 -0.950575 -0.145077 -0.008454 0.791161 -0.685292 -0.161680 -1.395231 0.244390 -0.635972 -1.005165 -1.563277 -0.768734 2.323197 -0.034576 -0.625298 1.566603 0.015857 1.417224 -0.407371 0.075233 -1.457533 0.919214 0.148447 -0.456019 0.058775 -1.079279 2.800301 1.745215 -0.303740 -0.639428 0.814523 -0.332300 1.713136 0.583961 0.325311 -0.657456
61 0.390652 0.963748 -2.068809 -0.578255 -0.766919 0.303572 -1.673197 0.177840 -1.618711 0.516291 -1.708568 -0.168737 -0.844788 1.230078 -1.434667 -0.623403 0.700875 -1.499421 -1.160293 -1.387644 -0.078325 1.347150 -0.687673 1.680426 -0.851584 -0.011597 -0.807303 -0.570869 0.063335 0.651528 1.286214 0.976053 0.125457 0.118941 0.074681 1.104080 0.099491 0.654546 1.701782 0.642624 -1.855861 0.439506 0.067055 0.264479 0.697972 0.132783 1.414468 -0.453564 -0.940217 0.504606
62 -0.763751 0.629776 0.699491 1.694926 -0.524139 2.046904 -0.611951 0.103004 -1.139596 0.568676 -0.059743 0.089974 0.738449 1.494520 -1.482679 -0.888732 -1.084464 -0.661874 0.344266 -0.531646 -0.076976 -2.093608 -0.775891 -0.495605 -0.332318 0.938215 2.120052 -0.322183 1.720154 -0.506375 2.836857 1.308389 -0.318745 -0.563710 0.948257 -0.707865 -0.053988 0.677731 -0.562103 -1.815132 -1.443195 -1.368162 -0.418499 0.468845 0.580531 0.821214 -0.237308 -0.790614 0.421643 -0.408271
63 0.048386 -0.594699 -0.725789 0.762167 0.875799 -2.131365 0.253516 -1.455532 -1.117023 0.237423 -0.508422 -0.052287 0.768570 1.095936 1.351763 1.459811 -0.448384 0.917202 0.029873 -1.628982 1.696977 -0.969319 0.147623 0.803059 -1.779138 0.608676 2.630627 -1.547246 -0.754436 1.883503 -0.059765 -2.014352 0.495343 -0.204132 0.121493 1.569908 -0.510608 0.988956 2.276926 -1.055159 0.235906 0.545570 -1.214615 0.388283 0.357576 0.605839 4.591785 0.580784 -1.976406 -1.492748
64 0.507402 -1.091647 1.931251 0.909659 -0.681161 -1.566596 1.256659 -0.825729 -0.348931 -0.491283 -1.297410 0.098117 -0.633123 1.200316 0.876460 2.322491 0.956811 1.102415 0.044867 -2.639706 -1.160429 -0.538465 -0.720185 0.208575 0.399845 -1.237290 0.617674 -0.113413 1.186756 -0.917867 1.007190 0.111972 -0.470247 -2.198807 -1.882249 -0.950353 0.211236 0.068731 0.451171 -0.904879 -1.132980 -0.568045 -0.187792 -1.421410 -0.222855 -0.324411 1.132408 -1.621402 0.618818 1.061650
65 0.538830 -0.345197 -0.797631 -0.862089 0.073227 0.459032 0.664013 0.478479 1.723904 -0.563044 0.336766 1.805168 -1.266566 0.745765 0.472534 -1.057323 0.842438 0.477880 -0.338224 0.662096 0.108405 0.339505 1.009556 1.141565 0.277117 0.507886 -3.003752 -0.007590 -0.463948 0.240643 0.346427 -1.173782 -0.876330 -0.194111 -0.644138 -0.362874 -1.054925 -1.169576 1.276077 0.409495 0.857477 1.215266 1.056193 -0.261226 -0.919421 -0.488881 0.143982 0.865369 1.019721 1.521845
66 -0.333393 -0.193031 -1.100119 0.626134 -0.504569 -1.465859 0.093574 -0.772156 1.510985 0.820210 1.338072 -0.903692 -0.923799 -0.724232 -0.013477 0.012452 -0.737369 -1.721018 0.739029 0.765232 -0.407435 0.705283 -0.848082 -2.244322 0.261424 1.024601 -1.425317 1.099932 -0.710001 -0.397693 0.266806 -0.673212 0.061964 -0.643106 -1.655872 0.577150 -0.251112 1.223427 1.164269 1.327086 0.456776 0.078143 -0.972626 -0.036261 -0.899578 -1.669283 1.018340 1.518685 -0.428781 1.678027
67 0.336475 -1.465181 -0.140702 1.029508 -1.006071 -1.706173 0.458894 0.570595 2.191491 0.355192 -2.061316 1.354329 1.698176 0.132877 -0.543783 0.412460 0.641823 -0.190397 0.668502 1.198197 0.408494 0.888397 -0.789480 0.428732 -0.012266 -0.147112 -2.985722 -0.335310 -1.013641 0.069176 0.277468 -1.320266 0.406473 0.874219 -1.835758 0.169991 -0.664271 0.036043 0.921775 0.589946 -1.131926 0.155087 -0.097341 0.781669 1.106015 1.823374 -0.762627 -0.628497 -0.749715 -1.406819
68 -1.708739 0.021109 0.551087 1.704981 -1.198669 -0.138173 -0.217319 1.477318 -0.549212 0.855059 -1.241253 0.005730 0.844131 -0.984665 -0.076642 -0.985973 1.137525 -1.610398 -0.985810 -0.590138 0.077235 -0.770938 -0.581900 -0.545966 0.560404 -0.786637 -1.278790 -0.800437 -0.469209 0.162200 0.246042 0.617894 0.115312 -1.313541 0.223023 -0.737633 -0.764590 2.026161 -2.141901 0.510038 0.211739 0.500761 -0.228996 -0.197384 -0.254405 0.233786 1.062926 1.019902 2.017634 0.174903
69 1.034928 -1.049921 0.439325 -1.148767 1.826842 -0.315905 0.813013 0.019745 0.218373 0.716058 0.188660 -0.168983 -0.498715 -0.562368 0.269884 0.985258 1.641887 -0.479881 -0.993052 -0.008043 0.375119 0.437097 0.009199 1.001183 0.669133 -0.148956 0.146063 -0.175089 -0.452547 0.484196 1.959338 0.952080 -0.854030 1.610035 -0.732905 0.789283 -0.948477 0.129171 -0.476433 0.832292 -0.917582 -0.263650 0.287397 0.911615 -1.983087 1.146480 -0.597742 -1.149085 -1.448264 -0.571195
70 -1.293867 -0.256248 -1.269685 0.904876 -1.193256 -1.209920 0.084374 -2.289936 0.694336 -0.845786 -1.421325 0.764714 0.343477 -1.184524 0.541683 -0.399783 1.186770 -0.630009 2.297963 -1.064907 -1.573751 0.654818 -1.821963 -0.791577 0.511726 1.343856 -2.314225 -0.266345 0.221593 -1.440672 -0.281757 0.458210 0.405665 -0.165849 0.713234 -0.358052 1.085304 1.510262 0.274903 0.542786 0.518679 0.781268 -0.935016 -0.678978 0.062503 -0.096977 -0.880215 -0.615616 0.978772 -0.539152
71 -1.486293 0.056639 -1.990180 0.608237 0.184968 0.993227 1.052456 0.251518 0.282101 0.433101 -0.777584 -0.614918 -0.250597 -1.120496 -1.258061 -0.836884 -0.737274 0.554238 -0.908220 0.110591 0.563158 0.410741 1.258308 -0.600890 -1.554696 -1.003779 -1.045101 0.459866 -0.654697 -1.008205 -0.934166 0.922834 0.327195 0.063077 0.985916 -0.354160 -0.667112 0.246947 -2.980653 0.610246 -0.146320 -0.314638 -0.380381 0.962116 0.596118 1.546783 0.558204 -0.966409 -0.199386 -1.612312
72 -0.622235 -1.138244 0.090491 -1.570525 -0.886202 -0.148523 -0.092281 -1.313856 -2.731606 -0.222693 0.113116 -2.534743 0.074404 -1.235064 0.321132 -1.918615 0.460100 1.453102 0.145879 -1.624921 -0.116873 -0.101868 -0.533869 -0.531120 -0.330887 0.557295 -0.458905 -2.045469 0.094966 0.234578 0.935513 1.175686 -0.122788 -0.543219 -1.030728 -2.622973 -0.139989 1.227690 1.145789 1.132717 0.143917 0.515801 1.373240 1.226670 2.042817 1.018725 0.191406 0.281028 1.030378 0.051595
73 -0.094641 -0.703213 0.093064 1.997794 0.970255 -0.229639 -0.701724 0.925892 -0.189842 -0.295866 0.370363 -2.012979 0.038451 0.339534 -0.693653 -0.249814 1.769941 0.799326 0.355785 0.526703 -1.396723 0.863424 0.240895 -0.778301 0.261882 -0.040058 1.203943 -2.045458 0.785972 1.458665 -0.067950 1.213669 0.279578 1.966248 0.642293 -1.396297 0.610991 0.990107 0.353660 0.524823 0.208400 -0.244118 -0.472686 -0.599487 0.286840 0.254004 1.300169 -0.596561 -1.028773 -0.971064
74 1.365617 1.684208 0.491751 -0.078215 0.433252 -0.102715 -0.632427 -0.668418 0.111877 -0.491509 0.325764 0.733216 0.373883 -0.000534 -0.725032 0.125004 -0.070362 0.961698 -0.227606 -0.487761 1.660427 -0.338953 -0.204565 -1.203253 -0.653290 -0.630423 0.525779 0.234504 -0.164226 -0.250700 -2.319928 -0.056076 -1.088744 -0.606533 -1.414808 -1.075171 -0.636172 2.025878 -1.580396 0.593455 0.240965 -0.199166 -0.047569 0.299689 -1.554234 1.170234 1.660019 0.601798 -0.172961 -0.262018
75 -0.412550 0.595266 -0.998758 -0.607950 0.122687 -0.080528 0.106522 -0.523192 -0.882120 1.546478 -0.601396 0.118196 -0.308543 -0.619452 -0.651289 -0.301547 -0.258676 0.220569 -0.154914 0.192383 0.319349 -0.382078 -1.193838 1.453511 0.565232 -0.522188 -0.064129 -0.898251 -0.813862 1.283901 0.702741 0.839048 0.898427 0.406740 -0.081988 -1.095179 1.285734 0.567593 0.647494 0.493558 1.077410 1.013446 0.618387 -0.483993 0.299982 -1.269234 -0.091590 0.298183 -1.711955 -0.588884
76 -0.454959 1.032323 0.710932 0.500799 -0.050694 0.792417 -1.797286 -0.787856 -0.194929 -0.038714 -0.125135 0.456905 -0.466296 -2.383901 0.173306 1.732372 -0.153870 -0.647364 0.255995 0.080271 0.037053 1.179164 -0.817662 -0.140255 2.273717 0.789341 1.698026 -1.820391 -0.675572 -0.828392 -0.689704 -1.483407 0.428582 -1.189470 0.137901 -2.056073 -0.508467 -0.337051 -0.001615 0.189172 -0.338080 0.703990 -1.806061 0.881053 -0.255091 0.188099 1.118889 1.286629 0.687713 1.053857
77 0.381343 0.625499 1.026651 -0.699817 1.082202 -0.978027 0.043140 0.205076 -1.395361 0.821428 -0.476735 -1.580006 1.427098 -1.662134 -0.518181 1.004370 -0.514255 0.478957 1.146959 0.234767 1.399119 -0.672872 -0.007945 0.033654 -1.193676 -1.273418 -0.249728 0.142618 -1.043570 -0.196543 -0.442767 0.782562 -0.153580 -0.392704 0.572450 0.117296 -0.324852 0.377341 1.198526 0.790231 1.651848 -0.622009 0.677114 -0.885555 -0.850059 0.642658 0.101119 1.380384 1.010269 -1.356887
78 0.154423 0.837574 0.201776 1.194024 -0.129898 -0.714183 -0.461186 -1.070292 0.065440 2.444242 -1.055932 0.798911 -1.038008 0.196252 0.356198 -0.119279 -0.811009 -0.786151 0.477347 0.793266 -1.430487 -0.226415 -0.141000 0.283149 1.888940 1.036450 -1.217054 -1.339977 -0.312825 -0.133209 1.269283 -0.875673 0.199513 0.001917 1.057828 -0.789924 -0.408020 1.165887 -0.031543 -0.399547 -0.596743 -0.150532 -0.083825 2.774852 -1.370139 0.729859 0.831461 -1.209961 -2.030193 -2.624419
79 -0.510578 -0.776041 -0.306212 -0.385934 -0.355818 0.070875 0.060932 0.154728 -1.061054 -0.522930 -1.763862 0.633448 0.667923 0.211401 1.444777 0.782841 1.117075 -0.573462 0.282601 1.039316 -1.241545 -0.918957 -0.842226 -0.597435 -1.138451 1.569040 1.078606 -0.066770 -0.206899 -0.900898 2.104251 -0.084515 0.146110 0.437247 -0.195372 -1.204791 1.857934 -0.276656 0.269824 0.409234 1.086098 0.753223 0.227597 -0.263462 -1.308012 2.111687 1.070326 1.611735 0.064309 -0.474378
80 -0.282172 -0.179678 -0.088465 -0.163215 0.947505 -0.786987 -1.268125 -0.813963 -0.563104 -1.732855 -2.101359 0.490363 -1.497078 -0.243355 -1.534469 -0.683540 -1.645824 1.606441 -1.968233 -0.649566 -1.189984 -0.630618 -1.424217 -1.265053 1.131029 -0.271033 -0.925567 -0.654955 -0.748153 -0.243906 -0.005283 -0.137778 -0.136665 1.050856 -0.791070 -0.796750 -0.057321 -0.838043 1.105109 -0.096692 0.317515 -0.818888 -1.182475 -0.534102 0.185276 1.001639 0.561989 0.091044 0.453591 -0.104636
81 -1.184549 0.797079 -1.435757 0.999436 0.028522 -0.211857 -0.003520 -1.305930 -1.053713 -1.043218 0.217176 3.373387 1.615236 0.075229 0.907298 0.016105 1.644993 -0.342116 1.016212 0.692464 1.809258 0.516703 -0.866698 0.386777 0.505121 2.267004 -0.675168 -0.399604 0.067913 0.788341 1.136861 0.655660 1.274174 -0.382783 1.706292 0.818744 0.234788 0.742745 -0.464527 0.856833 -0.268051 -0.674466 -0.535987 -0.529103 -0.678774 -0.603928 0.072948 -2.414291 1.011115 0.006601
82 2.007687 -0.507306 -0.114747 1.421971 1.273814 -1.144935 0.230519 -0.869211 -1.552764 -0.095136 0.486930 1.197001 -1.094605 0.327089 2.442736 -0.288426 0.187877 -0.814786 1.823283 1.482890 -0.274845 0.759868 -0.432724 -2.612554 -0.483255 1.041501 -1.123794 -0.377366 1.181988 0.730156 -2.328400 -0.727292 -0.044522 -0.552464 -0.881803 -0.318063 -0.088668 -0.647394 -0.864044 0.938911 -0.394548 0.356258 -0.501933 -0.075956 -0.140113 -0.208169 -0.008601 -0.530560 -0.966686 0.678152
83 0.855030 -0.618578 0.650144 -1.911234 -0.849510 -0.474087 0.676805 1.249694 -1.596961 -0.563659 1.376739 0.587031 -0.168351 1.342168 -0.747349 1.936592 0.337407 -0.519487 0.037896 -1.507040 -0.742066 -0.677979 0.255865 -0.288668 -1.442102 -0.093071 0.484942 0.230026 1.430553 0.555941 -0.299228 -0.237356 0.367430 -0.853159 0.890301 -0.467482 1.529886 -0.806241 0.278853 -1.410555 2.051180 0.247841 -0.268822 1.214000 0.457998 -1.101491 0.776499 0.127418 -0.925853 0.649294
84 -1.539667 0.852724 0.856140 0.441320 -0.188017 0.262372 0.555514 0.168215 0.087399 0.072834 1.654751 -0.116227 0.482227 -0.639550 0.006920 0.999613 -0.903533 -0.756754 0.588233 0.139119 -0.036365 -1.500367 0.028109 -0.737966 -0.448444 0.824265 -1.338177 -1.070939 -0.897060 0.774400 0.527478 1.317217 -0.765826 0.607584 0.599960 -0.269009 -0.786229 1.005291 0.265914 -0.662552 -1.026492 0.139957 0.756870 -0.113332 -0.379262 0.653097 0.899222 0.251307 -0.133638 -0.664743
85 -0.545482 -0.395722 -0.551924 1.608945 1.034092 1.010299 0.578742 -0.865770 -0.119979 -0.165219 0.730070 -1.522652 -0.533752 1.025488 1.314801 0.460848 -0.412153 0.392545 0.713848 0.136991 1.433687 0.891519 1.761827 1.579451 0.619161 -0.705123 0.245748 -0.989653 -0.039085 -1.643164 1.123493 -0.490298 -1.522840 0.302282 -1.062894 0.820895 -0.424268 0.052217 0.809688 1.077889 -2.000900 -0.950658 -1.316566 -0.953896 0.139317 -1.367680 -1.727629 -1.598333 -1.547451 -2.160111
86 -0.032985 -0.528340 0.130905 -0.887751 1.306070 -1.690362 -0.095686 0.664287 -0.023095 -0.524604 -0.023854 -0.342691 2.178691 0.804099 0.835577 1.524368 1.257958 0.107715 -1.923681 0.042987 -1.080484 -1.196708 1.897964 1.242820 0.394211 -1.594759 1.216424 -0.333557 -0.294539 -0.070004 -0.450507 0.513232 0.358233 0.278227 0.200546 0.448980 -1.365238 -1.921063 0.365626 0.286309 -0.194133 -0.058126 1.076065 1.149137 0.777407 1.165924 -2.092549 -0.998021 0.896664 -0.044285
87 -0.386456 1.219567 1.980482 0.094759 -0.742672 0.073488 -0.295400 1.340840 -0.136479 0.459268 -0.210584 1.342163 0.086679 -0.807607 1.624744 1.090545 -0.352800 0.709382 0.504501 -1.281133 -2.176403 -1.041917 1.102113 -0.247371 0.620571 0.716590 -0.609100 -2.499915 -0.537992 1.499661 0.781168 0.480524 -1.070537 0.059392 1.183249 -1.417954 0.606502 0.736658 0.847901 0.554690 -1.014241 1.561323 -0.010256 1.088166 -1.264154 0.195537 -0.534690 -0.071846 1.985855 -1.457486
88 1.108614 -0.694881 -0.410606 0.214687 0.829734 -0.474247 -1.553096 0.562274 -0.228494 -0.302377 1.162887 -0.224589 1.519052 0.047824 0.517085 -0.349109 2.461447 -0.170614 -0.762811 0.089997 -0.392105 -0.970813 0.248811 -0.368937 0.745609 -0.600083 -0.657117 0.473535 0.571179 -1.583878 0.959202 -0.160994 -0.340818 0.029429 -1.502787 -1.440973 0.156362 0.235761 0.026387 1.555182 0.127309 -0.296230 0.468673 -0.615054 -1.656696 0.635548 -0.858054 -0.365246 0.633532 0.175570
89 -1.254259 -0.680532 -0.201222 -0.117272 0.209982 -0.698460 -0.609180 1.093459 0.955228 0.243632 1.172507 1.659288 0.145932 -0.056319 0.319127 0.423216 1.337907 0.668268 -0.192348 -0.560355 -0.571715 0.956709 -0.096207 0.240204 0.292921 0.357586 0.018272 1.384896 -0.261839 -0.409682 1.288661 1.435336 0.744768 -0.872660 1.821857 -1.267399 0.226601 -1.587647 0.088785 -0.904465 0.617601 0.402181 -0.222164 -0.095475 0.093912 -1.581637 -0.952422 0.489727 -0.215032 -1.828975
90 -0.074641 2.720069 -0.885337 -0.692892 1.016427 -1.018745 -0.665538 -0.261420 0.276824 -0.289759 1.782665 0.260157 -0.015846 0.307581 1.379559 1.099758 1.113548 0.180420 0.355214 0.237520 -1.260421 0.894211 0.434134 0.608189 0.933149 -0.920137 -1.220976 0.239962 0.482686 2.348169 0.447972 1.178820 -1.540929 1.886006 -1.174577 0.251230 -1.249434 0.015476 -1.584785 1.077064 -0.092174 -0.036771 -1.517223 1.487832 1.111195 0.270383 0.237887 -1.093317 -0.189072 0.357192
91 0.311666 -0.189752 -0.723638 2.076866 0.828062 -1.355738 -0.088633 1.624738 -0.063431 0.112263 0.591862 0.420542 -0.628556 -0.537624 0.215993 0.392709 -0.375026 -1.042514 2.105939 1.600399 -1.289672 2.708020 -0.915090 -0.803404 1.271864 -0.474944 -0.055521 -2.543643 -1.160833 -0.362682 -1.178440 0.318677 2.335825 0.018253 0.546324 1.366329 0.867613 0.515731 0.013139 0.698583 0.779466 -0.249720 0.534931 0.203259 -1.024594 -1.819347 1.217538 -1.750976 -1.131100 0.886678
92 0.696699 -1.469238 0.134744 -1.724303 0.476053 -0.216610 -0.770018 2.315629 0.798379 -0.363818 2.128654 0.621166 0.716403 0.634607 -1.147832 0.686944 0.612833 0.255209 1.747058 1.011028 -0.012321 -0.663993 -0.979452 0.184226 -0.039989 -0.140396 -1.349983 0.503932 0.355152 -1.289517 0.088678 0.439775 -0.562085 0.108096 0.479240 0.428389 0.841047 -0.004145 -0.428219 -0.198859 0.820853 -0.301320 0.078495 -1.292769 0.260130 0.756037 -1.202924 1.560647 0.252282 -2.553140
93 1.157535 1.474144 1.220091 0.155047 -0.008920 1.450891 0.951899 1.794183 -0.817672 -1.399116 -0.987598 0.251196 -1.936108 -1.157819 1.129971 0.172192 0.745316 -0.211987 1.769105 0.213586 -0.173437 -0.056222 -0.690987 0.181345 -1.214571 -0.986769 0.885431 -1.039023 -0.077642 0.567043 0.372010 -0.355701 -0.547472 0.383832 0.644242 2.416957 -0.265353 -0.725262 -0.197324 0.094954 0.103816 -0.879335 0.575343 0.274104 0.552490 -0.967798 -0.358582 -0.500598 -0.352128 0.642180
94 -0.126558 0.199175 1.422625 -1.255450 -0.836579 1.426323 2.227745 1.168014 -0.809964 1.271668 0.252233 0.145616 0.262433 -1.403044 -0.626439 -1.299369 1.470306 1.730869 -1.055244 -0.160060 -0.663031 0.909779 -1.930372 -0.464966 0.790414 -0.129022 1.321541 -0.187135 -0.712577 -1.127195 0.186436 1.594605 -0.468077 -1.062816 -0.414405 0.505024 1.772362 -0.504308 0.499041 0.856893 -0.917915 -0.787926 -0.457673 -0.953675 -0.187808 -0.473130 -0.703536 0.528542 0.939228 0.356614
95 0.483336 -0.295280 -2.899329 0.545414 -0.092442 0.810731 -1.797441 1.239060 0.173221 0.364079 -0.792225 -0.367501 1.746750 0.589328 0.724245 -0.319473 0.398076 1.415145 -1.459312 -0.768875 0.608278 0.013181 -0.134474 0.066692 -0.600350 -0.287899 0.453234 0.508976 -0.604398 -0.561839 0.008609 0.483978 1.423237 -1.536442 0.463689 0.350505 -0.087216 0.008379 0.227220 0.106801 1.579471 0.977086 -0.114417 1.043929 -1.119217 1.232241 0.820371 1.247380 2.477911 0.688795
96 -0.284804 -1.805765 0.472534 -0.343528 -0.409868 0.659231 0.490072 -0.200866 -0.749410 -0.851893 -0.184320 0.166892 0.633550 1.738283 0.935140 -0.145882 -0.905525 1.334891 0.977988 -0.761736 -0.865051 -0.181106 -1.307339 -1.909824 -0.542245 1.120547 -1.047543 0.494007 -0.785597 -1.100968 -0.894060 -1.237009 0.356073 -0.660729 -1.788820 -0.058835 0.010260 -0.598835 2.519730 -0.352996 -0.271812 -2.567672 1.201613 -1.115839 1.428514 1.619385 0.825403 -1.212582 -0.388820 -0.550777
97 0.440687 -0.500300 -0.777819 -1.398884 -0.946090 0.484900 0.294417 0.725840 -1.980828 0.804392 0.430311 1.395101 0.407170 -0.933764 1.213688 0.295905 0.024954 0.928492 -0.331796 -1.098681 1.202803 -0.016028 1.749338 0.496697 0.218916 0.634049 0.675622 0.475043 -0.256022 -1.136796 0.608585 -1.479365 0.408448 -1.189747 0.166259 -0.377134 -2.123767 0.738622 0.927314 1.398366 0.538299 0.242244 0.048772 -0.329877 0.287473 -0.724226 0.004602 -0.773719 0.378608 0.179579
98 2.000828 -0.027061 -0.347858 0.577932 1.068801 -0.025634 0.790563 1.216451 -0.637040 -1.713379 -1.244391 0.133255 -0.197757 0.765143 0.642214 -0.406436 0.445353 0.784214 -1.451822 0.389026 1.100209 0.528098 -1.777786 0.393742 0.968440 -2.304065 -0.512633 1.001252 1.161845 -0.607768 2.329535 -0.354216 0.978658 -0.600666 -0.350620 0.174515 -1.002448 -1.749672 0.578949 -0.336109 -0.253343 -1.341033 -1.003318 0.336290 1.129910 -1.307396 0.944489 1.021328 -0.718004 -0.268805
99 1.388728 -0.694371 -1.076155 -0.639458 1.839137 -1.679078 0.026139 -0.434311 1.280470 0.824279 -0.323232 -0.792146 -0.535054 1.176671 0.169083 -0.364542 0.884633 0.201129 -0.127352 1.244691 0.368541 0.957429 1.060399 -0.300773 -1.104819 0.645545 -1.723875 0.358347 1.697095 -0.613066 1.699163 0.634699 0.789031 -1.030985 -0.879879 -1.137819 0.162911 1.381228 0.635715 -1.022210 0.561733 0.920154 0.427830 -0.859069 -3.108177 0.346809 1.354811 -1.416889 0.704751 0.333003
END
#################################################################
SECTION3 (Edges Information)
EndPoint0 EndPoint1 Weight
0 1 1.000000
0 9 1.000000
0 10 1.000000
0 90 1.000000
1 0 1.000000
1 2 1.000000
1 11 1.000000
1 91 1.000000
2 1 1.000000
2 3 1.000000
2 12 1.000000
2 92 1.000000
3 2 1.000000
3 4 1.000000
3 13 1.000000
3 93 1.000000
4 3 1.000000
4 5 1.000000
4 14 1.000000
4 94 1.000000
5 4 1.000000
5 6 1.000000
5 15 1.000000
5 95 1.000000
6 5 1.000000
6 7 1.000000
6 16 1.000000
6 96 1.000000
7 6 1.000000
7 8 1.000000
7 17 1.000000
7 97 1.000000
8 7 1.000000
8 9 1.000000
8 18 1.000000
8 98 1.000000
9 0 1.000000
9 8 1.000000
9 19 1.000000
9 99 1.000000
10 0 1.000000
10 11 1.000000
10 19 1.000000
10 20 1.000000
11 1 1.000000
11 10 1.000000
11 12 1.000000
11 21 1.000000
12 2 1.000000
12 11 1.000000
12 13 1.000000
12 22 1.000000
13 3 1.000000
13 12 1.000000
13 14 1.000000
13 23 1.000000
14 4 1.000000
14 13 1.000000
14 15 1.000000
14 24 1.000000
15 5 1.000000
15 14 1.000000
15 16 1.000000
15 25 1.000000
16 6 1.000000
16 15 1.000000
16 17 1.000000
16 26 1.000000
17 7 1.000000
17 16 1.000000
17 18 1.000000
17 27 1.000000
18 8 1.000000
18 17 1.000000
18 19 1.000000
18 28 1.000000
19 9 1.000000
19 10 1.000000
19 18 1.000000
19 29 1.000000
20 10 1.000000
20 21 1.000000
20 29 1.000000
20 30 1.000000
21 11 1.000000
21 20 1.000000
21 22 1.000000
21 31 1.000000
22 12 1.000000
22 21 1.000000
22 23 1.000000
22 32 1.000000
23 13 1.000000
23 22 1.000000
23 24 1.000000
23 33 1.000000
24 14 1.000000
24 23 1.000000
24 25 1.000000
24 34 1.000000
25 15 1.000000
25 24 1.000000
25 26 1.000000
25 35 1.000000
26 16 1.000000
26 25 1.000000
26 27 1.000000
26 36 1.000000
27 17 1.000000
27 26 1.000000
27 28 1.000000
27 37 1.000000
28 18 1.000000
28 27 1.000000
28 29 1.000000
28 38 1.000000
29 19 1.000000
29 20 1.000000
29 28 1.000000
29 39 1.000000
30 20 1.000000
30 31 1.000000
30 39 1.000000
30 40 1.000000
31 21 1.000000
31 30 1.000000
31 32 1.000000
31 41 1.000000
32 22 1.000000
32 31 1.000000
32 33 1.000000
32 42 1.000000
33 23 1.000000
33 32 1.000000
33 34 1.000000
33 43 1.000000
34 24 1.000000
34 33 1.000000
34 35 1.000000
34 44 1.000000
35 25 1.000000
35 34 1.000000
35 36 1.000000
35 45 1.000000
36 26 1.000000
36 35 1.000000
36 37 1.000000
36 46 1.000000
37 27 1.000000
37 36 1.000000
37 38 1.000000
37 47 1.000000
38 28 1.000000
38 37 1.000000
38 39 1.000000
38 48 1.000000
39 29 1.000000
39 30 1.000000
39 38 1.000000
39 49 1.000000
40 30 1.000000
40 41 1.000000
40 49 1.000000
40 50 1.000000
41 31 1.000000
41 40 1.000000
41 42 1.000000
41 51 1.000000
42 32 1.000000
42 41 1.000000
42 43 1.000000
42 52 1.000000
43 33 1.000000
43 42 1.000000
43 44 1.000000
43 53 1.000000
44 34 1.000000
44 43 1.000000
44 45 1.000000
44 54 1.000000
45 35 1.000000
45 44 1.000000
45 46 1.000000
45 55 1.000000
46 36 1.000000
46 45 1.000000
46 47 1.000000
46 56 1.000000
47 37 1.000000
47 46 1.000000
47 48 1.000000
47 57 1.000000
48 38 1.000000
48 47 1.000000
48 49 1.000000
48 58 1.000000
49 39 1.000000
49 40 1.000000
49 48 1.000000
49 59 1.000000
50 40 1.000000
50 51 1.000000
50 59 1.000000
50 60 1.000000
51 41 1.000000
51 50 1.000000
51 52 1.000000
51 61 1.000000
52 42 1.000000
52 51 1.000000
52 53 1.000000
52 62 1.000000
53 43 1.000000
53 52 1.000000
53 54 1.000000
53 63 1.000000
54 44 1.000000
54 53 1.000000
54 55 1.000000
54 64 1.000000
55 45 1.000000
55 54 1.000000
55 56 1.000000
55 65 1.000000
56 46 1.000000
56 55 1.000000
56 57 1.000000
56 66 1.000000
57 47 1.000000
57 56 1.000000
57 58 1.000000
57 67 1.000000
58 48 1.000000
58 57 1.000000
58 59 1.000000
58 68 1.000000
59 49 1.000000
59 50 1.000000
59 58 1.000000
59 69 1.000000
60 50 1.000000
60 61 1.000000
60 69 1.000000
60 70 1.000000
61 51 1.000000
61 60 1.000000
61 62 1.000000
61 71 1.000000
62 52 1.000000
62 61 1.000000
62 63 1.000000
62 72 1.000000
63 53 1.000000
63 62 1.000000
63 64 1.000000
63 73 1.000000
64 54 1.000000
64 63 1.000000
64 65 1.000000
64 74 1.000000
65 55 1.000000
65 64 1.000000
65 66 1.000000
65 75 1.000000
66 56 1.000000
66 65 1.000000
66 67 1.000000
66 76 1.000000
67 57 1.000000
67 66 1.000000
67 68 1.000000
67 77 1.000000
68 58 1.000000
68 67 1.000000
68 69 1.000000
68 78 1.000000
69 59 1.000000
69 60 1.000000
69 68 1.000000
69 79 1.000000
70 60 1.000000
70 71 1.000000
70 79 1.000000
70 80 1.000000
71 61 1.000000
71 70 1.000000
71 72 1.000000
71 81 1.000000
72 62 1.000000
72 71 1.000000
72 73 1.000000
72 82 1.000000
73 63 1.000000
73 72 1.000000
73 74 1.000000
73 83 1.000000
74 64 1.000000
74 73 1.000000
74 75 1.000000
74 84 1.000000
75 65 1.000000
75 74 1.000000
75 76 1.000000
75 85 1.000000
76 66 1.000000
76 75 1.000000
76 77 1.000000
76 86 1.000000
77 67 1.000000
77 76 1.000000
77 78 1.000000
77 87 1.000000
78 68 1.000000
78 77 1.000000
78 79 1.000000
78 88 1.000000
79 69 1.000000
79 70 1.000000
79 78 1.000000
79 89 1.000000
80 70 1.000000
80 81 1.000000
80 89 1.000000
80 90 1.000000
81 71 1.000000
81 80 1.000000
81 82 1.000000
81 91 1.000000
82 72 1.000000
82 81 1.000000
82 83 1.000000
82 92 1.000000
83 73 1.000000
83 82 1.000000
83 84 1.000000
83 93 1.000000
84 74 1.000000
84 83 1.000000
84 85 1.000000
84 94 1.000000
85 75 1.000000
85 84 1.000000
85 86 1.000000
85 95 1.000000
86 76 1.000000
86 85 1.000000
86 87 1.000000
86 96 1.000000
87 77 1.000000
87 86 1.000000
87 88 1.000000
87 97 1.000000
88 78 1.000000
88 87 1.000000
88 89 1.000000
88 98 1.000000
89 79 1.000000
89 80 1.000000
89 88 1.000000
89 99 1.000000
90 0 1.000000
90 80 1.000000
90 91 1.000000
90 99 1.000000
91 1 1.000000
91 81 1.000000
91 90 1.000000
91 92 1.000000
92 2 1.000000
92 82 1.000000
92 91 1.000000
92 93 1.000000
93 3 1.000000
93 83 1.000000
93 92 1.000000
93 94 1.000000
94 4 1.000000
94 84 1.000000
94 93 1.000000
94 95 1.000000
95 5 1.000000
95 85 1.000000
95 94 1.000000
95 96 1.000000
96 6 1.000000
96 86 1.000000
96 95 1.000000
96 97 1.000000
97 7 1.000000
97 87 1.000000
97 96 1.000000
97 98 1.000000
98 8 1.000000
98 88 1.000000
98 97 1.000000
98 99 1.000000
99 9 1.000000
99 89 1.000000
99 90 1.000000
99 98 1.000000
END
#################################################################
SECTION4 (TrueSubGraph Information)
EndPoint0 EndPoint1 Weight
43 44 1.0
43 42 1.0
43 53 1.0
53 63 1.0
END
#################################################################
SECTION5 (Labels Information)
0 0 0 0 0 0 0 0 0 0 0 0 1 1 0 0 0 0 0 0 0 0 0 0 0 0 0 0 0 1 0 0 0 0 0 0 0 0 1 0 0 0 0 0 0 0 1 0 0 0 
END
#################################################################
SECTION6 (bt Information)
-5 -5 -5 -5 -5 -5 -5 -5 -5 -5 -5 -5 5 5 -5 -5 -5 -5 -5 -5 -5 -5 -5 -5 -5 -5 -5 -5 -5 5 -5 -5 -5 -5 -5 -5 -5 -5 5 -5 -5 -5 -5 -5 -5 -5 5 -5 -5 -5 
END
#################################################################
