#################################################################
#APDM Input Graph, this input graph includes 3 sections:
#section1 : general information
#section2 : nodes
#section3 : edges
#section4 : trueSubGraph (Optional)
#
#if nodes haven't information set weight to null
#################################################################
SECTION1 (General Information)
numNodes = 100
numEdges = 200
usedAlgorithm = NULL
dataSource = SimulationData2
END
#################################################################
SECTION2 (Nodes Information)
NodeID Base Counts
0 6.077122 5.948917 -0.913504 5.549453 3.949967 0.622871 5.479193 1.306753 -1.054449 4.979927 3.669323 5.244572 5.793367 7.029714 4.700180 4.401428 2.909532 5.061208 0.679617 2.540233 4.019605 5.567194 5.140233 3.713183 5.773642 4.125497 5.072330 3.650883 1.150047 5.258722 5.438683 5.260931 5.207108 4.850914 5.299768 5.105322 0.326195 6.045005 6.414468 6.747996 4.253281 5.804052 5.490400 5.117457 -0.000914 4.861491 4.016674 1.362611 -0.945587 4.043923
1 6.272797 4.978210 0.094970 5.565743 4.163658 1.158543 5.022389 -0.238270 -0.115871 4.513038 4.585768 3.207867 6.259794 6.030401 5.165588 4.879241 4.434531 5.095070 -2.318993 4.294869 3.803264 5.208465 4.197574 4.589377 6.934045 4.979967 3.940086 3.112998 -1.133999 6.696543 6.359034 6.269750 4.856988 5.832666 6.111313 5.354068 -0.706098 7.335865 5.240771 5.229965 4.565263 5.651693 5.457816 3.191720 0.188489 6.494183 5.208423 -1.269550 -0.134244 3.865644
2 0.229882 -0.499414 0.248360 -0.848937 -0.224592 -0.549804 0.031587 -0.333056 -0.453458 0.081578 0.760797 -0.502822 0.652728 1.405659 -0.466115 0.006735 -1.820537 -1.249708 0.122690 1.822349 -0.777427 -1.819392 -2.702458 -0.513294 2.640412 -0.677267 -1.175569 1.161990 -0.163086 -0.894022 -2.949491 1.239983 0.253325 -1.184807 -0.908681 -0.703032 -0.723674 1.563302 0.326888 0.047658 0.065659 0.102089 1.076003 1.164827 -0.295246 -1.791248 -0.337633 0.276247 0.462818 2.074432
3 0.153765 0.437386 1.424835 -0.156392 1.017510 1.449184 -0.664196 1.920262 1.284294 0.443685 -0.729199 -0.458521 -0.487513 -0.713806 0.055198 0.884541 0.962249 0.659168 0.083081 -0.189715 -0.123612 -1.275078 -0.799645 1.009523 0.236067 1.129502 0.126763 -0.082891 -0.949588 -0.144756 0.572538 1.795238 0.178536 -1.222772 0.006392 0.481140 -1.128112 0.912584 -0.549782 -0.461004 0.535017 1.026178 1.586089 0.306986 0.281574 0.918855 1.091630 -0.571695 0.028713 -0.101781
4 1.173131 -0.643478 2.354563 -0.215476 0.194568 -1.925440 -0.263876 0.037553 -0.567773 -0.305146 -0.629306 -1.595295 -0.201094 -0.399279 -0.336728 0.547583 -0.289973 0.319417 -0.667585 -0.729202 -1.088479 0.600184 -0.116154 -0.023075 1.345510 -1.092573 0.770510 0.815944 0.988356 1.007183 0.556123 0.084650 0.590092 0.261774 -0.632259 0.712313 1.080666 0.789479 0.629748 -0.050480 -2.445497 1.228913 0.103203 -0.515720 -0.604604 -0.856314 0.180904 0.283806 1.241795 0.846015
5 -0.123576 0.542365 0.446781 0.611721 1.645929 -1.351769 -0.295465 0.362110 1.094385 -0.301414 1.084653 -0.443778 -0.644873 0.196622 -0.262058 0.212280 -1.117844 -0.411001 -0.962473 -0.699274 1.638950 0.195478 -0.913821 1.020773 0.676027 -0.859349 1.208608 1.000897 -0.608577 -0.320392 -0.586601 1.102222 -0.152060 -0.010948 1.283712 -1.037372 -0.481503 2.720015 -0.200276 -0.921317 -0.315973 -1.102303 -1.025549 -0.152018 0.117149 -1.738289 0.166867 -0.594011 -1.111645 0.516317
6 -0.858041 0.468914 -0.198832 -0.938214 -1.234598 0.004998 0.025739 -2.129466 0.809622 -1.693661 1.155463 -1.842631 -0.953503 2.564403 -0.360703 -1.037623 -0.336525 0.034697 0.062910 -1.222943 -0.935591 -0.838905 -0.519594 1.138671 0.211562 -1.017175 0.163428 -0.146440 0.390478 0.985491 0.590996 -1.567153 -1.431926 0.516153 0.645429 1.455281 0.029269 -0.318432 0.619188 -0.361128 -2.661053 -0.295370 0.924009 -0.940846 -0.136254 -1.008757 -0.999670 -0.278460 1.163241 -1.109271
7 0.976162 -0.891534 1.497778 -1.364648 -1.342824 0.265730 0.691282 -0.091168 -0.176398 1.034862 -0.511747 -0.285497 -1.023521 0.802003 0.498073 0.880933 0.274278 -0.369950 0.032632 -0.049197 0.323939 0.268316 1.285268 0.708912 0.366097 0.195893 -0.735640 -0.072462 0.545397 1.222323 0.191947 0.410478 -0.764503 -0.001260 0.155307 1.644635 -0.802260 0.428555 -0.124294 0.346599 -0.304926 1.159407 0.316333 0.925286 -0.936961 0.752456 -0.563199 -0.433111 -1.088687 -0.488286
8 0.380871 -2.606368 -0.526961 0.018815 -0.575131 -1.108262 0.100577 0.147758 -0.675294 -0.541449 -0.282121 1.524115 0.899652 1.069182 3.113758 0.159163 -1.362269 2.337135 -1.681981 -1.047474 -0.640323 0.252934 1.154883 1.508814 0.634027 -3.425461 0.370538 -0.663141 1.868168 -0.741958 -0.639567 0.770906 -0.794727 1.717509 -0.980028 -0.434618 -1.333555 0.431701 0.169027 -1.378754 -1.639815 -0.779236 -0.727549 0.557566 -0.167525 -0.265041 -0.133640 -0.669519 -1.723247 1.025718
9 0.963249 -0.949725 1.251923 -1.438313 -0.831134 0.122072 -0.214315 0.475438 0.752404 -1.502595 -1.064520 -0.183514 0.046763 0.002687 -0.921062 1.400059 1.927945 -2.203798 0.591301 0.853880 1.314936 -0.735034 -0.485985 -1.623104 -2.012924 0.171524 1.807239 -0.536731 0.542489 0.924075 2.027536 -0.747310 -0.810649 0.403421 0.651974 -1.881656 -1.449175 0.175051 -1.035810 -0.248225 -0.525353 -0.377707 0.397540 -1.105086 -1.140175 -0.500340 -1.576089 -0.385637 -0.143410 1.604134
10 -1.115764 1.415535 2.411091 0.479105 0.891731 0.944123 -2.042743 -0.283048 -0.689185 0.647725 0.677348 0.118361 -1.774272 0.993619 -0.867579 0.767950 1.338999 0.394818 -1.130317 1.333907 0.178670 -0.336254 0.867465 0.519664 0.095582 0.570808 -0.459851 -1.752130 -0.918495 1.783978 1.187454 0.284796 0.297190 -0.671346 1.445553 0.551335 -0.856634 0.126161 0.600209 -1.307981 -0.972495 -0.786996 0.005819 -0.164538 0.369061 1.263919 -0.013974 -1.045716 0.139390 -0.370007
11 0.376544 2.000185 -0.147987 1.086398 0.283852 -0.409537 -0.093680 1.156895 0.457295 0.224830 -1.704104 0.187368 0.842951 -0.358547 -0.071727 1.102372 -0.996188 0.806380 0.656546 -0.389767 0.991485 1.888669 0.105270 0.430963 -0.425980 -1.246804 -0.350905 0.333639 0.409317 1.608045 -0.874047 -0.109651 -0.572467 0.219628 -0.406230 -0.633579 0.265787 0.351899 -0.225219 1.244110 -0.702253 1.523028 1.116180 2.113689 -0.098047 0.569041 -0.788573 -0.339983 -1.266442 -0.077049
12 -0.152238 -0.168446 1.454082 -0.090008 -0.913927 -0.118611 0.664652 0.099586 -0.635235 1.377423 0.030668 0.165590 -0.088133 -0.305353 0.653568 0.111498 -0.128594 -0.833080 -0.190880 1.091301 -1.195078 -0.906448 0.805123 0.048006 0.862812 0.105064 0.252487 1.056535 -0.611367 0.860327 1.817667 0.928245 0.311926 -0.274921 -0.180640 0.709898 -0.850084 -0.364034 0.655871 1.490974 0.598838 0.861004 -0.605862 -1.273577 0.456218 -0.166961 1.419180 0.624770 -1.534261 -1.110143
13 0.505519 -0.075215 -1.073304 -1.281528 -0.207128 1.642937 -1.385526 0.358553 0.311875 -1.008573 -0.038470 -0.823362 -0.079766 1.333873 0.258268 0.603579 -0.242199 -0.229945 -0.393257 0.905714 -0.498402 -0.925333 -1.402816 -0.011854 -0.049496 1.783887 -1.968222 0.409520 1.255053 0.192301 -1.743591 1.023052 -2.045252 0.327351 0.246002 -0.616230 1.991282 -0.078849 0.289935 2.503205 0.759112 0.127041 0.640952 -0.408520 -0.341269 -0.454882 0.047715 -0.167283 -1.250294 -1.749623
14 -0.249075 -0.185852 1.360569 -1.976189 -0.604416 0.482430 0.199550 -2.477659 0.713819 -0.530796 2.182232 -1.292014 0.217023 1.915623 1.902013 0.109256 -1.113661 -0.324515 -0.737875 -0.728199 1.246641 -1.005662 -0.520974 -0.630738 1.057698 1.346211 -1.017299 -0.175859 1.041667 -0.739151 -1.242249 0.362655 0.827072 1.018378 0.329253 1.003880 0.405840 0.697722 -2.033951 -1.263563 0.351034 0.850297 0.701998 1.217827 -0.125870 -1.872262 -2.749783 0.984388 0.795949 0.688725
15 -1.355902 -0.877261 1.600143 0.130867 1.516173 -0.768392 0.307746 -1.068677 -0.741721 -0.079256 0.080317 0.555589 0.489037 -0.109842 0.621441 -0.440475 0.104890 0.984573 1.028504 1.185600 -0.244805 -0.226040 0.783898 -0.677955 -0.652800 -0.170766 0.763841 0.380879 -1.415363 -0.303179 0.692463 1.106759 0.701831 1.211576 -1.308392 -1.024682 1.550124 -0.510976 0.618051 -1.301802 -0.994105 -1.602153 1.057149 -1.546822 -1.075099 1.332307 0.154849 -1.579067 0.654801 -1.097383
16 1.378249 0.018095 0.466593 0.292877 0.559671 0.051443 0.411848 -0.094414 -1.306330 -0.512227 -0.358692 1.778771 0.050809 1.000062 -1.230589 -0.042428 1.445603 1.309811 1.805919 1.071088 -0.568324 -0.880713 -1.025939 0.616553 -1.936062 -0.356944 0.061365 -0.144390 -2.160482 -1.039321 -1.560626 0.734684 0.870707 -0.917385 0.451100 -0.245331 0.236843 -0.004885 -0.834538 0.493432 0.610099 -1.173968 1.630050 0.099554 0.045506 -0.333365 0.183286 0.080115 0.429521 0.360233
17 0.336015 0.547979 0.591460 0.291812 0.925474 1.727433 -0.830193 -2.575831 0.466191 0.522200 0.953467 0.014490 0.303841 0.282003 -0.301880 -1.544897 0.069621 -0.179858 -1.100085 0.906977 1.329840 -1.546520 0.524189 -1.272038 0.274306 1.546200 -0.339542 0.238277 0.915528 -0.640600 1.249225 -0.732839 -0.045436 0.318310 -0.391234 0.050006 1.534472 0.372028 -2.968218 -0.692860 0.621023 0.171699 -0.519846 -0.002582 1.383539 -0.850823 -1.231631 -0.880203 0.479828 -0.059048
18 -1.124445 1.704523 0.216353 1.062552 0.240500 -0.047891 0.011088 -0.169571 -0.382578 -1.451359 0.795500 -0.111100 0.692500 -0.898502 -0.025111 -0.539734 0.025391 0.520258 0.305765 0.295890 0.546607 0.561318 0.321632 0.631309 0.796680 -0.244968 -1.753318 -0.805011 1.518850 -0.013939 -0.543343 1.723360 -0.248088 -1.122079 -1.333803 -0.567751 -0.569947 -0.285441 -0.469079 0.191994 -0.481804 -0.619811 -0.530184 -1.957579 0.691535 0.281481 0.267415 -1.215711 0.435783 -0.435992
19 0.067969 1.350056 1.036591 0.279417 1.378493 0.128222 -1.128791 -0.432490 -1.250212 2.253502 -1.822403 -0.702374 -0.132043 0.722746 1.242280 0.070235 -0.264152 0.193656 -1.825693 1.194284 1.320357 0.068158 -0.219136 0.689201 1.272431 -0.705227 1.513701 1.560982 1.630954 0.438492 1.927980 -0.993735 -0.492261 0.542301 -2.409965 1.143419 0.730824 0.419196 -0.009693 1.114919 0.280377 0.093385 2.579760 -0.840961 -1.796412 -0.344497 0.030510 -0.483359 -0.974180 -0.826713
20 1.194059 -0.031192 1.328602 -0.408617 -0.757634 -0.002095 0.756404 -0.720083 0.722047 0.716131 1.392301 0.614008 -0.404945 -0.774099 1.591195 1.193921 -0.508222 0.638722 2.204528 1.014116 1.100548 -1.147568 -0.269909 -0.223342 0.938426 -0.331935 1.778024 0.537554 2.125820 0.558667 -0.228633 0.981183 -0.583374 1.841602 0.513423 -0.964140 1.259071 1.332220 1.027032 1.473714 0.602530 0.768179 0.364480 -0.719708 0.355368 -0.517151 -0.159894 -1.382040 -2.375405 -0.343710
21 0.372287 0.956675 -2.125209 -1.848094 -1.278457 -1.637730 -1.030167 -1.575104 -1.497077 -0.993363 -2.100368 -0.238936 0.918005 0.034263 -1.012726 -0.588970 -0.981582 0.917823 -0.242748 0.256628 0.457519 -0.691937 0.703035 0.413164 -1.130087 2.076452 1.269034 -0.750449 0.195465 -0.906141 -0.102067 0.292774 -1.371225 1.254199 -0.165493 -1.488676 1.648727 -0.127736 -0.748134 0.495427 0.554852 0.549165 0.251525 0.889125 0.322936 1.056065 0.891401 -0.991387 0.607523 1.056964
22 0.550684 -0.463103 -0.469277 -1.000544 -1.125306 0.418828 -0.688404 1.836876 2.024491 -0.674697 0.737708 1.335550 1.631614 0.122338 0.900004 -0.144397 -1.601911 -1.128209 -0.068303 0.381792 -0.701432 0.271289 -0.670110 0.703878 0.299822 2.809624 -1.497318 -0.163986 1.561085 -1.681062 1.063525 0.808707 -0.144680 -0.586295 0.582926 0.048561 -0.489935 -1.141164 -0.876188 -0.559162 -0.078992 0.096284 0.834861 0.249488 1.156687 1.530829 1.207826 0.588918 -0.800235 0.050254
23 -1.436704 -0.716047 0.680298 -1.271911 1.188843 0.059591 -1.995969 0.258691 -1.017689 -0.530941 0.713113 0.421914 -0.111749 -0.423429 0.696979 -0.114790 -0.803872 -0.023790 -1.166012 0.391958 -0.248648 1.689973 -0.644108 1.894078 0.342119 -0.225942 -0.430003 -0.803687 -0.954783 0.925059 1.098295 -0.745020 -0.241160 1.312300 0.901926 0.093288 0.435962 -1.472686 1.302251 0.632440 -0.310607 0.354950 1.038474 -1.280704 -0.385096 0.661510 0.148699 -0.606664 -1.800015 -0.157695
24 0.783391 1.717059 1.321669 0.361767 -0.147142 -0.372666 1.540053 -0.740365 -0.511174 0.196525 0.769712 -0.583623 -1.052234 0.308982 -0.425277 -1.202769 -1.776013 -1.193367 0.321739 0.103324 1.541811 0.753622 -1.733920 -0.030512 -2.035358 -0.392243 -0.240081 -0.540543 0.244324 -0.222034 1.025381 1.153180 0.590790 -0.046981 -0.482382 1.556739 -0.669671 -1.327828 -0.966037 0.296239 -0.180280 -0.517549 0.876500 1.319448 1.958756 -0.812362 -0.223074 0.121640 -0.771379 -0.096624
25 0.129774 -0.182619 -0.613251 -0.580251 -0.673462 -2.871801 1.494603 1.328009 -0.236846 -0.311613 -0.478223 -0.152168 -1.269339 0.701387 -1.247056 0.376828 -1.331199 -0.398964 0.334009 0.583118 -2.285334 -0.170484 -0.975383 -1.920518 1.057528 -0.814118 1.093103 0.626598 0.203110 -0.349953 -0.739164 0.237331 -0.283364 -1.443742 0.201135 0.188763 -0.619514 2.038777 0.250743 1.854682 -0.596814 1.766814 -1.391571 -1.544737 1.990632 -0.063344 0.529941 1.264829 0.049807 -1.645172
26 -0.377839 -0.365319 -0.036579 1.980735 -1.217294 0.087852 -0.528101 0.577139 1.879269 0.071150 0.951374 1.514661 -0.517020 -1.159457 -0.730554 -0.404056 -0.453782 0.494715 0.337058 -1.154319 1.908102 0.724727 1.094458 0.391502 1.559000 -1.454973 0.087024 0.718359 -1.827413 0.153896 -1.149364 0.304703 0.932240 -0.701094 1.070313 0.105671 -0.601387 0.362859 -0.738026 1.800443 0.550508 -0.205340 0.213258 1.478727 0.968930 -0.489796 0.939609 -0.447937 0.221100 0.405654
27 -1.009713 -0.854650 0.103470 1.052390 0.309795 -0.830215 -0.267924 0.435571 -0.363320 1.652936 -1.666729 -1.196453 0.609534 -0.587133 1.067622 -0.544148 -0.192108 0.101437 -0.189120 -1.003092 -0.290058 0.455286 1.093396 1.649062 -0.064598 -1.171137 -0.059015 -1.220070 -1.082880 1.268220 0.681185 0.503698 -0.646429 -0.086151 -1.215107 -0.024329 0.080070 1.577700 0.682929 0.538586 -0.476305 -0.062808 -0.271098 -0.389648 -1.830839 0.035223 0.117391 -0.200291 -1.110591 1.218732
28 -1.457867 1.213500 1.021626 -0.600304 2.501949 -0.255075 1.180965 0.421021 -0.460692 0.573559 -1.653592 0.735514 1.271050 -0.104765 0.965792 0.056914 -0.647254 -0.471217 -0.371444 1.426802 -1.829705 -0.023533 -2.352431 -0.805932 1.123822 -0.257453 -0.513544 -0.586128 -0.518691 0.440183 -1.731808 -0.113897 1.349132 -0.841370 -0.976722 -2.692621 0.129052 -0.612555 0.176112 0.664936 0.490239 1.853368 1.063535 1.986312 -0.050494 -1.301228 -0.924893 -0.682326 0.285721 0.766426
29 -1.755724 -1.921376 1.283838 -0.705799 -1.033815 0.502815 -0.144017 0.315499 -0.644559 -0.656917 0.329975 0.805326 -0.058769 0.560778 0.001394 0.092690 -0.294420 0.712508 0.475075 -0.929222 -0.200830 0.333973 1.642614 0.545534 -0.121190 0.307193 -0.472665 -0.093078 -0.656315 0.926284 -0.311591 -0.358348 1.490660 -1.583077 0.836085 1.113347 2.128852 -0.735332 -1.042570 0.098162 -0.114949 -2.039902 -1.566873 0.356737 0.159063 -0.229721 0.255091 0.248574 1.464916 1.403386
30 -0.610595 -1.044409 -0.985986 -1.598897 -1.601748 1.159234 0.549037 -2.101076 1.480302 -0.103851 0.072341 -0.279326 -0.190331 0.684290 1.191266 -1.947544 0.122828 -0.281919 1.173428 -0.705455 0.027584 -0.512934 0.257923 -0.266101 -1.571331 0.618462 -0.074878 -0.409359 -0.296487 -1.206304 -0.923299 0.109942 -0.459416 -0.565056 -1.021779 -1.457788 1.079458 0.986292 1.088588 1.021196 -0.225037 -0.592582 0.343702 -0.481105 0.832014 2.094047 0.532192 0.045144 -0.353141 0.204988
31 0.428528 1.833371 -0.063332 -0.180015 2.313625 1.365963 -2.528810 0.121662 0.210260 1.059333 0.404349 1.222406 -1.599271 -1.789171 0.502785 -0.419850 0.483511 -0.598909 1.914843 0.385413 0.124584 -1.676822 0.588235 -0.147204 0.426912 1.667123 -2.041231 -1.762334 0.664855 1.045741 -0.215937 0.201686 0.103947 -0.025006 -0.471880 0.078635 1.634698 -0.362307 -0.477362 1.578930 0.768970 -0.967755 -0.061755 0.484447 -1.418635 0.510423 0.393152 -1.030771 -0.540010 0.213531
32 1.381055 -0.794583 0.484406 0.485077 0.573605 -1.130378 0.042621 1.162781 -1.115645 0.865746 0.496574 0.637736 -0.154965 -0.753375 0.026359 -1.282950 0.474445 1.990724 -0.100352 2.183132 0.251950 -0.564753 -1.140628 -0.342027 -0.759020 -1.270563 0.054680 0.937013 -2.422374 0.761147 -0.150355 0.036048 0.748242 0.476126 -0.369782 0.538690 0.226541 -0.258997 1.202196 3.364478 0.599138 -0.567880 -0.541951 1.642646 -0.435600 -0.357134 -0.081305 0.815036 2.154831 -1.095211
33 -0.593957 -0.134736 -1.278016 1.184060 2.331312 0.600609 -1.982591 -0.534983 -0.670758 -0.356786 -0.793372 0.187465 -1.106426 -0.196035 0.346032 -1.856395 0.440422 0.118773 -0.610945 -0.647381 0.373348 2.914248 0.220287 1.017848 2.756309 -0.190439 1.057251 0.019397 -0.969972 -0.180539 -0.202887 -0.218771 -0.180155 -0.264797 1.752348 -0.630031 -1.072756 0.111583 -0.318169 -1.108690 -0.056736 0.480606 -2.004711 1.473151 -0.122074 -0.076770 0.317243 -1.145085 -0.138710 0.503482
34 1.311579 0.969934 1.202387 0.067056 0.731847 0.756923 1.156883 -0.877299 -0.298032 0.815545 -2.437188 0.923660 0.629103 1.001040 0.362270 0.014383 1.294537 -1.685469 -0.455899 1.415328 0.740264 -0.711728 0.289554 0.688800 0.531878 0.156049 2.098290 -0.355701 0.405477 -0.651386 1.895022 -2.417806 -0.532084 -0.684843 0.540283 -0.449968 -0.135713 1.149472 -0.092251 1.131723 0.797593 -2.168379 0.442070 -0.419432 -0.941400 -1.062773 -0.952446 -0.951614 1.343236 -1.878587
35 -0.138715 0.339274 -0.506775 -0.005353 0.855914 -0.864399 0.163581 -0.365368 0.573270 -0.271528 0.366328 0.342299 0.164300 0.009093 0.804275 0.732506 1.182672 -1.294447 -0.556369 0.802386 0.500927 -0.260746 -0.929001 -1.446787 1.194907 1.536212 -0.500667 0.051914 1.272971 -0.707366 0.162439 0.186214 0.900978 2.019473 0.037440 0.348418 -0.049346 0.928720 -0.830836 -0.240748 0.049843 -1.291585 0.411266 0.491993 -0.218086 -1.166341 -1.159406 0.195738 -0.116713 -0.045196
36 -1.021690 1.435488 0.354064 1.123893 1.193049 0.886710 0.466396 -0.704058 -0.159506 -0.742761 -0.498575 0.310792 -1.361098 0.403330 0.073701 1.473891 -1.020939 1.490428 -1.964587 -0.614314 -1.509866 -1.005576 0.816598 1.197535 0.883569 1.145755 -0.519487 1.065404 0.042854 -0.018734 0.158236 0.027430 1.699480 -1.062557 0.011307 0.471471 -0.358403 -0.525472 1.737337 0.242735 0.630844 0.444437 -0.065734 -0.133412 -0.192382 0.405850 -0.716199 1.322292 -0.686290 0.756398
37 2.555840 -1.277349 -0.478831 1.926967 0.119320 -2.245895 0.218663 -0.225402 -1.150841 1.335866 0.518755 -2.325538 0.596787 -0.230196 0.300644 0.259843 -0.229302 0.328143 -0.390953 1.440507 0.109908 -0.562887 0.965633 -0.010377 -0.103714 1.568928 0.597250 -0.387945 0.874599 -0.579375 -0.614922 -0.659725 -1.096614 1.489755 0.209808 -0.231280 -0.520742 -0.908403 0.383452 0.826979 -1.103181 0.421317 0.084838 -0.341800 -1.699693 -0.571757 -1.536123 -0.581714 -0.699624 -0.700810
38 -1.573834 -0.424519 -0.641431 0.725126 1.212435 -0.712010 -0.224178 -0.962382 0.407976 1.234883 1.996102 -0.344987 0.228750 -0.524366 -0.499577 -0.696754 -0.111719 0.742921 -2.180260 1.553715 0.513326 -0.409407 -0.033498 -2.196540 -0.603624 0.801463 0.017815 0.302056 0.064558 0.710488 0.801578 1.856722 0.554141 -1.227722 0.145077 -0.996236 -0.400207 0.540351 0.605628 -1.278707 -0.865965 -0.881364 -2.047614 1.176715 0.554028 -0.023181 1.410104 -1.722788 0.117856 -0.761189
39 0.718970 -0.340324 -0.912716 0.398088 -1.418829 1.919643 0.380097 -1.062529 1.298302 0.976047 -0.319954 0.474040 -1.261314 -0.710003 1.480675 0.919516 2.401780 1.066193 0.926382 -2.027448 0.829279 1.395848 0.633001 0.358225 0.367947 -0.163539 -0.247258 -0.500896 0.013471 -1.458805 0.112847 -1.571901 -0.315815 -0.694231 0.070889 0.234289 0.645417 -0.181070 -0.587859 -0.228136 0.120749 0.325698 0.960961 0.553622 -1.498257 -1.670808 -0.778127 0.489801 0.935204 0.997465
40 2.748055 0.826321 -0.393326 0.207500 0.586250 -0.116191 -0.227033 0.850524 0.645799 0.169936 1.216250 1.013481 0.341377 0.104984 0.641499 0.418641 0.599204 -1.850252 -0.122281 -0.364844 -0.348515 -0.061850 0.637752 -0.139333 -1.458385 1.202386 0.355347 0.008362 -3.188244 -0.415122 -1.159741 0.157906 0.251069 -0.755586 0.836317 1.351465 -0.937568 0.133195 -0.894401 -0.063992 -1.207099 -2.065064 0.750387 0.708564 -0.699138 -0.121879 -0.400036 0.318451 -2.135125 1.676089
41 0.062574 -0.700604 0.753106 -0.578242 -0.446864 0.210297 0.170099 2.287630 -3.120314 0.516813 0.474952 0.209599 1.096758 -0.645980 -0.801413 0.097770 0.740730 1.387347 1.427122 -0.308608 -0.048412 1.888077 2.426892 0.037146 0.672275 0.027719 1.389090 1.007887 -0.175917 0.018982 -0.716850 0.794226 1.731231 0.945527 0.302033 0.698095 1.870493 -0.592601 1.623007 -0.308688 0.520562 -0.545469 -0.526782 -1.444980 1.122634 -2.349867 0.597349 -0.105939 -0.077136 -0.446338
42 0.375202 -1.185028 0.251668 1.488506 0.149799 1.112260 1.004771 -0.342225 0.455543 2.262971 0.567882 -2.112995 -1.475235 0.801167 -2.128844 0.414737 -1.961895 -1.175466 0.638640 -0.444704 1.425028 -0.584780 0.634523 0.982084 1.259712 0.609399 0.143851 0.077747 0.775728 1.486197 1.219228 0.292054 0.617329 -0.821179 1.359509 -0.425070 -0.423372 -0.658172 2.597083 -0.500651 0.823922 2.004769 -1.218685 -0.651273 -0.562685 0.409922 -0.499509 1.244616 -0.360060 -0.657295
43 -1.009436 0.692474 0.080950 0.591785 -0.411068 0.258675 -0.330185 1.027759 1.815010 0.585467 0.707219 1.188297 2.066423 -0.419931 0.115885 -0.277595 0.028653 -0.036273 -0.488550 0.598443 -0.012335 1.613128 -0.508294 0.531661 0.857890 -1.380485 -0.883020 -0.307581 -0.410678 -0.671575 -1.948501 -1.500551 0.531535 -0.609211 0.713352 0.660910 1.297349 -0.619458 -0.326668 -0.903243 -1.113667 -0.825377 0.307363 -0.940466 0.556550 -0.383573 -0.649239 2.186407 -0.070987 -0.652555
44 0.510824 0.772415 -2.094879 0.566724 0.062684 -0.356016 1.133364 0.341006 0.062420 -1.918109 0.627790 0.277017 -0.041213 1.016769 -0.062909 -0.391725 -2.022765 -0.329951 0.991976 0.344076 -0.056259 0.148164 -0.987386 -1.614133 0.230370 0.226742 -0.584522 -1.021007 0.073665 1.003621 0.955937 0.358467 0.334574 -1.808450 2.073969 -0.001969 0.565155 -0.361820 -0.679562 -1.229011 -0.421078 0.283498 -0.460867 -0.665014 -0.751284 0.407637 -0.656557 0.600279 1.214388 1.895542
45 0.499334 1.234576 0.105990 0.117326 1.032413 1.847449 1.420296 -0.885793 0.683624 1.549272 1.540767 -0.945276 -0.758898 -1.763444 0.920883 0.267294 -0.697722 -0.656077 0.046005 -2.418724 -1.590370 1.292417 0.719133 0.961477 1.083312 -0.068054 0.828636 0.284302 -0.461182 -0.701343 -0.807375 2.024533 0.787457 -1.448708 -0.487175 0.149968 0.341950 -0.855858 2.386810 1.153308 -0.109136 -0.204252 1.232580 -1.036610 1.915241 0.100739 -0.970043 -0.052060 0.050259 -0.973835
46 -0.496360 -0.757652 2.660572 0.206481 0.504767 -0.247202 1.645014 -0.100282 0.717653 1.933944 0.702968 -0.077961 -0.613926 0.266461 -0.540647 2.540188 0.467909 -1.243621 0.190370 1.780686 0.044533 0.625881 -1.174614 -0.319330 0.380036 1.112509 1.197445 0.100053 -1.431717 -0.756773 0.979826 -0.719371 -0.380504 -0.402530 -1.805664 0.149859 1.094612 -0.475362 -0.236143 -1.307103 1.238382 -1.160780 -1.801868 -0.580873 0.137777 0.168097 2.082666 -1.135444 -1.314315 -0.799225
47 0.718226 0.942743 0.552123 1.434185 0.042754 0.361186 0.426832 1.243315 0.052238 -2.161198 1.450597 0.904570 -0.645774 -0.973092 1.286152 0.861056 -0.435176 1.159968 1.276298 0.542257 2.022883 -1.426309 -1.020478 1.053636 -0.693874 0.007821 -1.064231 2.018340 -0.812775 -1.254992 -0.289880 0.325461 -0.763182 0.250640 0.558827 0.131020 -0.493241 -2.074758 -0.308286 -0.854631 1.216844 -0.921403 1.228923 0.581968 1.573330 0.478741 0.149063 0.503083 -0.758147 0.570405
48 1.130028 2.007428 -0.472224 1.472273 0.610707 0.027223 0.924455 0.987777 1.483080 0.344716 -1.945641 0.122711 0.304349 0.865966 0.239823 1.717970 2.397336 -1.264232 -0.933363 0.454975 -1.208152 1.604641 0.608081 0.508740 -0.789132 -2.490246 0.230667 1.759925 1.132088 -0.639765 -0.951891 -0.122383 -1.252419 -1.062629 0.059028 -1.220536 0.945167 0.055691 0.194467 0.197172 -0.105684 -0.134879 -1.461229 1.127428 -0.310714 -1.115430 -1.255167 -0.262402 0.344155 -0.311113
49 -1.659238 0.765828 -0.424187 -1.298895 -1.457128 -0.147790 0.004704 -0.683459 -0.083078 1.047418 -0.061358 -1.791460 -0.045739 -0.271732 -1.297223 0.611118 1.470515 -0.242912 0.838055 2.581692 0.376463 0.095673 0.604819 1.524447 0.800168 -1.244873 1.873720 -0.075271 -1.004650 0.576977 0.230238 0.485808 -1.141292 0.039690 -2.479788 -1.317139 1.442350 0.442248 -1.637104 -0.417812 0.339298 -1.129489 0.739826 -1.170666 -1.354363 -1.025536 0.376326 0.738570 -0.606025 0.559387
50 1.060898 -0.725786 1.408180 -1.060327 -0.214785 1.292947 -0.564579 0.639160 0.398814 -0.068824 2.677527 0.158734 -0.416959 -0.127960 0.660225 -1.575099 0.204589 1.022943 0.690278 0.540280 -1.465858 0.050525 -0.512467 -1.110705 1.463722 1.580851 1.013988 -1.177589 0.513395 -0.141560 0.132723 0.248551 0.458852 -1.995798 -1.469792 0.252097 -0.167136 -1.345182 -2.678048 -0.460549 -1.400764 -0.543499 0.140325 1.609231 -0.780130 -1.470121 0.243273 -0.302302 0.755630 -1.036189
51 0.946067 -0.281811 1.693391 -1.403649 -0.312083 1.340291 -0.639600 0.696324 -1.417117 0.599261 1.029154 -0.010086 -0.555973 0.149762 0.107445 0.061495 0.775740 -0.089557 -0.551352 0.648481 -0.407721 0.055144 1.474230 0.088630 -1.071820 2.299827 -0.608223 -0.589531 -0.073841 0.917690 -1.473607 -1.579886 -1.644277 -0.787164 -1.721551 0.197341 -0.136156 0.919028 0.906605 -2.168790 -1.632739 -0.039511 0.149488 2.736882 -0.586014 0.962936 0.780209 0.230984 1.531002 0.959185
52 -0.970554 -0.634649 1.497633 -0.281137 0.634887 -0.909473 -0.751565 -0.324605 -2.584332 1.677386 1.491193 0.325771 -1.926292 -0.188768 1.250229 -1.168985 1.767345 0.592481 -0.689576 0.491041 -0.822756 0.288119 -0.594589 0.113272 -0.245076 -0.714436 0.229526 0.365063 0.939090 -0.789420 -0.133239 0.903461 -0.706880 -0.061223 -1.297159 -0.260902 0.510702 -0.864027 0.598138 -1.312460 -1.224303 0.825100 -0.291435 0.077023 -1.119356 1.048018 0.634072 -1.686386 -0.617539 -0.341946
53 -0.479613 0.071649 0.854050 0.647070 -0.271141 -1.191492 0.110028 -2.882420 0.143566 -0.389401 1.175468 -0.648566 1.586745 0.024744 0.237142 0.407619 0.424503 -1.338431 -0.171903 0.642219 0.656415 -0.015937 0.933134 0.043100 0.609426 0.414834 0.564719 0.772500 -0.694992 -0.382905 -0.701089 1.116931 -0.389266 -1.006062 -0.544350 0.684555 -0.108730 -1.124598 -0.641577 -0.916189 -0.663430 0.346515 -0.684976 -0.272134 -0.824496 -0.233747 -0.534803 1.374959 1.106817 -1.240839
54 0.410826 1.199453 0.670401 0.183156 0.227926 -2.129794 0.102711 -1.445460 -0.802424 0.175547 -0.051365 -1.613362 -1.599363 -0.198852 -0.880668 -0.187079 -0.497608 1.052829 -1.139825 -1.238902 1.272822 -0.660942 -0.060028 0.925623 -0.332637 1.077126 -0.325198 0.012903 0.907111 0.649690 0.934432 0.521890 -1.841019 1.247027 -0.227758 1.755356 0.984068 -1.261660 -0.730804 0.852763 -0.498635 0.361966 0.062987 2.140095 -0.236395 0.700540 -0.781989 -3.374725 1.821226 -0.931602
55 0.023304 0.005069 -0.606508 -0.935162 0.042775 0.588613 1.542703 1.580488 1.091831 -0.359916 2.921493 0.974832 -0.216250 0.102059 0.242662 -1.551298 -0.054717 -2.839706 0.338405 -0.946084 0.224031 -0.935965 -1.586099 1.360609 -1.815298 -0.665244 -0.862738 0.605308 -0.509941 1.225965 -0.164336 0.612183 -0.673213 1.816329 0.032365 0.262411 -0.955193 -0.013187 0.040605 0.095090 -2.203832 -0.728307 1.091099 1.468963 0.638482 -0.480989 0.643042 -0.490151 0.319986 0.237342
56 -0.248813 0.309342 0.550945 -1.375406 1.408758 -0.910555 -2.131444 -0.416831 -1.025440 0.354826 -2.074173 0.706483 -2.818964 -0.591835 0.169145 0.634356 -0.033822 -1.017062 1.323469 0.594657 0.895012 -0.272640 -1.419355 -0.516463 -1.784547 2.266785 1.744945 0.803416 -0.609455 -1.986509 -0.719658 -1.440347 -0.740733 -0.050796 0.213224 -0.283720 -1.002922 0.630373 -1.001264 1.987318 -0.055550 -0.243507 0.019602 -1.800785 -1.008454 0.843695 0.302868 -1.605475 -0.320773 1.021717
57 -0.520313 -0.145591 -1.391095 -0.086239 0.587795 0.025919 0.704404 -0.276663 -1.140328 -0.767028 -0.811934 0.662791 -0.066948 -1.034578 0.941769 1.613659 0.016779 -0.445352 -0.356507 0.103847 -1.655402 0.307199 -0.150703 0.417589 -0.406859 0.195044 0.309841 -0.538877 -0.800002 1.070718 0.149701 -1.263276 0.384650 -0.390528 0.766877 -1.175519 -0.221309 -0.144513 -0.527222 -1.548676 0.632088 -1.552079 -0.881919 -0.005029 -0.668685 0.262099 -2.023896 0.369545 2.911874 -0.119219
58 0.201107 -1.458171 -0.614954 -1.037811 -0.154651 0.507234 0.422808 0.987204 1.207788 -0.415595 -0.711939 -0.103078 -0.565851 1.880346 -0.837807 0.476567 0.975417 -0.105259 -0.277793 -0.748360 1.059078 1.354473 0.807747 0.027113 -0.271970 0.133504 -0.893982 0.332823 1.905614 1.615134 0.164380 -1.003755 -0.000949 -0.673634 0.122697 0.205721 -0.164706 -0.005539 0.383319 0.589798 0.053497 2.318333 0.148853 0.051164 -0.142242 -0.767289 -0.920016 -1.441990 0.678681 -0.058463
59 -1.170188 2.089533 -0.716997 0.047078 -0.996788 -0.002829 0.268588 1.912588 0.274718 -0.252736 -0.457063 -1.246806 0.720855 0.780026 0.447408 -0.974072 -2.500036 -0.881405 0.021294 -0.817320 0.602527 0.559679 -1.266198 0.504598 -1.346001 0.124586 -1.366887 -0.656705 0.274031 -1.279726 0.791579 -1.101272 1.179402 -1.907280 -1.226350 -0.050238 0.179606 -1.196716 0.470039 2.176680 -0.165294 0.688566 -0.727915 -1.047533 -0.218316 -1.772501 -0.751878 1.167448 0.337247 0.230397
60 -0.852523 -0.543207 -0.293471 -0.381207 1.309537 -0.288897 0.612399 1.284394 -2.127343 -0.590714 -0.514757 -0.865317 -0.461719 0.697963 0.444813 -1.475318 0.059503 1.405426 0.369172 0.803389 1.648224 0.468721 -0.028659 0.558180 0.108974 -0.135445 -0.035536 -0.468415 0.997513 0.018079 0.102738 1.410457 0.767782 0.749900 -0.396880 0.479936 2.673692 0.036356 -1.008270 0.374929 1.210737 1.126971 1.188725 0.629758 0.336428 -1.508643 -0.386001 -0.002340 -0.811371 0.149505
61 -1.294965 -0.377884 0.357898 0.997015 -0.386544 1.395545 1.122461 0.780004 0.654266 -0.922439 1.106081 0.560176 1.474181 -0.970221 0.175586 -0.085088 -0.125504 -0.124376 -1.087909 1.150530 -0.067451 -0.839029 0.388135 -0.352491 1.089215 -2.008828 -0.106715 -0.514640 -0.973552 -0.457751 0.429613 -1.654635 0.656717 -0.063561 1.532382 1.853290 -0.009728 0.073802 -0.811744 -0.804781 0.834189 0.482077 -0.753437 -0.947668 1.458162 0.411079 -0.565029 0.156761 2.016316 0.574069
62 0.340712 -0.760247 0.154087 -0.524015 -0.208862 0.822700 1.692069 -0.122454 0.693070 -0.430305 0.603087 -0.570651 -1.103542 -0.169930 0.609988 -1.061125 -0.387766 0.722811 -1.646135 -0.636377 0.579044 0.035175 -0.041339 0.075756 -0.558203 0.289205 1.121062 1.602997 0.393862 -0.198770 1.763481 0.191323 0.878733 -1.450834 0.152414 -0.817998 0.678984 -0.846279 0.589104 1.447234 1.337468 0.707370 -0.257631 1.024613 0.525570 -0.809374 -1.353467 0.844249 -1.496447 -0.249123
63 -0.485564 1.180475 -1.150017 -0.176846 1.120784 0.389876 0.806715 0.466466 0.765275 0.764060 0.893638 0.199469 0.181792 0.307817 -0.173111 -1.328322 -0.101213 -0.117407 0.062232 0.885972 -0.578820 -0.834346 0.138854 -2.823395 -0.369878 -1.367236 -1.717922 0.945178 0.501846 -1.323656 -1.206324 -0.038540 0.346288 -2.527098 -0.213622 0.681980 0.463858 0.084611 -0.317258 -0.284562 0.575156 1.230241 -0.204158 1.599489 -0.679705 0.037420 -0.354460 1.532748 1.398756 -2.059581
64 -0.491518 0.337356 0.117970 -0.520602 -1.238469 1.743803 -1.987411 0.787240 0.259439 0.673739 0.050060 0.488242 -0.469202 1.072073 -1.655763 -0.484763 -0.310491 1.487767 0.232120 -0.080120 -0.712839 1.650505 -0.190209 -0.361155 -1.565255 2.266550 -0.299768 -0.216313 0.931533 1.665755 -0.306683 1.611458 -0.613768 0.193783 0.041537 0.848503 0.471505 -0.296079 0.526897 0.303894 -1.419844 0.094491 -1.870316 -0.008007 -2.537336 -0.908011 -0.329579 1.389613 0.178916 -0.769511
65 -0.239492 -0.871567 -0.841029 -1.584861 0.036495 0.375702 -1.941555 -0.613838 1.125540 0.430565 1.075925 0.105439 -0.541022 -0.741997 -0.133266 -1.132986 0.061199 -0.587418 0.203684 0.035455 1.232688 0.206869 0.159151 -0.915271 0.528703 0.017206 -0.214871 1.447482 -2.523510 0.944032 -0.499105 -0.435809 -1.354869 -1.568114 -0.768870 -1.562900 0.851575 -0.366619 -1.576568 1.022117 0.513488 0.467436 -0.937609 0.691316 -0.635122 1.591609 -0.177336 0.372338 -0.299227 0.539902
66 -0.285993 0.821113 -1.469244 -0.185021 -0.821418 0.529066 -0.063174 -0.803107 -0.940738 -0.201819 -1.052241 -0.754334 -0.828216 0.410449 -0.221665 -0.502592 0.894070 0.022004 -0.142663 -0.006573 -1.065573 0.664267 -0.697824 1.985881 0.353363 2.344922 -1.560895 1.957241 0.806694 -1.387724 0.567187 -0.160514 0.883739 -0.351900 -2.180870 -1.848371 -0.065469 0.557589 1.104456 -0.892918 0.924645 0.162404 0.086736 2.113802 2.267877 0.465232 -0.373766 -0.453964 -1.491615 -1.521170
67 -0.300788 -1.724691 0.747528 -0.629233 0.196187 -0.897823 -0.880525 -1.588488 0.907026 -2.006784 -0.013348 0.481342 1.631888 -1.065326 -0.156190 2.602695 -0.711646 0.358001 0.803175 0.267555 -0.785420 0.124319 0.502242 -0.125330 0.580143 0.292267 0.578930 0.894824 0.201033 0.290753 0.611951 -0.242686 0.353371 0.565938 -0.152905 0.353722 -1.962881 -1.800464 1.132083 -0.872168 0.164051 -0.246736 0.329097 -0.692417 -0.780973 0.031366 1.864711 -0.103946 -0.685492 0.216554
68 0.786109 0.212011 -0.325262 0.398704 0.734981 0.126267 0.702969 1.393522 -1.221781 -0.962225 1.689139 -0.534137 -1.090189 0.340567 -1.012233 0.830449 1.151476 -0.484715 -0.298420 0.142765 -0.906321 0.432515 0.719568 0.183805 0.486147 -0.139196 0.912094 -1.650927 0.397009 0.495121 -0.092076 -0.558197 0.421240 1.277239 1.380705 0.563736 -0.217456 1.731871 1.181062 -2.540709 1.945484 -0.429927 -0.128812 -0.317427 -1.595777 0.688369 0.036174 0.042799 1.330231 -0.709103
69 -0.077813 -0.804082 -0.385710 0.138856 0.730082 0.249771 -1.003161 0.681414 1.922486 -0.097956 0.477953 0.481852 1.800601 0.704783 1.410966 -1.939151 -0.102775 2.356929 -0.512844 0.715274 -0.402420 -0.681980 -1.033383 0.333607 0.415850 0.443110 0.069819 0.276765 0.661858 0.604150 0.658537 1.270903 0.810908 1.940550 -0.472306 -0.921125 -0.495463 1.088788 1.662908 -1.684327 0.790388 -0.024694 -0.184415 -1.051343 -0.754702 0.053280 -0.312750 0.545760 0.755264 -0.459949
70 0.192616 0.802506 -0.768784 0.999844 -0.029043 1.063827 0.636204 0.013106 1.161409 1.049854 -1.377495 -1.029562 -0.751258 1.419272 -1.795786 1.383874 0.081594 0.714760 -0.946109 0.320702 0.855300 -0.469175 -0.421355 0.895950 -0.574774 0.426803 -0.491864 1.072799 -0.245317 -0.541040 -0.908623 -1.157769 2.008547 0.724910 -0.198952 -0.922881 0.300848 1.701463 0.205041 1.588537 -0.024331 1.114257 0.363069 -1.089337 0.178888 2.252146 -1.140382 -1.769712 -1.423123 0.153754
71 0.345305 0.902293 0.165428 -1.215063 -0.597796 0.966109 0.109045 -2.134375 -0.290026 0.520448 -0.251184 -0.159780 0.779719 -2.164870 0.781765 0.385346 1.149218 -0.787788 0.546710 -2.046178 0.385743 1.231436 0.320716 1.386845 0.368316 -0.969315 -1.307550 0.457055 -0.426750 -0.313575 -1.043212 2.409839 0.230178 -2.234721 1.086399 -1.571731 1.374181 -2.136415 0.992796 -0.853528 -0.446226 -0.707242 0.159830 -0.514078 0.365869 0.721386 -0.835699 0.200174 -0.298499 -0.347014
72 -0.200547 1.207884 0.341066 -0.300220 0.168591 -3.726063 -0.566489 -0.350467 -0.415648 0.279519 -0.156898 0.446424 -1.274291 -0.016049 0.039500 -1.176377 0.325094 -0.044680 2.024515 -1.987130 0.150063 -0.297065 -0.073945 -0.683110 1.020394 0.483983 -0.524795 0.248706 -0.964094 1.638693 0.097297 -0.388992 -1.227376 0.239070 0.129167 1.393282 0.093918 1.089110 -0.625368 -0.767132 -1.386486 0.731309 0.786032 0.661039 1.701076 -0.648458 -0.499563 0.057111 -0.933311 0.108715
73 0.638187 -0.323341 0.720747 -0.168761 -0.518913 -0.127338 -0.012442 -0.488416 0.396805 1.783066 0.469960 -0.678396 -0.029652 -0.012328 0.399938 -0.550417 -1.059750 0.207637 -1.102069 2.458181 -0.261901 -0.842837 0.541746 -0.806904 -0.813648 0.218287 0.407470 -0.668816 1.238162 -0.507717 1.077353 -0.984198 -1.895103 -1.908213 -0.057717 -0.383397 -0.648485 0.881014 0.341030 -0.510875 -3.100221 -1.715308 1.107244 1.183658 -0.616221 1.208897 1.362424 1.408926 0.202156 0.605796
74 0.978971 -0.158798 0.671884 -0.876120 0.306376 1.798750 -0.519240 -0.056283 1.281872 1.450128 -0.133177 0.929342 0.652387 0.650725 -1.487154 -0.558163 -0.863536 1.807310 -0.525412 0.093123 0.330336 -0.832712 2.045757 1.402906 0.576949 1.646045 -1.210512 0.417904 -0.730883 0.851546 -0.273217 -0.870337 -1.765678 -1.484588 -0.847371 2.026811 -0.931816 -1.000866 -1.255608 -0.890998 -0.388564 0.320780 0.476569 1.184437 -2.518169 0.347221 0.641972 -1.937151 -1.375904 0.288639
75 0.798507 1.088392 -0.666777 -0.193304 -0.755467 -0.416026 -0.337572 0.980877 0.324158 1.395824 -0.282747 -0.381517 -1.247167 0.385373 0.458789 1.261764 -0.682920 -1.149530 -0.700122 -0.139275 1.844862 0.226228 -0.340857 0.793827 -0.306168 -0.486720 -0.685520 -0.723977 -1.116126 -1.003318 0.153649 -0.754916 -0.364383 0.898516 0.259519 1.264537 -0.302122 -1.514246 0.365012 -1.483532 -0.045799 -1.236794 -1.922353 -0.365396 -2.519277 -0.491818 -0.736890 0.601520 -1.375309 1.218457
76 -1.254121 -0.537868 -0.527319 1.173732 -1.290502 0.916997 0.247140 1.508478 -1.200108 0.759640 0.703469 -0.044026 0.035611 -1.194241 -0.441440 0.247820 0.920140 -1.538020 0.228922 -0.223555 0.362186 -0.283501 -1.805778 -2.048670 -0.736204 0.292728 -0.108627 0.655384 0.676535 0.071449 -0.687929 -1.131055 -0.371147 0.750161 1.115624 1.474463 -1.111983 -2.245897 -0.024518 -0.298259 0.679873 -0.332896 -0.511584 -1.269036 0.147893 1.918131 -0.218248 1.212073 0.196968 -1.468422
77 0.352582 0.194855 1.950897 1.125546 -0.677283 2.432268 -1.119151 0.152886 1.384688 -0.368529 -1.442807 -0.792212 -0.276429 -0.633475 0.536625 1.722210 -2.105974 -0.460325 -1.640302 -0.663202 -0.026351 1.030222 0.037651 -0.717296 1.110789 -0.223498 1.645673 -2.117602 0.206802 -0.579118 0.291258 -1.119974 0.658444 -0.262073 -1.739315 2.037598 0.976607 -0.164141 -0.417000 1.711080 -1.691379 -0.313773 0.097629 0.171854 0.185567 -0.240821 -1.462537 0.141983 0.454947 1.075248
78 0.091519 -2.362508 -1.594098 1.199666 -0.162012 0.555232 -0.576794 1.090816 -0.696392 1.484204 0.231337 1.138810 -0.893260 -0.604561 0.169420 -0.057327 -0.013068 1.517854 0.688036 -1.406543 -0.458037 0.532061 -0.443422 -1.924072 -0.727772 -0.459960 0.543159 -0.496553 -1.327345 1.064103 0.937101 -0.705839 -0.239743 -1.372219 0.164427 1.347417 -1.082160 0.533628 -0.236190 0.299890 -0.634825 0.040342 -0.771751 0.066972 0.901824 1.412771 0.669103 0.216374 -0.557561 -0.277257
79 -0.872668 -0.647345 0.291936 0.729178 -0.720634 0.039463 0.507802 0.558875 1.479821 0.738016 -1.800542 0.303777 -0.460472 2.647428 0.555790 -0.261131 1.106601 -1.014256 0.431889 0.194327 -1.170978 1.426678 1.101153 -0.033545 -1.436369 -0.204649 0.384278 0.215283 0.169467 -0.085804 -0.641861 0.502690 -0.743936 0.372914 1.523044 -1.653594 1.664977 -0.410310 0.338428 0.936843 -0.381997 -0.953698 -0.742620 -3.291613 0.820232 -1.252856 -0.159356 0.428212 0.738292 -0.031757
80 -1.683887 -0.638114 0.134189 -0.142429 2.217319 -0.865256 2.180792 0.652889 -1.791389 -1.554812 1.092343 -0.024969 -1.669433 -0.031417 -1.445536 0.476587 -0.421432 1.343582 0.223882 0.091721 -0.321484 -0.021141 -0.742950 0.231294 0.161000 0.187991 0.459054 -0.582463 0.139732 0.629119 -0.456049 -0.746737 -0.125780 0.220685 -0.395729 0.400556 1.064861 -0.125343 -0.254740 0.318455 -0.955557 -0.105303 -0.651625 1.246794 -1.600948 0.603101 -0.370554 -0.482694 0.275682 -0.595198
81 5.020059 4.286325 1.997396 4.026729 4.588996 0.586335 5.519471 2.267155 1.614534 4.810225 5.698050 4.832544 6.051610 3.182407 5.882516 6.338166 4.522857 5.533317 1.083292 5.926314 6.089307 7.683233 6.124125 4.245338 3.238692 4.683820 5.394414 6.326329 1.997095 6.022224 5.446770 5.780711 4.772166 3.029089 3.127533 6.462440 0.584883 3.632099 5.324187 4.171298 6.622616 5.821418 7.804907 6.116257 -0.153299 5.574393 6.059364 -0.961334 -0.911989 4.180110
82 -1.026018 -0.786585 0.324891 -0.629276 -1.569384 0.228193 1.723342 -0.566266 0.293981 0.006166 0.639135 -0.800364 0.069551 1.759786 -2.170288 -0.455425 -0.967209 1.484375 0.564654 -3.314014 -0.199967 -0.158935 0.183541 0.836675 -0.514200 -1.279255 -1.857491 -0.553616 0.647677 -0.062109 -0.533301 -1.490458 0.591299 -0.464104 1.235521 0.604614 -1.245795 -0.613106 -0.543353 -1.438227 -0.351740 1.005755 0.529061 0.300548 0.380555 0.514645 0.090454 0.679795 -0.552362 0.008145
83 1.966185 -0.195654 -1.371470 0.174487 1.245481 -0.943842 2.122791 -0.496349 0.900566 -2.606550 -1.641209 2.215701 -0.103921 -0.052944 -1.101646 -0.833341 -0.049752 1.712296 0.304295 0.927266 1.819043 0.713831 0.274846 0.120497 -0.507334 -0.903994 -0.977221 -0.566233 0.342171 -0.205560 0.033517 0.542181 -2.379859 0.151353 1.225777 -0.264816 0.826590 -2.016349 -0.097728 -0.010799 0.359953 -0.873187 1.138934 1.579392 -0.891675 -0.652915 0.994144 -1.016486 -0.909031 0.186903
84 0.683395 -0.798733 1.091720 -0.191883 -0.156511 -0.489647 -0.049714 -0.237599 -0.138204 0.787125 -0.081360 -1.449870 0.109960 -0.120729 -0.759401 0.496303 -2.151643 -0.154086 -0.283596 -1.157655 -0.912248 0.820084 -0.480084 -1.123663 -1.832165 0.224259 0.117099 0.495459 -0.269797 0.600975 0.616706 -0.506805 -1.244439 -0.130340 0.704862 -0.845035 0.658967 -2.154953 0.893006 -0.479372 -0.269843 -0.224606 -0.481701 0.161346 0.228244 -0.041477 -1.017858 0.209134 0.747359 0.025406
85 -0.541716 -0.380464 0.038401 1.429209 -0.347116 0.241666 0.536976 -1.057662 0.130664 2.274383 0.808828 0.199887 -0.062059 1.936314 -0.283044 -0.499520 -0.747596 1.142438 -0.430181 0.337258 0.633747 0.885363 0.731691 0.320794 -0.327385 0.795902 -0.376340 -0.372009 -1.356215 -0.846353 0.904664 0.079474 -0.786882 -0.168711 1.250156 2.102229 1.133377 0.735867 0.990411 -0.134350 0.624082 0.126911 -0.421610 -1.186504 -0.073647 0.939374 0.057489 -0.438885 -0.780782 -0.305536
86 -0.129359 0.286806 -1.466860 0.231435 2.412133 1.030393 -0.116669 0.685534 1.423558 1.011218 1.319067 0.731099 0.261475 0.854738 -1.665647 0.958213 0.755723 -0.346515 1.275304 -1.038322 0.136090 -1.703553 -1.282949 -2.268683 -0.323142 0.035808 -1.860569 -0.998492 1.328655 0.833345 1.599522 -0.073067 -0.677330 -0.178030 -1.381546 0.562615 -0.824073 0.284137 0.370417 -0.208610 -0.197936 0.401069 -0.196062 1.539187 0.840898 -0.452776 0.642453 0.723135 0.114257 0.044974
87 1.875190 -1.329755 -0.705654 -2.802671 1.855161 -1.165540 -0.273299 -0.232958 1.153706 0.564020 -2.146745 0.632758 0.191035 -1.385350 0.254895 -0.238412 -0.781715 -0.715774 0.163478 -1.729488 0.967116 -1.102402 0.853931 -0.567834 -0.329435 0.402651 0.020292 -0.659692 0.809070 0.403523 1.026674 -0.511492 -0.797145 -0.633090 0.857703 0.663558 1.188071 1.099318 -1.379796 -0.064012 -1.378812 0.574704 0.564566 -1.325449 -0.234561 -0.656013 -0.444508 -1.344588 -1.689367 0.576593
88 0.787466 2.572900 -0.666358 0.792344 -0.162978 -1.222253 -0.307074 -0.126931 0.235423 0.446717 -0.791150 0.058455 2.367331 2.012990 -1.068402 -0.983049 0.165339 -0.385669 0.775534 -0.917495 -0.528090 1.470574 1.610610 -1.322888 -0.711107 0.214481 -0.069987 -1.396553 -0.535941 -0.116528 0.242002 0.869068 -0.706985 -0.991069 0.186204 -0.657055 -1.488186 -1.073522 1.764363 1.053845 -0.419190 0.300106 2.991371 -0.194355 -0.334811 -0.314222 0.040665 0.513442 1.133914 -0.961666
89 0.035019 0.099784 0.561401 -0.259454 0.360549 0.999025 0.150713 0.272906 1.777856 -0.421549 0.919649 -0.295398 -0.659428 -0.878240 0.392498 -0.130811 0.339821 1.044946 -0.529950 0.404735 1.183562 -0.171315 0.090648 -0.715603 -0.238925 -0.678220 -0.041020 -0.360647 1.039759 0.994444 -1.019632 -0.640266 0.241281 1.543472 -0.142889 2.705879 0.129527 1.042433 -0.356059 0.476803 0.556921 -0.997878 -0.019680 -2.949879 0.611175 -0.023275 0.733320 0.776304 1.284055 -0.342119
90 5.550959 4.267821 -0.035422 4.095957 5.252667 -1.636145 5.654654 1.133513 -0.608875 4.314491 6.332602 4.244638 4.160429 4.037061 4.414981 4.641243 5.517638 4.772163 -0.905366 4.103082 4.452270 4.606771 5.688668 4.788799 4.123803 4.924090 4.948265 4.636713 -0.128699 5.829782 5.551972 4.841366 4.425712 4.275742 6.132901 1.888377 -0.402794 4.378896 5.223538 4.881287 5.266423 5.797826 6.142495 5.339994 0.355965 4.677101 5.917237 1.535403 1.417305 5.789959
91 5.764875 3.850735 1.996054 6.704709 4.440578 0.519639 3.658782 -0.096303 0.692131 6.659928 5.440638 5.136923 6.001827 4.220375 6.701621 6.509934 6.977715 5.755833 -0.407620 3.604850 5.424169 3.734013 5.293207 4.906743 4.792297 4.699698 3.281252 6.204863 -1.689641 5.495391 3.514621 5.527335 3.203031 6.619488 3.319880 5.672929 -1.190023 6.352711 5.005664 3.816151 4.291132 4.228650 4.242959 4.886143 0.958142 7.405013 5.914853 -0.555858 0.057567 4.528459
92 -0.204695 0.865981 -0.829809 -0.677599 1.589851 0.165673 -0.769143 -0.843369 -0.930060 0.239436 -0.128376 1.337412 0.234348 2.059012 0.205166 1.267834 -0.453050 -0.161478 0.240413 2.203291 -0.999317 -0.164933 -1.384630 0.796285 -1.934176 0.334036 -1.786781 -0.924138 0.141547 0.714986 1.395032 -0.602002 1.667611 -1.197711 1.458676 -0.380309 0.126375 0.402044 -2.162526 -0.263994 0.051511 0.221643 -0.464615 -0.384974 -0.291427 0.751006 0.826002 -1.331295 1.831584 0.909773
93 0.071099 -1.242316 0.790375 -1.516822 -0.092092 0.659467 0.922930 -0.912495 1.103330 -1.489323 -0.004255 -0.309787 0.879633 0.092942 2.000323 0.762617 0.133544 -1.340444 0.455697 -0.851592 -2.032897 -0.164231 -0.281218 0.136963 -1.192998 -0.191684 -1.153958 0.168847 0.706349 0.224808 -1.309857 0.049121 0.209799 1.635124 -0.869033 0.769236 1.360006 1.323769 1.829313 0.279802 0.683786 -1.173386 0.961736 1.012678 -1.610358 -0.499363 0.155776 0.376069 -0.120477 2.127516
94 -0.939028 -0.681973 -1.965500 -1.133698 1.341257 -0.436426 0.911035 -1.139835 -1.129991 -1.412404 0.575463 0.231954 1.980680 -0.317249 0.707890 0.602152 -0.341029 -0.616075 0.613263 2.199921 0.618911 -0.189770 0.782425 -0.046013 0.371566 0.215483 0.405674 0.060012 0.302248 -0.679825 -1.157909 1.116115 -0.519688 -0.124504 -1.378709 0.580166 -1.414641 -0.121933 0.730576 1.231790 0.984246 0.122951 -0.802957 -0.224357 -0.329523 0.397835 -0.899259 -1.765860 0.899798 -0.192309
95 -0.147954 -0.600006 0.691820 0.777843 0.275988 -1.250649 -0.102069 0.168933 -1.164768 0.130455 0.458895 -0.450079 0.132777 -0.052302 -0.079390 -1.757400 0.246488 -0.230537 -1.557544 0.439158 0.050681 -0.359623 0.794394 -0.238382 0.097819 0.283646 0.187834 -0.869549 1.269343 0.376870 0.564442 -0.882772 -0.516272 -0.778972 -1.191935 0.694831 0.715558 1.210702 0.236313 1.784358 0.035542 -1.622942 -0.540030 0.046110 -0.365965 0.826190 -0.295273 0.832106 0.220272 -1.240593
96 -0.636534 0.123707 -0.223676 0.001340 -0.407489 -0.309917 0.299848 -0.667863 0.247395 -0.390574 -0.107678 0.752889 0.188688 0.136337 0.809501 0.449736 0.409240 0.850209 0.873949 1.248301 -0.966514 0.611529 1.728680 2.795504 1.450114 -0.958444 0.122838 -0.099225 -0.298853 0.336294 2.176869 0.511633 0.343003 0.237022 -0.807790 0.925869 -0.425975 -1.338439 -1.635236 -0.278812 -0.092960 1.066230 -0.825778 -0.692976 0.073108 -0.769002 -0.288402 1.492861 -0.822654 0.082814
97 0.787868 -0.145571 -0.475088 0.184843 -1.539744 0.225304 -0.118535 -2.283107 0.007149 0.584211 -0.958328 1.120792 -1.296599 -1.297790 0.158406 0.256244 1.332801 -0.693104 -0.505297 -0.110669 0.851244 -0.477476 0.480938 0.029478 -0.472652 0.318383 -0.826825 -0.830556 0.136517 -1.418547 -0.461240 0.018909 0.250344 -0.205925 0.822198 -0.104734 -0.885695 -2.203683 0.001021 0.135203 0.394997 0.119588 0.002264 1.343736 0.004505 -0.933339 1.641932 0.027340 -0.597546 0.131419
98 -0.099127 1.620471 2.169164 0.677099 -0.306721 -1.049493 -0.466274 -3.299117 -2.050641 -0.348015 0.376226 1.348335 -1.051316 -0.527137 -0.042546 -1.298675 -0.867868 -0.443107 -1.562132 1.180367 1.310454 -0.872643 -0.391732 -0.627505 -1.358943 0.285692 -0.648503 -1.535296 -0.009805 -1.206717 1.377885 1.644478 0.497593 -0.837685 -1.186732 -0.017109 -0.584597 0.167615 -0.195533 0.020689 -0.061567 1.099270 1.396291 -2.131837 -0.344234 0.233626 0.269485 0.150418 0.785001 -1.355835
99 -0.015859 -0.568317 0.287217 0.186780 -0.125870 0.698755 -0.565188 -0.700334 1.214482 -0.843761 -0.114042 0.925277 -0.170619 0.521304 0.854311 1.837800 0.501276 -0.751819 1.625129 0.522943 -1.765740 -0.034939 1.425243 2.041544 0.424316 1.003444 0.045999 -0.527890 0.309805 -0.971574 -1.088409 -1.294619 -0.050433 -1.792660 0.506977 0.604605 0.608690 1.304193 0.468452 -0.084866 -0.385658 -0.363345 1.458994 0.736271 0.310764 0.096646 -1.156732 1.806138 1.295364 -0.445052
END
#################################################################
SECTION3 (Edges Information)
EndPoint0 EndPoint1 Weight
0 1 1.000000
0 9 1.000000
0 10 1.000000
0 90 1.000000
1 0 1.000000
1 2 1.000000
1 11 1.000000
1 91 1.000000
2 1 1.000000
2 3 1.000000
2 12 1.000000
2 92 1.000000
3 2 1.000000
3 4 1.000000
3 13 1.000000
3 93 1.000000
4 3 1.000000
4 5 1.000000
4 14 1.000000
4 94 1.000000
5 4 1.000000
5 6 1.000000
5 15 1.000000
5 95 1.000000
6 5 1.000000
6 7 1.000000
6 16 1.000000
6 96 1.000000
7 6 1.000000
7 8 1.000000
7 17 1.000000
7 97 1.000000
8 7 1.000000
8 9 1.000000
8 18 1.000000
8 98 1.000000
9 0 1.000000
9 8 1.000000
9 19 1.000000
9 99 1.000000
10 0 1.000000
10 11 1.000000
10 19 1.000000
10 20 1.000000
11 1 1.000000
11 10 1.000000
11 12 1.000000
11 21 1.000000
12 2 1.000000
12 11 1.000000
12 13 1.000000
12 22 1.000000
13 3 1.000000
13 12 1.000000
13 14 1.000000
13 23 1.000000
14 4 1.000000
14 13 1.000000
14 15 1.000000
14 24 1.000000
15 5 1.000000
15 14 1.000000
15 16 1.000000
15 25 1.000000
16 6 1.000000
16 15 1.000000
16 17 1.000000
16 26 1.000000
17 7 1.000000
17 16 1.000000
17 18 1.000000
17 27 1.000000
18 8 1.000000
18 17 1.000000
18 19 1.000000
18 28 1.000000
19 9 1.000000
19 10 1.000000
19 18 1.000000
19 29 1.000000
20 10 1.000000
20 21 1.000000
20 29 1.000000
20 30 1.000000
21 11 1.000000
21 20 1.000000
21 22 1.000000
21 31 1.000000
22 12 1.000000
22 21 1.000000
22 23 1.000000
22 32 1.000000
23 13 1.000000
23 22 1.000000
23 24 1.000000
23 33 1.000000
24 14 1.000000
24 23 1.000000
24 25 1.000000
24 34 1.000000
25 15 1.000000
25 24 1.000000
25 26 1.000000
25 35 1.000000
26 16 1.000000
26 25 1.000000
26 27 1.000000
26 36 1.000000
27 17 1.000000
27 26 1.000000
27 28 1.000000
27 37 1.000000
28 18 1.000000
28 27 1.000000
28 29 1.000000
28 38 1.000000
29 19 1.000000
29 20 1.000000
29 28 1.000000
29 39 1.000000
30 20 1.000000
30 31 1.000000
30 39 1.000000
30 40 1.000000
31 21 1.000000
31 30 1.000000
31 32 1.000000
31 41 1.000000
32 22 1.000000
32 31 1.000000
32 33 1.000000
32 42 1.000000
33 23 1.000000
33 32 1.000000
33 34 1.000000
33 43 1.000000
34 24 1.000000
34 33 1.000000
34 35 1.000000
34 44 1.000000
35 25 1.000000
35 34 1.000000
35 36 1.000000
35 45 1.000000
36 26 1.000000
36 35 1.000000
36 37 1.000000
36 46 1.000000
37 27 1.000000
37 36 1.000000
37 38 1.000000
37 47 1.000000
38 28 1.000000
38 37 1.000000
38 39 1.000000
38 48 1.000000
39 29 1.000000
39 30 1.000000
39 38 1.000000
39 49 1.000000
40 30 1.000000
40 41 1.000000
40 49 1.000000
40 50 1.000000
41 31 1.000000
41 40 1.000000
41 42 1.000000
41 51 1.000000
42 32 1.000000
42 41 1.000000
42 43 1.000000
42 52 1.000000
43 33 1.000000
43 42 1.000000
43 44 1.000000
43 53 1.000000
44 34 1.000000
44 43 1.000000
44 45 1.000000
44 54 1.000000
45 35 1.000000
45 44 1.000000
45 46 1.000000
45 55 1.000000
46 36 1.000000
46 45 1.000000
46 47 1.000000
46 56 1.000000
47 37 1.000000
47 46 1.000000
47 48 1.000000
47 57 1.000000
48 38 1.000000
48 47 1.000000
48 49 1.000000
48 58 1.000000
49 39 1.000000
49 40 1.000000
49 48 1.000000
49 59 1.000000
50 40 1.000000
50 51 1.000000
50 59 1.000000
50 60 1.000000
51 41 1.000000
51 50 1.000000
51 52 1.000000
51 61 1.000000
52 42 1.000000
52 51 1.000000
52 53 1.000000
52 62 1.000000
53 43 1.000000
53 52 1.000000
53 54 1.000000
53 63 1.000000
54 44 1.000000
54 53 1.000000
54 55 1.000000
54 64 1.000000
55 45 1.000000
55 54 1.000000
55 56 1.000000
55 65 1.000000
56 46 1.000000
56 55 1.000000
56 57 1.000000
56 66 1.000000
57 47 1.000000
57 56 1.000000
57 58 1.000000
57 67 1.000000
58 48 1.000000
58 57 1.000000
58 59 1.000000
58 68 1.000000
59 49 1.000000
59 50 1.000000
59 58 1.000000
59 69 1.000000
60 50 1.000000
60 61 1.000000
60 69 1.000000
60 70 1.000000
61 51 1.000000
61 60 1.000000
61 62 1.000000
61 71 1.000000
62 52 1.000000
62 61 1.000000
62 63 1.000000
62 72 1.000000
63 53 1.000000
63 62 1.000000
63 64 1.000000
63 73 1.000000
64 54 1.000000
64 63 1.000000
64 65 1.000000
64 74 1.000000
65 55 1.000000
65 64 1.000000
65 66 1.000000
65 75 1.000000
66 56 1.000000
66 65 1.000000
66 67 1.000000
66 76 1.000000
67 57 1.000000
67 66 1.000000
67 68 1.000000
67 77 1.000000
68 58 1.000000
68 67 1.000000
68 69 1.000000
68 78 1.000000
69 59 1.000000
69 60 1.000000
69 68 1.000000
69 79 1.000000
70 60 1.000000
70 71 1.000000
70 79 1.000000
70 80 1.000000
71 61 1.000000
71 70 1.000000
71 72 1.000000
71 81 1.000000
72 62 1.000000
72 71 1.000000
72 73 1.000000
72 82 1.000000
73 63 1.000000
73 72 1.000000
73 74 1.000000
73 83 1.000000
74 64 1.000000
74 73 1.000000
74 75 1.000000
74 84 1.000000
75 65 1.000000
75 74 1.000000
75 76 1.000000
75 85 1.000000
76 66 1.000000
76 75 1.000000
76 77 1.000000
76 86 1.000000
77 67 1.000000
77 76 1.000000
77 78 1.000000
77 87 1.000000
78 68 1.000000
78 77 1.000000
78 79 1.000000
78 88 1.000000
79 69 1.000000
79 70 1.000000
79 78 1.000000
79 89 1.000000
80 70 1.000000
80 81 1.000000
80 89 1.000000
80 90 1.000000
81 71 1.000000
81 80 1.000000
81 82 1.000000
81 91 1.000000
82 72 1.000000
82 81 1.000000
82 83 1.000000
82 92 1.000000
83 73 1.000000
83 82 1.000000
83 84 1.000000
83 93 1.000000
84 74 1.000000
84 83 1.000000
84 85 1.000000
84 94 1.000000
85 75 1.000000
85 84 1.000000
85 86 1.000000
85 95 1.000000
86 76 1.000000
86 85 1.000000
86 87 1.000000
86 96 1.000000
87 77 1.000000
87 86 1.000000
87 88 1.000000
87 97 1.000000
88 78 1.000000
88 87 1.000000
88 89 1.000000
88 98 1.000000
89 79 1.000000
89 80 1.000000
89 88 1.000000
89 99 1.000000
90 0 1.000000
90 80 1.000000
90 91 1.000000
90 99 1.000000
91 1 1.000000
91 81 1.000000
91 90 1.000000
91 92 1.000000
92 2 1.000000
92 82 1.000000
92 91 1.000000
92 93 1.000000
93 3 1.000000
93 83 1.000000
93 92 1.000000
93 94 1.000000
94 4 1.000000
94 84 1.000000
94 93 1.000000
94 95 1.000000
95 5 1.000000
95 85 1.000000
95 94 1.000000
95 96 1.000000
96 6 1.000000
96 86 1.000000
96 95 1.000000
96 97 1.000000
97 7 1.000000
97 87 1.000000
97 96 1.000000
97 98 1.000000
98 8 1.000000
98 88 1.000000
98 97 1.000000
98 99 1.000000
99 9 1.000000
99 89 1.000000
99 90 1.000000
99 98 1.000000
END
#################################################################
SECTION4 (TrueSubGraph Information)
EndPoint0 EndPoint1 Weight
1 0 1.0
0 90 1.0
90 91 1.0
91 1 1.0
91 81 1.0
END
#################################################################
SECTION5 (Labels Information)
1 1 0 1 1 0 1 0 0 1 1 1 1 1 1 1 1 1 0 1 1 1 1 1 1 1 1 1 0 1 1 1 1 1 1 1 0 1 1 1 1 1 1 1 0 1 1 0 0 1 
END
#################################################################
SECTION6 (bt Information)
5 5 -5 5 5 -5 5 -5 -5 5 5 5 5 5 5 5 5 5 -5 5 5 5 5 5 5 5 5 5 -5 5 5 5 5 5 5 5 -5 5 5 5 5 5 5 5 -5 5 5 -5 -5 5 
END
#################################################################
