#################################################################
#APDM Input Graph, this input graph includes 3 sections:
#section1 : general information
#section2 : nodes
#section3 : edges
#section4 : trueSubGraph (Optional)
#
#if nodes haven't information set weight to null
#################################################################
SECTION1 (General Information)
numNodes = 100
numEdges = 200
usedAlgorithm = NULL
dataSource = SimulationData2
END
#################################################################
SECTION2 (Nodes Information)
NodeID Base Counts
0 -0.662072 0.432661 -0.397384 -0.234818 -1.575502 -0.765336 0.231333 -1.059946 -0.279843 -1.460760 0.411750 0.145419 0.153111 0.405926 -0.678573 1.491445 1.875913 0.893569 0.288002 -0.259983 -2.059207 1.438338 -0.748068 -1.065083 -0.924756 1.017889 -1.111004 -0.130464 0.374726 0.126792 0.025884 -1.290571 3.041837 0.050356 -0.462920 -0.947984 -1.545003 0.124660 0.763392 -0.793160 0.736996 0.536395 0.943326 0.768656 0.517878 0.213151 -1.100003 0.099498 1.005873 2.498868
1 0.600787 0.744092 0.775143 -0.390375 2.529958 -0.287525 1.150631 -0.967850 0.682016 1.189519 -2.180165 -0.673865 -0.732350 -0.642348 0.264742 -0.089774 -0.654148 -0.529881 2.498462 0.291037 -0.905176 0.391600 -1.497092 -1.380936 1.421640 -0.401639 -0.583460 -1.226931 -1.220740 -0.859511 0.063661 -1.127701 0.394212 -1.950155 -0.947233 -0.667074 1.314890 0.119467 1.492953 0.520416 1.773642 -0.043237 0.538348 0.306960 2.163634 0.575815 -0.792587 -0.941147 -0.277577 0.416234
2 0.618034 0.420423 0.619737 0.841766 -1.848995 -0.854668 0.145167 -1.166697 -0.213075 -0.247260 -0.355259 0.424219 0.003278 -0.756498 0.376282 2.011057 -0.816419 -0.170268 0.215993 -0.236938 -1.547911 -0.607466 -0.358747 0.467118 -0.732847 -0.045946 -0.083188 3.547038 1.941398 0.602149 -0.668412 0.162039 0.494399 -0.674413 -0.859322 -0.821495 1.622857 -1.264033 0.780217 -0.073946 -0.141621 -1.435008 -0.795274 0.254506 0.153623 -1.013213 -0.552666 -1.026695 0.755408 0.474763
3 -0.970005 -0.452540 -0.291304 -1.782262 -0.891150 -0.229606 -2.773567 1.383580 0.375866 1.790184 0.498183 -0.234997 0.357653 -0.527370 0.129023 0.583716 0.623092 1.592553 -0.716903 0.333999 -0.797798 0.220820 -0.720207 0.996216 0.927324 0.880126 -1.050445 1.295233 -0.613740 -1.357098 -0.532640 -0.420528 -0.629662 0.230635 0.478414 0.686096 0.251134 -1.125942 1.592174 0.554644 0.643393 -0.012352 -0.879171 -1.071644 0.870398 -0.683907 0.049370 -0.643475 -0.757108 0.044807
4 0.281236 -0.905404 -2.402274 0.182299 -0.409060 -0.190611 -0.256274 -0.239058 0.214042 -1.255580 -0.272169 -0.614253 0.172463 -1.168844 -1.238560 1.280058 -0.248124 0.254946 -0.002906 0.864918 -0.454626 2.681592 0.563505 2.185615 0.279944 1.546551 -1.168237 0.547391 0.704529 -0.888119 -0.323048 -0.553237 0.333093 0.216678 -0.312568 -1.079592 0.789679 0.713388 -0.179779 -1.506059 0.241163 -0.030397 0.051521 -0.074686 0.084112 -0.171748 -0.734859 0.416983 -1.707870 -0.341979
5 -1.287115 0.254973 1.729001 -0.256423 -1.820924 0.666334 0.121503 -0.221550 0.532261 -0.577172 -0.167099 1.391712 -1.300697 -0.335524 0.156560 0.725979 -0.860109 -1.399984 0.458981 2.412739 2.776696 -1.188162 -0.180665 -0.601030 -0.591484 -1.986785 -0.448236 2.193798 0.345306 -0.211380 1.164906 1.522328 -0.514385 1.285958 -0.287030 -1.101826 0.991661 0.858215 0.226036 0.460158 -0.336117 1.186571 -0.162826 -1.098539 1.165585 -0.669128 0.829221 -1.543046 0.683769 0.278844
6 -0.799680 0.922388 -0.998584 -0.688896 0.173260 -0.915306 -0.350339 -0.977604 0.101850 0.720739 -1.212240 -1.711045 0.349521 -0.909998 -2.270228 -0.024275 0.318994 -0.070788 -0.923734 0.309228 1.551368 0.465103 -1.999994 0.354740 -2.064900 1.431941 -1.750642 -0.785148 0.649845 -0.610628 -0.125662 -1.335877 -1.905279 0.088245 -0.843406 -0.477704 1.211290 -0.299381 0.041983 -0.765580 -0.581062 -0.231787 -0.328836 -1.129637 0.416798 1.289045 0.052378 -0.121584 1.020385 0.477817
7 0.927647 0.291308 -0.711130 0.016720 1.416146 -1.257069 -1.466046 -1.430229 -1.452900 1.051407 -1.131580 -1.670475 -0.387214 0.050703 -0.133371 0.832086 0.432503 1.471539 1.218381 -1.600250 0.415963 -0.763486 0.136850 -0.252294 -0.352211 -0.288617 -0.436344 0.428241 -0.035651 0.156521 -1.496239 -0.684091 3.084281 0.031079 0.955052 -0.445083 -0.254837 -1.803683 -1.043715 0.445517 -1.600714 0.066806 -1.449253 1.047817 1.646634 -1.111750 1.606721 1.189805 -1.996893 0.091731
8 -0.155461 0.379469 -1.477840 -0.020355 0.717561 0.473076 -1.167601 -0.989299 1.320465 0.208200 -0.981829 -3.629105 -0.416550 -0.702948 -1.493194 1.144072 -0.329093 1.154237 1.066797 0.578051 -0.502563 -0.392786 -0.929549 1.135408 -0.488628 -0.476627 -1.105564 -1.406452 0.060989 -0.931225 -0.473776 1.608108 0.636767 0.502910 1.512611 0.579539 -0.636613 0.499649 -0.277512 0.809365 0.463203 0.042166 0.277831 -0.803395 0.285106 -1.116059 -1.907967 0.917867 -0.687719 0.621076
9 1.536020 2.554086 -1.634198 0.938252 0.843950 -1.276368 2.264964 -0.318008 -0.270276 -0.769699 0.395529 -1.535689 -1.055761 -0.009947 -0.439508 2.281664 1.052000 0.655020 1.124402 -0.800882 0.049011 -0.348631 0.377368 -1.223142 -1.889850 -0.306616 -0.205529 -0.613842 0.342742 -1.252543 -1.495589 -0.135820 0.336980 -0.284264 -1.187656 1.174974 -1.391940 1.533756 0.841802 -0.469060 -0.147136 -0.375786 1.172278 -1.183766 0.658472 -0.372098 -1.568448 -0.600449 -1.068756 -1.247035
10 -0.984871 -0.699979 -0.392226 0.788481 -0.242552 1.302767 -0.572294 -1.052290 -2.396729 -0.029285 1.174932 0.326505 0.323436 1.527589 0.829845 0.722332 -0.293288 0.335406 -0.930564 0.503664 1.203527 -0.395393 -0.098084 1.686514 -1.201525 -1.295231 -0.865346 0.123939 -0.115556 -0.842155 -1.116875 0.608983 -1.311649 1.007922 0.370132 1.555430 1.739335 -0.160970 -0.969650 1.535399 -2.725416 2.358318 -0.789082 2.535122 -1.035857 1.498011 -0.621875 -0.683182 -0.640036 0.172451
11 -1.567771 0.177172 -0.385180 -1.799874 0.425943 0.994842 -0.125987 1.136848 -0.208235 0.216160 -0.293389 0.652322 -0.872696 -0.227004 0.015596 1.725554 -1.006934 0.307428 0.958110 0.552857 -2.187444 2.077035 0.301282 -0.117003 -2.012896 0.791562 0.023632 0.608554 -0.088867 -0.518988 -0.312620 -0.095448 0.625301 1.607089 -0.207618 0.059197 -0.064986 -0.056735 0.080025 0.227345 -0.764092 -0.545660 0.164646 -0.816360 1.530006 -1.591439 0.124028 -2.032459 -2.390841 0.552731
12 0.136652 -1.350156 0.189260 0.957869 0.135688 -0.761505 1.253538 0.972087 -0.340397 -0.653266 0.216649 0.492883 1.622546 0.322779 -0.387376 2.551474 -2.016206 0.523315 1.822702 -0.236454 -1.009380 0.826900 -2.205272 -0.938696 -2.003499 -1.583979 -0.433733 -1.331953 -0.480289 0.567472 0.067870 -1.394763 -2.950324 0.031679 0.712448 -0.095755 0.255663 1.581158 -0.715747 -1.704350 2.010178 2.067787 -0.267564 -0.875451 0.851336 0.954218 1.682257 0.799981 1.352343 0.151967
13 2.815564 -1.381595 -0.567744 -0.762337 -0.208032 0.497633 -1.364029 0.352575 -0.685367 0.219449 -1.688046 0.748914 0.635244 -2.098805 -0.391010 1.906835 -0.515555 1.239848 -0.799124 0.463884 0.051398 -1.474553 -0.869400 1.316702 -1.556807 1.271521 -1.202241 0.414390 -0.198380 -0.950795 -1.127606 -0.438746 0.366646 1.129359 0.472279 2.611049 0.625927 1.046111 0.962989 0.941095 0.212791 1.672572 -0.388282 0.542132 -0.325650 -1.584805 0.097822 -0.512047 -0.664344 1.715947
14 0.255233 -0.009208 0.186440 -1.233767 0.836515 -1.379830 0.297163 0.198259 1.003492 0.581825 -0.474628 -0.601830 -1.059277 -0.742030 0.994094 -0.301829 0.233954 -1.397120 -1.246679 -1.537276 -0.211867 1.056326 -0.327017 -0.070194 -0.189928 0.515041 -0.691620 0.844977 -0.375396 1.585017 -0.440619 -0.204967 0.386700 0.317733 1.143002 -1.260784 0.155603 1.649504 1.041792 1.289182 1.030293 -2.209409 0.030086 0.472913 -0.051757 -0.973994 -0.584923 0.567819 0.762851 -1.096341
15 -0.705876 0.608586 -1.816531 -0.612290 0.319548 0.884888 -0.807619 0.726217 0.737574 1.205849 0.284264 0.674607 -0.069992 0.018562 0.201217 1.322824 -1.256869 -2.326440 -0.561495 0.235291 0.282249 0.816325 -2.094849 -0.162488 -0.157212 -0.233576 -1.329467 -0.825251 0.075457 0.829004 -0.277747 -1.013643 -0.692169 -0.031537 0.616354 -0.389994 -0.389237 1.123868 1.665629 0.724822 0.954976 -1.251154 0.994693 0.598773 0.417736 0.555999 0.417913 -1.525103 -0.369550 0.052513
16 0.215810 -0.238186 0.125743 1.964937 -0.075125 -0.223430 -0.091716 -0.411549 -2.025133 1.793889 -1.275017 -1.539823 -0.091364 -1.829440 -1.231211 -1.462032 1.195530 -1.055909 -0.640001 0.784925 1.260741 -1.173156 -0.936095 -0.094268 0.827458 0.943524 -0.536459 -0.226173 0.824459 -1.201241 -0.798093 0.869166 -1.431576 -0.460419 0.310630 1.573072 -0.922658 -0.703298 -1.347377 0.411468 0.512035 -0.079011 -0.341537 0.707327 1.319759 -0.752175 -0.013684 0.653751 -1.560594 -0.362951
17 0.502630 0.187186 1.770343 -0.209062 0.197206 0.607731 0.846475 -0.213187 -0.274132 -1.046675 -0.754480 0.522271 0.311807 -1.004913 0.498172 0.359790 -0.966925 0.260653 0.036346 0.401851 0.809822 -0.010447 -1.226790 -1.222966 -1.074331 0.138149 -1.345473 0.627340 1.422446 -0.066155 -1.669393 -0.780684 -0.283760 -0.073056 0.745492 -0.859990 0.253785 0.094709 0.135647 1.231526 -1.186621 1.866929 -0.215671 -0.679040 -1.880547 0.113706 -1.098185 1.791348 0.654736 0.861457
18 -0.004506 0.454060 1.127631 0.275549 -0.172221 0.436777 1.446548 1.665805 0.353513 -0.832469 -0.647257 1.015152 -0.124316 -1.827541 -1.274411 0.362262 -0.229348 -2.654453 0.868669 1.106017 -1.382837 -1.078456 -0.169454 -0.882386 -0.376966 0.060558 0.649958 -1.852403 0.060854 0.052600 -0.333830 0.767235 -1.232079 -0.887145 0.643235 0.309825 0.921730 0.703492 -1.650413 0.178823 -2.078449 0.419102 -0.838630 -1.536252 -0.639957 1.320671 0.434279 -0.367798 -0.379443 0.142135
19 0.281594 -0.320177 -0.188135 0.143642 -1.893284 -1.352291 0.906923 -1.118853 1.465513 -1.442078 -1.302412 -2.566778 -0.403000 -0.297467 0.362721 -0.619807 -1.626295 -1.215546 0.458502 0.003081 1.394173 -0.693759 -2.018295 0.732090 -0.403445 2.247375 0.823460 1.763343 -1.572179 2.291339 0.436283 -0.683517 -2.233131 -1.665314 -0.320343 1.611930 -0.475995 -0.039741 0.248605 0.658277 -1.172229 -0.875766 0.140660 0.528955 -0.730127 1.388162 -0.714026 -0.108308 0.324802 1.348159
20 -0.243635 0.895409 0.321384 -0.630629 -0.168150 -0.169460 0.200115 -0.946471 -0.708963 0.625633 -0.935710 -1.053929 -1.787576 1.279068 -0.456626 0.876642 -0.236790 -0.419911 0.568525 0.657839 1.313760 -0.596892 -0.293185 -0.439162 1.228317 0.314679 0.845921 -0.891567 0.283587 0.952871 -0.608457 -0.769099 1.427152 -0.604250 1.282959 -0.076798 -0.631733 1.020376 -1.480015 0.625853 0.796577 0.346833 -0.151820 0.161191 -1.154149 0.156481 -0.175796 -0.250545 -0.408645 -0.757991
21 0.654899 0.824506 1.081271 0.222138 -0.032812 0.526164 1.636067 -0.414070 0.320304 -1.452054 -0.694347 1.460483 -0.834878 1.063125 -1.276313 -2.308287 1.395794 0.456894 0.201050 0.260420 0.707346 -0.881273 -0.070992 -1.045605 1.008223 0.194901 0.389923 0.488431 0.073247 -0.091933 1.550214 1.015709 1.529284 -0.801664 -0.259582 -0.127466 -0.135169 -0.657837 -2.032612 0.321322 0.022814 -0.300961 -0.182365 0.651631 -0.818755 0.043828 2.119769 0.325049 -0.064337 -0.483046
22 0.186387 -1.271984 2.193446 0.106877 -0.841612 -0.529361 -3.074339 0.157140 0.175807 -0.105578 -0.749180 -0.716812 0.758640 -1.235269 -0.265507 1.578544 0.609186 0.041281 -0.347599 0.028347 -0.124159 0.415258 -1.018814 -0.228664 0.082740 1.166890 1.098426 -1.450692 -1.411808 -0.382473 -0.449013 0.837632 2.170734 1.154995 0.879088 0.250390 1.331744 0.206417 1.861808 -0.275442 0.162771 1.427088 -0.302256 0.324561 -0.620061 1.002443 -0.370738 1.683249 -1.608957 0.468747
23 -0.573305 1.427904 0.741582 1.125036 -1.518536 0.190433 -0.067630 -0.999036 0.679132 0.111696 -0.751472 -0.660417 -0.025138 1.369951 -0.232667 0.621244 -0.533874 0.854166 0.307790 1.876962 -1.762331 -1.661277 0.635079 0.754819 -0.739659 -1.511251 0.373432 -1.087435 1.444074 0.122487 0.256117 -0.946972 -0.081453 -1.270672 0.694674 -0.784586 0.940043 -0.335061 -0.649523 0.121966 -0.254640 0.116542 -1.375942 0.448617 -0.338684 0.957943 1.776423 0.599889 0.346573 -1.544815
24 1.417721 1.714763 -0.672224 1.320516 0.709297 -0.381938 0.809293 2.919816 0.527603 -0.128687 2.155119 1.480383 1.289821 -1.255306 0.825019 -0.033477 0.618466 -1.317269 0.417443 -0.688814 -0.960760 0.244021 0.098749 0.308989 -1.098033 -0.465987 1.200934 -0.186428 0.438455 0.384440 0.788619 0.489457 -0.970089 -1.038224 -0.196093 -1.472343 -0.906051 1.971883 0.492418 0.161672 -0.042397 2.222726 -0.418552 -0.474753 -0.360489 -0.985947 0.854333 0.387484 1.182876 0.355546
25 0.372907 0.522369 0.303874 0.249944 -2.254795 -0.888292 -0.196871 1.039335 0.366012 1.488898 -0.065272 0.723518 -0.902534 0.078452 0.200955 -0.034642 -1.324243 -0.249637 -1.441067 0.175003 0.200263 2.081057 0.328694 1.072726 -0.494287 1.409748 0.092416 0.232375 1.236768 1.057106 -2.005073 0.219422 0.018742 0.464230 0.636988 -0.285235 -0.678267 -0.472734 -0.149759 0.243912 0.206045 1.758556 1.344649 -0.329842 -0.065767 0.823023 -1.227081 1.952284 0.197690 -0.068562
26 1.515644 -0.052166 0.440444 0.334096 -0.573293 -0.886819 0.547725 -0.778870 -1.018894 0.454153 0.653916 1.085436 0.143187 -0.360272 -0.207393 -1.954080 0.176501 0.758168 -0.323282 0.523032 -0.600030 -0.172720 1.345176 -0.065430 0.346348 -1.326725 0.672012 0.557863 -0.322186 1.016244 -0.282978 -1.327426 1.299342 0.995579 1.043328 -0.190079 -2.106231 -0.056445 1.200427 -2.130805 -0.524994 -0.556695 -2.236397 0.841170 -1.906718 -0.006928 -0.518125 -0.577160 -0.561332 0.735050
27 0.040482 1.215628 0.929290 -0.228808 -0.164297 -0.755685 -0.442439 -0.261089 1.071330 -0.324629 2.105732 -1.136659 0.237659 1.714971 -0.616533 -0.215265 1.374484 1.444735 0.324051 0.531040 -0.299038 -0.624192 -0.463011 -0.748317 -0.019802 -0.374417 0.722389 -0.207252 0.582044 -0.710994 0.408649 -0.960670 1.693961 2.002726 -0.382347 -0.333807 1.105961 0.875531 -0.344762 0.078643 0.407553 0.979257 -1.214976 -1.001250 -0.136642 -1.720690 -1.924277 -1.614553 -0.610132 0.445466
28 -1.000170 0.352010 1.849960 -1.315118 0.949061 -0.795274 0.139139 1.370856 -0.202936 -1.462974 -0.259337 -0.491452 0.546687 1.351702 0.769835 -2.063420 0.461468 -0.406768 -1.079724 0.509732 -0.224341 -1.174162 0.640960 1.101113 0.341579 0.598465 0.746673 -1.988472 1.185052 -0.462502 -0.826033 -0.410863 0.475602 0.225581 0.373300 -0.739676 0.076944 0.279107 -0.913996 -1.194624 -1.670719 1.281993 1.627569 1.119360 0.444028 0.162683 1.134126 0.372869 -2.767760 -0.696070
29 0.173211 -1.081229 0.477582 -0.843546 0.513850 -1.231220 -1.363537 1.287434 -0.156595 -1.020176 1.905394 0.700281 -0.771772 0.074970 -1.482070 1.663220 0.299151 1.717088 -0.064543 0.536523 -0.827173 -0.709447 -0.031859 -1.343807 0.866357 -1.352603 0.491394 -0.514068 -0.752686 2.354778 -0.637655 2.008750 -0.881998 0.318466 -1.445190 0.105677 0.800615 -0.621463 0.731944 0.218233 -0.230538 0.539025 0.559286 0.257363 0.499028 1.143021 1.517605 -0.078742 0.978395 0.432051
30 -0.297696 -0.742326 -1.160962 -2.459860 0.575373 0.987425 0.379028 0.165709 -0.475832 0.265327 0.032654 0.158741 0.568653 0.380597 1.351904 0.783673 1.085598 -0.906623 -0.708850 0.713086 -0.644287 1.339695 1.444488 -0.295442 1.478503 -0.028104 -0.757985 -1.775995 2.630377 1.067308 2.246105 1.168939 1.779451 0.393916 -3.076711 -0.014132 -0.781136 -2.139675 -0.367727 0.136809 0.355422 0.820820 -0.407099 -1.252633 0.037001 1.100782 1.378969 1.516242 0.380536 -0.613802
31 0.026651 -2.602983 -0.966564 0.066458 -0.401889 -0.617343 -0.000817 0.330294 -0.337375 -0.626532 -0.224128 1.080534 0.146552 0.376109 0.977654 -0.805502 -0.317568 -0.005894 -0.621531 0.156924 -0.200419 0.909361 -1.735073 1.199606 -0.995821 -0.014564 -0.647332 0.361626 -0.832247 0.299235 -2.406873 0.933837 -0.973527 1.612850 -0.318816 -0.330337 0.206224 -1.390163 0.126982 -0.524645 1.207876 -0.671984 0.226644 0.454637 -0.855221 0.779746 1.229713 0.187836 -0.476448 -0.193993
32 -0.762236 -1.274859 -0.197098 0.819467 -0.919131 0.671965 -0.350712 -1.770263 -0.138440 -1.503473 -1.706159 1.947029 0.485000 -0.370915 -0.008120 -0.907650 -0.547544 -0.478362 -2.541778 0.888675 -1.647119 -0.848004 0.895232 -0.512125 -0.150367 0.500730 0.961787 1.139496 -0.332469 -0.786104 1.041550 0.709264 -0.014077 -0.264937 -2.706370 1.616451 -1.564911 -0.519312 -0.104767 0.061965 0.143408 3.001130 -0.567751 -0.530953 0.570168 -1.552739 -1.217862 -1.227801 1.398007 -0.460685
33 -0.841013 0.126904 2.080495 2.402606 2.530934 2.936670 0.817510 2.108308 0.652338 -0.148836 -0.427083 0.731923 -0.504383 0.015584 1.178169 0.669138 1.243366 -0.021528 0.392065 0.487075 -0.188505 -0.326094 -0.352899 0.788535 0.244738 -1.629653 -0.267800 2.147612 -0.769758 -0.470731 -0.392642 0.122746 0.394400 1.553422 -0.493260 0.422285 -0.250366 1.744713 0.041123 0.417442 0.958274 0.590355 0.253961 -0.803313 0.731032 1.605557 0.774831 -0.255611 1.189044 0.237589
34 -0.494018 -0.794224 -0.265611 -0.521055 0.627479 -1.237251 1.579587 0.172147 0.933597 0.691435 1.057865 0.936363 1.199367 0.614002 0.351707 0.692391 1.168070 -0.192414 -0.400305 0.456046 -0.542051 0.201486 -0.890792 -0.996052 -0.364862 -0.865413 -1.083084 -0.057350 -0.346946 -0.017595 -1.360042 -1.516878 0.763400 0.493025 1.417457 -0.334478 -1.088099 -0.070341 -0.340427 -2.220203 -1.168706 -0.319620 0.011358 0.679065 0.830825 0.818604 0.152412 -2.147472 0.982599 -1.273902
35 0.810721 1.671025 1.200188 -0.744866 0.547742 -0.630972 -0.401879 1.273016 -0.732135 1.193940 -1.248607 -1.175350 0.866826 0.056883 -0.063524 0.688475 -0.726934 -1.387678 0.682511 0.533779 1.158720 -0.694736 -0.441864 1.377572 0.119286 -0.539478 0.898363 0.522905 -0.682000 0.412840 1.592612 0.554746 1.106454 0.004932 -1.580079 0.470839 2.952383 -2.604799 0.505245 0.345318 -0.846535 -0.189255 -0.594385 0.648064 -0.707699 -0.412098 -0.509631 -2.048648 0.193762 0.213962
36 0.120976 1.808693 0.209826 -0.374040 -2.465447 -0.956275 -1.024340 -0.031843 0.150110 -0.611282 -1.415069 0.659818 -0.006599 -1.237826 0.813589 1.589972 -0.207706 -0.145756 -0.424669 0.548660 -0.483176 1.627743 0.275969 0.512928 0.136802 -0.284324 0.712389 -1.397598 0.109363 -0.643616 -0.343230 1.646097 1.517667 1.176589 1.080200 0.359846 -1.304327 -0.740591 -0.569267 -0.454817 -1.987777 0.003059 -0.463339 -0.486565 0.898947 -0.028032 0.813485 -1.091298 -0.468711 -0.914536
37 0.109840 -0.911713 0.577315 -1.966500 0.682366 0.497523 -0.473500 -0.716752 1.631870 1.306737 0.648901 1.454353 -1.664815 -0.349992 0.018733 -1.017237 -2.176974 -1.067498 0.509473 0.020002 0.052088 -2.331078 1.113855 0.335489 1.816888 0.032165 0.738586 -0.146778 2.476155 -0.630386 -0.929341 -0.172798 0.372150 1.276965 2.147314 1.182076 -2.409986 1.000382 -1.267213 2.630487 0.703206 0.768215 0.500632 -1.465796 -1.583400 -2.337955 -2.161468 -0.765186 -2.275190 -0.748620
38 -0.502734 -0.533756 0.729237 0.371803 0.273491 -0.753007 -1.275684 -0.712649 -0.981735 0.489248 -0.466722 0.478977 -0.566703 -0.014087 -1.145878 0.935182 -1.004307 1.492990 0.458963 -0.536215 0.221712 -0.258974 0.744000 0.156494 -1.133327 0.453944 -2.087579 -1.025056 -0.505562 1.332038 -0.557172 -0.523609 -0.564668 0.898270 0.115247 0.372865 -0.183041 2.289296 0.756700 -0.362803 0.789645 0.756622 1.783955 -0.628358 -0.601366 0.021002 1.169835 0.271169 0.973522 -0.021218
39 1.068711 -1.135724 -1.326074 0.493908 1.061987 -0.764754 0.528021 0.106234 -0.111106 -1.509451 0.525727 0.743986 0.993787 -0.042912 -0.675825 0.958569 0.455573 0.167163 1.495723 1.449240 -0.653926 0.051918 -0.595800 -0.845796 -0.293105 1.332033 -0.573946 -0.705428 -0.578012 0.506221 0.230040 0.418950 0.227932 2.515325 -0.179903 -2.029733 -0.358825 -0.284079 -0.232021 0.029104 0.120322 1.875734 -0.448954 0.787060 -0.886792 -2.178778 1.131936 0.545258 1.122085 0.432544
40 -1.059288 -0.246811 -1.463055 -0.313177 -0.550802 0.666188 0.155785 0.445784 0.904785 -1.178889 1.713621 -1.094154 -0.754279 0.220537 0.369638 -0.088489 0.598127 0.992819 -0.188769 -0.905610 1.610915 -1.073941 0.074342 0.904633 -1.543004 -0.400650 -0.441529 -0.169259 1.586745 1.704480 -2.194516 0.549814 -0.626708 -1.007494 -0.734994 0.709256 0.086862 0.643564 0.162901 -0.425345 1.017523 -2.271283 -0.173948 -0.395025 -0.606337 -0.996080 -1.788863 -0.256202 0.378433 -0.657186
41 -0.715804 -0.938042 1.520856 -0.036522 0.115888 -2.019617 -0.727406 -0.938759 0.931890 0.252027 0.115554 -0.301350 0.983154 -0.493064 0.789549 0.782147 -0.204105 1.676157 -0.127291 0.278168 -0.610964 -0.702110 0.037953 -1.791687 -0.269668 0.501151 -0.236564 0.758055 -0.942426 -0.132660 -0.498379 0.064401 -0.185883 -0.109807 0.082386 -1.809053 0.021725 -0.238361 1.402961 -1.925964 -0.908720 1.086363 0.175702 0.079971 1.143597 -1.030656 0.662008 0.195907 -1.352548 -1.033286
42 -1.092210 -0.029829 0.334173 -0.128389 1.035237 0.229615 -0.560926 -0.977416 -0.802862 1.437523 0.351903 1.107796 1.224813 0.114109 -0.014303 -0.053695 0.581401 -0.243928 -0.016967 0.665121 0.662618 2.193225 1.904444 -0.024652 -1.433740 -1.275321 -1.848263 -0.216710 0.284417 -1.273621 -0.063557 -2.083291 1.874815 1.480105 -0.031571 1.029685 -0.543866 1.334248 -0.175774 -0.352838 -1.070948 1.007390 -0.817870 -1.841685 0.110966 0.898079 0.674870 0.669406 -1.722918 0.998027
43 2.225570 0.758481 1.431094 2.074803 -0.058416 1.597428 0.082271 0.690130 -0.432443 0.131346 0.620751 1.259770 0.452205 0.661757 0.770738 1.724519 -0.217887 2.427159 1.736569 -0.183272 -0.750253 -0.458669 1.839642 1.169884 1.152327 -0.891934 -0.770978 2.268548 1.137384 0.210320 1.292129 -0.239961 2.035746 1.456607 1.376908 -0.531865 0.301864 0.264235 2.442349 0.202159 1.755023 1.579100 -0.377579 1.559776 0.331863 0.661035 0.162156 -1.282334 1.324873 1.102949
44 -0.750458 -1.035439 -3.192667 -0.807924 -1.808155 1.123030 0.324145 1.516740 0.098045 0.638678 0.562465 -0.926006 0.225624 -0.047421 0.354391 0.679216 -0.006893 0.252720 0.580434 -0.739767 0.323149 -1.360191 -0.007348 0.095978 0.555089 -1.499974 0.291589 0.789692 2.045531 0.191056 -0.688544 -0.565244 -1.095019 1.588514 1.185921 -0.443099 -0.706313 -0.880159 -0.362283 0.451999 -1.269126 -0.268846 -0.383660 1.869246 0.347922 -0.486889 0.057639 1.425051 -1.760940 -0.572192
45 -1.542337 -1.035600 0.311496 1.982947 -0.990218 -0.011395 0.477224 0.107407 -0.972683 -2.079645 0.142638 -1.515972 -0.338062 -0.913105 1.392660 0.046501 0.377692 0.200307 -0.883830 -0.090994 0.338912 -1.199633 0.604924 0.291709 1.170038 -0.219808 0.540609 0.118595 0.002107 1.274116 -0.393518 -1.286027 0.324742 -0.603548 -0.318087 -1.520678 -0.301490 0.307582 0.256602 0.754480 1.104783 0.053323 0.430530 -0.627934 -0.074224 1.249366 -1.503666 1.063769 -1.051839 -1.726073
46 -0.644335 -0.525419 0.063347 -0.609753 0.450524 -0.785820 -1.196384 -0.262045 -0.430160 0.286689 0.994703 -2.195167 -0.160911 1.426005 -1.287194 -0.326594 0.703477 -1.418093 0.250657 0.316088 -2.782791 -1.156751 -1.477506 -0.892821 0.282894 0.460129 -0.125142 1.400479 0.415149 -1.847527 -1.086623 -1.320919 1.012932 0.208157 -0.818489 -0.160158 1.394717 -0.600151 -0.251290 -0.125744 -1.476002 -0.965218 0.623928 0.168214 0.269109 1.360384 -0.367552 0.307055 0.474681 -0.547845
47 -1.486409 0.020012 1.031198 -0.237280 -0.201704 -1.709242 0.569444 -1.286529 -0.978875 0.056240 0.218282 2.841780 -1.575166 0.394296 0.083680 -0.498236 -1.391355 0.806307 1.185251 -0.723684 0.475498 0.337771 -0.612659 1.336238 0.379441 1.084635 -0.267769 0.433913 -1.061419 -2.176992 1.881533 0.273342 0.160164 -2.146073 -0.824149 0.022799 -0.139923 1.241072 -0.872321 -0.013820 0.131234 -0.186486 -1.208058 0.665916 -0.166002 0.541827 0.053693 1.716987 0.152028 0.540141
48 -0.269866 0.572312 -0.457586 -1.551269 0.992051 1.478294 1.248854 0.738664 -0.999805 0.836651 -0.648383 -0.198963 1.394620 -0.040363 -0.332603 -0.629637 1.057832 -0.879105 0.553669 -0.315460 0.646025 -0.639145 -0.204925 -0.538275 -0.471459 0.095210 0.738405 0.511934 -0.153303 0.729990 -1.045575 -1.390542 -0.395611 -0.226976 -0.809973 -0.837592 0.928052 0.281403 0.418360 -0.475393 0.622326 -0.956615 -0.754080 -0.383939 -1.162381 -1.698770 -0.422867 -0.642370 0.089489 -0.168422
49 0.539753 -1.446780 0.657158 -1.915567 -2.280305 1.785785 -0.082462 -1.165740 -1.277078 -0.676260 -0.407941 1.283373 -1.095295 -0.996492 -1.830860 1.482885 1.470946 -0.012040 1.373519 0.142873 0.209781 0.200151 1.101438 0.149809 2.589728 0.035095 -0.067893 -0.245167 0.663046 -0.026564 -0.488196 -0.590376 0.588716 0.498540 1.573409 0.538877 -0.949788 -1.264127 0.046097 0.202242 0.716955 0.218701 -1.735905 -0.671373 1.007026 -0.381051 1.351522 -0.463417 -0.402300 3.155858
50 -0.274007 -1.356204 0.061001 0.834280 0.894127 0.181554 0.993320 -0.787883 0.585391 0.214353 -2.390825 1.476517 0.007845 0.516721 1.744592 0.424849 -2.068039 -0.649337 -0.658055 -0.756786 0.340709 0.818335 -0.212027 -0.057712 -0.137608 0.498260 -0.329067 -0.949681 -0.055604 0.540805 0.046487 0.533183 -0.290931 -0.454718 -0.236792 0.329168 -0.297538 1.385596 0.648913 -0.612963 0.724190 0.461615 -0.063271 -0.021876 -0.243517 -0.323309 0.078733 -1.220403 -0.602961 0.070475
51 -0.605922 0.845215 0.119200 -0.246837 0.328127 1.782303 2.497593 1.046317 0.337629 0.968872 -1.005973 -0.656472 1.152513 -0.909486 -0.312234 -0.173926 -1.811523 -1.661147 1.090057 -0.757659 0.310179 -0.975756 -0.281654 -0.246194 0.089973 -0.841478 1.324656 -1.080903 0.400153 -1.577507 -1.094112 0.663189 -0.258635 0.087341 1.829808 -0.443470 -0.626829 0.431447 -0.718517 0.313406 -0.300022 -0.518204 -0.789028 0.435854 0.961614 -0.515288 0.472251 0.092756 -1.101487 -0.302308
52 -0.472612 -0.125238 -1.088042 1.233711 1.631787 0.140315 -1.293418 2.444033 0.197975 0.279932 -0.422882 1.325591 1.768613 -0.135979 2.121179 2.463530 0.693829 1.291520 0.730815 1.148486 -0.442397 -1.787953 1.837172 0.506147 1.074386 -0.959813 -0.000645 1.068078 0.630381 0.496115 0.694866 -0.183546 -1.580994 0.233437 1.102012 0.625213 1.668956 1.064244 0.657133 -0.480509 1.962288 0.679405 1.003644 -0.126027 -1.188241 0.239721 0.602194 0.266547 0.580860 1.601873
53 0.266587 -0.006144 1.355284 2.714359 -1.248893 2.081251 -0.876710 3.166841 -0.816168 -0.151669 -0.009141 0.579278 -1.009351 2.157244 3.492878 0.730847 2.035870 1.496374 1.591787 0.997132 0.119610 -2.064433 -0.354977 2.164789 1.691755 2.117966 -0.288551 0.171277 0.770783 1.391478 2.675681 1.733678 -1.395881 0.901626 2.101386 1.502220 -1.372844 -0.484845 1.712230 -0.647090 1.455357 -0.391453 1.286045 -1.288911 0.488901 0.457644 0.362178 -1.655319 0.059387 -0.117639
54 -1.032074 0.752873 -1.007644 2.104211 0.769760 -0.383321 -1.183432 -1.700818 0.406398 -1.208400 -0.926651 -1.002303 1.400104 0.918806 -0.475497 0.420754 -0.817379 -0.807707 -0.766692 -2.773061 -1.454979 0.090064 -0.184192 -1.943307 0.633372 1.945842 0.703982 0.870491 -0.782273 1.038550 0.472659 -1.541307 -0.944558 -1.117985 1.324010 -0.076324 0.374752 0.744588 -1.065313 1.114698 -1.124790 -0.073886 0.580070 -0.625068 0.089737 0.886342 -1.736712 -1.488124 0.056654 -0.077458
55 0.001660 -0.212513 -0.427338 1.662129 0.943972 1.701673 0.270417 -0.894666 0.057516 -0.049113 -0.254796 -0.533307 -0.024121 -0.158491 0.435035 0.501733 1.115974 0.215322 -0.619201 -0.481902 -0.937390 0.024763 -0.364550 -0.453429 -0.607620 -0.711629 -0.380922 -0.424475 -1.899429 -0.156377 0.573166 0.476037 0.630241 -0.900114 0.078768 -0.747152 -0.720134 2.176030 -0.386265 -0.979164 -0.969157 -1.010843 1.446092 0.636595 1.838344 -0.466565 0.877638 -1.338515 0.066552 -0.283094
56 -0.800173 2.240191 1.024500 -0.149118 0.800816 -1.057370 0.287725 0.659748 0.458070 -2.220841 2.499967 -0.696425 0.600681 0.930730 0.300835 -0.218841 -1.211378 0.682895 0.459945 1.111174 0.007434 -1.398224 -0.862573 -1.480496 0.507440 -1.313819 -0.179117 -0.348588 0.079606 0.039299 0.316656 -0.216904 1.067809 0.120139 0.778271 -0.708706 0.497750 0.642906 0.461224 -1.068548 0.516597 1.051593 0.071758 0.434448 -0.349267 1.108823 0.491825 -1.697942 -0.347472 -1.113920
57 0.919132 0.516778 -1.100303 0.095886 2.708217 0.132745 0.730193 -0.675427 -0.465773 -1.883254 -1.443919 1.666511 0.262622 -0.602481 -1.419132 0.690244 -0.310763 0.131782 -1.225560 0.822332 -0.076761 0.979434 0.017402 -0.100232 -0.019879 -0.312880 -0.119645 -1.470690 -0.377324 -1.449464 2.898768 1.400926 -0.733496 0.169113 0.427746 1.994194 -0.115630 -0.114912 0.450215 0.319552 0.140552 0.694078 -1.224026 0.518134 0.818650 1.168788 2.044720 -1.029251 0.190761 0.990348
58 0.561067 1.083247 1.004308 0.037551 -0.824164 -0.262975 0.586514 -0.074218 0.122581 0.767669 -0.950988 -1.490959 -0.470414 0.791560 -0.447921 -0.382813 0.050080 -0.805599 -0.465732 1.475371 -1.011258 0.394788 0.327757 -0.212766 -0.337030 -1.174250 -1.226652 -0.737333 1.153439 -0.033214 1.256391 1.662515 0.957070 -2.054870 0.989707 -0.528456 1.437683 0.393298 -1.267177 1.283996 1.101151 0.784149 0.652370 1.094976 -0.871765 0.963761 0.017076 0.238814 0.446895 -0.737446
59 0.812208 -0.324843 -1.780045 -0.323067 0.457849 0.253767 -0.580112 -0.660294 -1.983936 0.759771 0.561486 0.265078 0.631246 -0.835728 0.969704 0.760521 -0.821916 0.012790 -0.509708 0.191289 0.837703 1.216400 -0.468537 -0.731782 -1.489525 -0.537539 0.285600 -1.130683 2.003820 0.676816 0.467629 -0.469414 -0.708646 -0.513399 0.004265 -1.046809 -0.339553 -0.915193 -0.604102 1.676953 -0.080185 1.210290 0.671477 -1.097930 -1.017236 -0.521331 -0.350427 1.172467 0.023580 -0.062333
60 0.359917 0.314769 0.243325 -0.820638 0.304673 -0.207274 -1.334382 -0.382225 -0.358394 0.416808 -0.024881 -1.887552 1.861597 0.668202 -1.005703 -0.162651 1.784527 -1.566216 -1.686606 0.681196 0.230846 1.054657 0.442554 -2.023156 0.426752 0.476581 -0.997425 -0.440012 -1.832868 -0.394660 1.138748 1.983228 1.135449 0.862120 -0.162024 0.109641 -0.351729 -1.278264 1.399437 -1.069004 -0.543895 -0.249110 0.366808 -1.848710 -0.654629 -0.527469 0.122024 -0.479338 -1.160735 0.408621
61 0.806157 0.839433 0.802024 -0.303565 2.325209 0.877480 -0.487134 0.735700 0.400735 0.550063 0.578621 -0.026584 0.876858 1.406109 0.858735 1.621273 1.788807 -0.658262 0.749471 2.513692 1.129778 0.157239 -0.755022 -0.059203 0.554619 -0.229027 0.289449 0.740473 1.414343 -0.107467 -0.355009 2.030122 1.893161 -0.731432 0.838722 0.760484 0.370309 0.814713 0.187287 -0.436115 0.924594 0.956661 2.524574 -0.623529 -1.089203 1.277181 1.150439 1.341681 1.888357 2.423504
62 -0.396253 1.008487 3.591253 2.788291 2.641349 0.801589 0.649397 2.270529 0.822632 1.286848 1.827119 -0.396058 0.533293 1.725372 1.452893 1.162283 0.400215 -0.285095 0.254842 1.026337 3.357443 0.230116 1.072848 1.283148 -0.008682 -0.702186 1.339200 1.340242 -1.056717 0.546514 2.376952 0.984736 -0.576599 -0.161571 1.156421 -0.075915 1.511131 1.149784 1.772612 0.037432 1.665943 1.375160 0.818515 -0.121249 0.390220 0.824878 1.582131 -0.125738 1.568759 1.656036
63 1.029864 0.104588 0.042216 1.556361 1.958482 1.347606 3.038015 0.926713 -0.319251 0.496112 -0.003049 -0.262130 -0.328582 1.582397 -1.384695 1.356675 0.848136 0.313022 2.030678 1.589725 0.036190 -1.432968 1.190622 -0.730246 1.093391 0.786122 -0.166690 2.476611 -0.123778 0.136692 -0.222068 -0.684726 -1.209570 -0.728932 -1.467423 2.017356 -0.792878 0.531976 2.600616 1.567933 1.416884 2.016615 -0.296033 0.588503 0.291879 -0.567598 0.048876 1.197683 1.880219 1.845022
64 -0.503672 0.577571 2.121453 -0.097634 1.238101 0.648617 0.342810 1.302983 -0.422219 -1.100138 -0.734734 1.762084 -0.277057 3.514089 1.646437 0.902381 3.165724 0.969431 0.783887 -0.094531 1.901740 -1.009615 -1.743146 1.295861 2.198266 0.873578 0.153171 1.928081 1.202095 -1.455227 0.689222 -0.052680 -0.571543 1.229208 2.004679 1.307120 -0.909506 1.448776 0.436341 -1.253826 -0.448284 -0.313402 1.342138 2.327141 -1.174379 1.339991 -0.887707 -0.120746 2.943785 0.853055
65 0.762229 0.496609 -1.228962 0.493735 0.332555 -0.077192 -0.896459 1.842978 -0.903617 -0.014222 -0.236177 0.651575 0.182164 -0.322261 0.138872 -0.945969 0.830187 1.390802 -1.049619 0.543747 -0.207590 -0.232643 0.017016 0.073865 2.201691 -0.192021 -0.619817 0.432560 -0.317327 1.295754 -0.611880 1.837248 -1.382523 0.984922 0.562628 1.095000 -0.821481 -1.151626 1.582743 0.543199 -2.206166 0.777443 -0.429051 -0.623643 0.427438 -0.830595 0.609813 0.129755 1.341648 -0.757438
66 -1.150564 -0.483485 0.847723 -0.918828 0.087677 0.816997 0.078293 -0.381374 0.063272 0.985954 -0.162157 -0.972265 1.363856 -1.948192 0.199975 0.602065 -1.325967 -1.431079 0.249374 -0.074937 -0.601080 0.194587 -0.667008 1.022350 -0.686386 -1.718144 0.650347 -1.196763 -0.160088 -1.080540 0.448533 -0.344861 0.316099 0.007140 -1.053378 1.618565 -0.921428 1.090909 -0.317023 -0.301968 -1.156869 1.292429 -0.160373 0.094458 -0.380872 -0.073931 0.647182 0.112208 -2.492213 0.040900
67 -0.457058 0.394231 1.621282 -0.402201 -0.452363 -0.906433 -0.390319 1.106842 -0.333202 -0.509545 1.319808 -0.583851 2.354443 -0.365053 -0.513143 0.017735 -2.885091 -0.763477 -0.214366 0.721442 0.243314 0.806380 -1.004327 0.313214 1.357434 -0.820900 -0.258086 0.850521 0.449523 -0.138223 0.615138 -0.771378 -1.040935 -0.936105 0.139369 0.111045 0.235694 0.319056 0.156369 0.930942 0.166283 1.791386 0.683809 -1.849058 -2.256843 -1.830128 -0.746362 0.570709 1.131563 2.092730
68 0.750553 0.270352 -0.106401 -2.049166 1.182071 1.890506 2.246290 1.027920 -0.670290 0.079253 0.662561 -2.116251 0.887893 -1.242095 -0.278831 -0.121491 -0.446837 -0.478015 -0.650131 -1.680118 0.194033 0.907752 -0.308160 0.692392 -0.959333 0.392425 0.223173 1.731199 0.392130 0.899959 1.865503 -0.464975 -0.371769 -1.236853 -0.346313 0.591099 0.302628 -0.638677 1.038345 0.834565 -0.233955 -0.242856 -0.978410 -1.038594 -0.977556 -1.638909 -1.077270 -0.466935 -0.156801 0.770350
69 1.723733 -0.156004 -1.960219 -0.443352 -0.488567 -0.739999 -1.280572 -0.784921 -0.612974 -0.784284 -0.565055 -0.311271 0.423082 -0.804986 -1.208921 1.011213 0.799567 -0.429311 0.709201 -1.820339 -0.589452 -0.694722 0.312658 -1.013297 -1.317366 0.553284 0.550330 0.231055 0.408155 -1.570555 -0.869650 -0.846294 1.317670 -1.648395 0.367136 -0.814114 -1.031695 0.502645 1.552449 -1.771613 -0.490227 0.322883 -1.700528 0.290499 -1.186931 -1.199540 -0.540066 0.819519 -1.403756 -0.894922
70 0.727777 -0.752299 0.913303 -1.228103 -0.724427 0.004919 -0.110331 0.885532 -3.029787 -0.604895 -0.126599 -1.295105 0.934349 1.098475 1.226682 1.920579 -0.139967 0.026857 -0.020416 -0.615678 -1.166022 -0.871668 -0.885706 0.049272 -0.438303 -1.198469 -2.123363 -1.059973 1.200646 0.152819 1.057720 -1.481458 0.182123 -0.101532 -0.001144 1.058153 -0.529022 0.485704 0.791800 0.715987 -0.257499 0.343560 0.266391 1.249869 1.255018 0.193573 2.708983 -0.071696 -0.077579 0.119998
71 -1.168196 1.308791 0.387951 -1.621159 1.975932 1.276393 0.217311 1.385673 -0.318755 -0.502413 0.082166 1.958759 0.566166 2.720178 2.539928 1.719384 0.940916 -0.035870 -0.839973 2.565568 -0.471220 -1.352978 1.860477 1.689769 -1.202586 -1.338111 1.251594 0.526623 -0.090013 1.447938 1.825668 -1.396753 -0.363343 0.912556 1.353317 1.133154 1.610677 1.652718 0.828787 -1.165692 0.242121 1.513375 1.106394 -0.151097 -2.067082 1.586527 1.192409 2.004098 -0.012028 0.334108
72 0.423520 -0.758479 1.889908 -0.913737 2.625234 1.154048 1.298266 1.309358 -0.710772 -0.466736 1.382878 1.447483 2.503997 1.773563 0.989577 -0.171413 0.422552 0.379074 2.029701 1.411186 0.793857 1.332457 -0.304762 -0.196311 0.232733 2.581167 -0.065840 1.389564 -1.408478 1.507466 1.712094 -0.012352 -0.913553 -0.049637 0.739939 0.849334 -2.742212 0.379851 -0.049282 -0.577302 1.533546 -1.293725 -0.894260 -0.852149 0.054015 -0.368279 1.006665 -2.169978 2.678926 1.627563
73 -0.807680 1.093736 0.937845 -0.602900 1.558917 -0.857143 0.914710 0.051274 1.436115 -1.547619 0.285711 -0.237543 -0.909625 0.445362 -1.069942 -0.424107 -0.538049 1.661328 0.641550 -0.774530 -0.587949 0.808737 0.126039 0.136291 -0.595113 1.233471 -0.789765 0.316111 0.169369 -1.095926 1.487515 1.140886 0.123222 -0.419047 0.443901 -1.348826 -0.302304 -3.368428 -0.529779 0.043751 -0.287026 -2.025539 0.229962 -0.805777 -0.636161 -0.499864 -1.545771 -0.528965 -0.287585 0.669854
74 0.189686 -0.320441 -0.012795 -1.408601 1.937390 -0.338281 -0.199755 0.523028 -0.138266 0.684500 0.726653 -0.859773 1.016871 -0.789979 0.818966 0.285340 2.561605 0.755816 -0.111875 -0.969438 -0.628045 -1.041446 -0.501260 -1.449749 0.403922 -0.549043 -1.096181 -1.062858 1.392645 -0.386310 0.265090 -3.008310 -0.846676 -3.435821 -0.185721 1.165118 -0.234061 -0.207579 1.258149 1.692889 1.605642 -1.276469 2.433438 -0.472354 1.149158 1.330045 -1.376634 1.507345 0.206540 0.095788
75 -0.952413 0.170253 -0.819156 -0.195597 0.178997 -0.822666 1.671360 0.608788 -0.448473 -0.077939 -0.235494 0.197746 0.677887 0.008779 -3.117815 0.896239 1.284200 1.138564 1.210527 0.011802 -0.926698 0.898589 -0.590796 0.817500 -0.052449 -0.244022 -2.299791 0.257347 0.105405 0.234370 -0.567866 -0.237020 0.868974 -0.903602 -1.560155 0.103406 -0.086429 -0.413586 2.096698 2.147909 -0.726797 -0.395734 -0.788480 0.834604 0.023068 0.659817 0.632460 -0.904049 -1.545535 -0.014222
76 -0.187286 0.994766 0.870048 0.063136 0.415055 -0.714040 -0.319587 0.064222 -0.973036 2.438650 -0.638688 -0.194238 0.364127 -1.084831 0.336984 0.665256 -0.611887 1.354013 -2.001756 -0.498483 0.068752 -0.947381 1.538774 -0.202898 1.374281 -0.941975 2.590013 0.172595 1.544813 0.734819 -0.331143 0.656521 0.566653 -1.018706 0.427782 -0.258067 -0.434344 0.246447 0.363953 -1.611050 0.308363 0.257368 -0.215939 -0.147271 0.661784 0.359843 -0.239422 -0.164290 1.375464 0.541388
77 0.084964 1.790223 -0.051105 -0.900656 1.549056 -0.669091 0.503035 -0.420130 0.822180 1.466650 1.220422 -0.279162 -0.441716 0.042035 -0.702522 -1.184427 1.501222 0.736168 0.389759 0.580369 -1.184907 1.047132 0.094181 -0.975019 -0.495937 -0.659999 0.494234 -0.024807 0.807771 -0.508080 0.301368 -1.565249 1.083929 0.284008 -0.462634 1.095639 1.039969 -0.298051 -0.471522 1.239747 -0.580938 0.092904 -0.348075 -0.634638 -0.148193 -0.034513 1.285608 0.755551 -0.374108 -1.105710
78 -0.869634 2.092928 -0.247167 0.755706 -0.687399 0.900846 -1.707712 -1.333662 0.818836 -1.056079 -1.457905 0.471597 0.067048 0.590898 -1.184970 -1.219734 1.628805 0.751145 -1.250870 0.012260 -1.280785 1.342395 -0.944616 -0.203294 0.233837 0.120500 -0.781608 0.450831 1.031105 -0.725507 -0.209384 0.470729 0.458880 -0.559116 -1.994973 0.424263 1.255006 -0.179519 0.372346 -0.673127 -0.487733 -0.253481 1.212360 -2.698072 -0.318798 1.189100 0.700716 -0.046030 -0.909121 -0.430381
79 0.915507 0.644501 2.187650 1.643798 0.637279 -0.105445 0.424287 0.832733 0.603149 -0.830838 -1.610016 -1.186136 1.588367 -0.275678 -0.481151 -0.535000 0.194803 0.952219 -0.104017 -1.048972 0.138138 0.708315 -1.406142 -1.058755 0.141829 0.590892 -0.422292 0.691531 -0.992265 -1.003800 -0.596266 0.638908 0.106951 -2.061655 0.323993 0.791435 -0.269150 -0.114714 0.183302 -1.229249 0.580485 0.156774 0.904253 1.213548 0.567939 -0.234974 -1.173956 -1.157643 -0.422478 -0.709434
80 -1.133418 0.433696 0.088512 0.306959 2.096085 -0.470851 1.483199 -1.451267 -2.509411 0.174785 -2.321373 -1.196875 0.825468 0.061881 0.911203 0.235928 -1.020027 -0.363677 0.766148 -3.404291 1.099785 0.384321 0.978394 0.173670 0.541908 -0.595752 0.714577 -1.977223 0.219151 0.088429 -1.165358 -0.129885 0.482263 -0.094871 0.094258 0.942728 0.948256 -0.013983 0.686678 0.692070 1.380075 0.012442 -0.197567 -0.436168 1.131620 1.377219 -0.299835 0.712026 0.166782 1.437041
81 -1.521381 0.603059 0.422799 1.313782 0.147260 -0.547243 0.711100 0.314972 -0.392822 1.096518 0.387611 -0.955038 1.018611 -0.170190 -0.447172 1.001729 -1.143823 1.578788 -0.490757 -0.522464 0.300231 2.344858 -1.742174 -0.334412 0.265963 0.554049 -0.831806 -1.706031 0.433174 -1.276116 -0.237738 -0.824190 1.175801 -1.715810 0.465792 0.551019 0.373191 0.191400 -0.499310 -1.110691 -2.829074 -1.470325 0.790887 -1.063749 -1.045607 -1.052847 0.624601 0.948752 -0.963810 -1.249619
82 -0.647125 -0.976027 1.182804 -0.116473 -0.452122 -1.215120 0.534511 1.142949 1.430986 0.767996 1.699847 1.106807 0.217091 -1.935015 0.659456 1.714012 0.055105 0.571791 -0.839836 0.181366 0.786162 -0.370204 -0.531961 2.195067 0.629551 0.903812 -1.047727 -0.430162 0.844797 -0.265378 -0.046162 -1.132356 -0.058010 2.189049 0.609139 1.228019 -0.743435 2.011673 -0.815448 0.833135 -0.225342 0.515628 1.018633 -0.287810 -1.890829 -0.059670 0.459637 0.543556 0.719657 -0.053280
83 1.281144 1.270908 0.818258 -0.720500 -0.088614 -0.213245 -0.112092 0.349419 1.132814 0.222922 0.175899 -0.285220 -0.598661 0.301681 0.266165 0.053619 -0.258854 0.318773 1.169210 -0.159347 -0.454786 -0.024824 -2.649713 0.591930 1.025804 -0.573864 0.881788 -0.649312 -0.339795 -0.559814 -1.622734 -0.718736 -0.439083 0.034164 -1.058681 1.245033 -1.422799 0.182176 -0.334601 -0.623789 -0.282630 -0.436063 0.199308 -0.953992 0.015952 0.113770 -1.661282 1.136319 0.171121 0.857717
84 0.039722 0.055453 -1.764141 -2.508147 0.928948 -0.261016 -0.183512 -1.137340 1.656238 0.566577 -1.335298 0.944987 0.502879 -0.512983 0.754495 -0.131724 0.218717 -0.330881 -0.544559 -1.434542 -1.020654 -1.662684 -1.500192 -1.153499 0.177206 -0.477031 -1.794480 -0.712429 -0.005624 0.455701 0.218959 -1.237654 0.073354 0.813439 -1.321695 0.309975 -1.178967 -1.578545 -1.496026 -0.121285 0.137755 -0.132675 2.056852 0.221724 -0.695426 0.021253 0.970976 0.665592 -0.294031 0.924038
85 -0.368558 0.558256 -1.628782 0.174055 0.771318 -1.065556 0.238770 -2.269874 0.948111 0.646161 -0.305860 0.340105 0.109380 -0.228264 1.534951 -0.903680 -0.837903 1.008440 0.315095 0.486645 -0.334950 1.405136 0.359660 1.638492 2.390254 0.453232 -0.285433 0.380430 1.572909 -0.534552 -2.660264 0.498567 -0.482867 0.000426 1.416927 -1.798911 2.081029 -0.720411 0.281824 0.699679 -2.508726 0.554424 -0.486318 -1.951462 1.273366 -0.906370 -1.185880 -0.048424 -0.588289 0.683400
86 -1.029391 -0.217305 0.203970 0.344089 -0.745127 -1.141440 -1.482084 -0.308827 -1.172917 1.848649 0.398064 0.358147 -0.455539 1.089319 -1.351273 -1.317925 0.919204 -2.330840 -0.051643 0.610857 1.263890 0.535178 0.569131 -0.175870 -0.892257 0.743992 -2.032731 -0.583432 -0.690593 -0.115448 -1.787945 0.368207 0.620782 -0.569169 1.115199 -0.095768 -0.284569 1.480001 0.544398 -0.232609 0.142001 1.076967 -0.314254 0.721047 -2.608283 -0.368850 -2.155500 0.261246 0.443427 1.171091
87 -1.450906 -2.043837 -2.136585 0.020536 -0.409072 0.867043 -1.241719 -0.690279 2.452034 1.538892 -0.216351 -0.918412 -0.520215 0.841930 0.514585 -1.752317 0.738937 0.402889 0.208445 0.708380 -0.873537 0.253779 1.859041 1.318320 -0.627840 -0.892669 0.062164 -1.335875 -1.207675 -0.832472 -0.512371 0.311089 0.419685 -0.387478 -1.698295 -1.445201 -1.289332 -0.773844 -0.754497 1.083604 -0.590146 0.547022 -0.102077 -0.361403 -0.129131 -0.126564 0.706561 0.568117 1.843800 -0.243542
88 -1.522441 -0.233318 -0.328438 -0.896346 0.504271 0.162110 -0.688323 1.402955 -1.774992 1.614616 0.908134 0.025211 -0.111188 0.342445 -1.031017 0.184946 0.713994 -0.205817 0.515399 0.001084 -2.185399 -1.262019 2.051514 1.312871 -0.893937 0.101375 0.403480 0.491058 1.249176 0.382180 1.099715 -0.489886 1.102407 0.900370 0.811522 -0.718043 -0.323354 0.514895 0.811129 0.726015 -0.753870 0.670506 -1.307599 1.227993 -1.013694 1.446519 0.891066 -1.563045 -1.055895 -0.101058
89 -0.424821 -0.273145 0.680340 -1.112645 -0.679834 -1.028222 0.084035 0.982725 0.158698 -0.077151 0.157463 -1.074568 1.606374 0.793744 -0.247182 0.071388 0.559930 0.049001 0.623281 1.989587 0.723289 0.332199 1.168753 0.476838 1.187499 1.023614 0.888226 1.416246 3.166250 1.129600 1.633147 1.451316 0.296566 -1.019743 -0.568874 0.423068 0.369299 0.493465 -0.851106 1.099466 1.593104 -0.952076 -0.040634 1.351784 -0.097018 1.294672 0.366779 1.605092 1.686861 2.150351
90 -0.419703 -1.782914 0.693759 -1.171543 -1.232591 0.723452 -0.604615 1.170952 -0.662552 -1.033382 0.461297 1.327830 -1.622592 1.336103 -0.818125 -0.430112 1.301188 0.491967 -2.659210 -1.284606 -1.118217 -0.337340 1.576373 -0.292117 -1.075275 -0.671727 0.078096 -0.040107 -0.474996 -0.363657 -1.640116 2.323916 0.027629 -0.072997 -1.427845 0.054797 -0.682578 -0.088969 -0.435820 0.963606 -0.573565 0.519014 -0.409215 -0.325457 -0.173214 0.145438 -0.334380 -2.762802 0.428601 1.676705
91 0.078022 2.391915 -1.924694 -1.608025 0.041433 -1.390046 -0.292101 0.542947 -0.497659 -0.111656 0.195195 -0.669334 0.589149 1.400716 -0.246280 -0.114924 0.968978 -0.338303 -0.416391 -0.469247 -0.788856 0.078010 -1.313076 0.314332 0.277362 1.288178 0.432958 -0.888337 -0.447036 -0.207297 -0.308206 -0.166595 0.168225 -0.839849 1.108534 0.322271 -1.269706 0.584351 -0.518499 -0.065594 -1.152692 1.903674 -0.523124 -0.801878 1.321105 0.205302 -0.798854 2.155021 0.023830 -1.192746
92 -1.182633 -0.003470 0.500725 0.457809 1.203570 -1.446816 -0.720243 1.071682 -0.151705 0.394552 0.183411 0.951046 0.207773 0.002421 -1.050074 2.195894 0.701868 0.154940 0.929106 1.025066 1.554346 -0.022079 0.707669 -0.250258 -0.846427 1.576830 0.498847 -0.706524 0.261636 -1.068973 0.473362 1.546437 0.480071 -0.085324 1.355238 0.541986 -1.318013 2.577114 0.038997 0.475519 0.742315 1.498006 0.094329 1.632884 0.558767 -0.830532 -0.944620 0.553884 1.187112 -1.418284
93 -0.168773 0.456524 0.173323 1.621060 0.212356 -0.722538 -0.123114 0.725342 1.135074 1.212221 -1.433186 2.092770 1.014583 -0.387772 1.725218 0.373347 0.103452 -1.029984 -2.067648 -1.187977 -0.742914 0.173018 -0.154960 -0.655001 0.535482 1.440738 -1.056753 0.768047 0.797185 -0.377410 -0.548257 0.533237 -1.929981 0.898363 -0.050892 -1.691857 1.354233 -0.652707 -1.238148 -0.659593 -0.274175 -0.252691 -1.215679 0.681361 1.538614 0.611328 -0.015674 0.433945 1.172435 -0.892191
94 0.985140 1.041758 -1.552843 -0.577791 -1.757165 0.712472 -0.793919 0.159270 -0.872372 -0.317171 -0.270999 -1.539097 0.676189 -0.995814 -1.172812 -0.177215 0.748652 1.300577 -0.586832 -0.222165 -1.166453 -0.404689 1.479219 -0.720170 -1.974187 -0.122902 0.976178 1.545269 -0.786910 -0.369383 -0.187087 -0.090509 0.383927 1.981570 1.360242 -0.875526 0.621850 -0.406764 0.200071 0.185070 0.512604 -0.070401 0.619938 0.120080 1.662811 0.629822 1.480327 -0.686976 -0.882085 0.224355
95 -0.689195 -0.936959 1.269216 0.943662 0.927667 0.257885 0.000866 0.555316 -1.013255 1.312600 0.437617 -2.017919 1.079623 0.247286 -0.445937 -1.698339 1.287101 0.836352 1.321721 -1.157271 -0.581024 2.694573 0.636766 -0.050161 0.240625 -0.155783 0.205916 0.962159 0.395759 -0.173921 -1.105822 -1.863468 -1.058123 -1.168615 -0.434620 0.320065 -1.520292 1.559939 -0.524785 -0.307323 1.522178 -0.833351 0.993706 0.209212 -0.180453 -0.449872 0.926736 0.964387 0.824712 0.386192
96 -1.103180 0.638586 -0.909283 0.120263 -0.575375 0.210719 -0.198313 1.114571 -1.044973 0.114595 -1.483239 -0.856931 0.224559 -0.986531 -0.125616 1.671238 0.429413 0.206017 -0.362005 1.174613 0.369425 -1.575364 1.684039 -0.446137 -0.649203 0.513378 0.355853 0.568844 1.487281 -1.438092 0.159793 -0.169123 0.798381 -1.259774 -0.230399 -1.304386 0.453078 -1.575839 0.654705 -0.124029 1.811538 -0.905456 0.836476 -0.719444 -0.080478 -0.204848 0.885472 1.313423 0.854522 -0.677952
97 0.412131 0.101138 -1.289103 -0.100767 -0.335401 0.031201 -0.642101 2.243273 -1.329118 0.242290 -1.352776 -1.217981 0.270547 1.305185 0.458078 -1.595602 -1.433281 0.528985 -0.807596 0.154358 1.814557 -1.496231 0.452685 1.075635 -0.542375 0.175546 -0.072918 1.147283 1.261288 0.025672 0.086401 0.398836 0.366942 -0.126435 1.304674 -0.322057 -0.751897 -1.703968 0.607459 -0.981285 -0.652070 0.609311 -1.687424 0.329511 0.175399 -0.532646 0.892467 -0.837225 0.480219 -0.329145
98 1.132052 -2.152366 0.246070 2.240833 -0.084850 -0.030978 -0.180287 0.199382 -0.118042 -0.053360 0.666743 -0.296592 0.946378 0.050510 0.732750 0.345488 0.717435 0.396204 0.539204 -1.653767 0.046398 -0.289091 0.026868 -1.248931 -0.122575 -2.165091 1.369883 -0.869368 -0.748446 -1.087784 -0.954792 0.131208 -2.040466 0.294691 0.682869 -2.706777 -1.799682 0.157973 0.322867 0.242553 0.361785 -0.114410 0.847359 1.316116 0.948719 1.949156 -0.115246 -0.164487 -1.101649 0.600914
99 0.285266 -0.922038 -0.072249 0.625771 -1.261748 0.858819 -0.023408 -0.992440 2.077223 -0.180355 0.352369 -0.458965 -1.205541 -0.261253 0.414049 -1.464453 -0.488295 0.199825 0.157855 1.269567 1.454610 0.518267 -0.632502 -1.633605 -0.584386 -0.654638 -0.371311 0.471014 -0.346821 0.856934 0.380700 -0.265536 0.092621 0.443418 0.499110 1.092142 -0.682059 -1.601152 -0.268239 0.863428 -0.806949 -0.673344 -0.339743 -0.103077 1.206039 0.593345 1.164054 -0.510361 -0.366954 -0.916151
END
#################################################################
SECTION3 (Edges Information)
EndPoint0 EndPoint1 Weight
0 1 1.000000
0 9 1.000000
0 10 1.000000
0 90 1.000000
1 0 1.000000
1 2 1.000000
1 11 1.000000
1 91 1.000000
2 1 1.000000
2 3 1.000000
2 12 1.000000
2 92 1.000000
3 2 1.000000
3 4 1.000000
3 13 1.000000
3 93 1.000000
4 3 1.000000
4 5 1.000000
4 14 1.000000
4 94 1.000000
5 4 1.000000
5 6 1.000000
5 15 1.000000
5 95 1.000000
6 5 1.000000
6 7 1.000000
6 16 1.000000
6 96 1.000000
7 6 1.000000
7 8 1.000000
7 17 1.000000
7 97 1.000000
8 7 1.000000
8 9 1.000000
8 18 1.000000
8 98 1.000000
9 0 1.000000
9 8 1.000000
9 19 1.000000
9 99 1.000000
10 0 1.000000
10 11 1.000000
10 19 1.000000
10 20 1.000000
11 1 1.000000
11 10 1.000000
11 12 1.000000
11 21 1.000000
12 2 1.000000
12 11 1.000000
12 13 1.000000
12 22 1.000000
13 3 1.000000
13 12 1.000000
13 14 1.000000
13 23 1.000000
14 4 1.000000
14 13 1.000000
14 15 1.000000
14 24 1.000000
15 5 1.000000
15 14 1.000000
15 16 1.000000
15 25 1.000000
16 6 1.000000
16 15 1.000000
16 17 1.000000
16 26 1.000000
17 7 1.000000
17 16 1.000000
17 18 1.000000
17 27 1.000000
18 8 1.000000
18 17 1.000000
18 19 1.000000
18 28 1.000000
19 9 1.000000
19 10 1.000000
19 18 1.000000
19 29 1.000000
20 10 1.000000
20 21 1.000000
20 29 1.000000
20 30 1.000000
21 11 1.000000
21 20 1.000000
21 22 1.000000
21 31 1.000000
22 12 1.000000
22 21 1.000000
22 23 1.000000
22 32 1.000000
23 13 1.000000
23 22 1.000000
23 24 1.000000
23 33 1.000000
24 14 1.000000
24 23 1.000000
24 25 1.000000
24 34 1.000000
25 15 1.000000
25 24 1.000000
25 26 1.000000
25 35 1.000000
26 16 1.000000
26 25 1.000000
26 27 1.000000
26 36 1.000000
27 17 1.000000
27 26 1.000000
27 28 1.000000
27 37 1.000000
28 18 1.000000
28 27 1.000000
28 29 1.000000
28 38 1.000000
29 19 1.000000
29 20 1.000000
29 28 1.000000
29 39 1.000000
30 20 1.000000
30 31 1.000000
30 39 1.000000
30 40 1.000000
31 21 1.000000
31 30 1.000000
31 32 1.000000
31 41 1.000000
32 22 1.000000
32 31 1.000000
32 33 1.000000
32 42 1.000000
33 23 1.000000
33 32 1.000000
33 34 1.000000
33 43 1.000000
34 24 1.000000
34 33 1.000000
34 35 1.000000
34 44 1.000000
35 25 1.000000
35 34 1.000000
35 36 1.000000
35 45 1.000000
36 26 1.000000
36 35 1.000000
36 37 1.000000
36 46 1.000000
37 27 1.000000
37 36 1.000000
37 38 1.000000
37 47 1.000000
38 28 1.000000
38 37 1.000000
38 39 1.000000
38 48 1.000000
39 29 1.000000
39 30 1.000000
39 38 1.000000
39 49 1.000000
40 30 1.000000
40 41 1.000000
40 49 1.000000
40 50 1.000000
41 31 1.000000
41 40 1.000000
41 42 1.000000
41 51 1.000000
42 32 1.000000
42 41 1.000000
42 43 1.000000
42 52 1.000000
43 33 1.000000
43 42 1.000000
43 44 1.000000
43 53 1.000000
44 34 1.000000
44 43 1.000000
44 45 1.000000
44 54 1.000000
45 35 1.000000
45 44 1.000000
45 46 1.000000
45 55 1.000000
46 36 1.000000
46 45 1.000000
46 47 1.000000
46 56 1.000000
47 37 1.000000
47 46 1.000000
47 48 1.000000
47 57 1.000000
48 38 1.000000
48 47 1.000000
48 49 1.000000
48 58 1.000000
49 39 1.000000
49 40 1.000000
49 48 1.000000
49 59 1.000000
50 40 1.000000
50 51 1.000000
50 59 1.000000
50 60 1.000000
51 41 1.000000
51 50 1.000000
51 52 1.000000
51 61 1.000000
52 42 1.000000
52 51 1.000000
52 53 1.000000
52 62 1.000000
53 43 1.000000
53 52 1.000000
53 54 1.000000
53 63 1.000000
54 44 1.000000
54 53 1.000000
54 55 1.000000
54 64 1.000000
55 45 1.000000
55 54 1.000000
55 56 1.000000
55 65 1.000000
56 46 1.000000
56 55 1.000000
56 57 1.000000
56 66 1.000000
57 47 1.000000
57 56 1.000000
57 58 1.000000
57 67 1.000000
58 48 1.000000
58 57 1.000000
58 59 1.000000
58 68 1.000000
59 49 1.000000
59 50 1.000000
59 58 1.000000
59 69 1.000000
60 50 1.000000
60 61 1.000000
60 69 1.000000
60 70 1.000000
61 51 1.000000
61 60 1.000000
61 62 1.000000
61 71 1.000000
62 52 1.000000
62 61 1.000000
62 63 1.000000
62 72 1.000000
63 53 1.000000
63 62 1.000000
63 64 1.000000
63 73 1.000000
64 54 1.000000
64 63 1.000000
64 65 1.000000
64 74 1.000000
65 55 1.000000
65 64 1.000000
65 66 1.000000
65 75 1.000000
66 56 1.000000
66 65 1.000000
66 67 1.000000
66 76 1.000000
67 57 1.000000
67 66 1.000000
67 68 1.000000
67 77 1.000000
68 58 1.000000
68 67 1.000000
68 69 1.000000
68 78 1.000000
69 59 1.000000
69 60 1.000000
69 68 1.000000
69 79 1.000000
70 60 1.000000
70 71 1.000000
70 79 1.000000
70 80 1.000000
71 61 1.000000
71 70 1.000000
71 72 1.000000
71 81 1.000000
72 62 1.000000
72 71 1.000000
72 73 1.000000
72 82 1.000000
73 63 1.000000
73 72 1.000000
73 74 1.000000
73 83 1.000000
74 64 1.000000
74 73 1.000000
74 75 1.000000
74 84 1.000000
75 65 1.000000
75 74 1.000000
75 76 1.000000
75 85 1.000000
76 66 1.000000
76 75 1.000000
76 77 1.000000
76 86 1.000000
77 67 1.000000
77 76 1.000000
77 78 1.000000
77 87 1.000000
78 68 1.000000
78 77 1.000000
78 79 1.000000
78 88 1.000000
79 69 1.000000
79 70 1.000000
79 78 1.000000
79 89 1.000000
80 70 1.000000
80 81 1.000000
80 89 1.000000
80 90 1.000000
81 71 1.000000
81 80 1.000000
81 82 1.000000
81 91 1.000000
82 72 1.000000
82 81 1.000000
82 83 1.000000
82 92 1.000000
83 73 1.000000
83 82 1.000000
83 84 1.000000
83 93 1.000000
84 74 1.000000
84 83 1.000000
84 85 1.000000
84 94 1.000000
85 75 1.000000
85 84 1.000000
85 86 1.000000
85 95 1.000000
86 76 1.000000
86 85 1.000000
86 87 1.000000
86 96 1.000000
87 77 1.000000
87 86 1.000000
87 88 1.000000
87 97 1.000000
88 78 1.000000
88 87 1.000000
88 89 1.000000
88 98 1.000000
89 79 1.000000
89 80 1.000000
89 88 1.000000
89 99 1.000000
90 0 1.000000
90 80 1.000000
90 91 1.000000
90 99 1.000000
91 1 1.000000
91 81 1.000000
91 90 1.000000
91 92 1.000000
92 2 1.000000
92 82 1.000000
92 91 1.000000
92 93 1.000000
93 3 1.000000
93 83 1.000000
93 92 1.000000
93 94 1.000000
94 4 1.000000
94 84 1.000000
94 93 1.000000
94 95 1.000000
95 5 1.000000
95 85 1.000000
95 94 1.000000
95 96 1.000000
96 6 1.000000
96 86 1.000000
96 95 1.000000
96 97 1.000000
97 7 1.000000
97 87 1.000000
97 96 1.000000
97 98 1.000000
98 8 1.000000
98 88 1.000000
98 97 1.000000
98 99 1.000000
99 9 1.000000
99 89 1.000000
99 90 1.000000
99 98 1.000000
END
#################################################################
SECTION4 (TrueSubGraph Information)
EndPoint0 EndPoint1 Weight
64 63 1.0
63 62 1.0
62 61 1.0
61 71 1.0
71 72 1.0
72 62 1.0
62 52 1.0
52 53 1.0
53 43 1.0
43 33 1.0
END
#################################################################
SECTION5 (Labels Information)
0 0 1 1 1 1 0 1 0 0 1 1 1 1 1 1 1 1 1 1 0 0 0 1 1 0 0 1 0 0 1 0 0 1 1 1 0 1 1 0 1 1 1 0 0 1 0 0 1 1 
END
#################################################################
SECTION6 (bt Information)
-5 -5 5 5 5 5 -5 5 -5 -5 5 5 5 5 5 5 5 5 5 5 -5 -5 -5 5 5 -5 -5 5 -5 -5 5 -5 -5 5 5 5 -5 5 5 -5 5 5 5 -5 -5 5 -5 -5 5 5 
END
#################################################################
