#################################################################
#APDM Input Graph, this input graph includes 3 sections:
#section1 : general information
#section2 : nodes
#section3 : edges
#section4 : trueSubGraph (Optional)
#
#if nodes haven't information set weight to null
#################################################################
SECTION1 (General Information)
numNodes = 100
numEdges = 200
usedAlgorithm = NULL
dataSource = SimulationData2
END
#################################################################
SECTION2 (Nodes Information)
NodeID Base Counts
0 0.649405 -2.154658 1.582109 -0.228137 -1.024877 -0.883062 2.455711 -0.649084 1.860097 -0.940491 0.582881 -1.174651 0.817928 0.003521 -0.718690 -0.932421 1.033371 0.855838 -0.193174 2.411747 0.354958 -0.714722 -0.433223 -1.314387 0.680956 -0.595280 0.268835 -0.004598 0.119397 2.665027 0.600165 1.379285 0.144030 0.717233 -0.504537 0.117201 1.038814 -0.145078 0.479514 -0.450835 -0.903342 0.120397 0.406733 0.981191 0.314215 1.238773 -2.299874 -0.797636 1.723428 0.354240
1 0.660996 -2.083061 2.371661 -0.946562 1.418783 0.242267 3.027770 -0.448393 -1.164530 0.837244 0.253409 -0.109071 -0.421854 -0.258679 0.031316 0.733880 -0.240977 -0.698875 -1.200720 0.805193 1.901823 -1.289366 0.247407 -0.519174 1.435377 0.132728 -2.762462 -0.570482 -1.391080 2.312739 0.274880 0.652249 -1.876114 0.009594 -1.956855 0.665751 0.333759 -0.466372 -0.393310 0.018056 -1.502124 0.865893 1.169516 3.260271 -0.890594 1.822554 0.296306 0.589296 0.298979 -1.632767
2 -0.023583 -1.228933 0.105703 -0.021922 -1.721449 -1.716954 -0.502623 -0.682501 0.405516 -1.206224 1.016569 0.336796 -0.904220 -1.457399 0.421808 -1.142432 -0.532339 0.346185 -1.277656 -0.669035 -1.053233 -1.374852 -1.535460 0.921421 -1.631807 -0.830274 -1.893142 -0.033696 -1.343385 -0.626726 0.308121 -0.438966 -1.013775 -0.094093 0.100277 1.370527 -0.075908 0.576077 -0.184535 -0.924792 0.072501 -0.070531 0.227929 0.384640 0.077188 -0.071114 0.529666 -0.477751 -2.025579 -0.746673
3 -1.082921 -1.709728 1.084536 -1.464469 -1.629696 -0.405159 0.019534 -0.173005 0.079283 0.112641 0.361089 -0.382122 -0.463306 1.674861 0.156425 1.956816 0.496978 0.062526 0.757535 -0.757349 0.826424 1.141061 0.118553 -0.805678 -0.422644 -0.887067 0.488153 0.171192 1.722566 -1.414531 -1.308896 -0.805408 -0.512776 0.080879 -0.638264 0.238731 -1.209526 0.682572 -1.383991 0.478518 -1.069620 1.258426 1.232159 0.943920 -1.880124 -0.135049 1.064669 -0.317466 -0.276340 -0.923240
4 0.414060 -0.554821 0.134689 0.970373 -1.413433 -0.368190 1.568150 0.102600 -1.201059 -0.278457 1.000409 -0.313824 1.010136 1.133013 -1.772466 -0.176332 -0.443687 0.964909 -0.032808 0.943970 -0.566952 1.478654 -1.218747 -0.998378 0.344443 -0.828027 1.573567 -0.953623 -1.366562 -1.112317 0.659504 -0.885230 -0.659206 -1.224495 -1.996523 0.637991 -0.560100 1.390881 -1.278230 -0.173104 0.091692 0.105666 0.541906 0.495830 0.222389 -0.456614 -1.915907 -1.336422 -1.153077 0.255684
5 0.783673 -0.114942 0.162419 -2.123896 0.228174 1.001296 -0.488888 0.820391 -1.540579 -1.196914 0.165206 1.681489 -1.300418 -0.625721 -0.295786 -1.382446 1.332193 -0.369548 0.388438 0.205670 0.706497 0.129837 -0.814246 -1.572625 0.551514 -0.471697 0.044327 0.731580 0.492885 -0.379979 -1.328285 -0.601351 -0.065008 0.270950 -0.480570 -0.123540 -1.510776 -0.341964 0.789058 -0.013881 0.211829 -1.289832 1.346559 -0.984831 -0.922316 -0.189702 1.348752 -1.193530 -0.676885 0.670191
6 -0.254265 -1.550252 0.236271 0.214878 0.282901 0.649461 -1.421687 -0.115518 1.034764 -1.075760 0.473504 0.358635 0.765409 -0.941985 -1.603091 0.636799 0.160173 0.450219 -0.281476 1.430897 -0.082668 -1.093788 0.463853 -1.996903 -0.498193 0.564324 -0.195138 1.075351 -0.869076 2.255832 0.798681 -1.249393 0.138005 1.487954 -0.314116 -0.860051 0.257204 -0.173029 0.540448 -1.099086 -1.584892 -0.357839 -1.876309 -0.101374 -0.528688 0.733298 -0.363249 -0.613484 0.057513 0.331398
7 -1.001369 -0.502384 0.586232 -1.423970 0.601833 0.001922 1.218292 0.710210 -0.825149 -2.024885 -0.827898 0.110674 0.992524 -1.260753 -0.137534 2.043906 0.925449 -2.152600 0.382390 1.227147 -1.910086 0.066330 -1.625028 -1.586408 1.041156 0.652873 -0.089338 1.360430 0.380929 0.846313 2.289263 -0.560616 0.844170 -0.576255 -1.220440 -0.387764 -0.285579 0.320687 2.066391 -0.160980 1.782833 1.991130 0.389401 0.605817 -0.993869 -0.542337 0.839178 0.078145 1.172051 0.825328
8 -0.864911 0.201135 -0.598924 1.508186 -2.063184 0.651161 -1.503424 -1.124545 1.160515 -0.139040 -0.877772 2.298314 -0.119392 0.043904 -0.896333 0.680429 -0.509777 1.537560 -0.919837 -0.637230 -1.193769 -0.080878 -0.014897 1.719251 0.547571 -1.195050 1.033419 0.793126 -2.035422 0.288993 -0.183448 0.764450 -2.020250 0.211211 0.124135 1.798039 -1.516256 0.497466 0.743178 -0.217434 0.300697 -0.945036 0.120040 0.577875 0.419790 -0.082446 0.271371 1.152570 -0.287052 -0.472341
9 1.065039 0.211497 -0.667954 0.354573 -0.143335 -1.223747 2.401659 -2.006770 -0.818863 0.581990 -1.935773 -0.612349 -0.291007 -0.528098 -1.782540 -1.481448 -0.598359 0.213935 1.272150 1.555837 -0.640126 0.816095 -1.083130 1.011455 -1.186504 0.826394 1.107083 -0.804042 -0.561353 2.390337 -0.662466 0.406817 -0.118784 0.322914 1.436722 -0.265690 1.948259 -0.642348 -1.552244 -0.197650 -1.918905 1.021535 -0.729522 3.004418 -0.504838 -0.311260 1.429849 0.796892 0.474756 -0.478364
10 0.082407 2.416160 0.444328 1.449998 1.792732 -0.158999 -0.377138 -2.323395 2.285919 0.302679 0.636577 -1.381482 0.149524 0.628826 -0.612607 -0.521848 -1.003788 -1.579237 1.204578 -1.034729 0.131399 0.096820 0.235626 -0.520961 0.193044 0.980107 1.196015 0.347955 -1.558125 -0.987983 0.237129 0.608005 0.321776 -0.691601 0.390708 0.035693 0.420123 1.295039 -1.380617 -0.916975 -0.904017 -1.365315 0.785157 -1.725297 -1.306559 -1.933471 -0.345695 1.163063 -1.645354 1.232600
11 0.793246 -0.473184 -0.757313 -0.893897 0.276996 0.549164 -0.646129 0.297493 -0.476513 1.331629 -0.859964 -0.063430 -0.383544 -0.835579 -0.393126 -0.576259 -1.154383 0.548392 3.093143 -0.252413 1.211802 0.814612 0.761941 -0.420104 0.477688 0.501631 0.080041 -1.405463 -0.064598 -0.259077 -0.017215 -2.310909 -0.367295 -0.587257 -0.509559 0.105191 0.796233 -2.163284 -0.661642 0.781025 0.234209 0.550566 1.856391 0.665587 0.065582 -0.671982 0.389150 0.942071 -0.654692 -1.335346
12 -1.137296 0.589191 1.359583 -0.171661 0.153680 1.272982 -1.935228 0.341945 0.211828 0.977563 0.330209 -0.904958 0.034305 0.554005 -0.723384 0.409050 1.755356 0.224045 -1.382890 0.139552 0.377163 -0.403073 -0.383928 -1.030552 -1.020548 0.402049 -0.901126 -1.415930 0.360619 0.487323 0.679425 -0.133067 -1.017544 -1.111141 1.435477 1.183158 -0.556536 0.451569 -2.175441 0.575137 1.717631 0.298490 -0.563912 0.112642 -0.378863 -0.299364 -1.985973 -1.200190 0.629849 0.193196
13 -0.157498 -0.606297 -0.728721 -0.210883 1.747182 0.860482 -0.527583 -0.197267 2.067553 -0.570764 2.935147 1.515876 0.828429 -0.819038 -0.608593 0.224637 0.370732 -1.173147 -0.314278 -0.111157 -1.507364 1.459786 0.744708 -0.359600 1.619946 -2.167363 0.277926 -1.766067 -0.784844 0.632632 -0.722349 -0.153729 -1.371682 -0.680370 1.069429 0.867789 -0.748811 0.355519 0.297581 -0.880847 -1.332260 -0.675204 1.184199 0.387139 -0.305860 0.378188 0.178717 0.481359 -0.516565 -0.674808
14 -0.578918 -0.269332 0.376466 0.252257 -0.860724 0.448267 -0.026774 -0.060773 0.012872 0.152854 -0.590474 0.076833 -1.511575 -0.721884 2.249345 -1.456009 -0.295113 2.052321 -1.503819 -0.520480 -0.739299 -0.132756 0.256490 -0.207155 0.737230 0.249433 0.641675 0.693913 -0.680340 -0.647800 -1.640575 -0.688255 0.264226 1.166241 0.146639 0.551080 -1.105792 -0.295373 0.150313 -0.495103 0.225029 -0.131333 -0.699157 0.306109 -0.612731 -0.829242 1.083024 2.157985 1.404878 1.102366
15 -0.129778 0.149755 -2.258390 1.382998 -0.828098 0.393962 0.884456 0.019616 0.647271 -0.323254 1.191446 -1.416426 1.530533 0.954244 0.117007 1.150248 0.606479 1.082480 1.442120 0.821972 -0.680894 -0.780264 -0.485974 -0.275584 1.971997 1.511105 -0.837284 -0.262249 -1.700975 -0.155916 -1.270964 0.444603 0.790476 1.522360 0.922875 -0.302694 1.102531 0.624718 -1.398673 0.180184 0.820872 1.067534 -0.264923 -0.407418 0.195088 0.708584 0.787929 -1.063071 0.090048 0.565572
16 0.269378 -0.598983 -0.242808 1.409928 -1.180656 -0.249964 -0.624459 -0.251220 0.129447 0.049443 0.613606 1.818497 0.562764 0.074989 -0.755013 0.254908 1.898626 -0.246173 0.051882 1.069207 0.020866 -0.233194 -0.814225 -1.702194 0.501784 0.739332 1.402765 -0.950716 0.312007 1.591070 -0.489693 0.275486 1.177566 0.908698 1.614807 0.156386 0.295109 0.130604 1.224963 0.379858 -1.450128 -1.295600 1.407642 0.779179 2.245022 0.269014 -0.600135 0.737150 0.763209 0.031022
17 -1.111499 0.369406 2.165126 -0.047802 0.756066 -0.700337 -0.955521 0.089690 -0.335836 0.355651 -0.935884 -0.706333 -0.203420 -1.018940 -0.532633 2.168296 1.529707 0.933591 0.638360 -1.170280 -1.692582 0.904447 -0.963089 -0.400549 -1.185030 0.079989 1.353030 0.888239 -0.762555 -0.417404 -1.653756 1.147466 -0.144499 -0.479128 -1.334580 -0.666043 -0.662441 -1.681481 -1.858717 0.201650 -1.053934 0.519779 0.647277 0.453210 -0.125777 0.996948 -0.543218 -1.083970 -0.163155 -1.239964
18 -1.526891 -1.389553 1.291598 0.615000 -1.255385 0.942246 0.240659 1.225207 -0.034336 0.507085 0.632674 -1.496592 -1.308497 -2.772546 0.837186 -0.192405 1.696662 1.253575 -0.430481 -0.266407 -0.675924 1.914219 0.618418 1.338951 1.046582 -0.579404 -0.721981 -0.592585 0.441112 0.291788 1.144252 0.024809 0.990671 0.095508 -0.660775 -0.171897 0.259683 1.259618 0.816427 -0.724818 -0.208252 -1.258801 -2.050465 0.039581 -1.493717 -1.656051 0.637728 1.354640 1.156028 -0.927756
19 0.445847 0.677476 -0.163314 -0.576486 0.410459 0.988187 -0.023671 -1.117257 -2.170964 -0.501319 1.150398 0.378811 0.778484 -0.868418 -2.373986 -0.220156 0.644695 0.810186 1.385033 0.165414 -1.541596 1.304429 1.996722 0.001177 -0.567240 1.843146 0.628997 0.227669 -1.846161 0.716025 -1.316407 0.255885 1.195055 -0.543011 -0.790461 -0.173170 0.024464 -0.922723 0.099080 -0.472084 -1.500621 0.649962 -0.282550 0.371896 -0.517261 -1.888458 0.605896 0.797573 0.383255 -0.277525
20 -1.086006 -0.016940 -1.063095 -1.643824 0.641198 -0.116897 -0.727672 -0.298886 1.748202 0.059733 0.354840 -0.285317 0.035734 0.134456 0.042574 -0.309799 0.917300 0.267604 0.478119 0.560256 0.563294 0.225182 0.354192 -0.977272 -0.027847 0.449184 -0.644031 -0.267199 -0.971943 0.649749 -0.360662 0.309716 0.927294 -1.376008 0.422378 -0.109396 -0.693882 -0.613013 1.109797 -1.296861 0.532906 2.210743 0.159618 0.144652 -0.771365 -1.360196 1.476105 1.051056 -1.085000 -0.314617
21 -1.039503 -1.641164 -0.909372 -0.879003 2.051985 -0.184221 -1.369469 -0.626587 -0.594629 0.902851 1.525715 0.980668 0.057747 0.579431 -0.847486 0.022383 0.686396 -0.880887 0.692605 0.114397 0.669725 0.479169 0.656812 0.084460 0.405139 -1.707232 -1.195526 1.761078 -1.256699 -0.246767 1.260654 -0.992381 -1.882565 -0.642017 -0.470319 1.675926 1.120354 0.147175 -1.263203 0.583430 0.292582 -1.388983 2.241535 0.835690 -0.562353 -1.152887 0.020998 -1.163499 -0.033313 -0.605685
22 1.535612 0.975909 0.394707 0.036277 1.203144 -0.181018 0.778060 -1.984932 -0.619827 0.738659 2.081806 0.631877 -0.611291 0.666935 -0.229337 0.024804 1.472097 -0.521181 -0.047139 -0.883543 0.610741 1.335921 -0.445513 -1.722171 0.895306 -0.266257 -1.840018 -0.707317 1.644805 0.533996 1.333606 -0.107075 -1.203139 -0.717090 -0.273166 -0.767062 1.084140 0.294912 -0.437533 -1.239696 -0.145475 0.053224 0.628397 -0.714469 -0.866088 0.679367 0.379125 0.968081 1.132529 -1.252873
23 1.832539 -0.342108 -0.326144 0.014620 0.487243 -0.116641 0.166266 -0.374017 -1.233198 -1.402770 -2.802319 2.165327 -0.531554 -1.373770 -0.593179 0.102924 -0.367720 1.170869 0.328079 -1.541695 -0.135157 -0.352076 -0.407319 0.607497 -0.300275 -0.926947 -1.557825 1.703465 1.264667 0.474839 -1.632394 0.377583 0.355900 0.567062 0.292693 -1.005063 -2.151043 -1.202087 -0.842721 0.126647 -1.034390 0.489227 0.664166 -0.163595 1.860633 -2.259842 0.405248 -1.915532 1.163847 -0.022058
24 -2.349008 0.161337 -0.554078 -0.463074 0.093047 -0.389522 1.472567 0.158480 -0.134781 -1.241465 -0.154382 -0.964835 -0.076384 0.911017 -0.842962 0.525034 -1.036036 0.016754 -1.452379 0.398036 -0.711926 0.010754 -0.797530 0.218187 0.462980 -1.277176 -1.486212 -0.809424 -0.144804 -0.068023 -0.484212 -0.318523 1.302311 -1.371373 0.386230 -2.246503 0.162638 0.876493 -1.707826 1.283591 -0.561032 0.611830 -0.792580 -1.673825 -0.438614 -1.980543 -1.121170 -0.719042 2.181996 -1.215390
25 0.192273 0.961330 -1.510984 2.532399 0.920889 0.672882 -1.223341 0.111778 0.702190 1.267438 0.280492 1.794481 -0.729705 0.694635 0.058800 -1.275569 0.012632 0.202115 0.848423 0.037676 1.159160 2.041893 1.090202 -0.264918 -1.776461 -1.077567 -0.911679 -0.445864 -1.201036 0.765109 0.608538 0.088090 0.032323 0.087475 0.260653 -0.573622 0.796086 -0.633350 -0.145869 -1.441021 -0.642951 1.318479 1.079925 0.192767 2.007818 0.583685 0.209303 0.366118 1.272666 0.758703
26 -0.962224 -1.048093 1.294449 1.262464 -0.995352 -0.015190 0.255975 1.081895 -0.546300 2.209479 -1.679886 -0.248658 -0.145121 1.175680 2.117453 0.314705 0.230894 -0.988724 -0.556524 -1.162008 -1.604974 0.149322 0.054562 1.004099 1.077538 -0.763582 0.377257 0.500948 0.852982 0.454317 0.170181 0.329065 1.276826 0.210338 0.864333 -0.382439 0.110498 -0.389124 1.878340 -1.499212 -0.326441 0.228411 1.638934 0.611654 -0.239250 0.937210 1.112159 -0.117609 -0.382797 0.402273
27 -0.358000 -0.456086 0.289291 0.632084 -1.205726 0.908926 1.625927 0.868496 1.116068 -0.586251 -0.905991 1.468541 0.422046 -1.248729 -0.908436 0.590561 1.150890 -0.584805 0.893724 -0.453458 1.658782 1.274504 1.372195 0.278988 -1.903198 0.150323 -0.538756 -0.897949 -2.041762 0.414580 1.566120 0.131857 -1.266661 2.440548 1.526880 0.199241 -1.860936 -0.418564 -1.096745 0.682983 -1.172482 -0.752263 1.490110 -1.008227 1.159878 -0.332232 -1.314822 -1.544009 0.547835 0.347756
28 1.331235 0.253195 -0.644814 -1.018218 -0.340120 0.949946 0.389128 -0.482022 -0.938394 2.007650 -0.701016 0.065225 -0.688397 -1.579742 0.761935 0.207463 -0.340290 -0.953219 1.045312 0.026393 -2.007327 0.758597 -2.359619 1.105811 0.555867 0.001150 1.398794 -1.231231 -1.617164 2.966835 -1.188115 -1.746395 -1.294346 0.238166 -0.639397 0.312882 0.203395 0.968394 -0.849356 -0.087345 0.963779 0.070616 -0.460137 0.255686 1.084541 -0.827692 0.785929 0.670433 -0.080138 0.625263
29 -2.130155 -0.461873 0.593907 0.037532 -0.530375 0.842196 1.417182 2.468781 1.757981 -0.154801 -0.027752 0.216197 -1.023128 -0.555770 -0.029984 -0.112814 0.022026 0.226591 2.066701 -0.553309 -0.897630 0.712539 -0.735837 0.384620 0.188729 -0.680623 0.210549 0.147909 -0.468913 0.625749 2.728338 0.500347 -0.979184 0.956705 0.998614 0.607385 -1.540467 0.790101 -0.777721 0.452550 -1.086456 0.180212 -1.001642 1.200352 -1.850404 -0.330744 -1.183849 -0.394684 -1.286786 0.053511
30 0.242933 0.782646 0.111937 0.748111 0.534746 -0.752575 -0.474882 -1.789611 0.336109 -0.344141 -0.547660 0.242471 -0.903539 -0.066667 -0.173314 0.073987 -0.639126 0.243447 -1.541233 -0.769234 0.224606 -1.059620 -0.288803 -0.413524 1.609482 1.013081 0.556747 0.052384 1.328004 -0.527623 1.098607 1.193033 -0.507405 0.408174 -0.277744 -0.356339 -0.211707 0.653420 -0.502255 1.920522 0.266087 0.021147 0.975347 2.332333 -0.820397 0.747107 -0.311648 -1.357049 -0.034909 0.017786
31 -0.228737 -0.246810 -0.406720 -0.997326 -0.380175 -1.231111 -0.918913 -1.434245 -0.246887 0.703808 -0.527821 0.581731 0.454840 -0.897514 0.744553 -0.792520 1.347715 1.525449 0.179350 -1.449090 0.761722 -0.294796 -0.851996 -0.287151 0.086759 -0.199650 -0.063472 -0.155061 0.953954 -0.583455 -0.596036 0.523951 0.222277 -1.057481 0.426083 -0.289335 1.970101 -0.565225 0.419493 0.475188 2.859865 -0.688005 0.274896 1.969067 -0.427884 0.427321 -0.402887 0.690811 -0.863798 0.067382
32 -0.283802 0.380241 0.235471 0.014243 -0.201312 0.201712 1.139112 -0.471453 -0.519331 0.098509 0.495136 -1.162492 -0.640775 -0.495495 -0.338474 0.239214 0.014322 -0.653739 0.946655 -0.653009 1.193078 0.289921 -1.322410 -1.680195 -0.572992 -1.863078 0.697651 0.883753 0.399804 2.160438 -0.458881 -1.454807 -0.196049 2.830602 -0.205163 1.193146 -1.059954 -0.332161 -2.602662 1.118749 -0.305262 -0.446108 0.826354 1.325914 -2.198052 1.368601 0.372865 -0.256944 0.353969 -1.994954
33 0.377074 -0.155618 1.582186 0.289385 -1.127476 0.835112 -0.278959 1.146488 1.240324 0.726649 0.381501 -1.165741 -0.226517 -0.726193 -0.864315 -0.876820 2.196864 0.678489 0.277594 -0.812812 -1.029722 -0.657620 1.472750 -1.498508 1.608296 -1.351558 -0.257641 -0.394218 0.000433 -0.212750 2.258766 1.077949 -0.316087 0.888458 -0.623539 0.712204 1.647492 0.063815 1.751142 -0.815670 0.314735 0.157001 -0.357900 1.494680 -0.614033 -0.545209 1.748141 0.769355 -0.108984 1.304585
34 -1.555583 -0.173601 -0.662142 1.251839 -1.344143 -0.297715 -0.088770 0.587212 -0.177012 -0.023314 -0.648691 -0.038471 1.431807 0.300403 1.549598 1.326318 1.496250 -0.101372 0.509471 -0.695593 0.057635 -0.130579 -0.700337 0.504176 0.964012 -0.000467 1.808663 1.914231 -1.543318 0.674616 -1.257358 -0.085307 0.956093 -1.153701 -0.899846 -0.288080 0.298363 1.823531 -0.373443 -0.510169 -0.035114 0.957739 0.996650 -1.603911 -0.235984 -0.983339 -0.403757 0.491761 -0.165410 -0.084701
35 -1.551409 0.987745 0.465276 1.129634 -1.759157 0.269305 -1.772830 -0.279859 0.732131 0.568501 -0.779222 -1.090942 -0.948695 -0.312107 0.254141 0.489067 -0.695564 0.054892 -1.422923 -0.133521 2.392046 -0.832313 0.795866 0.797389 -1.934087 -0.624974 -0.052348 0.944400 -0.136812 0.285743 1.347490 -1.618170 0.875698 -0.736389 -0.164481 -0.702182 -0.597856 -0.132199 -0.215358 0.416729 0.207733 2.027481 2.047552 0.546856 0.751884 -0.026367 -0.218398 -0.427447 -1.852356 0.580551
36 -1.077744 -2.293743 -1.618063 -1.290488 -1.192518 0.248251 0.902461 -0.401097 -0.180362 -0.340823 -1.095509 -0.200117 -0.624566 -0.778491 -0.553506 -0.698107 0.205552 0.640555 -0.087829 2.989839 2.170396 1.101636 0.497538 1.045773 0.996290 0.140826 -1.900127 1.917870 -0.835498 -0.056795 -0.724360 -0.006580 0.191946 0.541084 -0.772451 0.961483 1.487988 -0.598539 1.224148 -0.185298 -1.533338 0.333981 -0.280792 -0.897553 -0.700639 1.005620 -0.764277 0.464244 0.135711 -0.314929
37 -1.601154 1.321443 -0.618609 0.753031 0.804883 -0.570118 1.314754 1.121390 -0.998500 0.635015 0.555708 0.166235 2.463977 -0.514097 -0.878293 -0.104394 -0.512667 0.904326 -0.193852 0.903180 1.203367 -0.234986 0.756348 1.136360 0.875702 1.238232 0.037660 0.325132 0.962618 0.326701 -0.400165 0.257834 1.088151 -0.240365 0.698211 0.181680 1.235519 1.702600 0.148090 -0.916570 0.593351 0.699567 1.829911 -1.103624 -0.377662 0.204599 0.517481 0.681183 -0.333218 0.022734
38 -0.631682 -0.778923 -0.363887 -0.817343 0.824127 -0.009949 0.757393 -0.535081 0.886440 0.456671 -1.712522 -1.396912 -0.249975 0.916265 0.869425 -0.270795 -1.746076 1.038923 -0.416880 -1.508056 1.002157 0.693943 -0.409686 0.175499 0.650115 0.960845 1.165563 -2.388903 0.618927 -0.587095 -0.474592 -0.921794 -0.442177 -0.789714 0.131732 1.632549 -0.054256 -0.589890 -0.244826 -0.394841 1.058530 0.777956 0.381898 0.785603 0.644928 -2.195175 0.441893 -0.013989 -0.026762 1.184432
39 -1.077229 0.604393 0.813430 -1.422896 1.612809 0.196643 -0.684569 -0.279680 0.165794 -1.513413 0.990490 -1.707192 0.031657 0.382661 0.064548 -0.584762 -0.412644 -1.223810 0.939679 -0.179649 0.379514 -1.053412 -0.786705 -0.706480 1.004935 0.228091 1.557774 0.980191 0.388291 -0.410171 -0.242965 -0.489666 1.660592 2.637116 1.547686 -0.705479 0.019806 -1.397049 0.876845 -0.677773 -0.522522 1.933695 -1.846514 0.504645 -0.130915 0.233127 0.273135 -0.998063 -0.567570 2.024638
40 -2.041431 -1.644284 -2.954856 1.613993 0.720311 0.969478 1.786512 1.886444 -2.171140 -0.098808 -0.233764 0.895242 0.974227 0.635219 -0.120587 1.039084 -0.408649 0.106226 1.147833 -1.260294 0.444603 -0.186506 0.236344 -0.172280 -1.261522 0.823707 0.545497 -0.957799 0.791038 0.875879 0.973959 0.219854 1.522976 -0.387530 -0.133987 1.374081 0.530249 0.868905 -0.873490 0.188945 -0.171164 0.665697 0.151193 1.307658 -0.911973 -0.040261 -0.441000 0.256027 -0.971019 1.296051
41 -0.271555 -0.162133 -0.904895 0.976945 -0.836913 0.741353 0.068939 -0.799446 -0.719679 -0.391546 -0.457266 -0.716233 -0.759909 0.057018 1.075870 -1.074203 0.326068 -0.146961 0.036946 0.321828 -2.144546 1.384653 1.384616 -0.395582 -0.516420 -1.237818 -0.075942 -1.048272 -0.375478 0.989502 0.693160 0.566310 -0.500307 1.675444 0.679199 2.628179 0.985113 0.557603 -0.519991 -0.532787 -1.090045 -0.051582 -0.233077 -1.573525 0.356402 0.630562 -0.396642 1.338016 1.372941 -2.487846
42 -0.599931 0.177021 0.302644 -1.906272 0.466516 -0.445677 0.790161 0.743754 2.036156 -0.640088 -0.192293 -1.188713 0.759070 -1.818504 -0.091466 1.126856 0.110910 -0.082765 -1.093468 -0.182228 0.036006 -0.542818 -1.171783 0.144201 -1.467075 -0.783516 0.315223 1.165829 -0.956807 -0.602065 -0.794955 -0.982774 -0.728923 2.198501 0.236642 -0.160438 0.432302 1.180387 -0.110188 0.425935 -0.654018 0.182311 0.211894 0.191814 -0.088354 0.418237 -0.680090 1.785261 -0.616801 0.248118
43 0.500299 -1.252979 -0.119929 -0.631770 -0.657241 -1.660199 2.197592 1.588887 0.315003 -0.331868 -1.839501 -0.665451 0.417933 -0.507948 1.032053 0.089483 -1.707108 -0.576537 0.881546 0.230956 -1.866004 -0.050004 0.001347 -0.282139 0.333960 -0.904831 0.430921 1.283306 1.481214 -0.833606 0.391364 0.156370 -0.633239 -0.088220 -0.265245 -0.614728 -1.160990 0.705462 -0.094029 1.704388 1.850668 0.477088 0.671090 -0.532545 -0.272671 -0.319872 0.335263 1.046776 -1.294432 1.075798
44 0.312062 -0.288026 -0.950832 0.878947 0.774737 0.647458 0.936701 -0.008345 1.009367 0.303947 0.037710 0.149552 -0.809618 -0.198054 -0.243375 1.137926 -0.192644 -1.152798 0.356598 0.279233 0.073694 -0.417244 -1.470651 1.045648 -1.325818 1.303371 -1.009460 -0.682809 0.037718 -1.058768 1.082369 -0.290020 -1.241218 0.387365 1.033919 0.709495 -1.898490 0.875522 -1.053973 -1.353540 0.239088 -0.315969 0.494593 -1.128139 -0.710747 -0.028153 0.146847 -0.937798 0.544516 -1.444532
45 -0.739795 0.258673 -0.820975 1.247971 -0.087881 -0.491129 -1.074754 -0.536746 0.032850 1.107575 0.352324 0.857341 1.715592 0.348150 -0.706880 1.008002 -1.082153 -0.549635 0.422706 0.518598 0.447575 1.359280 0.546319 0.875096 0.090863 -1.917753 1.558176 -1.315715 0.294025 0.132890 1.238403 0.253576 -2.079203 0.692430 -0.067426 0.181015 -1.594296 -1.199063 0.189971 0.353399 -0.124012 -1.212656 -0.822529 -0.112474 0.326101 -0.239124 0.297572 0.952683 -1.650532 1.057776
46 0.079965 0.635622 1.995608 -0.403553 -0.263736 0.991055 -0.383228 -0.579890 1.528178 0.080486 -0.339527 -0.107121 -0.618698 -0.257986 -0.159401 0.261660 0.230325 -0.654566 0.104935 -0.905992 0.874053 0.317423 -1.531178 -0.589311 2.235309 0.924783 0.319695 0.011406 -0.587479 -0.269346 -0.461983 0.467465 -0.060761 0.729184 -0.247325 0.968199 2.354390 -2.022225 -1.004642 -0.165591 -0.523066 0.652276 0.254557 0.166480 -2.006122 0.066283 0.563122 -0.146407 -0.431521 1.515637
47 -1.242021 -1.128895 -1.889267 -0.608847 0.275679 -0.415105 -0.672763 -1.290662 -1.002098 -0.803553 -0.078783 0.396754 1.284412 1.125587 0.412355 -1.193799 0.937962 0.318654 -0.162651 -0.412517 0.303414 -0.197185 0.558717 0.711119 -3.754908 -1.056660 -0.798385 -0.474679 -0.825137 2.056993 0.960378 -1.684970 -1.635863 0.972526 -0.645765 -1.097363 0.276193 -0.278617 -1.207115 0.527894 -0.177686 0.172019 -0.345789 0.713624 1.244113 2.246676 1.099765 0.141126 -1.234066 -0.537041
48 0.526738 0.013383 0.627764 -0.155002 -0.285943 -2.073143 1.377763 -0.591123 0.384379 -1.407007 -0.162239 0.423049 -0.919072 -1.117755 -0.483137 -0.526988 -1.162419 0.143726 -2.057558 0.925270 0.829848 -0.823164 3.430370 -0.567940 0.553667 -0.579918 -1.546639 0.171371 -0.446108 0.213145 -0.631692 -0.514938 -0.564308 0.637808 1.349221 1.571024 0.639163 1.183823 -1.442725 -2.259572 0.913095 -0.801312 0.771368 -0.157193 0.479436 1.137300 -1.886097 0.205944 -0.683888 -0.166859
49 0.789848 -0.163111 2.175528 0.691382 1.262372 1.707941 2.074284 -1.010705 -0.211824 0.413943 -0.178010 -0.035062 -1.665608 0.075009 -0.960765 -0.642612 -1.779464 -0.961607 -1.401746 0.748879 1.305639 0.245991 1.236256 0.012573 0.751990 -0.579424 -2.502713 -1.571107 0.990730 -2.426113 -0.936415 -2.931136 0.910900 0.660993 -1.266303 0.207003 -0.452363 0.066274 -0.683098 -0.014294 0.842656 0.734028 1.926536 -0.753281 -0.325432 0.902277 1.511131 -0.848580 -0.435657 -0.798442
50 0.739418 -0.749201 -0.147611 -0.920764 -2.010347 1.568012 -1.155107 1.013986 -2.098243 -0.051637 0.134775 -1.382522 0.045983 -0.511894 -0.058477 0.622985 -0.446927 1.535381 -0.072162 0.889004 -0.399559 -1.066810 0.760984 1.105036 1.188912 2.543713 -2.160943 -0.481538 1.017846 0.084116 1.335265 0.330486 -1.254261 1.886619 1.033874 -0.678455 -0.361231 0.229832 0.938256 0.074259 -0.080203 0.666185 0.864118 -0.574901 -0.301425 -0.532710 -0.989891 0.376657 0.850699 1.604660
51 0.579586 0.863087 -0.422927 -0.129354 1.684869 0.686758 0.400863 0.672236 -1.313338 -0.438579 1.300315 -1.055112 -1.468988 0.561053 0.573799 0.072175 -1.060684 0.003279 -1.142372 0.100980 -1.857376 0.410138 0.730896 -0.389397 -0.876550 0.240018 -0.134938 0.434768 0.593497 -0.833411 -1.045025 -1.234384 -0.384571 0.043892 0.289752 -2.122133 1.099610 -0.753652 -0.504407 1.162531 0.608414 0.338316 -0.408599 1.182733 -0.871226 0.259045 -0.410606 0.219922 -0.539582 -0.085635
52 0.411736 0.951258 0.106921 1.759261 -0.147410 0.559870 0.135914 -1.142232 0.725423 0.459319 -1.455223 -0.269637 0.335434 -0.207527 0.639614 3.101738 0.159722 0.453075 -2.230965 -0.787575 -0.544706 -0.247250 -0.239940 -0.446250 -0.509338 -0.713178 0.884972 0.259259 -0.989484 -0.057089 -0.930824 0.644860 -1.005351 -2.066037 1.387541 -0.589846 -1.742448 1.228929 1.411512 -0.487684 -0.040533 1.670605 0.956265 1.435295 -0.044796 1.040746 1.399584 -0.236448 0.243294 -0.047715
53 0.471491 0.067314 0.360435 0.562654 1.156841 0.148222 0.012822 -0.660753 0.517196 -0.720916 0.520013 0.772919 -0.888041 1.008803 -2.087909 1.747369 -0.502279 0.639621 -1.661772 0.889712 -1.644041 1.187627 -0.232641 -1.060299 -0.866577 -0.674232 -0.678297 0.564401 0.750433 0.659608 -0.645693 0.218772 0.885297 0.312792 0.518639 -0.716820 1.906117 0.738421 -0.388064 0.848131 1.836737 -2.371014 0.304331 1.023499 0.276757 -0.113756 -0.323310 0.176190 1.012564 -0.525910
54 -0.076916 -0.193564 -1.075853 1.245312 0.625413 0.180810 -0.719136 -0.695923 -0.086777 -0.367121 -2.109026 -1.569414 0.240928 0.062032 -0.374992 -1.248466 1.896859 -1.360002 -0.924414 0.702796 -0.408639 -0.397750 -1.508112 -0.071918 -0.013592 -0.412481 -1.295963 -0.351562 -1.579942 0.416111 0.408837 -0.681289 0.469462 0.942518 0.503997 2.235114 -0.000618 0.424389 -0.350952 -1.054393 -1.825658 0.591457 1.272441 -0.661578 0.889848 -1.209021 -0.518647 -0.424275 -1.537111 0.891103
55 0.171911 0.475629 0.099583 -0.215383 2.355281 -0.963427 1.351610 -0.252774 -1.709443 -1.836525 -0.283858 -1.499826 -0.474081 0.098254 -0.699025 0.213267 -0.613481 -0.486241 1.283483 0.070821 -0.752522 -0.176073 0.709376 -1.450768 -0.208948 -0.788001 0.212397 0.823658 1.582583 0.587960 -2.439696 0.054827 1.536243 -0.119361 -0.270567 -1.320311 1.763134 2.944771 -0.726381 -2.018363 -1.427414 0.870953 -0.370641 3.134862 1.051029 -0.994122 0.309900 -0.517555 -0.717863 1.889275
56 -2.183971 -0.032031 0.408555 -0.403490 -2.358139 -2.085364 -0.696221 0.683588 0.189199 -0.859509 -0.275204 -1.735352 0.049506 0.389142 0.677255 -1.032874 -1.476482 0.268400 -0.945029 -1.225985 1.856535 -1.497338 -0.310760 -0.241046 -0.122619 -0.108295 -2.167190 1.004766 0.685462 -0.870749 0.612739 1.752168 0.100860 1.609310 0.684728 -0.226491 -0.730037 -0.374444 1.131833 -0.262370 0.470036 1.228098 -0.636390 -0.608010 -2.376911 1.325479 -0.400350 -0.936216 -1.101907 0.864620
57 2.677403 -0.982734 -0.682598 -0.667216 0.659880 0.677234 0.898052 -0.313120 0.326753 0.901259 0.099891 -0.536377 1.610971 -0.230529 1.037578 -2.845602 0.038947 0.345218 0.110416 -0.736011 1.587862 1.761149 -0.033790 1.848825 -1.335366 0.375285 -0.125724 0.059269 0.621763 -0.658073 -1.389277 0.095030 0.754576 -2.468843 0.494633 -1.599946 0.900613 -0.689111 1.024048 -0.223254 0.441277 0.894277 1.312400 0.205365 1.228514 -0.101313 0.376559 0.658756 0.676839 -0.716776
58 -0.914374 0.602464 0.252691 0.149384 0.038182 -2.151002 0.040528 0.851150 -0.059259 -1.525881 -1.498265 -0.683033 -3.158093 -0.499226 -0.673434 0.572188 0.168112 -0.152247 0.750344 -0.848464 0.228208 -1.446368 -0.637666 0.400963 -1.497212 -0.639953 -0.167057 -0.891362 -0.825864 -1.294415 -0.640964 0.792548 0.762248 0.434429 -0.191994 0.410869 -0.433345 -0.999936 -1.218019 -0.356910 -0.674576 0.732740 -1.393771 -0.138827 -0.803215 1.823428 0.496700 -0.158671 -2.126329 0.639784
59 1.056087 -0.529005 -1.657578 -0.573708 0.428233 -0.237821 0.183673 0.268072 0.686116 1.102926 0.047909 -0.545137 -0.085720 0.397610 -0.397559 0.391974 -1.577660 -0.096546 0.967549 -0.029765 1.346257 -2.063601 1.176888 -0.017945 0.159844 0.583545 -0.650773 -0.971421 -0.222301 -0.373548 -0.019111 -1.477073 -0.723128 1.441582 -1.382430 -2.061012 -1.016747 0.989418 1.340086 -1.606066 -0.615617 -1.206148 0.499815 -0.063409 1.074193 0.993161 -0.493332 0.059592 0.226691 0.301412
60 -0.333944 -0.580899 -2.237469 0.875178 -0.985174 -0.882649 0.208133 -0.435331 -0.198813 0.325524 1.633943 -0.635798 1.364225 0.342440 -1.178718 0.749315 -1.919110 -0.739599 1.703683 0.306268 -0.395359 0.040281 1.360812 -0.961195 1.261032 -0.419717 -0.602508 0.184112 0.113539 -0.325002 0.925699 0.467043 -0.508381 -0.637958 0.211377 -1.222569 1.135839 -1.464382 -0.321467 -0.971717 -0.617857 -0.544005 -0.231524 0.129181 -1.031887 2.061487 -1.384693 1.823770 -0.060498 0.360651
61 2.638729 -0.560858 0.759554 0.406993 0.873326 -0.220213 0.530884 0.441575 1.374669 1.338761 -1.078801 -0.237294 0.244725 -0.579520 0.378835 0.215014 0.391902 0.322921 -0.367712 0.286655 -0.384537 0.541683 0.466386 -0.305839 0.158622 0.649434 -1.157656 -1.310876 -1.420049 -0.591083 1.156679 0.005983 -1.644607 -0.304310 -0.345670 0.145002 1.101319 -0.384683 -0.103529 -0.705219 2.070869 -0.087630 1.137258 -2.170312 -0.321992 -0.583899 0.148450 -2.663185 1.719683 2.200286
62 0.542254 0.013762 1.823376 1.885394 0.874287 0.853440 -1.022642 -1.516179 -1.035039 1.098324 -0.610002 0.755792 -0.413885 -0.292063 0.906856 -0.365723 0.362208 0.034876 -1.108194 -1.335122 -1.245271 -2.451046 -0.206238 0.781772 1.123071 2.204012 0.434765 0.737018 0.409806 -1.516561 -0.520800 1.715792 1.284628 0.393168 0.989639 -1.340569 -0.721909 -1.421538 0.755293 -0.395575 2.074190 -1.012170 0.671713 -0.820366 0.118947 -0.739034 0.433585 -1.369350 1.345223 0.017768
63 -1.955443 1.324713 -2.297290 0.634062 1.036111 0.633868 0.898999 1.376857 0.465925 0.238839 0.386425 0.175585 -0.850926 0.056152 0.246902 -1.580971 -0.704869 0.145424 -0.300220 -0.014716 -0.975778 -1.794893 1.610917 -0.146040 -0.303874 0.352354 0.754500 0.674849 -1.442664 -0.044453 -0.233519 1.546799 0.028023 -2.418405 -0.433603 0.096694 1.332158 -0.268576 -1.232601 -0.773813 1.332128 2.825981 1.038975 -1.567968 0.385787 1.158123 0.048882 0.597854 1.779372 -0.140615
64 0.989378 -2.165597 -1.945118 0.331490 -0.616087 -0.291999 0.077488 -0.129635 -0.829479 1.618532 2.113510 0.696838 0.478678 1.593430 -0.159098 -0.620162 0.010770 0.040371 1.664981 -0.770133 0.688716 -0.743473 -1.495295 -1.925820 0.871078 0.517793 0.273088 -0.436445 -1.678648 -2.597276 -0.949363 -0.008556 -1.145138 -0.217387 1.453851 -0.649016 1.122682 0.431431 0.011617 0.045175 -0.166297 1.198082 -0.288823 0.317105 -0.159492 -1.662532 0.932832 -0.090489 0.275094 -0.381427
65 1.766818 0.998940 0.155420 2.661335 1.335128 0.437190 -1.114059 -0.098578 -0.653727 -0.555213 -0.096899 2.142938 1.802683 0.267431 -0.344789 0.296900 1.631897 -1.325281 -0.879495 0.315129 -1.124382 1.419091 -0.343877 0.208179 0.588175 0.554517 0.566624 -0.589026 -0.879325 0.423740 -0.056314 -0.637108 0.519458 0.088973 0.566464 1.211712 -0.183107 0.036562 0.185713 -0.058109 1.004278 -1.212962 0.183706 -0.153553 0.268354 -1.334855 0.030615 -0.174803 1.764064 0.205277
66 0.004279 -0.168064 0.754209 0.217522 -0.963972 0.509364 -0.619682 2.376185 0.723028 -0.963435 -0.671342 0.096857 0.559353 1.129036 1.772144 1.490257 1.275541 0.804746 0.574993 -0.172761 1.138706 -0.394980 -0.809891 0.824615 0.869394 -3.033234 1.235886 0.662865 -1.225910 -0.501087 -1.857270 1.274953 1.152680 0.192667 -0.756314 -0.467901 0.725128 1.875814 2.148084 0.690874 -2.859683 -0.461866 0.650439 -1.792852 -0.635482 -1.476107 0.265352 0.264896 0.630812 -0.726924
67 0.059042 1.462105 0.100692 0.099027 -1.397898 -1.066795 0.563691 0.487610 -0.862750 -0.875767 -0.119921 -2.746553 0.720572 -0.612482 -0.658362 1.082881 1.281919 -1.268422 0.906021 1.010837 1.674343 1.108412 -1.710206 -0.184695 1.007918 0.037170 0.853252 0.358839 0.514890 -0.964358 0.000923 1.565198 0.131117 1.194112 -0.907166 -1.212341 -0.674393 0.208085 0.627836 1.093521 0.812599 0.124127 0.078365 -0.131614 -0.564665 -1.427677 -0.341608 0.236331 0.504700 -1.912905
68 0.578661 -0.879599 -1.640688 -1.424598 0.422823 -0.201738 -1.407338 -1.437595 0.050328 -0.764812 0.303245 0.020999 -0.978373 -1.622764 -1.097133 0.696068 0.448282 -0.244218 1.405079 -0.250919 0.835189 1.328448 0.834787 0.742746 -0.316876 -0.400525 -0.194004 -2.154907 0.904843 0.379759 1.464586 1.054844 -0.271970 1.537644 1.386740 1.757508 0.626802 -1.483353 -1.063395 -0.642801 -0.939271 1.181206 0.703330 -0.505941 -1.045953 2.306176 -0.589531 -0.286188 0.376656 1.855073
69 -1.284630 0.128863 -1.756372 0.051763 0.915826 -2.115182 -0.131028 0.019245 -0.065415 -1.391957 0.740925 0.982188 0.322482 0.788446 -0.155939 -0.797122 -0.941027 0.909259 -0.811472 0.518711 1.700140 -0.438547 -0.958142 -0.950582 -1.079071 -0.267935 0.034174 -2.073424 0.170160 -2.024664 -0.646629 1.642310 -0.614796 -1.311536 1.400960 0.123573 -1.332493 -0.278287 0.299111 1.370897 0.760382 0.807141 -0.178080 0.376247 -0.108813 -0.209524 -0.555034 0.489617 -1.460099 -0.301989
70 -0.449747 0.604729 -0.280561 0.917473 0.118305 2.600806 -1.217815 1.555408 -0.443534 -0.659634 0.457699 -0.417535 0.415066 0.113062 0.416427 0.722929 0.631625 -0.344942 -0.034600 -2.311941 1.038970 -2.317786 -0.312195 -0.079974 -1.076891 -0.359499 -0.776652 -1.311383 0.815575 0.248923 -0.241499 0.640779 -1.633073 0.645660 -0.137309 0.892828 0.525590 -1.015509 -1.478003 0.416649 0.716584 -0.007192 -0.764905 -0.858707 1.157343 0.871178 1.285743 -0.621176 0.583190 -0.894332
71 -0.563593 0.889706 1.041343 0.972312 -0.463264 1.954725 0.258330 2.077793 -0.831895 0.003961 0.523437 -0.554845 -0.205225 -1.250536 2.253717 -0.556744 0.090590 -0.908136 0.243053 1.370652 1.785262 0.857183 0.889703 0.022557 0.973196 0.066355 1.282754 -2.277700 0.120853 -1.211328 1.626277 -0.523231 0.212527 0.456438 -0.734761 1.617447 0.002554 0.145037 1.568214 -1.333583 2.360122 -0.235494 -0.504446 -1.935591 1.822217 1.166827 -1.269984 -0.183630 0.291861 0.421049
72 -0.543354 -0.957778 -1.382195 -1.304069 -0.181942 0.464161 1.066268 -0.765611 -0.475715 -1.408636 -0.541831 -0.071043 0.414928 0.927139 0.876362 -0.358998 1.707782 1.762242 -0.825128 0.973505 -1.204442 -1.148455 -1.019825 0.751354 1.117265 0.821076 -0.342409 0.377201 1.590588 -0.693607 -0.628951 0.059718 1.346171 -0.415905 0.757913 0.610994 -0.864709 -0.630956 0.159313 -1.199905 -0.128756 1.447638 0.049492 1.151998 -0.499269 0.601118 0.424409 -0.667292 0.637135 1.308789
73 0.784176 2.575096 -1.993021 -0.374523 -0.123047 1.018818 0.402555 -0.024172 -0.190365 -0.617013 -1.126181 -1.125331 0.408007 -0.510440 -0.340037 0.210135 0.205312 0.610095 1.262841 0.502202 -0.289123 0.488410 -1.323163 -1.559241 0.347926 0.332434 0.280595 1.246359 0.426778 1.462607 0.792212 -0.269098 -1.253115 2.353995 -1.079801 -1.915913 -1.172120 0.629396 0.042651 0.165805 -0.050180 0.357869 0.062120 -0.355603 0.829501 1.735659 0.414165 -0.147996 -0.335546 0.137444
74 0.334208 -0.335263 -1.517691 0.443510 0.353092 0.285523 1.353948 0.623064 1.169658 0.629313 1.090312 -1.382774 -0.480906 0.195796 -2.190921 -0.178601 2.040529 0.219959 0.215731 -0.601091 -0.158556 -0.315009 -0.209242 0.484586 1.534495 0.625872 -0.437855 0.558787 0.149194 0.284065 -0.013135 1.681822 0.605836 1.366353 -2.494344 -1.827185 -0.474406 0.400190 0.269281 0.045834 0.262299 -0.710176 -0.283119 0.106924 -0.732417 1.496013 0.134221 0.148093 0.604766 1.607137
75 0.230136 0.371467 0.578673 -2.294741 0.668036 -0.859004 -0.011874 2.057788 0.825500 -0.302492 1.205458 -0.389049 -0.515408 1.990648 1.149830 -0.299538 -0.747603 0.876424 -0.562963 -0.812272 0.202488 1.119472 0.870261 0.815957 -0.433610 0.459330 -0.655353 -0.302573 0.188041 -1.857310 -1.410739 2.496841 -0.037204 -0.985371 -1.649214 -0.660375 1.768838 -0.528474 -0.637460 1.267759 0.716170 1.517131 1.141783 1.513436 -1.337376 0.384782 -2.279217 0.972506 -1.257077 -0.324260
76 0.466550 0.595621 0.003490 -0.851759 -0.646278 -1.251044 1.169768 -1.549057 -0.073255 0.028450 -0.486227 -0.753214 -1.153468 0.097737 -0.023387 1.522138 -1.186268 0.830011 -1.139950 -1.017685 2.103203 0.687564 -0.908599 -0.648991 0.457744 -0.854471 0.593152 -0.830948 -1.109247 0.713358 0.500525 -0.044632 0.033383 0.961367 -0.328740 -3.391955 -0.170524 -0.509866 -0.702090 1.352225 -0.244169 -0.607185 -0.066019 0.869393 0.823479 0.931090 0.037546 0.417031 -0.113632 -2.464496
77 1.782983 -2.198309 2.005948 -0.418641 0.069201 0.273173 2.489644 1.956035 -1.068827 -1.469810 0.684852 -0.480529 -0.066708 0.236398 0.132582 -0.038963 -1.658139 -0.290424 -0.045174 1.061279 1.358528 -1.474983 1.392755 -0.479952 0.136289 3.209541 0.982590 -0.913727 1.126670 3.272785 -0.659398 0.505731 -1.559103 -0.257702 -0.090937 -1.144343 1.525269 0.003576 -0.296221 -0.397778 -0.565713 0.522751 0.137276 2.303896 0.212447 1.917360 1.476270 -0.733519 -1.784993 -1.060923
78 1.049039 -1.407716 -0.934489 0.302284 0.344489 0.394850 -0.452766 -1.290864 -0.047300 -0.743206 -0.210964 0.539280 -1.033982 -0.061702 -1.024569 -0.050874 -0.654317 0.172335 0.580832 -0.299136 0.234530 0.635731 0.334489 0.206707 -0.080387 -0.946777 -2.559294 -0.216868 -1.426487 -0.633308 -0.869011 -0.004866 1.570240 -0.608535 0.237873 -0.189237 -0.794586 -2.299543 0.261189 1.285635 -0.063520 -0.072549 -0.700770 -1.000236 -1.417755 -0.408560 0.001718 -0.250288 0.640527 0.847795
79 0.410890 0.620482 -0.989680 -0.504437 0.367933 -0.212386 -2.742366 0.427973 -0.107185 2.478272 -0.208256 -0.960645 -0.025215 0.716434 0.060622 -0.138196 1.684154 0.146905 1.408050 -0.353275 -0.178912 -0.035066 0.303697 -2.330419 -1.911519 -0.568615 -0.659550 0.744133 0.381953 1.048254 0.049304 0.738642 1.233809 0.745193 0.710730 0.685485 0.876276 -0.668235 0.434171 -0.338456 0.589555 -0.602808 0.030725 0.184810 -0.105021 -0.913090 0.532804 -1.838042 -0.508745 0.670498
80 -1.738584 0.054081 0.276572 -1.221497 -0.477100 -1.811083 -1.353417 2.383879 0.602720 -0.604801 -0.093849 -0.351267 0.121388 1.395131 -0.642621 0.056252 -0.815738 -1.561761 0.135365 -1.283315 -0.542436 -0.689841 -0.427250 -0.873370 2.096486 -0.860151 0.242055 -0.220920 -0.171862 -0.250802 -0.526875 1.032730 0.510305 0.799719 -0.477313 0.544427 0.760221 0.485794 -0.961282 -0.491469 0.733917 0.894937 -1.716301 -0.961240 -0.028809 -0.324362 -1.990452 0.084031 -0.579412 0.546832
81 1.466371 -1.107984 -0.766240 0.393827 1.131507 -0.783781 1.027671 0.676598 1.010931 -0.546177 -0.625211 -1.492201 -0.053950 -0.922545 0.766058 -0.751114 0.171583 -0.293752 0.301677 -2.374866 -0.028799 -0.079942 -2.024362 0.109571 0.618383 0.251588 -0.683942 0.252990 -0.129367 -0.519912 -1.760985 -1.958363 -1.749709 -1.845249 0.904610 -0.206498 -1.253750 0.317409 -0.182432 -0.029001 1.347171 -0.378807 -0.786726 -2.766300 -1.018507 -0.593649 -0.746723 -1.050191 0.512901 -0.498047
82 0.192452 0.192525 -0.156023 -1.492221 0.749860 0.316580 -0.850730 0.070406 -0.476097 -0.244369 0.736259 1.054055 -0.064585 1.050081 1.666389 0.935283 -0.226665 -0.383532 0.502417 -0.056036 -0.041550 -1.232790 -0.766186 0.097755 -1.178742 0.102769 -0.160797 1.210259 1.460189 0.298789 -1.784508 1.555581 1.020737 -0.492342 -0.759758 1.825115 1.971764 2.975700 -0.423121 -0.130363 -0.808118 -0.509294 -0.084138 0.280819 -0.602736 2.068783 -1.301987 -0.097151 0.545840 -0.265064
83 -0.861283 -1.193676 0.715044 0.315460 0.674630 -0.879760 0.120002 0.833751 0.464648 0.294176 -1.049989 -0.466845 0.303233 -1.150654 -0.302964 -0.645804 0.376161 1.247843 -0.305258 -1.062305 -0.513660 -1.300554 -0.957903 -1.252111 -1.541177 -1.129430 0.855972 0.510002 2.130301 -0.839942 0.853183 -0.892463 -0.091622 0.593094 -0.493101 0.543348 0.562370 -0.395430 1.104708 -0.512925 0.066443 -1.677564 -1.410319 0.730103 -0.495678 0.552259 1.043965 -1.676694 0.756541 -0.564491
84 -0.431323 0.599921 1.912450 -0.541170 -0.308886 -2.120728 -0.107586 0.151777 0.155019 1.246941 -0.495517 -0.274983 0.395805 -0.186886 0.119951 -1.044089 0.683338 0.771977 -0.613869 -0.161679 0.451154 -0.312831 1.470806 -1.183351 -1.738701 0.079492 1.555939 0.284449 -0.981636 1.207054 0.389789 0.515206 1.455748 -0.089609 2.157364 -0.434567 -1.303424 -0.298300 -1.245065 -1.345240 -1.428493 3.324616 1.447753 0.043236 0.813465 0.531881 1.073889 0.039729 0.802803 1.313274
85 0.498967 0.327016 0.165031 0.047069 -1.371167 0.924185 -0.460100 0.383846 0.105885 -0.247936 0.695181 1.449758 0.300563 3.078211 -0.700362 -0.817526 0.260376 -1.736400 0.011827 -0.907482 0.919487 0.614383 0.912564 -2.571584 0.539558 0.543538 -1.963708 0.435977 -2.022750 -1.420616 2.143867 -0.268713 0.117452 2.015170 0.481357 1.507873 2.182052 0.831905 0.903706 1.490613 1.515593 0.234304 0.209194 -0.339396 1.388247 -1.227917 0.753804 -0.744730 -0.900016 -0.639390
86 1.959837 -0.658437 -0.135534 -0.403844 1.612216 1.120452 -0.272365 0.234056 -0.404279 0.650596 1.705147 -2.735530 -0.250660 -0.254229 -2.839165 0.714283 0.527716 0.766936 -2.559806 0.910691 0.413604 0.274876 -0.466138 1.316037 1.100027 -0.663163 1.048512 -1.262895 -1.366917 -0.074443 -0.230455 0.668407 0.742317 -0.620336 -0.922480 2.079886 0.824037 -0.811525 -0.651011 -0.889762 0.817034 -0.272611 0.866682 0.999991 -1.037480 -1.826257 2.035859 0.285456 1.078589 -0.297823
87 0.284557 -0.331742 3.005686 -1.146672 0.830009 -0.590363 1.807347 -0.297548 -0.363329 -1.672779 0.356057 1.448787 2.089695 -0.193747 1.477444 1.713025 -1.443902 0.152876 -0.649091 2.113342 -0.863112 0.969353 -0.372181 0.511353 0.063888 -0.091110 -0.546669 1.065272 0.566604 1.767867 0.329755 0.638290 -0.019126 2.818579 -0.445273 -1.482879 -1.131622 0.950742 -0.222796 -0.961076 -0.879505 0.215160 2.011577 3.151500 -1.259313 0.634258 -0.384678 1.108432 0.034568 -0.224361
88 1.020185 1.559289 0.419774 -0.117382 0.899441 -0.700695 2.421435 -0.877859 0.113967 -0.938491 -0.669106 0.104593 0.038399 -1.547338 0.728621 0.071920 0.048614 -1.309282 1.030078 1.621830 -0.983095 0.991085 0.634685 -0.574453 0.235131 -0.038131 1.119109 0.969377 0.182318 1.539176 0.789488 1.901307 -1.653347 0.197788 1.081188 2.313908 0.448181 -0.375656 -0.987882 0.527855 0.096788 0.352572 2.034713 2.808338 1.073124 -2.195260 -0.077618 -0.246784 1.123022 -0.255494
89 -1.255183 -1.141275 -1.229295 -0.643434 -0.965725 -0.179880 1.192629 0.289605 -0.925403 -1.039753 -1.725961 0.197533 -1.620414 -0.090294 -1.862293 -0.096668 -0.742460 -1.187264 -0.157308 0.107915 0.270488 -0.643040 -0.548046 0.732230 1.382558 1.401192 0.310338 -0.306692 0.513202 1.122208 -0.178196 -0.089264 -1.114013 0.745545 1.586368 0.117593 0.354225 -2.386213 0.268956 -0.018429 -1.743676 1.668065 0.650141 0.565589 0.517135 2.049888 -1.176874 1.823096 -0.241958 1.832721
90 -0.614194 1.185604 1.507375 -2.309847 0.303056 0.177229 -0.403962 -0.588172 -0.786195 -0.119969 0.117763 -1.143959 0.434779 -0.420074 0.188400 -0.003626 -0.476640 0.410463 -1.674242 2.060547 2.691781 -0.053343 0.275144 0.792647 1.135334 0.921179 -0.290246 -0.758065 -0.608228 3.143758 -0.727623 -0.287755 1.306493 -0.893506 0.563864 0.094229 0.927442 0.298011 -0.183084 -0.977903 -1.092613 -0.022914 -0.596492 2.442660 -0.305239 -0.220128 0.008721 1.413470 0.262270 -0.764960
91 -0.902833 1.212994 -0.864792 -2.182352 -0.463118 -0.609058 0.541799 0.688075 -0.635895 -1.854256 -0.936123 1.391392 -1.662782 0.289489 -0.139139 1.527725 -0.605102 -0.377176 0.067567 0.718252 -0.070788 0.021014 0.309395 -0.699888 0.699174 0.951992 -0.560863 0.132397 -1.470564 0.142232 1.135366 -1.057993 -1.567666 -1.541370 0.243728 0.109083 -0.615246 -0.812623 0.898951 1.444633 -0.159085 0.599138 -0.534299 -0.096103 0.229464 -0.688315 -0.494728 -1.647338 -1.069225 -0.308882
92 -0.393970 0.069679 -1.303310 1.723624 1.499576 -0.742069 -0.448607 -0.832902 -0.429878 -0.178913 1.207869 -1.336646 1.115352 1.993517 -2.203154 -1.646799 0.226311 -1.275259 -0.514323 -2.727199 0.728700 -0.286130 0.483888 -0.180834 -0.449333 0.732866 0.862097 -1.235087 -0.765909 0.446799 -0.803741 -1.542700 0.497834 -1.394282 0.599378 -0.547366 -0.454122 -2.144861 0.171938 -0.592615 -0.522915 1.232100 0.475813 0.027414 -0.278888 -0.513556 0.728149 0.386494 -1.989866 -0.909062
93 0.722835 1.315896 1.759307 1.046492 0.256005 0.121997 0.170640 0.318169 1.944003 -0.862081 0.424855 1.731738 -0.077738 -0.202326 0.246710 -0.827654 -1.137084 -0.747888 0.674895 0.242554 -1.530992 -0.814089 -1.101750 0.817406 -1.484194 1.025963 0.104723 0.177773 -1.032331 -0.406999 -0.071736 0.372513 -0.335753 0.106554 0.314345 1.273601 0.455761 0.555068 0.052548 0.694551 -0.535805 -0.972965 -0.229648 0.849257 -0.626658 0.291129 0.495528 -0.061893 -0.329312 0.471248
94 -0.555874 -0.534041 2.215869 1.210023 1.598442 -1.485264 0.070092 0.036454 0.489014 0.587968 0.691522 -1.445886 1.365109 -1.925575 3.183256 -2.167793 1.653406 1.055148 0.075964 -2.436215 0.577134 0.255581 -0.385668 -0.540807 0.457896 -0.570193 1.812108 0.588332 -0.996195 1.822356 1.650944 1.553530 2.716778 1.950430 1.031832 -0.870207 -0.876445 -0.437922 0.055407 0.045433 0.383411 0.920563 0.471431 -0.870275 2.665113 -1.189440 0.375417 -0.251510 -1.476580 -0.302598
95 2.115921 -0.361204 0.337335 -0.247754 -0.222623 0.531873 0.783080 -0.308806 -1.896701 -0.389846 0.369255 -0.325731 1.447289 1.199873 0.889155 -1.470719 -0.317879 0.088921 0.321001 1.021619 1.896651 -0.806133 -0.797053 0.751923 0.844224 -0.575181 -0.577287 0.670474 1.521327 1.632898 1.171488 -0.350669 0.691912 -0.011394 -0.488205 -0.430781 2.567858 -1.131045 1.321035 -0.361075 0.441540 0.030067 -0.563259 1.472547 -0.079618 -0.340164 0.370351 0.347670 -0.738013 -1.218997
96 -1.338613 1.067668 -0.963169 0.214488 -1.399694 1.178240 -0.896147 0.918781 0.298394 -0.564188 -1.341566 -0.164569 0.406496 -0.654533 1.796414 0.181691 1.018423 -0.073827 0.172531 0.350441 1.288956 -0.427475 0.018123 -0.662204 -0.055861 0.542287 -0.293380 0.461558 0.080538 0.504331 -0.254966 -0.038230 2.134412 1.163171 -0.362870 -0.524554 1.578954 -1.084996 -0.104675 -0.659235 0.602522 0.087000 0.004905 -0.810981 0.644214 -1.696692 -0.167946 -0.488097 0.943901 1.148453
97 0.435815 0.674024 3.211796 -2.200957 1.253401 -0.202072 2.707428 -0.040792 -0.828171 0.162068 -1.062270 -0.121810 -1.571230 -0.009083 0.512794 0.347180 2.495812 -0.169547 0.485013 2.755531 -0.616443 1.032842 0.467534 0.353737 0.284780 -0.852692 0.946223 -1.173893 0.181845 -0.691568 -1.142931 -1.580838 -0.175879 1.773977 0.653548 2.195412 0.234655 -0.177315 -0.179797 -0.741688 -0.821113 -0.637109 0.083802 2.547991 0.855898 0.568908 -1.048184 1.258649 1.375264 0.785002
98 1.120944 -1.399125 1.964299 0.776471 -0.356649 -0.249445 -0.058549 0.296325 -0.175947 -0.290088 1.022606 1.168967 -0.479440 -1.122888 2.436027 -0.384300 0.909242 1.655341 -0.079389 1.857182 -1.357638 -0.945915 -0.693905 -1.053053 1.209955 3.189700 0.143948 -0.353083 0.099109 1.076707 -0.379962 -0.596033 1.750443 0.182801 1.455643 0.635544 -1.406585 -0.336523 -0.873930 0.299729 0.153206 0.746553 0.730993 3.139142 0.611668 -0.656007 1.131569 -0.495608 0.369733 0.798606
99 -0.805005 1.266411 0.878700 -0.081404 1.631997 0.106723 1.040560 -1.595075 0.928187 -0.119507 -0.115822 0.170808 -0.215933 0.416215 1.497097 0.219482 0.898738 0.126720 0.469796 3.047427 0.484267 0.125096 -0.599626 0.990334 0.542507 -0.147094 0.988888 0.478600 -0.108955 1.969948 -0.127463 -0.199073 1.138854 0.691851 -0.092942 0.557684 -0.169693 -0.704136 1.734162 0.244287 0.559287 1.659176 0.803310 3.296144 -0.550257 -0.785634 0.776050 1.215743 1.299405 -0.486076
END
#################################################################
SECTION3 (Edges Information)
EndPoint0 EndPoint1 Weight
0 1 1.000000
0 9 1.000000
0 10 1.000000
0 90 1.000000
1 0 1.000000
1 2 1.000000
1 11 1.000000
1 91 1.000000
2 1 1.000000
2 3 1.000000
2 12 1.000000
2 92 1.000000
3 2 1.000000
3 4 1.000000
3 13 1.000000
3 93 1.000000
4 3 1.000000
4 5 1.000000
4 14 1.000000
4 94 1.000000
5 4 1.000000
5 6 1.000000
5 15 1.000000
5 95 1.000000
6 5 1.000000
6 7 1.000000
6 16 1.000000
6 96 1.000000
7 6 1.000000
7 8 1.000000
7 17 1.000000
7 97 1.000000
8 7 1.000000
8 9 1.000000
8 18 1.000000
8 98 1.000000
9 0 1.000000
9 8 1.000000
9 19 1.000000
9 99 1.000000
10 0 1.000000
10 11 1.000000
10 19 1.000000
10 20 1.000000
11 1 1.000000
11 10 1.000000
11 12 1.000000
11 21 1.000000
12 2 1.000000
12 11 1.000000
12 13 1.000000
12 22 1.000000
13 3 1.000000
13 12 1.000000
13 14 1.000000
13 23 1.000000
14 4 1.000000
14 13 1.000000
14 15 1.000000
14 24 1.000000
15 5 1.000000
15 14 1.000000
15 16 1.000000
15 25 1.000000
16 6 1.000000
16 15 1.000000
16 17 1.000000
16 26 1.000000
17 7 1.000000
17 16 1.000000
17 18 1.000000
17 27 1.000000
18 8 1.000000
18 17 1.000000
18 19 1.000000
18 28 1.000000
19 9 1.000000
19 10 1.000000
19 18 1.000000
19 29 1.000000
20 10 1.000000
20 21 1.000000
20 29 1.000000
20 30 1.000000
21 11 1.000000
21 20 1.000000
21 22 1.000000
21 31 1.000000
22 12 1.000000
22 21 1.000000
22 23 1.000000
22 32 1.000000
23 13 1.000000
23 22 1.000000
23 24 1.000000
23 33 1.000000
24 14 1.000000
24 23 1.000000
24 25 1.000000
24 34 1.000000
25 15 1.000000
25 24 1.000000
25 26 1.000000
25 35 1.000000
26 16 1.000000
26 25 1.000000
26 27 1.000000
26 36 1.000000
27 17 1.000000
27 26 1.000000
27 28 1.000000
27 37 1.000000
28 18 1.000000
28 27 1.000000
28 29 1.000000
28 38 1.000000
29 19 1.000000
29 20 1.000000
29 28 1.000000
29 39 1.000000
30 20 1.000000
30 31 1.000000
30 39 1.000000
30 40 1.000000
31 21 1.000000
31 30 1.000000
31 32 1.000000
31 41 1.000000
32 22 1.000000
32 31 1.000000
32 33 1.000000
32 42 1.000000
33 23 1.000000
33 32 1.000000
33 34 1.000000
33 43 1.000000
34 24 1.000000
34 33 1.000000
34 35 1.000000
34 44 1.000000
35 25 1.000000
35 34 1.000000
35 36 1.000000
35 45 1.000000
36 26 1.000000
36 35 1.000000
36 37 1.000000
36 46 1.000000
37 27 1.000000
37 36 1.000000
37 38 1.000000
37 47 1.000000
38 28 1.000000
38 37 1.000000
38 39 1.000000
38 48 1.000000
39 29 1.000000
39 30 1.000000
39 38 1.000000
39 49 1.000000
40 30 1.000000
40 41 1.000000
40 49 1.000000
40 50 1.000000
41 31 1.000000
41 40 1.000000
41 42 1.000000
41 51 1.000000
42 32 1.000000
42 41 1.000000
42 43 1.000000
42 52 1.000000
43 33 1.000000
43 42 1.000000
43 44 1.000000
43 53 1.000000
44 34 1.000000
44 43 1.000000
44 45 1.000000
44 54 1.000000
45 35 1.000000
45 44 1.000000
45 46 1.000000
45 55 1.000000
46 36 1.000000
46 45 1.000000
46 47 1.000000
46 56 1.000000
47 37 1.000000
47 46 1.000000
47 48 1.000000
47 57 1.000000
48 38 1.000000
48 47 1.000000
48 49 1.000000
48 58 1.000000
49 39 1.000000
49 40 1.000000
49 48 1.000000
49 59 1.000000
50 40 1.000000
50 51 1.000000
50 59 1.000000
50 60 1.000000
51 41 1.000000
51 50 1.000000
51 52 1.000000
51 61 1.000000
52 42 1.000000
52 51 1.000000
52 53 1.000000
52 62 1.000000
53 43 1.000000
53 52 1.000000
53 54 1.000000
53 63 1.000000
54 44 1.000000
54 53 1.000000
54 55 1.000000
54 64 1.000000
55 45 1.000000
55 54 1.000000
55 56 1.000000
55 65 1.000000
56 46 1.000000
56 55 1.000000
56 57 1.000000
56 66 1.000000
57 47 1.000000
57 56 1.000000
57 58 1.000000
57 67 1.000000
58 48 1.000000
58 57 1.000000
58 59 1.000000
58 68 1.000000
59 49 1.000000
59 50 1.000000
59 58 1.000000
59 69 1.000000
60 50 1.000000
60 61 1.000000
60 69 1.000000
60 70 1.000000
61 51 1.000000
61 60 1.000000
61 62 1.000000
61 71 1.000000
62 52 1.000000
62 61 1.000000
62 63 1.000000
62 72 1.000000
63 53 1.000000
63 62 1.000000
63 64 1.000000
63 73 1.000000
64 54 1.000000
64 63 1.000000
64 65 1.000000
64 74 1.000000
65 55 1.000000
65 64 1.000000
65 66 1.000000
65 75 1.000000
66 56 1.000000
66 65 1.000000
66 67 1.000000
66 76 1.000000
67 57 1.000000
67 66 1.000000
67 68 1.000000
67 77 1.000000
68 58 1.000000
68 67 1.000000
68 69 1.000000
68 78 1.000000
69 59 1.000000
69 60 1.000000
69 68 1.000000
69 79 1.000000
70 60 1.000000
70 71 1.000000
70 79 1.000000
70 80 1.000000
71 61 1.000000
71 70 1.000000
71 72 1.000000
71 81 1.000000
72 62 1.000000
72 71 1.000000
72 73 1.000000
72 82 1.000000
73 63 1.000000
73 72 1.000000
73 74 1.000000
73 83 1.000000
74 64 1.000000
74 73 1.000000
74 75 1.000000
74 84 1.000000
75 65 1.000000
75 74 1.000000
75 76 1.000000
75 85 1.000000
76 66 1.000000
76 75 1.000000
76 77 1.000000
76 86 1.000000
77 67 1.000000
77 76 1.000000
77 78 1.000000
77 87 1.000000
78 68 1.000000
78 77 1.000000
78 79 1.000000
78 88 1.000000
79 69 1.000000
79 70 1.000000
79 78 1.000000
79 89 1.000000
80 70 1.000000
80 81 1.000000
80 89 1.000000
80 90 1.000000
81 71 1.000000
81 80 1.000000
81 82 1.000000
81 91 1.000000
82 72 1.000000
82 81 1.000000
82 83 1.000000
82 92 1.000000
83 73 1.000000
83 82 1.000000
83 84 1.000000
83 93 1.000000
84 74 1.000000
84 83 1.000000
84 85 1.000000
84 94 1.000000
85 75 1.000000
85 84 1.000000
85 86 1.000000
85 95 1.000000
86 76 1.000000
86 85 1.000000
86 87 1.000000
86 96 1.000000
87 77 1.000000
87 86 1.000000
87 88 1.000000
87 97 1.000000
88 78 1.000000
88 87 1.000000
88 89 1.000000
88 98 1.000000
89 79 1.000000
89 80 1.000000
89 88 1.000000
89 99 1.000000
90 0 1.000000
90 80 1.000000
90 91 1.000000
90 99 1.000000
91 1 1.000000
91 81 1.000000
91 90 1.000000
91 92 1.000000
92 2 1.000000
92 82 1.000000
92 91 1.000000
92 93 1.000000
93 3 1.000000
93 83 1.000000
93 92 1.000000
93 94 1.000000
94 4 1.000000
94 84 1.000000
94 93 1.000000
94 95 1.000000
95 5 1.000000
95 85 1.000000
95 94 1.000000
95 96 1.000000
96 6 1.000000
96 86 1.000000
96 95 1.000000
96 97 1.000000
97 7 1.000000
97 87 1.000000
97 96 1.000000
97 98 1.000000
98 8 1.000000
98 88 1.000000
98 97 1.000000
98 99 1.000000
99 9 1.000000
99 89 1.000000
99 90 1.000000
99 98 1.000000
END
#################################################################
SECTION4 (TrueSubGraph Information)
EndPoint0 EndPoint1 Weight
1 0 1.0
0 9 1.0
9 99 1.0
99 90 1.0
90 0 1.0
99 98 1.0
98 97 1.0
97 87 1.0
87 77 1.0
87 88 1.0
END
#################################################################
SECTION5 (Labels Information)
0 0 1 0 0 0 1 0 0 0 0 0 0 0 0 0 0 0 0 1 0 0 0 0 0 0 0 0 0 1 0 0 0 0 0 0 0 0 0 0 0 0 0 1 0 0 0 0 0 0 
END
#################################################################
SECTION6 (bt Information)
-5 -5 5 -5 -5 -5 5 -5 -5 -5 -5 -5 -5 -5 -5 -5 -5 -5 -5 5 -5 -5 -5 -5 -5 -5 -5 -5 -5 5 -5 -5 -5 -5 -5 -5 -5 -5 -5 -5 -5 -5 -5 5 -5 -5 -5 -5 -5 -5 
END
#################################################################
