#################################################################
#APDM Input Graph, this input graph includes 3 sections:
#section1 : general information
#section2 : nodes
#section3 : edges
#section4 : trueSubGraph (Optional)
#
#if nodes haven't information set weight to null
#################################################################
SECTION1 (General Information)
numNodes = 100
numEdges = 200
usedAlgorithm = NULL
dataSource = SimulationData2
END
#################################################################
SECTION2 (Nodes Information)
NodeID Base Counts
0 -0.189056 2.429257 0.751007 -0.276624 -1.014169 -0.569534 0.433866 1.425952 0.190222 -0.428015 -0.299601 -0.391342 0.156033 0.836646 0.149020 0.933543 1.770336 0.424763 0.527361 1.296818 0.589156 0.072563 -1.494475 -0.411523 0.787032 -0.707162 1.331122 -0.746450 -0.455043 -1.589934 0.151614 -0.663347 0.902796 1.853084 -0.972640 1.501319 1.127113 1.216383 0.382983 2.060746 -2.983604 -0.347748 1.406281 0.542909 -1.633914 0.335267 -0.453688 0.248947 0.191085 0.871173
1 -0.519142 0.040798 0.499137 1.094434 0.693804 1.900431 -1.950806 -0.022815 0.599189 1.107654 0.354967 -2.142291 0.297012 0.209365 0.544006 0.125480 -1.198462 -0.384154 -1.347432 0.299169 0.258734 -0.269316 0.090030 0.630350 1.317962 0.131994 -1.039434 0.889657 0.768819 -0.673676 0.980175 -1.117684 -1.032103 -0.836191 1.066829 0.944594 -0.462191 0.348136 -0.991032 -0.701345 -0.478598 -0.556948 0.172541 -0.564312 -0.042559 1.475841 0.210881 0.006866 0.361541 1.159930
2 0.149758 -0.524418 1.151984 0.801036 -1.422774 -1.011574 -0.272184 1.680316 1.700079 1.894657 0.319682 0.055730 -0.809082 -0.194632 0.393017 0.870972 0.169934 -0.890290 0.399319 -0.799026 -0.309596 0.246527 -1.224595 0.585211 -0.533048 -0.054998 0.650954 1.043437 0.065579 1.153945 -0.189832 0.762798 -1.365381 1.261081 0.652130 1.049648 -0.867437 -0.588036 -1.721260 0.583890 -0.854367 -1.511236 1.453506 -0.187333 0.563892 1.349508 1.557753 -0.899149 -0.923653 1.267463
3 0.374483 0.928402 0.933098 -0.862215 -0.460629 -0.286997 -1.074019 -1.350733 -0.816808 -1.893418 -0.472016 -1.042780 -0.848264 -1.035149 0.922517 -0.365822 -0.951214 0.056055 -0.479987 -0.215662 1.963904 0.417561 0.292418 0.208149 -0.305610 -0.235772 -0.944162 0.856934 -0.720344 1.344586 0.169534 0.072800 -1.213465 0.455369 -2.168596 -1.247767 -0.062333 -0.198310 0.082990 1.041038 -0.499929 -0.171765 -0.058221 -0.564485 -0.610628 3.168353 2.096039 -2.668058 1.226933 0.223484
4 0.795204 0.149473 -0.216871 -1.635514 -0.302153 -0.229941 0.874709 -0.322761 -3.431423 0.831052 -0.572412 -1.359816 -2.388682 -3.075013 0.025500 0.998549 -1.465528 0.749897 -1.755887 1.954619 1.211006 -1.365569 -0.610932 -1.058771 -0.807055 0.737324 -1.211854 -0.176412 -2.073675 2.429222 0.289955 -0.172536 0.041386 0.670904 1.520025 -1.050477 -1.770467 0.372153 1.707321 0.522170 -0.643530 -1.374539 -0.501405 -0.050115 -1.056999 0.883545 0.591171 -0.193954 1.292197 0.503119
5 -0.253236 0.422008 -0.025536 -0.159313 1.065296 -1.706506 -0.198375 -0.434966 0.677440 0.668159 0.193164 0.706208 -0.438656 0.200935 0.182435 -0.323349 1.095236 0.083522 -0.687661 0.193686 1.148909 0.052461 0.322908 0.637629 0.928280 -1.529574 -0.375914 -2.092664 -2.469745 0.907426 1.133695 1.300510 -1.632553 0.287909 0.828977 -0.803187 0.465411 -0.804483 0.774685 1.075305 -0.678718 -0.715720 -0.557989 -0.347670 -1.236617 0.235139 -0.119513 -1.685529 -0.768579 0.146479
6 0.976163 2.546197 0.256158 -0.424185 0.098302 0.381405 0.027839 1.668690 -0.052610 0.250561 0.309552 -1.305817 -0.676860 -0.311055 -1.259105 0.388602 -0.434066 0.603911 -0.633670 0.530482 -2.009064 -1.439597 -0.161461 0.859156 0.224735 -0.629932 -1.441753 -1.394654 -0.989019 2.173341 0.360446 0.698516 0.477502 0.283329 0.664690 0.145681 1.472484 -0.816766 -0.441039 1.485439 -0.591127 -0.219094 -0.313671 0.592420 -0.591979 -1.190433 -0.123355 -0.516762 -1.847627 1.351584
7 2.348083 4.464916 0.171987 0.032821 0.088911 0.837024 0.226495 0.129391 -0.182065 -1.357584 -0.832707 -0.087378 -0.499052 -0.583127 0.380343 -0.305614 0.555550 0.161187 -1.854616 -0.806029 -0.835318 0.765384 -0.521365 -0.335656 1.445538 -0.553533 1.020287 -1.146953 1.999713 3.414240 1.548720 3.504135 -1.014317 0.416866 1.007445 -1.178193 2.140149 0.175096 0.020105 -0.124005 0.716091 0.406594 0.254276 -0.271059 -0.771707 -0.365354 5.907520 1.632919 -0.287815 0.321128
8 0.519855 -0.463282 0.855488 -1.694981 0.206097 -0.506292 -1.708117 0.073652 0.467433 0.869813 -0.594661 1.365955 -1.989259 1.732976 -0.828989 -0.852683 -1.499466 1.634662 -0.293050 -0.047307 -0.859353 -0.442602 0.510736 0.653829 0.139936 -0.752148 -1.963456 -1.166745 0.137089 0.254979 1.032869 -0.951401 0.441079 -1.361365 -1.464579 0.751407 -0.857422 -0.711424 1.053949 -0.679326 0.793203 0.159444 1.911398 -1.334610 -0.525139 -1.509328 -0.665401 0.604860 1.380708 0.802999
9 -0.365715 3.177419 -0.798371 0.447317 0.305121 -1.371122 -1.264946 -0.664669 0.276940 -0.896222 -0.348908 0.189308 -0.691303 -1.465338 0.289125 0.474904 -0.005144 0.451887 2.858242 0.140366 0.002675 0.248983 0.037141 1.021337 0.760863 0.821927 1.403637 -0.181709 0.105634 1.639192 0.375476 2.592198 0.946488 -0.661326 -0.198908 0.932019 0.754696 1.340980 -0.461952 1.656137 -1.025446 0.304522 -0.980783 -0.108302 0.208432 -0.628408 4.254036 0.137012 0.990381 1.083659
10 -0.726484 -0.061693 -0.091498 0.811174 0.323341 0.982032 -1.144830 0.300534 0.889893 1.950147 -1.521146 -0.414512 -2.168864 -0.642388 -1.298912 -0.727588 0.291349 -0.313087 -0.839553 1.240225 0.991643 1.397242 -1.222942 0.884934 -1.190771 1.510617 -0.213489 -0.382304 0.087270 0.709307 0.051241 -0.327533 -1.967626 -0.276848 -0.517030 -1.462581 -0.148706 1.376325 0.987629 -1.165238 -0.016552 0.745788 -0.134624 0.083190 1.889257 0.553097 0.121384 -0.399046 -0.474347 1.049297
11 0.491938 -0.116504 -0.471331 1.475603 0.434758 -1.373333 -0.227207 -0.118383 -0.593736 0.065342 -0.363357 0.281658 0.192325 0.690170 -1.119360 0.704090 1.078336 0.661810 -1.480069 1.157284 -1.686309 0.547830 -0.722932 0.933434 -0.213096 0.854398 -1.178952 0.957763 0.635748 -0.399356 0.224456 0.337618 0.830145 1.307358 -1.575920 0.579023 0.867967 0.414280 -1.245853 1.019547 1.157792 0.528298 0.682358 0.054183 -0.689721 -0.485749 -0.739250 -0.700256 -0.558353 0.748099
12 -1.581075 0.164905 -1.108701 0.248577 0.787167 -1.119259 0.872076 1.269500 -2.680034 -0.250124 1.503150 0.031965 -1.454348 0.378159 0.361112 -0.891224 -0.100985 1.275010 0.521457 0.021174 -0.763312 0.793004 -0.757397 0.287102 -0.330019 -2.320733 0.378474 1.083549 0.782945 -0.912995 1.549784 -0.021162 -1.080891 0.335195 1.762353 -0.002080 0.115080 -0.817683 0.625998 -1.021943 -1.167010 0.356928 -2.244523 -0.902741 0.144588 1.206272 0.516605 -0.974440 0.558284 1.091218
13 1.387971 -0.842287 1.279162 0.876949 -0.141707 0.563416 -0.195234 0.890929 0.652411 -0.710175 1.907112 0.145848 -1.664336 0.667662 -1.658188 -0.247201 1.077661 -0.525317 0.039445 -0.211875 -0.846702 -1.078320 0.227858 -0.052185 0.922536 -0.130651 0.000600 -0.472448 -0.270830 -0.898353 -0.973045 0.974691 -1.252019 0.027654 -1.346632 -0.118057 0.296592 -1.236962 -0.639579 -1.859539 -0.785612 0.419669 -0.291441 1.505806 -1.703636 0.555858 -0.236893 0.951217 -0.480245 -0.467639
14 -1.482973 0.118181 -0.955896 -0.269652 -0.163569 0.441811 -0.015399 1.085624 -0.688448 -0.371394 -2.459879 0.212841 -0.487939 -0.095330 1.113485 -0.258520 -0.259041 0.633995 -1.050472 0.912131 2.345575 -1.988753 0.574963 -0.004326 0.434642 -0.225339 -0.158760 0.533707 0.167438 -0.380406 0.862946 0.889055 -0.065441 -0.596404 -0.026263 1.596338 -0.361202 1.016877 -1.019235 0.030249 0.454538 0.607530 1.122251 -3.072079 0.701877 -0.580554 0.275867 -0.555472 -0.571524 -1.315056
15 -0.235683 -0.863150 -0.672140 -0.558125 0.218449 0.879301 0.193824 -1.484412 -0.396225 -0.395704 0.845959 -0.120240 2.279380 -0.210268 0.308235 0.981057 -0.071160 -2.958996 0.225282 1.638264 0.806468 0.815388 -0.503323 1.189939 -2.445493 -0.273142 -1.366973 -2.021295 0.020681 -0.162964 0.645897 -1.274729 -1.537214 1.247306 -1.435858 0.860807 -0.179399 0.640129 -0.779490 0.326421 0.352452 -0.639994 -0.879630 2.224550 -0.723132 0.961767 0.275898 -0.874066 -0.183086 -0.872589
16 0.847972 1.857669 -0.840230 -1.266840 1.887870 -0.649030 0.100177 1.417672 2.093046 0.220894 -0.295550 0.873828 -0.944510 0.693655 0.828296 1.492036 -0.422801 -1.117863 -0.825935 -0.890882 -0.756163 1.871033 -0.692939 0.069668 -1.753403 0.544239 -0.270529 -1.559684 1.021429 -0.828688 -0.969835 -0.297438 0.543752 2.237322 0.248088 -0.908570 -0.389100 -1.113591 -0.757880 0.088471 0.792292 -1.625774 1.041281 -0.963703 1.103280 -0.286081 0.786962 -0.705308 -2.874751 -0.560623
17 0.502791 0.007265 0.848896 -0.421167 -0.584154 -0.411462 2.360753 1.503250 1.176850 0.210762 0.641803 0.093600 0.736855 -1.724705 -0.218383 -0.517051 -0.401210 -0.486553 2.576780 0.476109 -0.813377 -1.077383 1.213795 0.173545 1.547251 0.284697 -0.436352 -1.825406 -0.474658 -0.068752 0.357241 0.230971 1.236403 -0.660346 0.718057 -1.550497 0.110418 0.881209 -0.920963 0.340229 -0.504579 -0.121008 -0.194770 1.360240 0.001346 0.081591 -0.523951 0.597394 -0.695699 0.017666
18 -0.834622 0.306122 -0.497040 1.503785 0.968988 -1.177045 0.172484 -0.945903 -0.203362 -0.856277 -1.618757 0.526842 -1.600904 -0.354638 0.660955 1.299462 0.010390 -1.229713 0.072065 0.354660 0.469686 -0.803079 -0.753832 -1.234743 0.566946 0.098614 1.071112 0.718852 0.481033 0.216482 1.734125 1.027814 1.486277 -1.444307 -1.265954 0.065960 -0.575751 -0.382420 0.722079 -1.342825 -2.136268 -0.395451 0.812323 -0.228190 -0.885650 0.288183 -0.483603 -0.260350 -0.148734 0.833589
19 1.511297 3.790320 0.250149 -0.924074 -0.061274 0.891498 1.890741 -0.069451 0.800150 0.755930 -0.209813 1.223070 1.940098 0.263221 -0.058502 1.674172 0.281587 0.234925 0.240164 -0.254901 0.669708 0.550065 0.586233 -0.349892 -0.413751 1.043734 1.010620 0.075140 0.311034 2.915107 -1.285919 3.709943 -0.579804 0.727470 -1.760698 -0.246405 2.500707 -0.572437 0.330368 1.483993 1.502704 0.618049 -0.199120 0.520908 0.532046 0.775603 0.952696 -0.468640 1.532198 -1.152460
20 0.355443 0.099061 1.170038 1.251333 0.042239 -1.539652 -0.275572 0.737582 0.983630 -0.430076 -0.364382 0.499756 -0.890897 0.484387 0.136805 0.172871 -0.720517 -0.781797 0.910768 0.639027 0.190797 -0.202923 0.737552 -0.049002 0.018686 0.633283 -0.432833 -0.399610 1.158076 1.467730 0.093024 0.563695 0.902719 2.130618 -0.853804 -1.336229 -0.897064 -1.766231 0.530281 -0.322831 -0.559104 -1.032230 -1.178998 -0.294854 -1.628031 0.321162 0.030052 0.444827 0.213302 -0.760594
21 3.128726 2.468706 1.624716 0.725388 1.457263 -0.837117 0.156224 -0.628383 1.257812 -1.606967 0.282329 -1.392266 -2.103229 0.873002 0.435783 0.547846 0.839258 -1.377553 0.819147 -1.221115 0.104893 0.361284 -0.795544 -1.267405 -0.075292 -0.935205 -1.351952 -1.326453 -0.346284 -2.189244 -2.229088 0.517177 -0.342969 -0.969136 -1.544632 -0.353413 0.549567 -0.577801 -0.783592 -0.679469 -2.173491 0.295120 -0.216160 -0.249788 -1.568359 0.517689 0.487266 0.090175 -1.936954 -0.101253
22 0.645130 -0.172300 -0.090303 -1.483237 0.212954 0.368322 -0.834919 -0.254566 -0.865514 -1.214002 -0.102064 -0.017322 -1.803683 -0.435582 0.659586 -0.795510 0.799719 -0.033124 1.226919 1.089286 -0.443395 -0.184438 -0.296914 -1.133254 -1.488795 -0.193927 0.358221 0.221453 -3.305087 0.040930 -0.440964 -1.489260 -1.611477 0.623239 1.083210 -1.275870 0.894917 0.751560 0.953975 0.148530 -0.010546 0.074205 -0.826670 0.990597 0.990131 0.044908 -0.888714 -0.781569 -0.856595 -2.339390
23 -2.381227 -0.992150 -0.409541 -1.714335 0.845466 -0.259470 -0.136395 0.284812 -0.338031 -0.225660 -0.671674 0.243498 -1.002467 0.076673 1.402223 0.073874 0.202849 0.212588 1.123899 -0.585948 0.553678 -0.121103 0.220246 0.839556 0.772750 -0.019757 -2.122591 -0.671415 -0.373320 0.095862 -0.475681 0.162428 -0.596982 0.305040 3.407564 -0.187981 0.151286 -0.654606 -1.085664 0.716203 1.330329 0.195131 1.270966 1.564482 0.413521 -1.271349 0.768856 -0.455480 -0.932831 -1.378158
24 0.186592 1.260831 0.764177 -0.213823 -0.995767 0.113858 -0.808887 -0.726628 0.008082 0.459938 -0.724001 0.185627 -0.256171 2.698275 0.833409 -1.004441 -0.237890 1.069957 0.372456 1.090079 -0.589529 -1.883126 1.102059 0.652628 0.050422 0.556331 0.139722 0.466166 -0.303687 0.542913 0.260857 1.061076 -0.203469 0.142296 -1.650661 0.169652 -0.526841 -0.713971 -0.989408 -0.176573 -0.901749 -0.121034 0.756005 2.343234 0.291813 0.291221 -1.119916 -0.948178 0.397984 0.480148
25 0.371848 -0.062665 0.193754 -0.101107 -0.645014 -0.696407 1.603601 0.504527 -1.016952 0.676948 -1.267288 0.520616 0.347454 -1.234816 2.589203 -0.713483 -1.301217 -0.530353 -0.639007 1.096093 0.439737 -0.192011 0.159117 -0.057557 0.774937 -0.807666 1.042909 0.444003 -0.416677 -1.059671 -1.046439 -0.210060 -0.941664 0.536274 -0.084618 0.267439 1.544543 1.097783 1.163134 -1.477005 2.094344 0.436986 -1.609026 0.767549 1.127374 0.470956 0.605477 1.722340 -1.246121 -0.277690
26 -2.405151 0.696236 -0.590488 1.538453 0.370244 -1.229164 -0.302264 -0.870300 0.914248 -0.858009 0.195756 1.274491 -0.996021 -0.716650 0.733838 0.539694 0.120085 0.193351 -0.311517 1.306339 -1.305668 -1.473365 0.754464 0.084581 0.349197 0.913395 -1.020680 -0.178631 0.980915 2.704737 0.149070 -1.698957 0.521428 -2.602236 2.407871 -0.587602 0.100391 0.276573 1.386593 0.938571 -2.210390 -1.535291 -0.354784 0.373311 -0.636311 -0.105283 0.767666 0.166940 -0.836133 -0.537415
27 -1.399736 1.573362 2.150735 -0.533141 0.406497 1.544369 0.028523 1.351984 0.907370 0.457672 1.625844 -0.080910 0.302501 0.123088 -0.712108 0.234483 -1.715219 0.380787 -0.865960 0.633531 -0.381931 -0.954958 -1.101306 -0.658485 -0.211680 -0.966011 0.047256 -0.233365 0.408443 1.429970 1.326838 -1.625065 0.473074 2.078662 -0.909667 0.494657 2.466298 -0.742011 0.494914 -2.814217 0.477314 0.062359 1.177574 0.292318 0.732601 0.805710 1.485124 -1.223913 -1.043476 -0.985280
28 -0.023601 -0.113574 -0.505563 -0.367080 0.225166 -1.801117 -2.075349 -0.138343 -0.091408 -0.256491 -1.146541 -1.781523 0.451440 -0.723616 1.006675 -0.157882 -0.383548 -1.642173 1.395899 -0.010611 1.917739 0.198364 -0.283701 -0.196598 2.121923 0.626829 0.758724 -0.317423 0.518517 0.239438 0.146150 1.671500 0.362887 -0.299128 -1.003181 0.506342 -1.541201 -1.472892 -0.919685 0.160099 1.051666 0.386613 0.280232 0.600861 0.146090 0.983370 0.413985 -0.918289 0.539165 0.295897
29 -1.226877 1.363819 1.538566 -0.110692 -1.327988 -0.518871 0.627522 0.047571 1.217368 -0.688384 0.311041 -1.271890 0.703560 0.358583 1.461331 1.375764 0.509583 0.302777 -0.219216 1.897750 -0.294029 -1.660619 0.546374 0.921864 1.499345 -0.803403 1.545360 -0.948217 -0.846667 1.436417 -1.128157 0.944030 0.805154 0.571255 -0.293412 -1.481623 -0.564865 -0.825850 1.641787 0.050640 -2.027323 0.933137 -0.694172 -0.834625 0.128661 0.306581 -0.232501 -1.533412 -1.963139 -0.387150
30 -0.225157 -0.329935 -0.122434 -0.375122 1.228055 0.317824 0.272746 -0.209419 -1.551591 1.326360 -1.036384 1.200929 -0.804661 -0.271798 0.129274 0.285577 1.593767 0.634960 0.001065 2.584206 -0.270686 -0.029705 1.518907 0.866144 0.232564 0.063251 0.072401 -1.329716 0.579139 1.700220 -1.703631 -0.272815 0.289318 -0.121855 -0.561403 1.494982 -0.060586 -0.720076 0.001408 0.173225 -0.674538 0.756918 -1.536034 1.304729 -2.367311 -1.252082 -0.745589 -1.002896 -0.756891 -0.715071
31 -0.250517 -0.247149 1.151295 0.670887 -0.490564 0.969305 0.621604 0.816089 0.349759 0.968423 -0.734093 -0.974264 -0.481259 0.543467 0.427351 0.262330 -0.184119 -1.251392 0.417287 0.208266 -0.966778 -1.361309 -0.949556 1.263261 -0.430821 0.423178 1.120041 0.127938 0.810503 -0.472653 0.845672 -1.218636 -0.115353 1.061919 0.017002 -0.540260 0.114834 0.333272 0.062570 -1.232408 0.007026 -0.172921 1.380475 -1.303854 -0.541392 0.320067 0.443701 -1.040689 0.870223 -0.707016
32 -1.102125 -0.862802 1.495739 -2.019852 -0.583682 -0.127179 1.223608 0.771752 -0.603067 -0.986953 0.457507 0.350797 -0.162064 -2.419537 1.351800 0.515202 0.910043 -0.224389 1.719150 -0.367672 0.002372 0.611922 2.148324 -0.264807 -0.376327 -1.098570 -0.733646 -0.198568 0.568080 -1.018559 0.340541 0.889089 -1.257673 -0.100383 0.045469 -0.259403 -1.894868 -1.724093 -0.439685 -0.790817 -0.572842 -2.046833 0.643993 -0.724323 -0.388380 -1.625886 -0.972157 -1.154000 -0.480970 2.424854
33 1.029665 -0.019121 -0.152022 0.763459 0.332616 -1.653458 -1.009546 1.014885 1.661354 1.239342 0.129148 -1.300351 0.216702 -0.446413 1.137406 0.363226 0.228115 -1.886634 -0.692614 1.015130 -0.575190 1.241011 -0.041234 1.218170 -0.531153 -1.971530 -0.895816 0.647281 0.965700 2.124958 -0.877456 -0.238929 -0.929680 -0.832795 1.951509 1.015879 -0.608759 0.799843 0.140710 -0.795163 -0.185254 0.174432 1.100895 0.620073 0.464830 1.146481 1.568412 -1.753144 -0.600027 -0.837684
34 0.133667 1.166163 0.370312 0.104186 1.142581 -0.435078 -0.063200 1.201807 -1.071139 0.079957 -0.007180 -1.405700 -1.304336 1.092769 -1.086172 0.757974 -0.133166 -0.531671 2.353418 -0.747535 0.944651 0.506502 0.092514 -0.088224 1.032276 -0.625973 1.035968 -1.067388 1.063717 -0.005233 -1.182212 -1.085458 0.329945 -1.053534 -0.137255 0.149928 -0.201058 -0.468668 0.393144 -0.829901 -1.313886 1.911370 -0.327545 0.154830 0.319018 0.353197 1.476459 -0.145397 2.482544 -1.180213
35 -0.576792 1.463785 -1.864098 -1.292878 0.931329 1.069397 0.347949 -1.280764 1.430823 -1.513348 0.828704 -1.043071 0.495031 -0.386237 -0.575665 -0.259091 -1.427525 -0.140179 0.869731 1.206889 -0.004836 1.905500 0.159398 2.031848 -0.388481 0.053319 -0.095819 -0.232051 1.759873 0.402835 -0.425191 0.299606 -0.949372 0.545515 -1.521233 0.663320 0.545865 0.604240 2.689309 0.041765 0.137195 1.400012 -0.539841 1.182642 0.820777 -0.016668 0.555897 -1.827312 -1.047721 0.284150
36 -0.045150 0.596171 -0.774870 1.519830 0.809717 -0.138260 -0.374962 -1.166385 -0.223685 -0.187849 -0.093763 -0.075442 -0.049197 1.988077 -1.099183 -0.114240 0.365015 -0.837680 0.378872 -0.961843 -0.605282 -0.587538 -1.418333 -1.209163 0.806581 0.611578 0.590181 -1.683777 1.412053 0.389272 1.118703 -0.508062 -0.710420 0.308224 -0.600551 2.511416 -1.383407 0.011135 -0.496589 0.258315 -0.691194 0.492942 0.713544 1.569169 -0.352191 -1.072212 -0.532612 0.014205 2.300002 -0.867511
37 -0.932058 0.188523 -0.696782 -0.918460 -0.280405 0.976275 1.465543 1.413582 -0.483648 -0.837485 -1.237001 -0.439278 -2.470962 -0.476803 1.526594 0.634852 0.957941 0.183733 0.428959 -1.447180 -0.802398 -0.445676 0.224544 0.509401 0.404519 0.951519 0.408931 0.241605 -0.065783 0.335353 -0.340109 1.683886 -0.613788 -0.027868 0.902923 -0.314669 -1.220515 0.135310 -0.848903 -0.992251 0.436204 0.630037 1.065846 -0.118361 -1.080840 -0.279483 0.581908 -0.227277 -0.130575 -0.596077
38 -1.867862 1.708033 0.309385 -0.101354 0.385966 -0.872029 -0.081308 -0.058262 -0.794853 -0.188931 1.887807 -0.703806 1.043978 1.765700 1.162935 -0.236391 -0.414671 0.741047 -1.473082 1.692000 -0.469911 -1.223232 1.102387 -0.761867 -0.447248 -1.284282 -1.191587 -1.082968 -0.441446 -0.559079 0.552800 0.962485 0.451628 0.838037 -0.408984 1.784015 -0.344292 0.381402 0.160809 0.094317 0.424192 -0.063485 0.429982 -0.542595 0.427244 1.589831 0.589979 0.532415 -0.694609 0.974085
39 -0.899545 0.268387 -0.531174 -0.394133 0.541632 0.616779 -0.860988 0.948498 -2.427086 0.180278 1.342287 0.100157 1.176624 1.846380 1.884732 -0.634525 0.569524 -1.051422 0.626250 0.620987 -1.253996 0.587975 -0.161109 -0.527843 0.632025 -2.148600 -0.493086 1.461936 0.548169 0.132012 -1.432748 -0.449419 0.837566 0.996756 0.520965 -0.214779 0.926706 1.360776 -0.699818 0.610733 -1.091983 0.237230 1.488109 0.635255 -1.725589 0.573408 1.408071 1.340054 0.103571 -0.734993
40 1.537095 -1.586843 0.945519 1.134912 0.423928 0.740104 1.849469 -0.950914 -0.994043 -0.732625 -0.093516 0.260316 -0.273930 -0.434849 2.190118 0.491949 -0.437844 -0.383785 -0.779339 0.041739 1.528814 -0.982203 -0.255921 -0.820300 1.074408 -1.711332 -0.284017 -1.967990 0.838151 -1.315655 0.094601 0.473283 -0.397059 -0.515566 1.435324 -0.100542 -0.730546 0.245438 1.622033 -1.108079 -1.005806 0.265146 0.779016 1.766875 -0.929972 0.145329 1.514547 1.525665 -0.581383 2.033881
41 1.774337 0.362869 2.298922 -1.069068 0.845610 -0.348545 2.108796 0.415800 0.147866 -1.046466 -0.012110 0.429404 0.257836 -0.907740 -0.195636 -0.589582 -0.918151 -0.370087 1.593771 -0.073763 -0.655099 0.431542 1.190827 1.639229 0.893126 1.820143 -0.160312 -0.568251 -1.609265 -1.011298 0.621924 0.367355 1.228746 -0.183906 0.636884 -0.415817 1.797823 1.007565 0.452197 -2.032575 0.796631 -0.784214 -0.043436 0.952957 0.616088 0.105699 1.782205 0.673572 0.400748 0.381036
42 -0.259831 -1.326025 -0.346185 -2.010983 0.680992 -0.430266 -1.336576 -1.969432 0.952828 0.653595 0.526516 0.077710 0.092065 -0.531068 -0.784158 -0.216967 -0.362424 -1.944820 0.947206 -0.140291 -0.413828 -0.293229 0.058842 -0.593985 1.411572 1.074730 -0.040110 -0.986936 0.277880 0.464298 1.544827 -0.099575 -1.006778 -1.736621 1.949497 -0.898812 -0.561635 0.238737 0.292407 -1.423630 -1.361531 -0.977411 0.211163 -0.211976 1.345669 1.047171 -0.723866 0.795309 -0.732796 -0.938968
43 -0.796737 0.057525 -0.748050 0.990325 0.510968 -0.700074 2.175286 -0.599404 0.381023 1.337352 0.656588 1.371122 0.528991 -0.518810 0.930241 -1.479953 1.412477 -0.472129 -0.810769 -1.755112 -1.255403 -0.366643 1.331425 -0.668446 0.827675 -0.661949 0.779097 0.227719 0.249843 0.399970 0.548860 0.170456 1.163176 -2.175319 -0.691459 -0.427360 1.161813 -0.507252 0.763416 -0.112314 -0.453139 1.763412 0.218522 2.690503 0.303214 -0.391668 0.384419 0.486808 0.484254 0.017059
44 1.406423 1.784780 0.010862 -1.652491 -0.208300 -0.238216 -1.278580 -1.224027 0.750392 0.030622 -1.074417 -0.383911 0.903576 -0.138945 -0.449868 -0.200312 0.787313 -1.067508 -1.430417 0.479446 1.070392 -0.037745 0.858646 -1.236491 -1.571611 -0.460133 -0.241340 -1.558719 -0.084691 -0.451428 -0.849819 -0.521278 -1.018766 -0.011180 0.279982 -0.193801 -0.130399 1.675207 0.379978 -0.307840 -0.789076 -1.182671 1.306783 2.506780 1.256399 -0.188480 -0.173976 0.592776 2.471357 -0.272174
45 -1.496418 0.181815 0.491161 -0.286697 -1.089587 -0.776354 -2.288163 -0.509088 -0.581949 0.799530 -0.924835 -0.056082 -0.029518 0.439372 -1.107205 -0.205932 1.211629 0.809836 -1.852935 1.211899 1.207512 -0.136559 0.014740 -0.738448 1.606313 -1.110542 -0.164611 -0.573441 -1.881579 -0.098578 0.978615 0.661827 1.021034 -0.845083 0.546886 0.895895 0.146604 0.265964 -0.109220 1.113928 1.103507 -1.465877 -0.158903 0.309182 -0.451697 0.012649 -0.267706 0.308093 -0.432577 -1.054686
46 -0.171502 1.181402 0.344437 0.042139 -0.222143 1.061652 -0.048729 -0.998638 -0.980670 0.067264 0.157426 1.226572 0.135946 0.886438 1.517905 1.488500 0.642410 -1.076652 0.566374 -2.222045 0.878713 0.367564 -0.303803 -0.513587 -0.495401 0.881565 -1.445732 -0.571197 -1.143830 -1.221053 -1.948832 1.910961 1.888834 -0.576712 1.109671 -0.321454 -0.215705 1.748232 2.229114 1.404789 0.778458 -1.030138 2.120967 0.024331 0.239741 -1.106244 -0.556350 0.927175 -1.590944 0.646410
47 -0.207023 -1.059376 -0.441430 0.192983 -1.318911 0.659215 0.256576 -0.234820 -1.100275 0.533759 -0.565237 -0.815529 0.642715 -0.059116 -0.265105 -0.371667 2.208953 -0.801643 -0.296941 -0.278951 -1.045228 -0.668856 0.569594 -1.067589 1.181423 -0.317111 -1.717301 0.955252 -0.144343 0.255459 1.629072 -0.666840 0.080004 0.780605 -0.904403 0.163039 -0.160148 -0.299394 0.191517 -0.266673 0.659638 -0.415812 -0.997047 1.902794 0.174879 0.678365 0.472710 -0.898463 0.095326 -1.296646
48 -1.679789 0.524370 -2.531274 0.245914 -1.850770 1.046767 -1.359555 -0.894930 0.345873 -0.099295 0.003304 0.999903 -3.072249 -2.127057 0.339428 -0.495285 1.626182 -0.445809 2.266670 1.179501 2.724431 -1.237128 -0.871132 1.166099 1.622491 -1.257564 0.641675 0.779881 0.572229 1.819532 -0.110982 1.854675 0.628969 -1.412381 -0.167585 -2.036630 -0.931074 -0.210261 0.431878 0.826391 -1.098542 0.534889 0.152000 0.497546 -0.932176 -1.124321 1.368997 -0.449975 0.170898 -1.036476
49 0.321540 -0.586586 1.493427 -0.113561 -0.384593 1.524732 -0.003158 0.909815 -0.165791 -0.511949 -0.711592 0.496281 -0.677049 0.008062 0.283937 -0.487147 -1.380512 -0.127327 0.964534 -1.170727 -0.766011 1.728310 -1.806413 -0.104107 1.885295 1.834992 -0.327568 -0.971151 0.024662 -0.105252 -0.554064 0.067602 -0.857700 0.118577 -1.400485 0.441680 -0.093657 2.096027 -0.148165 0.839909 0.066894 1.118694 1.531038 0.243599 0.826094 -1.316864 -0.418303 -1.328872 -0.138603 -0.738455
50 -0.602902 1.424264 0.164234 0.974322 0.650101 -0.798192 0.639955 1.352244 -0.097381 -0.781932 0.413945 1.355186 -0.315696 0.540779 0.147275 -0.475055 0.622996 0.684652 0.616582 0.501320 -0.487636 -1.158833 -0.613444 -0.615632 -1.236901 0.032093 -0.580808 0.583362 0.706137 -0.301560 0.356110 0.460163 -1.155577 -0.630369 0.224236 1.475679 0.297158 0.601692 -0.056512 -1.220584 1.584534 1.338299 -0.148933 0.086421 -0.586096 -1.706789 -1.490155 1.568392 -0.387438 1.511521
51 1.068683 -0.687317 -1.101600 -0.158569 -1.247703 -0.993976 -0.496580 0.976191 -0.681702 -0.217486 -0.565958 0.996167 -0.122715 1.023769 -0.477160 -1.696529 1.419335 -1.980481 -0.296998 -0.596569 -0.455770 0.881829 -2.654163 1.105590 -0.177190 -0.524656 1.253458 1.747802 -0.669393 -0.199003 0.665402 0.394799 0.613239 -0.369716 -1.205315 -0.930017 -0.525980 -1.718503 0.492408 1.483112 2.457523 -0.535287 0.355998 2.068658 -0.364393 2.363514 -0.663759 -0.006203 0.221784 0.411611
52 -0.519533 -0.627931 0.762351 1.435911 0.277345 -1.315191 -1.794430 1.316169 -0.104318 -0.403178 -0.122973 -0.715283 0.414527 -1.066648 0.959092 1.005814 0.533316 -0.769753 -0.107218 -1.032023 1.449608 0.424394 -0.440820 -0.114735 1.769487 -0.009845 0.303367 1.378107 0.370037 1.279966 0.459797 1.578149 -0.261198 0.864813 1.164408 -0.280022 0.648546 0.748811 -0.124197 -0.531674 -1.812183 0.703878 -0.724769 -0.847031 1.824817 2.216301 1.693350 0.116546 -0.245484 0.061473
53 0.432569 0.475344 0.491997 1.039571 2.767752 -0.722785 1.483003 -1.004110 -0.153135 0.137059 -1.178915 -0.762083 0.465302 -0.837130 0.015552 0.623803 -1.646368 0.390238 0.298287 1.349538 0.144111 1.339354 0.791036 0.182829 -0.937158 -0.788258 -1.268315 1.778457 2.187982 0.994052 -0.263295 -0.556200 1.230622 -1.243619 -1.089702 1.049885 0.915262 -0.677434 0.997869 1.343115 -0.597952 -0.455203 -0.017465 0.169905 -1.466406 -1.209800 0.130741 1.756846 -0.096631 -0.681395
54 0.001007 0.928555 1.666967 1.181853 0.043156 1.423161 -0.467202 -1.160427 0.194041 -1.645778 -1.645066 0.089493 0.211377 1.335282 -1.932681 0.354158 -0.648322 0.317104 -0.679335 0.343908 0.554945 1.878963 -1.209794 -1.537499 -0.123365 -0.190479 -1.707657 -1.172193 0.879536 -0.849013 -0.229730 0.503167 -0.223208 0.753069 -0.531566 -0.798758 1.419795 -1.559001 -0.818938 0.773147 -0.983165 -0.117485 -0.670061 0.321728 -0.833399 -0.670957 -1.157051 -1.104420 1.434253 0.464107
55 -2.583993 -1.416488 -0.108963 0.551404 -0.482903 -0.687303 0.045053 0.485667 1.558823 -0.745969 1.748068 -0.829979 -1.873751 -1.609996 -0.085277 -0.014302 -2.062245 -1.736063 -0.662326 0.128907 -0.369889 0.478490 -0.076951 1.794404 0.417955 -0.077280 -0.424214 1.394171 -0.657967 -0.385498 0.887850 0.256791 -0.373807 -0.420675 0.625714 0.001999 -0.573008 -0.322940 -0.964092 0.610285 -1.098086 -1.642023 0.072074 -1.391537 -0.143299 -1.501150 0.931235 -0.634805 1.200437 -0.701521
56 0.159666 -0.595671 1.242318 0.240328 -0.410466 -0.009326 -1.230336 0.043263 -1.269313 1.128365 -0.617111 1.762830 -0.037329 -0.254448 1.085549 -0.507125 -0.341751 0.041941 1.057150 -0.033183 -1.304250 -1.659526 0.248174 0.117951 -1.072699 -1.571470 0.187251 -0.872579 -1.540961 0.927360 0.712477 2.056384 0.170533 -0.320211 0.229781 -0.484305 1.442220 0.013995 0.887992 0.569677 -1.250268 -0.017753 -0.022115 -0.381442 0.376574 -0.693246 -0.442913 -1.574683 2.021855 -1.447907
57 0.094634 -0.396017 0.232447 0.083867 -0.403204 -0.991889 1.488420 1.456736 0.665384 -0.975114 -0.645528 1.141698 2.320846 -0.310171 0.534803 -0.169719 -0.324249 -0.197362 0.898278 -1.729337 0.069212 -0.147168 1.166791 0.688915 1.414300 -0.413184 -0.402951 -1.255028 -0.155470 -0.878009 0.568950 0.758196 -0.034655 0.727520 -0.087450 0.276765 0.715667 -1.362715 -0.883947 -1.118076 -0.280322 1.254868 0.537940 0.575426 0.787696 -1.389864 -0.306852 0.183636 0.397172 1.556378
58 -0.745150 -0.722879 -1.047138 1.446030 0.122967 -1.169404 -0.438994 0.393175 0.383262 0.391209 0.495658 -0.275212 -0.558836 0.976639 1.679208 0.026946 -0.854640 0.226992 0.183420 -0.516893 1.726926 1.069970 -2.051084 -0.393385 1.619351 -0.510671 -1.499816 -0.128607 -0.004224 -0.800803 0.034676 -0.185274 -2.260496 0.178938 0.058390 0.289410 1.194375 -0.179349 -1.730323 0.187051 -1.081438 -1.125416 -2.869822 1.634486 -2.852161 0.712091 -0.802907 -0.707572 -0.302810 1.082201
59 -1.021612 -0.479879 -1.464467 -1.434523 -1.994119 -0.081047 -1.178056 -0.049225 0.428806 -1.183074 -0.829756 -1.711535 -0.860190 -1.670903 -0.720359 0.322995 -0.749556 -0.032274 0.022970 0.065296 1.604165 -0.556701 0.504011 0.940499 0.075456 1.800369 0.193491 -0.064381 1.054416 0.755667 1.734620 -0.643969 -0.052798 0.241648 -1.067097 -0.406936 -1.126685 -0.063103 -0.954224 -0.990538 0.202853 1.113043 -0.009047 1.165613 0.638668 0.972159 -0.228776 1.753962 0.867110 -0.349309
60 -0.979816 -0.854392 -0.462439 -0.029027 1.248827 -0.037538 -0.517914 -0.227982 -0.096992 -0.906643 -0.445186 1.049789 0.090041 0.250673 -1.523383 -1.126280 0.155056 0.568124 -1.140777 -0.153037 -0.104863 0.709998 -0.395627 0.009529 -0.027446 0.400366 -1.587976 0.150936 0.237654 0.741477 0.350446 -0.162756 0.643137 0.671624 -1.126801 -0.561420 -1.761802 1.246941 1.099989 0.803267 2.631367 -0.492309 -0.621984 -1.417960 -0.326816 -0.257434 -0.435501 -0.006113 0.035372 -1.280124
61 1.641439 -0.391285 1.222318 0.308444 -0.672018 -0.602849 0.944642 1.682635 -0.610664 -0.524804 0.352058 -0.100716 -0.376921 -0.534776 0.113367 1.122780 0.198285 1.469018 0.718708 -0.857342 -1.506656 0.074438 0.485883 0.457513 -0.434406 0.594469 -1.341630 1.865472 0.944397 0.280471 -1.109827 -0.948216 1.145079 -0.161699 0.216267 -0.246035 0.082911 0.856332 -0.522487 1.735975 0.072386 -0.612504 0.710834 -1.050275 1.252591 -0.415351 2.244921 0.387613 0.212276 -0.467776
62 0.224721 -0.219195 -1.570409 -0.313384 1.221846 0.702580 -0.586832 0.408234 1.466063 -1.997469 -0.582495 1.114878 -0.749707 1.145200 1.257760 -2.051009 0.332959 0.311653 -0.440484 0.020356 -0.295904 1.645164 0.740777 -0.953820 0.421956 -1.905724 -1.345817 -0.021004 0.804812 0.830320 -0.134817 -1.372921 -0.772092 -1.671843 0.158832 -0.493375 1.053006 0.596993 -1.090380 -1.010747 -0.926905 0.032515 0.554785 0.481025 0.324164 -2.107593 1.311492 0.698301 -0.482182 -0.578637
63 0.800537 0.304256 -0.071437 -1.066997 -0.445143 -1.514172 -0.184484 0.234722 -0.193222 -1.058276 0.469548 1.149993 -0.340064 -0.409210 -0.278021 -0.644205 1.674450 -1.190462 -0.017851 -2.426328 -2.114480 1.036297 -0.678485 -1.860665 -2.140440 -1.044331 -0.535349 -0.783587 0.228485 -1.011747 1.050082 -0.222025 0.549665 -0.541472 1.351529 -0.290137 -0.485209 0.880918 0.112383 -0.520065 -0.010918 -0.056909 1.253101 -0.194552 -1.126202 0.781300 1.441161 1.275445 0.052475 2.047742
64 -0.032604 -0.968375 -0.210548 1.395408 0.178986 -0.047350 -0.168278 -2.241435 0.458514 -0.358225 0.722837 1.272548 2.025381 0.323915 0.254347 0.485371 -0.613506 0.141579 0.267952 0.042498 1.767331 1.171566 1.211427 -0.242694 0.202658 -0.999079 0.110857 -1.469408 2.223417 0.212467 1.836370 -1.194930 1.364236 0.445234 -0.245471 -0.765739 0.292353 -0.997408 1.076440 -0.057573 -0.467573 -0.537298 -0.250439 -0.278787 0.633738 1.075975 0.096646 1.111258 -0.170332 -0.347625
65 -0.555378 -1.323081 0.826299 -1.719237 -1.470178 1.332641 0.613002 0.880536 -1.343934 -0.800170 0.151604 1.076419 -0.123683 0.171246 1.507571 -0.939645 -0.038315 0.622753 -0.355071 1.374067 -1.056135 -0.709449 0.287278 1.462151 0.964168 1.127910 0.454840 -0.415683 0.846868 0.567556 -1.044819 0.948280 1.126257 0.732797 -0.112507 -1.437566 -0.942752 1.246274 0.212886 -1.065817 -1.616587 0.290429 -0.783276 -0.551857 -1.620229 -0.647647 0.142097 -0.293124 0.837807 -1.527011
66 -0.684952 -2.206145 0.980335 0.323735 1.117383 -0.853993 0.588451 -0.637279 -0.469048 -0.633301 0.001699 -0.789512 0.659462 -0.642715 -0.450850 0.674084 -0.768850 -1.384384 -0.741896 0.353009 0.698143 1.408366 -0.563634 0.262101 0.542221 0.567125 0.661523 0.646475 1.207014 1.442012 0.464195 0.003158 -0.009933 -0.057559 -1.588641 1.199174 0.386508 -1.508503 0.582908 -0.119119 0.420589 0.094361 -0.358142 0.854381 -0.469733 -0.043526 1.063263 1.623258 -0.174697 -1.050374
67 -0.953911 1.477645 0.159481 -1.124935 -1.618394 -0.163233 0.664183 0.318269 0.971404 0.673830 1.593786 -1.235479 1.496427 2.084411 -2.024760 0.361411 -1.210401 0.525416 1.554171 0.093856 0.479176 1.613836 -0.692662 -1.611690 -0.434746 0.534139 0.393112 1.290641 0.425812 0.156403 0.110463 -0.965104 0.038470 0.193772 -0.264547 0.888633 -0.131109 1.561357 0.165295 0.648696 -0.603552 -0.391770 -0.663556 -0.353890 0.722554 -0.890093 -0.912387 -0.874612 1.024377 -0.911751
68 -1.481312 -1.694982 1.340555 -1.092803 0.893106 -0.765973 -0.697325 -0.085063 -1.277517 -0.170864 -0.649594 2.010867 0.121644 -0.152799 -0.602294 0.725552 -0.457080 -0.915155 0.114662 -0.300300 -0.194808 0.782387 0.911579 0.846159 -0.135331 0.204894 0.268316 -1.356341 -0.491552 -0.996027 0.499889 -0.445881 0.025977 -0.977533 -1.784487 -0.025979 1.372616 0.330479 -0.278267 1.309146 -1.129384 0.579097 0.222147 -0.568703 -0.852032 -0.040996 0.360834 -0.023812 0.227821 0.725242
69 1.539769 0.789027 0.403687 -0.234437 1.058617 -0.886779 0.716872 -1.050336 -1.712767 0.530097 0.759567 -0.297153 0.215931 -1.354924 0.871174 0.954766 1.382798 -2.522825 -1.586396 -0.641202 0.505843 -1.036222 0.197932 0.277954 -1.026445 -1.307820 -1.196755 1.909882 1.187565 -1.221526 0.505814 -0.205210 0.605078 0.786426 -1.385443 -0.247230 -0.837948 0.898158 -1.201472 -0.104789 -0.795506 -0.015463 -0.153544 1.573500 -0.279407 -0.324242 1.182450 -2.119569 -0.158137 0.019123
70 -0.124421 0.461478 -1.030318 -1.664779 0.161596 -0.817402 -0.747091 0.945919 -1.058412 3.035050 1.505543 1.112869 -1.862052 0.092133 0.003935 0.152268 -1.106870 -1.143658 0.999627 -0.408523 -0.971703 -0.690372 -0.186099 -1.489831 0.658720 0.370257 -0.993472 -0.688150 -2.234834 1.023753 -0.379141 -0.244954 1.041730 0.859523 -0.072982 -0.305081 -2.698150 0.700194 0.693849 0.541169 0.292720 -1.138413 0.470691 -0.053719 -0.913343 -0.522632 -1.592054 -0.374848 -0.475917 -0.555051
71 -0.041794 -0.598675 -1.953167 1.277522 0.680675 2.564237 -2.009523 1.743924 -0.294211 -0.350148 0.782739 1.631403 -2.050230 -0.024613 0.177772 0.768979 0.554455 0.755994 0.227403 0.689591 -2.281190 -0.797295 -0.891388 0.602821 1.082653 -0.395283 -0.704332 0.631524 0.210129 -1.253818 -0.244255 -0.470114 0.474144 -0.922037 -0.390712 -0.137538 0.139697 -1.233319 -0.247432 1.308135 0.590831 0.443890 0.720313 -0.598442 1.808268 -1.499282 -0.738975 -1.755376 1.193362 -0.018327
72 0.423034 -1.731994 0.572371 -0.418818 -0.393675 -0.217924 -0.315121 0.554262 2.064377 0.596572 0.325103 -0.483045 0.313760 2.057747 0.703764 -0.055834 2.294455 -1.349840 1.925416 0.642489 1.162465 -0.870487 -0.895555 1.022430 0.468365 -1.409052 0.688254 -0.105716 0.646630 0.219580 -2.076838 -1.631010 0.728214 -2.163152 0.765469 -1.310228 -3.243926 2.392268 -0.523862 -0.014444 0.646574 0.190384 0.298346 -1.687758 0.264221 -1.794136 -1.179592 1.651170 -1.472762 -0.135251
73 0.073285 -0.702937 0.520793 0.070876 -1.169198 0.057131 -1.121624 0.760806 1.572154 -0.416234 0.361690 0.368885 1.136942 -0.557400 0.763439 -0.068654 -0.455662 0.397182 -0.307965 -0.544567 0.479715 1.136145 1.198481 0.059505 0.924323 -0.174799 -0.180182 0.585019 0.617784 1.125157 -0.480585 -0.299739 0.989439 0.739204 1.335120 -1.109457 -0.007793 -0.514685 0.726853 0.228532 -0.663605 -0.546802 -0.709950 0.743858 -1.443462 0.686034 0.165739 -0.993498 -0.633651 -2.189732
74 -0.029255 0.732419 -1.030305 -0.550967 0.934334 0.262770 -1.463218 1.768246 0.497017 -0.450787 0.561019 -0.336841 0.467618 -0.090963 0.556981 0.232343 0.969887 -0.209719 0.028583 -1.074183 2.180438 -0.789096 0.240622 0.305375 -0.981032 0.858573 0.499723 0.854102 -1.281312 0.356302 0.830813 -0.290027 0.462902 0.528978 -1.249465 -0.726734 0.686835 2.086993 1.081063 0.340123 -0.074520 -0.904408 1.203619 0.429380 0.163140 0.808072 0.411371 0.408668 -1.027539 -0.679528
75 -0.675066 -0.170678 1.062655 -0.666639 -0.196891 -0.112888 0.344596 1.277132 -1.584531 -0.572911 -0.037536 -1.116375 -2.276704 -0.425884 0.252645 -0.227663 -0.270385 0.600367 -1.373937 0.629004 -1.013764 0.200181 -0.278015 0.603607 -0.455480 1.096392 -0.537810 0.602152 -0.107448 -0.192940 -0.645184 -0.201196 -0.114816 -2.192547 0.085761 1.050448 0.553157 -0.018092 0.147608 0.622396 0.389615 -1.560754 1.811287 -0.543251 0.138155 -0.162616 -0.183774 0.126953 -0.064283 -0.165767
76 -0.342823 -0.099568 0.796974 0.621627 0.673137 -0.414307 0.814094 1.328584 -1.568437 0.967307 -0.606278 -1.793471 -0.591897 -1.355049 2.564308 2.200534 -0.199420 0.430903 0.301722 0.045771 -0.268720 0.928408 0.163209 -0.051854 -0.358805 1.643994 -2.111031 0.143830 3.020966 -0.971397 0.352198 -0.248747 -0.886600 0.184096 -0.398881 -0.824933 -0.590792 1.929951 0.245524 -1.139454 0.172574 0.591104 0.038472 2.303974 0.133201 0.271471 -0.090700 0.266722 0.593595 -0.812476
77 0.951779 -0.106064 -0.115310 1.690679 0.103548 -0.181881 -0.289275 -1.690788 -0.650173 0.431101 -0.646334 0.321327 -1.213098 -0.828713 -2.200922 0.350014 0.550990 1.175514 1.366788 1.722838 -0.272842 -0.652230 0.418116 0.287422 -0.753502 -0.902310 0.063540 0.882447 0.940217 0.061416 -0.376928 0.792257 0.277652 0.445987 -0.312919 0.724755 -0.802469 0.655802 1.963826 1.472878 0.688886 0.077027 0.005208 -0.998981 -0.349593 -0.019051 0.782025 -1.141425 1.216221 0.867066
78 0.703818 1.224647 0.904912 1.062369 -0.758093 0.519350 -0.938387 -1.282383 -1.229155 0.875428 -1.263705 0.576330 -1.314053 0.863661 -1.920177 -0.164632 0.363765 -2.760694 1.062818 -0.535754 0.116710 -0.382375 -0.758883 -0.683827 -0.861598 -0.524401 0.555704 0.045562 0.530083 -0.009195 -0.599789 0.014245 0.540033 -0.135325 0.304720 -0.492878 -0.117468 -0.178518 -0.352431 3.171900 -0.524514 -0.910525 -0.508222 0.598879 -1.612728 -1.389889 -0.542156 0.888135 -0.524307 0.352149
79 0.564349 0.045679 0.168451 -0.542429 0.705457 0.559113 -1.175115 0.260323 0.148406 2.014796 -0.003048 0.671005 1.571037 -0.381375 -0.447301 1.129105 0.468638 1.045353 -0.219677 -1.033617 1.673178 -0.401910 0.624046 0.132566 -0.191484 -2.786845 -0.750350 0.835986 0.656456 -1.082667 -0.068053 1.451228 -1.606010 -0.390585 -1.099185 0.417101 0.392184 1.993809 0.886539 -1.347728 -0.739810 -0.671723 0.412435 0.014670 -0.424543 -0.529924 -0.377402 0.225486 -1.439942 0.534169
80 1.310626 1.842042 -0.923834 -0.893700 0.056595 0.430869 -0.664672 0.026990 0.564502 1.582312 0.151241 0.288879 0.891870 0.457713 0.941545 0.827818 0.113256 0.113547 0.868993 0.851717 0.261224 0.980866 -0.685363 1.861739 -0.157157 0.732045 0.149184 0.428617 0.718719 3.568600 -0.867202 2.793686 -1.142844 -0.526630 -0.504110 1.205121 2.056765 -2.090157 0.485462 -0.736180 0.812700 -1.069929 0.906339 -0.461928 0.126347 0.670127 2.917556 -0.646825 0.857507 -0.450815
81 -2.937075 -0.979587 0.028090 -2.521959 1.439718 1.473290 0.316315 0.071767 1.345336 1.259316 -1.061257 1.225138 -0.046381 -0.693901 1.972727 -0.790816 -0.652510 0.144421 -0.480828 0.212990 0.414455 0.167969 0.844379 0.204100 0.446432 -1.692811 -0.915834 2.697471 -0.156115 1.377012 0.274996 0.707803 0.345967 1.067266 -0.264805 -0.934249 -0.248809 0.682431 -0.473047 -0.836815 -0.463144 2.322349 0.115411 0.242855 0.406806 0.071551 0.765420 0.954050 0.750645 0.073259
82 -1.284449 -0.569242 0.872614 0.637042 -0.004216 0.349952 1.547403 0.171562 0.664741 0.698048 1.193853 -1.804790 -3.387772 -2.195441 0.704612 -0.369616 -0.515914 -0.726952 0.715578 0.482789 -0.881569 1.515592 0.801714 -0.801511 1.715758 1.837132 -1.106111 -0.572765 2.535012 0.769320 1.367478 -1.083839 1.104883 -0.112213 -0.001067 -0.359626 0.267155 -1.527343 1.573402 1.827732 0.361611 -1.222217 0.804826 -0.055996 0.001184 0.114063 0.405287 -0.929219 -0.740525 0.718227
83 1.683164 1.847272 -0.191036 -0.597514 0.668486 0.222792 -0.221411 -2.077714 -0.516954 0.077031 -0.896349 -1.067053 -0.516542 -0.820539 0.041000 0.173346 -1.382868 -1.783093 1.172499 -0.147404 -1.293895 1.289655 0.895279 0.623649 -0.124569 -0.349026 1.383452 0.558262 0.646205 -0.582909 0.423929 0.854169 1.329447 0.642917 -0.085195 3.165283 -0.647557 2.896906 -0.164482 1.040492 1.120086 -0.289339 0.534727 -1.594336 0.356132 -0.105292 0.680478 0.403139 -0.133296 -0.957651
84 0.840689 0.716151 -0.416475 -0.535914 -1.114664 -0.274374 2.150808 0.355911 -0.801058 0.444964 -2.367543 0.553293 -0.249206 0.236047 -0.071979 -0.370611 -0.973298 -0.040867 0.292161 0.046252 -0.824350 -0.786336 0.348691 -0.974047 -1.294528 1.040141 -1.281105 0.402063 0.251214 -0.593661 1.256757 -0.503797 -1.075198 0.296214 0.113502 0.725642 -1.007830 0.267665 -0.049906 -1.601968 -0.820128 0.238667 0.250346 1.558932 -1.471877 0.034407 1.292208 1.897639 -0.087352 0.729246
85 -0.374592 1.048967 1.110856 0.083961 1.429027 0.341388 0.043448 2.987893 0.697530 -0.711644 0.716350 -1.741011 0.731215 -0.642896 -0.417726 -0.161869 -0.621871 0.423767 1.101242 0.850205 -0.164348 0.360545 -0.253915 -2.197148 0.037785 1.743180 -1.092654 1.692951 0.630520 -0.427568 1.179194 -0.650268 1.637336 -0.613804 -0.259903 -1.265183 1.410164 1.307167 0.291770 1.307981 -0.410813 -1.231268 -0.408413 -2.465075 1.653817 0.326486 0.297356 -1.848912 0.397791 -0.924383
86 -0.575523 -0.758282 0.081294 -0.525219 0.753357 -0.339871 -1.458481 1.676905 0.068463 -1.590462 0.232642 -0.042339 -0.410113 2.498870 -0.830286 -3.202662 0.150767 -1.244002 -0.973866 -1.827043 1.955884 0.598806 -1.285491 0.946700 -0.869340 -0.794486 -0.136273 -0.268743 -0.762643 0.143321 0.925318 -0.763392 0.243083 -2.022894 -0.444936 0.418893 -1.462674 0.914439 -0.342590 0.732304 -0.273008 0.150995 -0.409809 1.344708 1.856653 1.286157 0.277297 -0.027837 1.371746 0.510799
87 -0.051405 -0.583551 -0.369451 0.147093 0.821078 -1.865188 -0.499772 1.052288 -2.020944 -1.126727 0.748329 0.368296 -0.415600 0.816454 -1.609113 0.281405 1.789558 -0.694188 -1.602806 0.324545 -0.515960 0.667469 -0.674196 -1.376846 -1.148075 -0.706739 0.062730 1.123655 1.897081 -0.018096 -0.114046 -1.311568 0.175876 1.278385 0.052871 2.407761 -1.275682 -0.106877 0.033383 -0.770703 1.519940 -1.418661 0.454605 0.158622 0.250147 -1.373224 -0.575742 0.260395 2.401515 -0.996308
88 -1.198878 2.922668 -0.436174 2.777802 -3.530497 0.481385 -0.557767 -0.335025 -0.654340 0.670159 -0.010931 0.153888 -1.123174 -1.228266 0.371993 0.282892 1.526600 0.848486 -1.432957 -1.920624 -0.795123 -0.501183 -1.934943 -0.529355 -0.412941 0.955385 -0.511386 0.648689 -0.545211 0.565287 1.081952 2.791784 0.945355 0.434535 1.153483 1.406003 1.503480 0.287407 0.455190 0.122146 -0.009142 -0.339333 0.990477 0.329817 -1.078168 -0.383260 2.592874 0.159665 0.142206 -1.001877
89 1.056395 3.443756 -0.708318 1.647003 1.879080 -2.344388 1.715781 0.414762 -0.527307 -0.172545 -2.497646 1.872835 -0.084575 -0.633986 0.037801 1.936860 0.187234 -0.119439 0.499315 0.032493 0.756570 -0.591486 -0.607117 0.700863 0.397215 -1.166213 -1.766435 -0.770175 0.248497 3.087011 -0.610358 3.132353 -1.691973 1.544648 0.599983 1.798539 5.468352 0.293598 0.311985 -0.708936 0.968443 -1.327575 1.306931 -0.377217 1.207585 -1.688191 0.658085 -2.697285 -0.525368 -0.785404
90 -0.289739 2.258922 0.188351 0.368207 0.079742 0.700832 -1.682015 -0.718440 -0.359135 1.487747 -0.363812 0.678330 -0.005782 0.321275 -0.963746 -0.051450 1.432306 -0.962987 -0.318138 0.373497 0.664606 -0.639747 -0.313642 -0.578289 0.562070 0.381391 -0.444686 0.071794 -0.883128 3.780514 -1.373630 3.471162 -0.309199 0.991646 0.297994 0.119755 2.713394 -0.797736 -1.010182 2.181645 0.830403 0.252901 0.368479 -0.888917 -0.179955 -2.215358 2.325493 0.426916 0.906884 0.672305
91 0.948505 -1.268022 -0.191894 0.256136 -0.366768 0.338563 -0.724624 -0.928824 0.397504 0.994848 -0.259527 -0.899533 -0.709548 1.017830 -0.674235 1.349831 2.033275 -1.197922 -1.964241 -1.130744 -0.833903 0.405009 1.429727 1.845288 -2.255085 0.463983 0.006358 -0.656134 1.645955 0.136400 0.487500 0.929205 1.419652 0.263535 1.026574 -0.449870 0.340872 -0.560187 0.114142 -0.134104 0.860386 -1.853673 -0.160665 0.454733 1.239168 -0.133492 -0.099307 0.823690 1.067057 -0.471136
92 0.253002 -1.285530 1.677967 -0.463865 -1.718523 0.142503 2.024205 -0.196464 0.861697 -1.143147 1.446033 -0.196143 -1.264575 2.291501 -0.038562 -0.307769 0.521620 0.307824 -0.074204 0.207401 1.158344 0.679638 -1.974153 0.452892 -0.960610 0.208083 0.650868 0.757559 0.750471 0.624138 -1.113951 -0.156807 1.204087 -0.738029 -0.738363 1.328171 0.518562 1.452659 1.212181 0.075637 1.427479 1.216028 0.467512 1.723818 0.259589 0.328008 0.030407 -0.109705 -0.943466 0.950903
93 1.131880 -0.214758 2.509004 0.018412 -1.085134 0.748790 -3.172728 0.927908 0.933485 2.430283 -1.010502 -0.102429 -1.378212 -0.835550 -1.302194 0.256727 -1.219021 0.546269 -1.271109 -1.075350 1.780219 0.348084 2.113332 0.835439 -0.779577 -0.827297 -0.406569 -0.967663 -1.515802 -0.775457 0.597888 -0.091588 0.728209 0.304739 -1.394608 -0.752644 0.824520 -0.541618 0.232814 1.256430 2.612263 0.266110 1.327530 -1.033619 0.469102 0.375255 -0.130727 -0.036880 0.087210 -0.122938
94 0.666994 0.019941 0.073026 -0.721311 0.373690 -1.322842 -0.473851 -0.573937 -0.451844 2.093409 0.257605 0.084519 1.514144 1.571714 -0.048653 -0.090771 -1.424601 -0.210786 -0.944457 -0.526278 1.142317 0.511300 0.384677 0.603405 -0.862622 -0.477543 -0.153759 -0.211700 1.061886 -0.095035 2.294806 0.961384 -0.928111 -0.253356 1.241137 1.022557 0.088284 -0.292760 -0.687486 -1.445068 0.499095 -1.420678 -1.923146 -0.420253 -0.378999 -0.901291 -0.072758 0.249696 0.144140 1.175931
95 0.299986 -0.935501 1.741153 -1.728042 0.170006 0.489396 0.784230 0.142339 -0.287387 -1.945830 -1.709218 -1.259293 0.978843 1.561303 1.439074 -0.268519 0.209801 1.202231 -0.553791 -0.032074 0.409182 -0.824187 1.188926 -0.690558 1.376217 -0.203209 -1.128734 2.081131 0.179569 -0.134889 -0.869552 -0.314102 0.730190 0.144382 -0.625234 -0.425866 -0.607307 -0.260729 -0.336672 -0.965793 0.556901 0.183278 -0.191510 -0.629008 -1.748633 -0.898697 -2.569508 -0.705629 -1.058979 0.495028
96 1.313987 -0.820584 1.162429 0.518799 -1.351816 1.809484 0.935648 0.444310 0.794197 0.544644 0.849833 0.148723 1.066311 0.496884 -0.006243 -0.971660 -0.455961 0.498966 1.580545 -0.348373 0.532508 0.772429 3.033940 -0.800502 -0.453134 1.297939 1.046052 -0.000755 -1.173387 -1.209606 -0.265506 0.024377 1.357042 0.569888 -1.392238 1.592039 1.729914 -0.572994 -0.599162 -1.026945 0.922730 1.159045 -1.206965 -0.330797 1.136945 -1.553348 1.521966 0.590525 0.542706 0.443197
97 -0.822593 3.212609 0.992469 1.311563 0.711985 -0.264905 -0.515262 0.489907 -1.121981 0.069654 -1.659573 -0.738481 0.993025 1.162987 0.228847 1.132134 0.187926 -0.113035 -0.090552 -0.470910 1.353177 0.423724 0.340770 -1.472230 -0.145062 0.022423 -0.539641 0.082910 -0.572089 2.985280 -0.342735 3.387182 -0.598546 -2.099341 0.680211 -0.703779 4.519933 -0.261651 -0.469132 -0.679683 1.953301 0.627503 -0.752095 0.486779 0.123690 0.521176 4.396458 -1.089758 -0.852694 1.938653
98 1.113515 1.692689 -0.359934 0.108084 0.030351 -1.317469 -1.172681 -1.000541 1.032850 0.864326 1.472021 1.155184 0.245904 -2.878393 -0.786916 2.219939 1.186645 -0.319792 0.397896 1.005038 0.620491 1.650434 -0.023175 0.231148 1.971922 0.007254 -0.574425 1.581753 -0.324100 3.174145 0.108260 2.077294 1.299849 -0.134440 0.739256 0.986910 2.965014 -0.600991 0.068388 1.676900 1.160264 0.485530 -0.412178 1.005376 0.022310 0.545316 2.023269 0.863446 0.816531 0.396530
99 1.884511 2.873685 -0.521031 0.036344 0.699774 -0.472560 -0.866194 1.703558 -1.756757 -1.289880 0.267657 0.801035 -0.378402 -0.788471 1.514524 -1.048574 -0.066662 -0.019187 0.427552 1.043331 0.016365 -0.717342 1.134742 0.499450 -0.336405 -0.671955 0.774813 0.640734 -1.795024 3.213126 0.432754 1.193147 -1.737467 1.289275 1.378803 -0.863665 2.783070 0.090393 1.228533 0.037389 -0.152730 -0.986550 -0.197428 -0.164541 1.231152 -0.941047 4.342785 1.512336 -0.083141 -0.153026
END
#################################################################
SECTION3 (Edges Information)
EndPoint0 EndPoint1 Weight
0 1 1.000000
0 9 1.000000
0 10 1.000000
0 90 1.000000
1 0 1.000000
1 2 1.000000
1 11 1.000000
1 91 1.000000
2 1 1.000000
2 3 1.000000
2 12 1.000000
2 92 1.000000
3 2 1.000000
3 4 1.000000
3 13 1.000000
3 93 1.000000
4 3 1.000000
4 5 1.000000
4 14 1.000000
4 94 1.000000
5 4 1.000000
5 6 1.000000
5 15 1.000000
5 95 1.000000
6 5 1.000000
6 7 1.000000
6 16 1.000000
6 96 1.000000
7 6 1.000000
7 8 1.000000
7 17 1.000000
7 97 1.000000
8 7 1.000000
8 9 1.000000
8 18 1.000000
8 98 1.000000
9 0 1.000000
9 8 1.000000
9 19 1.000000
9 99 1.000000
10 0 1.000000
10 11 1.000000
10 19 1.000000
10 20 1.000000
11 1 1.000000
11 10 1.000000
11 12 1.000000
11 21 1.000000
12 2 1.000000
12 11 1.000000
12 13 1.000000
12 22 1.000000
13 3 1.000000
13 12 1.000000
13 14 1.000000
13 23 1.000000
14 4 1.000000
14 13 1.000000
14 15 1.000000
14 24 1.000000
15 5 1.000000
15 14 1.000000
15 16 1.000000
15 25 1.000000
16 6 1.000000
16 15 1.000000
16 17 1.000000
16 26 1.000000
17 7 1.000000
17 16 1.000000
17 18 1.000000
17 27 1.000000
18 8 1.000000
18 17 1.000000
18 19 1.000000
18 28 1.000000
19 9 1.000000
19 10 1.000000
19 18 1.000000
19 29 1.000000
20 10 1.000000
20 21 1.000000
20 29 1.000000
20 30 1.000000
21 11 1.000000
21 20 1.000000
21 22 1.000000
21 31 1.000000
22 12 1.000000
22 21 1.000000
22 23 1.000000
22 32 1.000000
23 13 1.000000
23 22 1.000000
23 24 1.000000
23 33 1.000000
24 14 1.000000
24 23 1.000000
24 25 1.000000
24 34 1.000000
25 15 1.000000
25 24 1.000000
25 26 1.000000
25 35 1.000000
26 16 1.000000
26 25 1.000000
26 27 1.000000
26 36 1.000000
27 17 1.000000
27 26 1.000000
27 28 1.000000
27 37 1.000000
28 18 1.000000
28 27 1.000000
28 29 1.000000
28 38 1.000000
29 19 1.000000
29 20 1.000000
29 28 1.000000
29 39 1.000000
30 20 1.000000
30 31 1.000000
30 39 1.000000
30 40 1.000000
31 21 1.000000
31 30 1.000000
31 32 1.000000
31 41 1.000000
32 22 1.000000
32 31 1.000000
32 33 1.000000
32 42 1.000000
33 23 1.000000
33 32 1.000000
33 34 1.000000
33 43 1.000000
34 24 1.000000
34 33 1.000000
34 35 1.000000
34 44 1.000000
35 25 1.000000
35 34 1.000000
35 36 1.000000
35 45 1.000000
36 26 1.000000
36 35 1.000000
36 37 1.000000
36 46 1.000000
37 27 1.000000
37 36 1.000000
37 38 1.000000
37 47 1.000000
38 28 1.000000
38 37 1.000000
38 39 1.000000
38 48 1.000000
39 29 1.000000
39 30 1.000000
39 38 1.000000
39 49 1.000000
40 30 1.000000
40 41 1.000000
40 49 1.000000
40 50 1.000000
41 31 1.000000
41 40 1.000000
41 42 1.000000
41 51 1.000000
42 32 1.000000
42 41 1.000000
42 43 1.000000
42 52 1.000000
43 33 1.000000
43 42 1.000000
43 44 1.000000
43 53 1.000000
44 34 1.000000
44 43 1.000000
44 45 1.000000
44 54 1.000000
45 35 1.000000
45 44 1.000000
45 46 1.000000
45 55 1.000000
46 36 1.000000
46 45 1.000000
46 47 1.000000
46 56 1.000000
47 37 1.000000
47 46 1.000000
47 48 1.000000
47 57 1.000000
48 38 1.000000
48 47 1.000000
48 49 1.000000
48 58 1.000000
49 39 1.000000
49 40 1.000000
49 48 1.000000
49 59 1.000000
50 40 1.000000
50 51 1.000000
50 59 1.000000
50 60 1.000000
51 41 1.000000
51 50 1.000000
51 52 1.000000
51 61 1.000000
52 42 1.000000
52 51 1.000000
52 53 1.000000
52 62 1.000000
53 43 1.000000
53 52 1.000000
53 54 1.000000
53 63 1.000000
54 44 1.000000
54 53 1.000000
54 55 1.000000
54 64 1.000000
55 45 1.000000
55 54 1.000000
55 56 1.000000
55 65 1.000000
56 46 1.000000
56 55 1.000000
56 57 1.000000
56 66 1.000000
57 47 1.000000
57 56 1.000000
57 58 1.000000
57 67 1.000000
58 48 1.000000
58 57 1.000000
58 59 1.000000
58 68 1.000000
59 49 1.000000
59 50 1.000000
59 58 1.000000
59 69 1.000000
60 50 1.000000
60 61 1.000000
60 69 1.000000
60 70 1.000000
61 51 1.000000
61 60 1.000000
61 62 1.000000
61 71 1.000000
62 52 1.000000
62 61 1.000000
62 63 1.000000
62 72 1.000000
63 53 1.000000
63 62 1.000000
63 64 1.000000
63 73 1.000000
64 54 1.000000
64 63 1.000000
64 65 1.000000
64 74 1.000000
65 55 1.000000
65 64 1.000000
65 66 1.000000
65 75 1.000000
66 56 1.000000
66 65 1.000000
66 67 1.000000
66 76 1.000000
67 57 1.000000
67 66 1.000000
67 68 1.000000
67 77 1.000000
68 58 1.000000
68 67 1.000000
68 69 1.000000
68 78 1.000000
69 59 1.000000
69 60 1.000000
69 68 1.000000
69 79 1.000000
70 60 1.000000
70 71 1.000000
70 79 1.000000
70 80 1.000000
71 61 1.000000
71 70 1.000000
71 72 1.000000
71 81 1.000000
72 62 1.000000
72 71 1.000000
72 73 1.000000
72 82 1.000000
73 63 1.000000
73 72 1.000000
73 74 1.000000
73 83 1.000000
74 64 1.000000
74 73 1.000000
74 75 1.000000
74 84 1.000000
75 65 1.000000
75 74 1.000000
75 76 1.000000
75 85 1.000000
76 66 1.000000
76 75 1.000000
76 77 1.000000
76 86 1.000000
77 67 1.000000
77 76 1.000000
77 78 1.000000
77 87 1.000000
78 68 1.000000
78 77 1.000000
78 79 1.000000
78 88 1.000000
79 69 1.000000
79 70 1.000000
79 78 1.000000
79 89 1.000000
80 70 1.000000
80 81 1.000000
80 89 1.000000
80 90 1.000000
81 71 1.000000
81 80 1.000000
81 82 1.000000
81 91 1.000000
82 72 1.000000
82 81 1.000000
82 83 1.000000
82 92 1.000000
83 73 1.000000
83 82 1.000000
83 84 1.000000
83 93 1.000000
84 74 1.000000
84 83 1.000000
84 85 1.000000
84 94 1.000000
85 75 1.000000
85 84 1.000000
85 86 1.000000
85 95 1.000000
86 76 1.000000
86 85 1.000000
86 87 1.000000
86 96 1.000000
87 77 1.000000
87 86 1.000000
87 88 1.000000
87 97 1.000000
88 78 1.000000
88 87 1.000000
88 89 1.000000
88 98 1.000000
89 79 1.000000
89 80 1.000000
89 88 1.000000
89 99 1.000000
90 0 1.000000
90 80 1.000000
90 91 1.000000
90 99 1.000000
91 1 1.000000
91 81 1.000000
91 90 1.000000
91 92 1.000000
92 2 1.000000
92 82 1.000000
92 91 1.000000
92 93 1.000000
93 3 1.000000
93 83 1.000000
93 92 1.000000
93 94 1.000000
94 4 1.000000
94 84 1.000000
94 93 1.000000
94 95 1.000000
95 5 1.000000
95 85 1.000000
95 94 1.000000
95 96 1.000000
96 6 1.000000
96 86 1.000000
96 95 1.000000
96 97 1.000000
97 7 1.000000
97 87 1.000000
97 96 1.000000
97 98 1.000000
98 8 1.000000
98 88 1.000000
98 97 1.000000
98 99 1.000000
99 9 1.000000
99 89 1.000000
99 90 1.000000
99 98 1.000000
END
#################################################################
SECTION4 (TrueSubGraph Information)
EndPoint0 EndPoint1 Weight
7 97 1.0
97 98 1.0
98 88 1.0
88 89 1.0
89 99 1.0
89 80 1.0
80 90 1.0
90 99 1.0
99 9 1.0
9 19 1.0
END
#################################################################
SECTION5 (Labels Information)
0 1 0 0 0 0 0 0 0 0 0 0 0 0 0 0 0 0 0 0 0 0 0 0 0 0 0 0 0 1 0 1 0 0 0 0 1 0 0 0 0 0 0 0 0 0 1 0 0 0 
END
#################################################################
SECTION6 (bt Information)
-5 5 -5 -5 -5 -5 -5 -5 -5 -5 -5 -5 -5 -5 -5 -5 -5 -5 -5 -5 -5 -5 -5 -5 -5 -5 -5 -5 -5 5 -5 5 -5 -5 -5 -5 5 -5 -5 -5 -5 -5 -5 -5 -5 -5 5 -5 -5 -5 
END
#################################################################
