#################################################################
#APDM Input Graph, this input graph includes 3 sections:
#section1 : general information
#section2 : nodes
#section3 : edges
#section4 : trueSubGraph (Optional)
#
#if nodes haven't information set weight to null
#################################################################
SECTION1 (General Information)
numNodes = 100
numEdges = 200
usedAlgorithm = NULL
dataSource = SimulationData2
END
#################################################################
SECTION2 (Nodes Information)
NodeID Base Counts
0 0.423281 0.280418 0.069169 1.161487 -0.821870 0.699768 0.221666 -1.161171 1.828268 0.810730 0.506136 0.567410 -1.330183 0.170347 -0.650490 -1.194394 -0.382033 0.314304 -2.467537 -1.383138 -0.111975 -0.932393 0.699381 1.635215 -2.418008 1.923459 -0.501314 0.274502 0.084028 0.975297 2.220008 -0.134090 0.336308 1.399428 0.763045 -1.429335 1.343643 0.160341 -0.410286 0.809536 -0.204890 -1.140119 -0.355666 0.530282 0.181405 0.243735 -1.636509 -0.205370 -0.676101 0.267166
1 -0.572521 -0.964269 1.090073 -0.185386 -1.047709 0.643421 -0.220452 -1.295191 0.078101 0.923673 0.594746 -0.128542 0.450047 0.368750 0.444408 1.398859 0.494390 0.281981 0.626379 -0.734131 0.772420 -0.275669 1.206058 -1.685904 -0.134351 0.828355 0.300096 1.391377 1.052750 -0.294220 -0.658955 1.417066 -1.119441 0.885113 1.338109 1.644383 0.455499 -1.289484 -0.502590 0.382823 -0.635763 1.515995 0.484299 1.447721 0.010961 -2.121947 0.238375 1.383426 -1.308605 -0.535995
2 -0.924418 0.545543 0.610388 -0.877482 1.960414 -1.208283 1.124878 -0.650321 -0.674880 0.016376 0.354858 -1.319360 0.169118 0.382531 -1.890566 -0.174848 -0.628153 0.510758 -0.864200 -1.393298 0.685763 0.366552 0.930418 -1.002670 -0.774995 -0.985254 1.264395 -0.246538 0.339335 -1.637745 0.362622 0.699841 -0.842282 -1.441381 -1.366067 -0.345314 -0.338554 0.791579 0.520280 -0.444903 0.406532 -0.906069 -0.100409 -0.043760 0.494791 0.307366 -0.894747 -1.194230 0.093296 1.188001
3 -0.705403 -1.468082 1.474953 0.789909 0.460460 0.039790 0.084700 -0.366401 -0.153363 -0.210635 1.771807 0.670011 -0.298816 0.590934 -0.345551 0.083780 -1.291037 0.105746 -0.280495 1.317841 0.905035 0.298685 0.474403 -0.086868 -0.483703 0.088832 -0.791575 0.896774 0.778955 1.523813 0.997380 0.234581 0.824741 0.544617 -0.387303 0.394644 -0.318929 -0.084137 -0.528374 -1.204593 0.238023 0.500487 -0.213863 0.612697 -0.997648 1.303996 -0.060652 2.455097 -1.808992 -0.140559
4 -0.370958 -0.234938 -0.381333 0.620980 -2.181070 1.079316 -0.821921 -1.222315 -1.090893 0.133045 0.703586 -0.633284 -0.553893 0.391649 -1.068844 -1.387579 1.067754 -0.306599 -1.583453 -1.221658 -0.845260 -0.601396 0.657624 -0.545724 -0.886967 0.891039 -0.219955 0.451522 -1.270374 -1.246175 0.938618 -0.593286 1.218840 0.917785 0.990069 3.076188 -0.939462 -0.215673 -0.983376 -0.465846 1.133661 0.405757 -0.443563 0.706854 -0.005469 0.522122 -0.157699 1.305300 0.569152 -0.646114
5 -0.141392 -1.264453 1.170125 -0.659090 0.404579 -1.401480 0.631071 -0.612968 -0.465063 -1.085330 -2.095659 -1.168430 -0.807840 -0.467632 -0.482488 1.416468 -1.183090 -0.034997 -0.331729 0.214740 0.033119 0.087501 0.744726 -0.052719 -0.121243 -1.167374 2.089341 0.118261 -0.588203 1.561596 -0.351607 0.166821 0.400846 1.465148 1.133628 2.635733 -0.978264 0.900095 0.688044 -1.389300 -0.191318 1.089130 1.950342 -1.821629 -0.477341 0.669354 0.077907 -0.540070 -0.231225 -0.260659
6 -0.304479 0.961405 -1.354548 1.057119 1.581285 -0.003047 1.534133 0.490199 -1.232927 1.609647 1.424547 -0.108708 0.372256 -1.004250 0.694497 0.444635 0.285668 0.108757 -0.595450 -0.071956 -0.885446 0.298532 0.180581 0.394320 -0.041503 0.373069 -1.183638 0.970855 -0.557726 0.176904 -0.599023 0.086267 1.502512 -0.214637 1.265275 -1.797145 -0.841998 -1.126725 -0.446698 -0.717239 -0.534876 1.331118 0.107897 -2.717790 0.567944 1.822574 -1.285927 -0.016464 -0.820258 0.287832
7 0.372133 -0.465747 -0.028435 1.235625 3.459896 0.219869 0.462191 -0.892423 -0.571495 1.705306 -0.693852 -0.810892 -0.489099 1.101580 0.147897 0.677341 0.032823 0.093674 0.335802 -1.620521 -2.281948 0.759543 -0.301727 -0.967459 -0.622749 2.653397 2.136218 0.848398 -0.075849 -0.147076 -1.520091 0.163510 -0.577031 -0.983621 -0.480896 0.226007 0.968267 -0.264459 -0.027013 0.245885 -0.940643 0.072835 -1.261181 1.944696 0.788983 -0.860749 -0.191964 -0.324924 2.337852 0.829402
8 0.967535 2.792428 2.132915 2.853086 3.894155 3.654015 1.179571 3.461115 3.691405 3.110131 3.019922 3.600085 -0.893750 -0.639519 2.141736 3.811173 0.560871 4.165704 4.673492 2.060310 0.959660 4.346926 2.869966 -0.743105 2.850245 2.385735 0.251739 2.426213 3.524698 3.234817 4.229692 0.340994 3.970063 1.901792 5.175262 2.344124 2.774906 0.092023 2.438949 2.078961 -0.765281 4.187166 1.995143 3.236333 3.212092 1.259865 2.378783 2.230935 3.286640 3.654714
9 0.420659 1.739403 3.846191 2.562663 2.016057 2.273645 1.212860 2.601638 3.309916 3.803886 2.910453 4.042534 1.323557 -1.442316 2.280384 2.795547 -1.083064 1.112305 1.759739 2.798139 3.257394 1.862958 1.276205 0.662147 1.184521 3.904217 0.937277 3.349296 2.294241 3.283390 2.933299 -0.447599 5.138663 3.328105 2.145046 2.946653 0.876662 -0.544025 2.145949 2.763481 0.845445 1.148747 3.396750 2.560696 5.829814 -2.504819 2.936691 3.451800 3.021763 3.689977
10 -0.803883 -0.748610 -1.461751 -0.084334 0.169601 -1.559783 0.788843 -0.770251 0.467866 -0.425989 0.764064 1.041698 -0.613914 0.451600 1.119289 0.874312 0.474730 -0.870560 -1.506973 -0.863577 -0.390740 -0.982818 -0.083113 -1.763473 -0.030640 -0.484086 0.225499 -0.009581 0.716452 -1.174990 -0.794391 -0.866685 2.739542 -1.603922 -0.549597 0.564584 0.090239 0.407877 -1.055218 0.842089 -1.962991 0.409216 -0.088942 0.616395 1.704759 -0.486306 -0.307572 -0.088381 0.111979 0.038425
11 -1.136566 -1.423237 0.399436 0.146048 0.302056 -0.002980 -0.292120 -0.918329 -3.021934 1.277121 0.197971 1.839485 1.976625 -0.646664 0.800354 -2.134308 -0.337422 -0.448923 -1.034225 0.162106 0.514021 -0.881961 -1.836682 2.357305 -0.042102 -1.127107 0.052429 0.073609 -0.490206 -1.563218 -0.127877 0.590164 0.277470 -1.647600 0.050426 -0.285188 -0.540383 0.883860 0.546861 0.237982 0.820967 0.467627 0.272800 -1.359807 -0.083973 -0.466697 -0.502265 -1.231900 -0.429042 1.130952
12 -1.301578 0.723475 -1.348477 1.256595 0.480662 -0.051228 -0.054030 0.513222 0.485651 0.318466 0.415855 -1.218514 1.660901 -1.478329 -0.615249 2.010240 1.278009 -0.223275 0.900403 1.065878 -0.216219 0.047950 0.641409 -1.128622 0.521074 0.518984 0.522482 0.804687 0.285093 -1.932977 -0.970189 -0.346723 -1.568642 0.011153 -0.333052 -0.217907 -0.498641 -0.117510 -1.246175 0.461898 -0.186874 -1.670817 1.804609 1.388249 -0.811057 -0.365944 0.196764 0.825995 -2.077011 0.708390
13 -0.871984 -1.282446 -0.738222 0.482399 0.220125 0.757392 1.073595 -0.087195 -0.256930 1.482509 -1.297835 -1.800359 1.703650 -0.481077 1.105084 0.185695 0.012584 0.242398 -0.340835 0.493258 -0.462365 0.033406 -0.069917 -0.177571 -0.112540 0.381234 1.455094 -0.564115 -0.510308 0.470966 -1.237893 0.356222 -1.793205 0.715461 -0.577800 0.227019 -0.213083 1.112191 -0.396068 -1.012238 1.233228 1.623639 -1.107356 -0.460512 -0.484960 0.415679 -0.045200 -0.338716 -1.545526 -1.060730
14 1.303801 -0.630310 -0.727120 -0.073313 0.746469 0.569227 -0.151449 -0.305763 -0.217540 1.193427 -0.859853 -0.539038 -0.408327 1.454955 -0.907108 -0.110546 0.007010 1.878274 0.539469 0.784778 0.443081 1.405416 -0.436120 0.677490 0.008802 0.414094 0.354810 1.826876 -0.450477 -0.470348 -0.848709 -0.451791 0.150757 -0.262727 -0.129928 1.288047 0.312861 0.423319 -0.855224 -1.798242 -0.275625 0.743589 -1.544153 -1.500833 1.516888 -0.833552 1.275358 -0.342382 1.427811 0.636814
15 1.226149 -1.041989 0.396695 1.535648 1.227133 -1.134773 0.857304 0.729650 0.220002 0.593155 -0.326566 -0.539079 -1.524403 0.876565 -0.081511 0.463655 1.009685 -0.602680 -1.564561 1.388830 -0.004551 1.250156 -1.297576 -2.667413 -0.988017 1.547031 0.281135 0.733672 -1.158954 -0.457677 0.202848 0.006154 1.032652 -0.115134 1.853901 2.569696 1.445820 -0.340568 -0.581065 -0.959113 1.754770 -0.852467 -1.213105 0.448201 -0.289030 -0.425429 -0.416847 0.866190 1.085361 -0.093831
16 0.099908 -1.043021 0.614898 -1.156814 1.015345 -0.628966 -0.849276 0.426080 -2.046523 0.054077 -1.987648 1.260901 2.279922 0.000254 -0.913715 2.466501 -2.209853 -1.919916 -0.400298 0.137082 -0.350140 0.490569 0.254039 -0.582648 -1.028695 -0.514580 -0.228149 1.034806 -0.421300 -0.439602 -0.421466 0.913077 -0.354009 -1.280335 1.184707 1.259973 1.492913 -1.633028 1.416512 1.079315 0.812540 -1.125021 -0.617186 0.855353 -1.328825 -0.672113 0.608782 0.429958 -1.130087 -0.978451
17 0.362392 0.021240 0.783461 1.372248 -1.063007 0.228133 0.699427 -0.341124 -0.529120 0.336278 -0.637591 -0.198723 -1.040056 1.038757 0.448299 -1.209993 -0.918456 1.522726 -0.417435 0.133001 0.452616 0.919202 -3.440525 1.370398 -1.209609 -0.560822 -2.322011 0.264023 -0.541754 -1.712980 -1.538448 1.117871 1.191456 0.267968 0.129985 0.221330 -1.011931 -0.020826 0.809696 -0.123234 0.512140 -2.869674 -1.883208 -1.071501 -0.225394 0.158407 -0.588800 -1.210330 0.034591 0.206171
18 -1.162495 0.012012 -0.401420 0.606510 0.674550 1.639538 -0.745568 1.217708 -1.846554 0.733814 2.096455 0.002703 -0.978005 0.534300 -0.856864 -0.340556 -1.248662 -0.102664 0.243649 1.637104 0.472927 0.857521 -0.240131 1.236079 -0.207868 -0.653266 -1.514760 -1.105787 -0.037668 -0.939526 0.108207 -0.737031 -0.064074 -0.271756 -0.261367 1.317217 1.148079 0.316141 -0.608518 1.259056 1.215061 0.736837 0.436421 1.620614 -0.408205 0.625542 -0.089990 -0.802150 0.761232 0.971407
19 0.553161 2.983443 1.218554 3.482400 3.163788 3.451935 4.296499 2.314852 3.661251 4.310766 1.429403 2.992400 1.296749 2.606829 0.592059 2.170679 -1.121615 3.019658 2.106146 1.685190 3.046832 1.964739 2.673417 -1.489664 3.161149 2.242116 -1.565906 4.009843 2.921929 2.443675 3.679343 -0.412844 2.473456 2.195120 0.891696 2.824306 3.007681 1.002374 2.112961 2.556639 -1.218862 2.598087 3.718771 2.911473 1.353996 -0.487558 1.405543 2.847378 3.420002 2.328598
20 -0.799017 0.080045 0.292880 -0.098519 0.045878 -0.435186 -1.557762 -0.084014 1.596714 0.926039 1.647954 -0.204922 -0.651263 0.871173 0.448324 1.604980 -0.408366 -1.220442 -1.523695 0.452012 0.541481 -0.285007 -1.186049 0.708597 0.796742 -0.197087 -1.251705 -0.366073 -1.406978 0.037174 -0.330419 0.619924 -1.877840 2.549666 1.600661 0.151067 -1.269967 -0.009732 -1.941353 1.433876 -0.381384 -0.834074 0.663241 0.175642 -1.130018 -0.918024 0.363409 -0.506052 -1.289832 0.103521
21 -0.617407 1.068113 -0.236907 0.081965 0.202120 -0.230068 -0.555017 -0.393786 0.476598 -0.653935 0.244347 1.604740 -0.392643 -1.355208 0.690330 2.102875 0.132783 -0.611325 0.251067 1.506781 -0.731154 0.298989 0.469260 -1.034562 0.811580 -1.819302 -0.664867 -1.133923 -0.104221 -1.064919 -0.285636 0.616380 2.254550 0.712150 -0.563532 1.125992 -0.943532 -0.398565 -0.660020 0.278896 -0.509802 -1.036713 -0.776485 0.690127 -0.040004 -0.426553 2.556527 -0.315724 -0.030277 -0.937491
22 -0.434048 -3.341835 -1.454107 0.095121 -0.730332 -0.679659 0.458656 -1.567377 0.504606 -0.013780 -1.113311 1.502690 0.154829 -0.094046 -1.659844 -0.560309 0.621790 -0.628965 0.430318 0.660696 1.660164 1.395401 -1.332805 0.313997 0.796347 0.474255 -0.071094 0.643848 0.224512 -0.018413 -0.064922 -0.437700 -0.105923 -1.362261 -0.395708 0.306321 -1.301535 -1.289510 1.248673 -0.062787 1.219312 -0.993064 0.239342 -0.615461 -0.712933 -1.418102 0.331790 -0.621264 -1.280092 1.772992
23 0.784604 0.423097 -1.681442 -0.153348 0.182394 -1.372586 -0.184134 0.555571 1.782185 0.010137 1.484168 -0.088378 0.676731 0.540888 0.036017 1.182713 -0.435873 -0.635058 1.498053 0.240225 -1.200389 0.145501 1.084504 0.791842 0.024041 0.169400 0.179791 -0.091483 1.742460 -0.772081 0.167826 -0.409669 0.963826 -0.645913 0.176183 0.399927 -0.304010 -0.405659 1.257124 -0.799445 0.490680 0.181096 0.462367 -0.953544 0.958754 -0.119056 2.061444 0.028423 -0.773534 -0.194496
24 -0.547538 0.602726 0.955244 -0.454519 -0.267968 0.684007 -1.448623 0.531655 0.418633 0.603774 -2.783830 -0.992784 0.199951 0.618054 1.372002 -0.358273 -0.401520 0.728511 -0.188080 -0.200343 -0.166417 1.592881 -0.946232 0.165927 -0.431622 2.428938 -0.143455 -0.343703 0.842894 0.126266 0.606443 -2.894476 -1.285349 -0.355369 -0.295819 1.753168 -1.261851 -0.037613 2.120095 -0.042445 1.381485 0.400946 -1.508084 0.877439 0.959158 -0.621561 -1.038127 -0.560128 0.316751 -0.019831
25 0.970507 0.715031 -0.103661 0.162830 0.394764 0.972108 -0.345377 0.071270 0.445648 1.859050 -0.155581 2.098501 0.664849 -0.431039 -1.191893 0.670139 -0.281288 -0.661278 0.428660 1.913078 2.078724 -0.339678 -1.031839 -0.071154 0.373507 -0.822694 -0.887996 0.579702 -0.825836 -1.484131 0.188880 0.428767 0.776961 0.668909 0.108438 -1.354016 -1.356597 0.482592 -1.344454 0.668236 1.700212 -1.115710 -0.114519 0.524935 0.147006 0.884038 1.123166 0.208179 -1.550009 -0.176525
26 0.646638 0.252398 0.976490 0.685459 -1.060215 -0.022597 1.512278 0.067291 -1.596931 0.318787 -1.400321 -0.057005 -0.056439 -0.115187 -0.244012 -0.455808 -0.215291 0.301889 1.251733 0.457983 0.989640 -1.195456 1.341126 0.432081 -1.233767 -0.236540 0.266185 -0.022631 0.182544 0.790379 0.876175 -0.348128 0.422182 1.176994 -0.428139 1.702625 -0.020454 -0.649182 1.556035 -1.223731 -1.300812 0.688118 -0.649321 1.277194 2.517665 -0.766862 -0.032407 2.366364 -0.711205 -0.071886
27 -0.413114 -0.012351 -0.685225 -1.511726 0.844699 -1.028368 1.338328 0.699506 1.544562 -0.176856 0.176716 -1.928536 0.589540 1.301919 -0.845656 -1.056113 0.005191 -0.451592 1.815681 -1.719132 1.198008 -0.089212 1.313680 -0.898041 -0.104399 -1.393777 0.686672 -0.886702 -1.586371 -0.365980 -1.997567 2.240872 0.174555 0.619390 1.148317 -0.568286 -1.558662 -0.690413 -1.257216 0.282462 -0.633279 0.544210 -0.772824 2.167160 -0.359476 -0.250039 -0.890609 0.463396 -0.591639 -1.755332
28 -0.199889 -0.066527 0.974477 -0.332447 0.349478 0.362750 -0.707559 0.654528 -1.460419 1.132090 0.377475 0.943955 0.652376 -0.240342 -0.102341 0.805870 -0.937065 -0.807648 -1.150720 -0.644027 -0.834590 2.185321 -1.026166 -1.421213 0.415753 0.228145 1.417247 -0.064137 -0.629432 0.327460 -0.027336 -1.679387 1.067983 0.847514 -0.742356 -0.529143 -1.128553 -1.012169 -0.041982 -0.259789 -0.662088 -0.461877 0.606222 1.893017 0.275631 -1.765014 1.246435 -0.089434 0.365316 1.275631
29 0.546386 0.086968 -0.337897 0.237547 0.757195 -0.140126 -2.283772 1.002805 -1.132966 -0.234666 0.965066 1.062325 -0.547360 0.137037 -0.564527 0.287720 0.113543 0.956788 1.907171 -0.697897 -0.319547 0.106019 -0.930727 0.729012 -1.142476 0.715386 -0.566064 -1.015209 2.102682 -0.535501 -1.397639 0.080301 0.261443 -1.906158 1.957563 0.135364 -0.791339 0.265347 0.580379 -0.975878 0.576735 1.165606 0.550931 -0.646980 -0.755894 -3.495132 -0.203236 -1.378127 0.835689 0.973461
30 1.078449 -0.128571 1.281896 1.608959 -0.083159 -0.426232 0.386198 1.533962 0.796669 -1.529741 -0.418754 -0.490269 0.403026 0.252610 -1.067544 -0.247123 -0.048491 0.303686 1.512383 0.603021 -0.199191 2.168661 1.947374 -2.253304 -1.523682 -0.045772 1.429389 -0.683017 1.627511 1.254678 1.923673 0.727226 0.522681 -1.584669 -0.315208 -1.513375 -0.160436 -0.303483 -0.435439 -0.503188 1.419307 -0.076752 0.231853 1.525238 -0.525829 -0.943058 0.388078 0.297542 2.273427 0.319829
31 -0.847247 0.166612 -0.230655 1.099375 -0.729406 0.661315 0.278304 -2.432221 2.248671 -1.156164 -0.059437 -2.040965 -0.055736 -1.402931 1.806682 -1.676748 0.720349 0.182942 -1.419501 -0.451275 0.184992 0.668413 0.940989 -0.601658 0.642311 -0.021389 -2.022735 1.349563 0.853741 -1.398402 0.213353 1.164428 -1.005550 1.427520 -1.271165 -0.851699 -0.942930 0.992446 -1.187981 -0.374794 0.159368 1.190911 -0.593693 0.571575 0.093847 0.256144 -0.877391 1.231014 -0.668106 0.087437
32 -0.005004 0.752828 -0.933378 -1.259064 -1.300796 0.282689 -0.167080 -0.908800 0.459499 -1.693284 0.616321 2.734601 0.129586 -0.488784 -0.652052 1.208843 -1.533351 0.469281 -0.436903 -1.119025 -1.162911 -0.447992 -1.776961 0.930980 -1.582836 -0.701176 -0.260148 0.442846 0.856423 0.206052 -0.584177 -0.358571 0.884741 -1.452174 0.721764 0.289980 -0.007458 0.975185 -1.041170 -1.068978 2.019548 1.529812 1.334583 -1.093786 1.525024 1.247307 0.964370 -0.300626 0.974790 1.227321
33 -0.645719 0.237889 -0.220300 -0.448060 -0.530750 0.863321 -0.769143 -0.256524 -1.805351 1.538302 0.423475 -0.048862 -0.632397 0.152428 0.168375 1.931686 -0.898990 -0.090683 0.489490 1.059124 -0.979108 -0.574871 -1.282871 1.265292 0.484617 -1.079382 -0.791884 -1.504813 1.419173 0.075646 0.579287 0.441386 -3.195514 -0.896510 1.642127 1.229418 -0.625461 -1.275326 -0.282940 -0.342597 1.209097 0.476779 -0.459320 -0.586568 0.063031 0.635415 0.256224 -1.263535 0.032154 -0.074895
34 -0.534837 0.599894 0.307207 -0.238131 0.093269 0.297793 0.354400 2.082381 0.535121 0.790072 0.642187 -0.782602 -0.692949 -0.765873 -1.311972 0.550625 -0.050224 -0.837604 -0.627505 -0.763655 -0.005917 0.777819 -0.761133 -0.764757 0.679326 -0.338240 2.282191 0.282369 1.755362 0.013165 -0.150184 0.009196 0.503527 -0.260427 -0.098997 1.340292 0.158737 0.403463 -0.164800 0.014737 -1.430325 0.277968 -1.100849 0.040452 0.680907 0.196937 0.129373 -0.185186 -1.469865 -0.521831
35 -1.011468 1.049270 0.088421 0.974585 -0.864637 0.639818 -0.447880 1.886463 1.295754 -0.570408 -1.519616 -0.003691 0.151384 -0.760751 -0.075497 -2.291503 -0.554687 0.049166 1.347902 -0.137542 0.151378 -1.773228 0.175910 0.813528 -0.641344 -0.200892 1.561571 -2.130837 1.828384 -0.337101 -1.540647 0.353550 -1.235401 1.030306 1.529049 -0.413675 -0.872990 -0.709361 -1.082023 0.800945 1.729338 0.400838 -1.180265 0.418846 0.958224 0.910234 0.817088 0.450267 -1.098706 -1.066204
36 -1.181094 -0.859604 -0.845695 1.113897 0.551841 -1.201016 -0.953067 0.626312 -1.123991 0.079760 -0.074639 0.906566 -0.407914 -1.554665 0.217472 0.282602 -0.343324 1.442282 0.259630 -0.399894 -0.580886 0.099525 0.543443 0.206173 1.615667 0.072049 -0.057946 1.480434 -0.883501 -0.287588 0.622717 1.060780 0.741420 0.158795 1.084308 0.024669 1.665652 -1.119125 1.734609 -0.433409 -0.329186 -0.753003 -1.517570 -0.243683 -0.461991 -0.859731 -0.031766 -1.175176 0.779598 -0.532729
37 0.808373 0.359264 1.545330 -0.025932 0.512486 -1.006711 -1.668518 0.152513 0.081339 -0.155865 0.772097 -1.096953 0.465738 -1.285488 -1.175202 0.512784 -0.720398 -0.420889 0.299344 1.114107 -0.750628 0.591040 -0.196566 -0.496545 -1.334848 -1.329055 1.994909 -0.350922 1.298005 0.862430 -1.024185 -0.981939 0.457693 0.442554 0.002698 -1.121341 -0.614824 -0.921653 -0.763733 -2.327989 -3.248572 0.323033 0.455426 -0.040051 0.416836 -0.171971 -0.091781 -0.402611 0.281221 0.409150
38 0.515587 -0.621615 1.449025 -0.348169 0.615413 -0.158976 0.567371 0.447325 -3.085717 -1.748404 -1.697461 1.460156 -0.501599 0.138674 -1.307746 0.284255 1.291791 -0.915368 0.869632 0.532341 0.608299 -1.783745 -0.859627 -0.501380 1.154688 0.982008 0.206714 -1.326831 0.001205 -1.044090 -0.059693 0.467285 -0.151252 0.118874 -1.266635 -1.017974 0.217450 0.192246 1.328175 -0.155750 0.412976 0.622368 -0.369488 1.506444 -1.373616 -0.111535 0.176685 -0.116783 -0.072816 -0.958801
39 0.960624 0.084829 0.004135 0.769139 -0.743884 -0.081522 0.952822 -0.689659 1.071420 0.745037 -0.424091 -0.799739 -0.739685 -1.127570 -1.485921 -0.215611 0.676725 2.972092 0.637617 -1.916622 -1.802982 -0.985693 0.071567 1.145285 -0.485587 -0.543788 0.528482 -1.129058 -0.177348 0.696999 0.943061 -0.453597 0.906731 -1.968769 1.015920 -1.493485 -1.599737 1.180083 -0.234510 1.704058 0.406183 -1.549809 0.071769 -0.057700 -1.085435 -0.226137 0.620853 1.252209 0.049277 1.355430
40 1.383504 -0.096557 0.753381 -0.931985 -0.705552 -0.228442 0.325654 0.677861 -1.474883 0.487677 0.538843 -0.399715 1.052807 -1.669019 -1.461756 0.128962 0.540034 -1.121514 -1.956521 1.160389 0.248553 -0.809676 -0.669548 0.806475 0.675047 0.164562 0.376629 0.255166 -1.227106 -1.281569 2.041636 -1.376469 -0.816707 -0.238310 0.655301 -0.315213 -1.310291 0.814293 -0.046937 -0.592029 -1.019258 -1.059936 1.457383 1.105241 -0.770309 0.048702 -0.072950 0.978014 1.724564 2.673027
41 -0.359168 -1.010482 -0.517223 -0.535885 0.446968 -0.041045 1.354254 -0.506294 -1.575920 1.024792 -0.216583 -0.007554 -0.090296 -2.097012 -0.144955 1.107492 2.383044 0.778615 -1.848279 1.511057 -0.098518 0.419751 -0.056751 -0.446782 -1.383784 -0.218156 -0.680201 1.707373 0.835819 0.296054 -0.752419 -0.953896 0.177461 0.800865 -0.700999 -1.226195 0.803877 0.846653 0.856925 -0.809467 0.140454 -0.442181 1.477249 -2.135700 -1.476520 0.035786 -0.449929 0.749847 -0.821180 0.482608
42 -0.612529 -2.190311 0.302037 1.015277 -0.731841 1.502185 -0.426254 0.567659 1.779356 1.094911 0.270913 0.260548 -0.362337 -0.547581 0.754329 -0.606060 -2.527283 -2.234068 0.325123 0.042696 -1.350034 -0.760478 1.135495 0.314291 0.075008 0.093618 0.301078 -1.270142 0.109492 -0.303623 -0.814353 -0.003301 -0.119150 -0.103621 0.204051 -1.139755 0.657713 0.464885 0.537731 0.116096 -0.423167 0.656929 -0.458275 -0.038882 -0.780652 -1.206425 -0.809717 -1.306111 -1.351442 -0.563692
43 -0.705843 -0.038002 0.156922 0.541443 -1.053247 0.321930 1.548700 0.115526 2.247024 1.827306 0.242768 -0.664139 -0.703929 -0.418467 0.201696 1.325253 1.760130 -0.689284 -0.864532 -0.161495 -0.528062 -0.570296 -0.413197 1.152288 -0.730500 0.091444 -0.525065 0.616915 0.103972 0.331666 1.273425 -0.535297 1.090897 0.129315 -0.264928 -0.628325 -1.347554 0.554525 -1.204728 1.425391 -0.552517 -1.652452 -0.835057 0.490756 -0.020258 0.412652 1.198962 -1.236472 1.609313 0.944616
44 0.632842 0.683395 0.385127 0.402559 0.642144 0.638569 1.431270 0.368067 -0.922906 0.168967 -0.846779 -0.480610 1.170926 -1.907129 1.655682 0.197118 0.385494 -1.939378 -0.029921 -1.616363 0.675845 1.330573 -0.346725 1.888691 0.837183 -1.623052 1.202948 1.543715 -0.423086 -2.210552 -0.495555 0.797226 0.304725 -0.049863 -0.195089 -1.663085 0.857293 -0.456893 0.942972 0.068843 1.192862 -1.241342 0.286497 0.659613 1.567633 -1.593276 0.106978 -0.346250 -0.493298 -0.721451
45 -1.212441 2.506992 1.371400 0.061156 -0.185127 -0.099075 1.299207 1.167757 1.224071 -0.242666 -1.794017 -0.726700 -0.425984 -2.663549 0.337090 0.572910 -0.757717 -1.481936 -0.024669 0.628306 -0.582986 0.204065 0.222031 0.322909 -1.202882 -0.723440 0.971159 0.473434 1.080518 -0.949906 0.412979 0.606847 -0.161764 -1.468459 1.083062 1.688010 -0.528440 -1.963475 0.247426 -0.758749 -0.485856 0.167374 -0.937005 0.363575 -0.976020 -0.460163 -0.489459 -2.077790 0.601059 -1.068005
46 -0.695887 0.010941 1.380715 -0.492636 0.706762 0.534794 -0.602513 0.245211 -0.324338 -1.242637 1.824030 0.207738 0.082648 -0.248241 1.408392 1.058330 -0.540349 2.004426 -2.398873 1.205625 1.107067 -1.376176 -0.682627 -0.948724 1.635239 1.304372 0.456700 1.917191 -1.433742 0.632183 -0.666550 1.782042 -0.904374 -0.247941 -0.666487 2.087547 -1.347579 -0.342460 1.148942 1.672670 0.207507 0.431636 0.123396 1.673319 2.443469 1.113377 -1.154356 -0.846977 0.078739 0.575020
47 0.916734 0.072123 -1.421824 0.468859 1.226968 1.397645 -1.034480 -1.297760 0.299196 -0.815795 -1.496737 -0.356490 -0.037354 0.910453 0.025432 -0.581785 0.114827 -0.161877 0.102482 -0.821419 0.429839 0.996819 -0.616052 0.694822 0.909187 0.587990 0.236792 -0.735373 0.601041 0.281623 0.453664 -1.174829 -2.820328 0.241738 0.709687 0.327627 0.031415 -0.305288 -0.365733 -0.563098 -0.474065 -1.071665 -1.338634 0.970308 -1.653357 0.999386 -0.377582 -1.149010 0.942187 2.082443
48 -1.193056 -0.703440 -1.034404 1.960281 0.297138 -0.196074 0.491456 -1.220576 0.439413 -1.272234 0.818516 -1.344663 -0.829254 1.739657 -0.156205 0.683377 0.357334 -0.412097 -1.469295 -1.123930 1.565337 -0.875811 -0.547123 0.916454 0.658610 1.061761 0.540705 0.428559 -0.607474 0.775911 2.311867 -0.703436 -0.341123 -0.176382 0.685555 1.087482 1.085720 -0.260373 0.202271 -0.560085 0.768254 -1.233808 -0.942309 0.959959 -0.728441 -0.187084 -0.351990 -3.259957 0.609223 -0.203361
49 0.102584 -2.189616 -1.070880 1.609097 -1.905918 0.460837 -1.671805 0.470207 1.524592 0.069840 0.624225 -0.883204 0.027915 -0.761383 -0.648343 0.385138 2.140672 -0.094854 0.748083 -0.823066 0.544798 -0.444469 1.658674 0.194150 2.176102 -0.957621 -1.046677 0.430140 0.012918 -0.722757 -1.086198 0.700612 0.579184 -0.741874 1.148017 -0.890339 1.758016 0.450190 -1.612649 -0.090230 1.154429 0.650999 -0.525091 -0.550400 2.330257 -1.020893 -0.924465 -0.166293 -1.354338 1.189904
50 -1.134544 0.542681 2.856290 -0.223469 1.132849 -0.231085 -0.558652 -1.094125 -2.201108 0.851164 -0.397245 1.123191 -0.066733 -1.368411 -0.205017 -0.574181 -0.627748 -0.694536 -0.679237 0.934566 0.634204 1.085465 0.454600 0.924246 0.565948 -2.620948 -0.612048 -0.388669 -2.515425 -0.705622 -0.151975 -0.220410 -0.550323 -0.951206 0.281845 -0.469935 -1.616649 -0.116526 1.928513 0.314429 -0.895895 -0.107150 -0.335351 0.691666 -1.396369 -0.962222 1.146105 0.672329 -0.321204 -1.978261
51 0.008089 0.341849 -0.168682 1.133307 -1.070935 0.255467 0.076638 -0.932143 -0.211991 0.817366 -0.909259 1.451563 0.133043 -0.847313 -1.109742 0.221961 -1.809913 0.681340 -0.396441 1.355201 -0.851579 -0.090093 0.605433 -1.149467 -0.244161 0.076565 -1.085410 1.712917 -1.063685 -0.524158 0.963551 1.372089 -2.211158 -0.834529 -0.308084 0.790573 -0.544160 -0.436806 0.855332 0.711681 -1.267652 0.785636 -0.307310 1.680454 0.737451 -0.119121 2.086082 -0.713762 -0.124286 -1.307222
52 -1.034734 0.380198 0.717909 -0.696420 0.138979 -0.023005 -0.861156 1.213078 -0.674688 -0.379485 0.714866 -0.061195 -0.512334 -0.200198 0.169019 -0.503759 -3.254750 2.009773 -0.996497 0.078445 -1.473866 0.100696 1.259049 -0.272592 1.058181 -1.614908 0.125424 0.430023 -2.240776 2.121623 0.449998 -0.017873 0.231764 -0.279223 -0.061725 0.581882 1.525458 -0.384915 -1.651952 0.519588 -0.865451 -0.603336 0.451190 1.659483 1.323914 -0.277887 1.759875 -0.610703 -1.079382 0.090374
53 1.819395 -0.086815 -1.248133 0.050561 0.184064 0.913440 0.075951 1.385913 1.049598 1.104420 1.047476 -2.692583 0.010798 -1.353850 -1.344573 -0.726763 2.204267 1.102625 0.031432 -0.605071 -0.532247 -0.149859 -0.468348 0.109791 -1.846030 -1.294060 -0.901956 -0.668553 0.294190 -0.181830 0.330350 0.667703 1.961054 -0.260164 0.959819 -0.357549 -0.451293 -0.583594 -0.788474 -0.059881 -0.303201 1.306920 0.338301 0.545300 0.221673 -0.911145 -0.189741 -0.581247 2.141863 -0.047376
54 2.288674 -2.570669 0.565639 -0.038832 0.557275 -0.039803 -0.356042 2.006211 1.598853 -1.050121 -0.413857 0.194037 0.744627 -1.119417 0.258095 0.723404 -0.409111 -0.827856 1.706565 -0.522148 1.400953 -0.255441 0.340340 -1.886261 -1.295255 -1.009570 0.518385 0.490865 -0.249387 0.429461 1.194182 0.363775 0.062130 -1.372431 -0.574424 -0.696639 1.223947 2.144440 0.375344 -0.548235 -2.023337 1.324042 -0.505887 1.277518 0.569846 -0.679483 -0.528207 0.202426 1.228450 -0.566092
55 -1.791305 -0.548264 -0.065699 0.525112 -0.053133 0.264043 0.032056 1.950290 1.276472 -0.312781 -0.760146 -0.211659 0.323548 0.779691 2.201469 -0.556820 2.032961 1.023992 -0.495762 1.747313 1.235868 -0.863960 -0.596891 0.079568 -0.679806 0.505261 -0.217990 0.460600 -1.095359 -0.969039 0.889131 -0.920809 0.393209 -0.528336 0.641542 -0.106801 0.165901 0.849629 0.345787 0.982741 0.164260 -0.757316 0.585016 2.617954 0.420873 -0.864166 -1.471214 0.032207 -0.599361 0.725169
56 -0.109416 -0.109234 -0.698643 0.204082 0.397653 0.141926 1.490366 0.335613 1.108661 -1.654439 -0.503385 -0.220707 0.319228 -0.646788 0.422930 1.530819 -0.261635 -0.871766 0.344996 1.629087 -2.683073 -0.633806 1.048871 -0.496216 -1.288579 -1.483759 -0.409454 0.317589 -0.006062 -0.165684 -1.148670 0.398224 0.601725 0.277758 -0.425958 0.382760 -0.568366 0.655494 1.421637 -0.562232 1.439731 0.116976 1.469508 -1.172884 0.351205 -0.813132 1.799253 1.487585 -0.151809 1.368893
57 0.492889 -0.352438 0.313449 -0.342067 0.728813 1.454138 0.485894 -0.408469 -0.940011 -0.715460 0.642343 0.318715 1.134198 -0.748596 -0.023510 1.452695 -1.293562 -0.491467 -0.339129 -0.667170 -1.055522 -0.891577 2.470775 2.282206 0.002083 -0.424498 1.255405 0.361617 -0.003158 0.334368 -1.122362 -1.492532 -0.213495 0.154494 -1.918056 -0.242716 0.062784 0.057850 1.464484 1.250042 -0.320386 1.379409 -0.546794 -0.883573 0.459041 -0.121677 -1.635401 -0.636797 1.221771 -1.021375
58 0.601909 -0.718288 2.824033 -0.712363 -0.432955 0.015786 1.618433 -0.159549 1.692737 -0.624813 -0.100522 -1.833677 1.428905 1.180375 -0.003136 -0.306266 -0.764833 -0.031456 -0.885964 -0.038896 -0.443848 0.228009 0.303267 0.900994 2.075095 -0.628837 -0.263573 -0.492283 0.403112 1.269157 0.006117 -1.061501 -0.553708 -1.316248 0.110646 -0.182513 0.203641 2.607483 -0.566425 -0.036075 -1.658007 -1.304355 1.532868 0.920582 1.283173 1.037484 -1.129681 -0.416833 -1.305252 0.222856
59 0.356145 0.500135 -0.474846 0.619725 0.967173 -0.770454 -2.114148 -1.570767 0.154837 0.253906 -1.719730 -1.520557 0.107480 -0.459531 1.121857 0.003979 0.492769 -1.117200 -0.215055 1.513386 -2.052349 0.394850 0.932343 -0.551032 1.140941 -1.270463 -0.089126 -0.272680 0.063660 0.746016 -0.104604 -0.249168 -1.355509 1.109005 0.341660 0.919782 0.935874 -2.054616 0.163912 -0.674895 -0.594461 -0.435909 -0.312681 -0.417507 0.667160 -0.867107 -0.784496 -0.026319 1.744378 1.385842
60 0.160467 -1.660764 0.055253 1.342641 -0.890182 2.363511 1.756917 -1.054744 1.146156 -0.246934 -0.043011 -0.657600 -0.717687 0.405106 -0.379833 -1.036159 0.031895 0.030782 0.759695 -1.241541 0.008751 0.106073 1.275834 -0.430597 -1.971603 1.208267 -0.052367 0.581292 0.024692 2.333674 -0.211578 -0.481673 -1.832444 1.514216 1.238511 -1.006001 -0.308300 -0.229993 -2.934112 0.198723 0.397519 0.712173 1.059416 -0.729607 0.069415 0.671962 1.296479 1.742690 -2.048344 -1.634600
61 0.230492 1.866402 -0.132731 1.400788 -0.297485 -0.595522 -1.177776 -0.357817 -0.494209 1.007427 -2.813770 0.507532 -1.572625 2.192219 0.546966 1.531900 -0.211373 -0.388694 0.124626 -1.013027 -1.481745 -0.626897 -0.807553 -0.562619 0.097838 1.223386 -1.156042 0.251124 0.066475 0.190080 3.678717 -1.254364 1.096762 0.789358 0.591454 0.703347 -0.434482 1.685405 -0.866676 -1.129625 -1.378100 -0.538708 0.430599 0.194666 -0.293229 0.466654 -0.594901 -1.321043 -0.475080 0.656190
62 -0.424906 -0.387110 -0.576747 2.664108 -0.222670 -0.581480 0.248824 0.676930 -0.124257 -2.414442 2.343695 -0.731982 -0.032988 -1.856290 0.971363 0.914033 0.147317 0.403003 1.167413 -0.944953 0.659081 -0.037559 0.507623 -0.248919 1.110424 -0.860707 0.155730 -0.288946 -0.233637 0.165705 1.919226 -0.716195 0.116440 -1.238921 0.481962 0.127047 0.292519 0.630143 0.663331 0.908995 -0.791910 -0.427557 -0.627104 -1.743261 0.796980 1.315094 0.749438 -0.778291 -1.108948 0.960541
63 -1.454408 0.327485 0.942603 -0.042672 -1.159432 -0.191170 -0.267005 -0.625676 0.821655 -0.936775 -0.592088 0.737222 -0.679376 0.543133 -0.237319 1.186239 -1.295394 0.345332 1.870812 0.591746 0.610832 -0.661763 -1.054416 0.164570 1.228109 0.002340 -0.095623 -1.029037 -0.535808 -0.643107 -0.911599 1.036335 -0.566540 0.096711 -0.698089 -0.421120 0.273486 -0.789845 1.062399 -0.862291 0.252490 0.061155 0.847466 0.433770 0.836700 -1.632741 -0.844800 -1.588088 0.782910 0.309661
64 1.666899 -0.480539 -0.766460 0.444035 -0.906384 0.562741 2.674808 -0.524303 0.513004 -0.507706 -0.451245 0.950384 0.242949 0.075219 -0.606560 1.275617 -0.705323 0.090727 0.328998 0.329500 -0.440222 1.166404 -0.982323 0.929195 1.064850 1.959980 -0.163717 -0.670927 0.017337 0.687692 0.091059 1.196380 3.033216 -0.814445 -0.634297 2.349820 0.736237 0.427131 0.070739 0.667389 -0.688379 -1.157296 0.091110 -0.077396 1.341851 -0.857537 0.795179 2.179518 -1.666437 0.070402
65 1.192367 -0.107878 1.310474 2.005065 0.968079 0.998863 -0.006352 -1.508292 -0.894803 0.262177 1.652029 0.546852 -0.511267 -0.969748 -1.098916 0.365796 -0.657708 -1.699252 -0.455324 1.326342 0.525139 -0.040103 1.103894 0.015931 -0.314714 -0.577399 -0.605181 0.714425 0.991438 -2.171180 0.179241 -1.804086 -0.977545 -0.337243 -0.516752 0.434739 0.704144 -1.147962 0.653159 -1.987051 0.055269 -0.730234 -1.371939 0.383423 -1.475178 -2.564093 0.930656 -0.094865 -0.950883 -3.081418
66 0.292419 0.113920 1.686464 -1.151261 -1.733143 0.062979 0.086320 0.114758 0.084864 0.705587 1.069148 -2.044157 -0.612914 -1.448519 -1.465464 -0.053285 0.806989 0.744497 0.206710 -1.027076 0.884174 -0.361043 -0.244744 1.194686 0.624872 1.809309 2.231579 0.882610 0.206887 0.241756 -1.228996 0.524793 -1.253436 0.091111 -0.797148 0.768942 -0.745089 2.251664 0.499052 -0.368710 1.052639 -0.322484 -0.906454 -0.056291 1.001138 0.533111 0.419335 -1.415462 0.274287 0.302390
67 -2.725231 -0.747341 1.172658 1.617672 -0.283293 0.617216 0.189992 1.684953 -0.106980 0.892580 -0.195188 0.188156 0.107918 1.189687 0.056203 1.332792 -0.123643 1.995047 -0.170033 0.017727 0.008404 -0.105797 -0.389340 0.250101 -3.251669 0.529643 0.358374 1.113512 -0.609444 -0.821848 1.341162 -1.635849 0.442759 0.673674 2.035748 0.726833 -1.081297 -1.247565 -2.318004 0.106784 -1.014397 -0.504784 1.564674 0.072817 0.177331 0.360532 1.126930 0.660052 -0.865710 -0.549900
68 0.573985 -0.400858 -0.049103 0.247051 -2.245371 -1.723849 -0.077255 -1.788187 -0.291763 -2.528491 1.615218 0.062884 -2.495536 -0.519176 0.260847 -0.477082 -0.589308 0.377488 0.975496 0.024868 -1.069525 0.223651 -0.129864 -0.452546 0.289983 -0.845946 0.594469 -1.126499 0.963810 1.011698 1.891147 0.134862 0.632575 0.304104 0.778108 0.108173 0.777069 -1.618934 -0.991931 1.495286 0.313497 0.894190 0.210890 -0.508776 -0.203865 0.443831 0.703513 -1.407514 0.428116 -0.273571
69 0.065390 -1.573624 -0.294649 0.074740 0.024347 1.728933 0.016042 2.669759 -0.310971 -0.015254 -0.650206 0.562071 -1.090197 -0.245728 -0.550803 0.407494 0.357268 1.066485 -1.812647 0.451432 -0.799484 0.150613 1.588312 -1.132639 0.623542 -1.276152 0.441820 -1.371029 -1.027407 -1.345078 1.414962 -0.608379 0.532532 1.164481 0.430474 -0.076310 -1.567714 1.713451 1.061199 0.712471 -0.159181 1.751023 0.308616 -1.417153 0.104680 1.140610 0.869252 -1.098410 1.080001 0.068956
70 -1.285764 -0.082692 -1.931462 -1.104937 -0.030727 0.745660 -0.159142 0.796170 -0.558807 -1.051537 1.261831 0.481940 1.751765 1.613969 -0.341042 0.442113 -1.906856 1.832866 1.111701 0.138672 1.024746 -1.171138 1.938579 -1.660361 0.398443 0.345022 -1.587771 -0.259195 0.848660 -0.236816 -0.320394 -0.692614 0.112721 -1.217658 -0.640945 -1.133254 -0.993860 1.990467 -0.322191 1.333889 1.323766 -0.975263 -0.272382 0.309752 1.317677 0.998925 0.018048 -1.625440 1.311365 0.640892
71 1.460057 1.007175 -0.324236 0.100684 -0.607061 0.297275 -0.230586 -0.864443 1.079779 1.967735 -2.199376 0.812300 0.446006 0.429526 -0.894129 -0.064201 0.521039 0.008338 0.110912 -0.846644 -0.747482 0.373543 -0.234378 -1.018208 -0.806909 1.585105 -0.109459 0.359045 -2.212315 -1.890148 -0.435288 0.292894 0.007628 0.007636 0.035880 0.678285 0.714355 -0.295430 -0.789820 0.316748 0.149139 2.507415 -0.712451 -0.876821 -0.928242 2.239899 -1.358189 0.140880 -0.750273 -0.041478
72 0.713201 -2.205073 0.195299 0.259590 -2.112736 -0.373585 0.670394 -0.976246 1.372274 2.490340 -1.551516 0.592977 2.061280 -1.082342 1.676460 0.543172 -0.295495 -0.426596 -0.368003 0.566932 -1.980914 -0.806569 0.675171 0.763705 1.147512 0.473715 -0.971940 -0.702464 -0.562793 -0.194904 -0.521294 0.077358 0.911676 -1.462245 -0.884829 0.994773 1.106780 1.276780 1.939266 0.511093 -0.191337 0.055270 0.059824 -0.078672 0.632165 0.474725 0.187986 -0.007500 -1.098312 -1.027337
73 -1.016441 1.053025 -0.429384 0.901420 1.807128 1.360089 -1.742364 1.039319 0.314414 -0.932055 0.641742 0.839507 -0.066154 -0.492663 -1.136612 -1.002927 -0.792244 1.031372 -0.115334 0.890615 0.489652 -0.127145 -0.025057 1.643686 -1.535841 -0.704852 -1.615018 2.247535 1.027637 -0.248219 -0.102591 -1.335041 0.194776 -0.040283 0.229240 -0.100599 0.258330 -1.342387 0.561736 -0.417240 -0.405126 0.845365 1.796328 -0.013436 -0.594064 -0.084647 -1.506242 -0.969602 0.057931 -0.229048
74 -0.286764 0.993639 0.595446 0.417289 -0.762689 1.438690 -1.227915 0.872086 0.798005 -0.814695 -1.426381 0.662112 -0.502516 -0.790401 0.383401 0.489238 -0.205983 -0.935336 0.658611 -0.647401 -0.481492 0.941765 0.561490 -0.489951 1.382300 0.062581 0.956272 0.061740 1.035904 -1.197295 -0.083211 0.166342 0.892000 0.135278 -1.664506 -0.195117 0.036641 -1.788136 0.326136 1.479988 1.681501 -0.651337 0.249900 -1.407621 0.231580 -1.693319 0.132137 -1.553350 -0.656735 -0.189871
75 -0.471326 0.662033 0.470407 0.173553 1.367020 -0.237059 1.909779 -1.068518 -0.751093 -1.562131 -0.357194 -0.232815 0.046320 -0.925365 1.365488 1.343714 -1.370659 0.434256 1.294340 1.486723 0.066186 0.082793 0.550687 2.574638 -1.270455 0.066645 0.306458 0.357792 -1.031596 0.268541 0.738246 0.674852 -0.431152 0.860204 -1.932944 1.811249 1.142187 -0.832582 0.203692 0.645161 1.110512 -0.494255 0.748053 -1.241464 1.209099 -0.517096 0.824256 -0.126489 1.235324 2.113022
76 -0.491899 -0.134053 -0.549873 2.438882 -0.610912 0.769916 -0.059372 -0.571914 -0.346331 -0.496543 -0.208921 3.366939 -0.087922 -0.015186 1.879442 -1.885381 -0.881304 -1.576960 0.585342 -0.728997 -0.482758 -0.329772 -0.103506 -0.273325 0.373510 0.226722 -1.458527 -0.152699 0.098456 -1.006367 -0.469675 0.797184 -0.441861 1.091476 0.680764 0.213150 -1.033086 0.146839 -1.946870 -0.674888 0.031798 0.310771 2.582466 -1.271559 -1.487739 1.168211 0.364959 -0.414664 -1.295061 0.092601
77 0.406689 0.574201 -0.216814 -1.108374 -1.315149 -0.962057 -1.118739 0.066621 -1.725747 0.073034 0.278771 0.155015 0.137507 -1.710087 1.132792 1.337871 -2.008980 0.575570 -0.926409 -0.110209 -0.390487 0.115420 0.330873 -0.791710 0.521454 0.691558 0.257241 -0.191237 0.367173 0.081721 -0.950030 -1.983716 -0.201350 -1.854705 -0.437039 -1.022364 -1.080068 -0.538211 1.104058 -0.773091 0.583936 1.051676 -0.196953 -1.879046 0.512898 0.538440 0.378398 0.031750 -0.734402 0.340253
78 -2.742312 0.081042 -1.442681 -0.057519 0.061977 -0.812720 2.179310 -0.158557 -1.542741 -1.306314 0.721814 -0.298308 -0.611915 -0.422284 -1.185711 -0.307166 0.225756 -1.514412 0.350609 3.012360 1.363567 0.729269 0.075245 1.322266 -0.804534 -0.112881 -0.341316 0.015004 0.549319 0.354503 -0.552153 -1.089262 0.042650 0.696494 -0.638308 -0.024778 -1.451949 0.070496 -0.865499 -1.157800 -1.531452 0.265349 -0.148968 0.471741 -2.571737 0.320657 0.287470 -0.648659 2.479152 0.320631
79 -0.685773 1.818364 0.646597 1.243284 -1.545208 -1.059391 0.211412 -1.859585 0.638828 1.469113 -0.985211 0.151203 0.852560 0.325989 -1.308471 0.406373 -0.214235 1.119397 -2.643744 0.869711 -1.344557 -0.731701 0.895180 0.204671 1.055688 1.119256 1.622320 -0.054303 -1.663153 0.041967 -2.055861 0.219992 0.748460 0.838771 0.242644 -1.917338 -0.525608 0.319491 -1.117279 -0.038661 -0.580476 1.187387 0.613962 -0.275276 -1.456113 0.249481 -0.305790 0.143499 -0.152660 0.346001
80 -0.665546 0.987534 1.286404 0.180773 -1.723224 -0.591333 -0.750579 -1.061592 -0.003790 1.105132 0.358481 2.478810 0.099428 -1.814949 0.883366 -0.171353 -0.107918 0.270917 1.657520 0.541641 0.137263 0.992088 2.639740 -0.813996 -0.358162 0.987663 0.837272 0.433625 1.986083 0.670965 1.068418 -0.355342 2.172073 0.651461 -0.187760 -2.818824 0.058929 0.070037 0.198466 1.534909 0.530744 1.450562 -0.116920 -0.062732 -0.389438 0.878403 0.515413 1.379536 -0.646095 0.228177
81 -0.739504 -0.668680 0.383827 1.040464 0.175198 0.325372 2.060540 -1.011981 -2.710355 -0.918198 -0.314203 -1.163423 0.639010 1.098890 -1.293322 1.831133 2.283334 0.697076 0.295554 -0.090847 -0.248125 0.206975 -0.098230 -0.272788 -1.210795 0.775217 -1.565970 -0.359184 0.287770 -0.539512 1.116865 0.445379 -0.384299 1.238730 0.184155 -0.019823 0.584641 -0.636333 0.598955 -0.408757 0.404232 -0.851984 -0.855362 -0.005213 1.737460 1.218897 1.086930 2.077783 -0.042804 -1.192241
82 0.747334 0.303587 0.573323 2.094281 -0.447848 -0.527453 -0.408032 1.082195 1.189384 1.937931 0.808792 -1.028524 -0.644427 0.272934 -0.434619 -1.218593 -1.139483 0.680147 0.151730 0.304380 0.737324 -1.301209 0.910487 -0.677875 0.595050 -0.152216 -0.481467 -1.928018 -0.060101 -0.888664 0.290298 -1.830332 1.241851 1.712274 -0.667763 1.364099 0.500063 0.795380 -0.041248 -2.996804 2.405042 -1.893244 0.325532 0.751608 -2.066452 0.154967 0.481721 -0.710717 -0.311921 1.700726
83 -0.051099 -2.441751 -0.986423 -1.476867 0.965589 0.329026 1.482497 -0.122939 -1.641231 -1.305796 0.449566 0.831962 -0.296552 -1.194184 -2.176758 -0.213631 0.795311 -0.838040 0.513086 -0.137855 0.019424 -0.993932 0.233003 0.770492 -0.371625 -1.069443 0.498848 0.775653 2.518640 0.657267 1.773604 -0.281813 -2.203852 0.401250 0.142860 -0.969800 -1.444252 1.053687 0.070813 -1.672547 0.199046 1.028444 2.376298 0.484764 -0.088769 -1.527988 1.033074 -0.448451 -0.191540 0.100323
84 -0.419769 1.848787 -1.742586 -0.627161 -0.403237 -1.727549 -0.681091 0.234327 0.373509 0.891168 0.648707 -0.355093 0.343158 0.754753 -1.832919 0.960165 0.394178 0.476827 0.237646 0.592655 -1.441884 0.357395 0.505903 0.835949 -0.210496 0.077886 0.756499 0.219826 -0.253598 -1.679424 0.049529 0.428676 -0.443247 -1.186023 0.188414 -0.272924 0.424995 1.286575 0.254804 -0.556626 -0.225698 0.759439 -0.945800 0.796865 -1.495952 0.365234 -0.725753 0.833169 -0.964756 0.199965
85 -0.041759 -0.054406 0.418857 -0.553336 1.014242 1.745851 -0.149128 -0.635327 0.476342 -1.097407 -0.125906 -1.428429 0.363986 0.664259 -0.804139 -0.942339 1.180461 -1.124209 0.641744 0.147044 -0.232773 0.063877 1.073728 -0.839066 0.750351 0.578194 -1.719216 -0.207668 -0.719821 1.862204 -0.042422 -1.889413 -0.019288 -0.226192 1.797434 0.523190 -0.287679 -1.111123 0.328990 -0.764228 0.538528 0.934174 0.832199 -0.492911 -0.491513 0.171363 -1.203486 0.082908 -0.929807 -0.300958
86 -0.069193 -1.427517 1.356920 0.666214 -1.874124 1.355402 0.670174 0.541423 1.002634 1.528439 0.598066 0.357891 0.586857 0.867997 -0.408853 -0.043663 0.108109 -0.502551 -1.101805 0.932094 0.059740 -0.198137 0.882658 0.612471 -0.643034 0.870164 -0.002148 1.950495 -0.437364 -0.342505 1.260546 1.542599 -0.858673 1.101705 -1.124101 1.330729 0.356806 1.009111 -0.944741 1.481276 0.832196 -0.698617 -1.397011 1.317765 -0.450388 1.979620 -1.025405 0.498375 -0.419585 -0.256841
87 -0.405362 -1.851073 -0.753754 -2.714317 -0.243672 1.559094 0.173431 1.566453 -0.654585 0.478665 0.592268 0.065672 -0.848477 -0.189228 0.725383 0.486319 0.393177 0.644512 -0.242211 0.359465 0.822418 -1.232590 1.192185 -0.257440 1.032900 0.083641 -1.061443 0.075390 0.097419 0.166414 -0.183950 -0.038043 0.651795 0.260990 0.804014 -0.045393 -0.391061 1.490520 0.985669 -0.447437 -0.419197 1.249561 -1.128136 -2.334282 -0.856678 -0.265100 -0.396181 -0.595151 0.231935 0.404245
88 -1.392376 2.082091 3.256224 4.950496 3.059804 2.585313 3.827161 3.486939 3.091668 3.555529 2.692682 2.529232 1.547112 0.265044 3.942249 3.445200 1.047072 3.069478 3.744306 1.545738 3.080378 2.490478 2.645547 1.868569 3.984950 2.058185 -0.941690 2.082565 2.361738 3.451592 3.266348 -1.209137 2.770757 3.503530 1.070435 3.747774 3.060661 -0.166267 4.140901 3.678451 0.558425 3.045079 0.710432 3.790915 1.443533 1.183536 4.203398 3.185691 4.579322 2.755589
89 -0.145193 0.474247 0.189953 -1.051109 0.167758 -1.862096 -0.784663 -0.565130 0.917654 -1.528235 -1.837766 -1.913657 -0.795040 -1.160830 0.102099 0.487665 1.323072 -0.513873 -2.448009 1.800705 0.686367 0.387601 2.196452 -1.732462 1.039212 1.705695 0.428389 -1.245164 0.218610 0.493881 1.459399 1.001469 -0.020382 -1.075032 -1.047485 0.587210 0.122793 -0.179134 -1.726098 0.326083 -0.101410 -0.206116 0.286244 -1.177007 -1.573192 -0.172182 0.651435 -0.462583 1.005061 0.431632
90 -0.148789 -0.850193 -0.541273 0.189201 -0.076228 -1.266351 -0.463460 -0.555199 0.392303 1.104298 0.609870 -0.611048 0.770277 -0.598504 -0.026131 0.276026 -2.455953 -2.404124 1.098466 1.675053 0.294861 0.651681 -0.126333 -1.377243 1.491367 -0.647759 -0.691743 1.793249 0.085220 1.214986 1.338182 -0.714584 0.773714 1.543204 -1.904540 -0.499343 0.731335 -0.343108 -0.563723 0.621623 -0.587516 -1.354177 -0.429704 0.798334 -1.104427 -0.998964 -0.682961 0.675231 1.077204 1.757688
91 2.141058 -0.590024 -0.597760 1.589336 0.826515 0.108603 1.236009 -0.914929 -0.062561 0.320108 -0.718609 -2.256336 0.268862 -2.182686 0.417839 0.138418 -0.365770 -1.607333 1.459238 0.401555 -0.697247 -0.752051 0.366471 -0.358319 -0.786643 -0.331409 -0.349034 -0.993791 0.747616 -1.845309 -0.046855 -1.201732 -1.006926 0.413235 0.970801 -0.225169 1.112579 0.832992 0.426407 -0.508353 -1.503093 2.233059 -0.259864 0.217235 -0.020732 -1.784959 -0.389230 0.426489 0.622162 -1.999877
92 0.171733 0.831956 -0.106712 1.564413 -0.513993 -0.837536 -0.658045 0.051146 -0.178463 0.470643 0.164638 2.633258 0.544715 0.532456 -0.312351 -0.375126 -0.107228 -0.435251 -0.511587 -0.358855 -0.512076 -1.502470 0.562776 -0.639330 2.440762 1.751176 -0.361935 1.062784 0.236932 -1.336278 -1.534346 0.254847 0.376605 -1.112972 -0.016263 -1.681751 -0.084398 0.046053 -0.971539 1.071958 -0.297010 -0.614044 -0.074923 1.031103 1.514367 0.488915 -0.034154 -0.558249 -0.217975 -0.573237
93 -2.010544 0.195333 0.012436 2.349403 -0.937946 -1.455585 -0.149845 -1.381343 0.717294 -0.033441 -0.437426 0.427913 -0.559151 0.937109 1.065903 0.201556 0.084073 2.003830 -0.305282 -0.720721 0.553576 -1.260434 -0.866561 0.360855 2.122396 0.462603 -1.708377 -0.596008 -0.370333 1.154168 2.379728 -1.148946 0.161191 -0.597659 0.047676 -2.509997 -0.101162 -1.004067 -1.300536 0.122901 -0.755491 0.023340 1.151418 -0.260376 -0.583433 -1.149667 0.070309 0.129737 -1.270912 1.028662
94 0.503624 -0.205803 -0.249884 1.046363 0.992540 2.497583 -0.201742 0.286125 0.080227 1.904599 0.109581 0.450452 0.430238 1.826153 0.222643 1.003351 -0.979399 -0.320997 -1.112597 -0.370427 -0.510915 -1.686736 -0.201869 0.596358 2.067357 -0.086867 -0.984726 0.063434 -1.354127 0.007892 1.775877 -1.933890 -0.381199 0.417036 0.067555 0.424015 2.184130 0.642732 -2.059927 2.207276 -0.492421 0.086093 -1.222693 0.067463 0.241812 1.075500 0.287932 -0.228325 -0.258888 0.518683
95 -0.142453 1.521503 -1.756969 -0.051151 -0.289659 0.321772 -0.810367 -0.331309 0.069321 0.531434 -1.331756 -1.507651 1.328326 -1.750509 -0.895900 0.097645 0.527787 -1.000518 -0.269487 -1.162088 0.183660 -0.063734 0.572342 0.316769 0.752092 -0.905373 -0.226720 0.265940 0.864317 0.678109 0.621908 1.160340 -2.232594 -1.313191 0.983010 -0.440843 -0.088519 0.855263 -0.306748 -1.281311 0.685551 0.369106 -1.148020 0.754914 -0.834235 -0.692575 -0.185360 0.608841 0.417196 -1.191027
96 0.957730 -1.400635 -0.002567 0.872710 -2.215334 -0.111993 0.454996 -2.722622 1.743888 -0.660960 -0.355291 -1.320221 -0.105691 -1.795726 -1.714641 0.638846 -1.179643 1.405202 -0.498442 0.948071 -0.124614 -0.174003 -1.686877 -0.806937 0.945462 1.296127 1.130210 1.303183 -0.524057 2.268417 -0.144636 0.512998 -0.662784 0.327078 -0.120077 -0.489195 0.302693 -1.785481 -0.481642 0.598931 0.257173 0.739554 1.702421 0.080649 0.652182 -0.349479 -0.118729 -1.080194 -0.219218 -2.173405
97 -0.524905 0.695951 -2.584751 0.740940 1.073543 0.444288 -0.346226 0.003875 -0.436885 -0.522705 1.714889 0.725218 -0.070805 -0.029726 -1.513272 0.041016 0.382556 1.900443 0.451958 -0.853716 -1.402398 -0.971263 -0.511151 -1.066914 -1.395274 -0.818939 0.772362 0.820286 0.211170 1.743195 -0.351223 0.766653 0.877588 0.589066 -1.859313 -0.981251 -0.224247 -0.471516 0.019228 1.384685 -0.339271 0.234516 1.033855 -0.262143 -0.898898 0.193630 0.753836 -0.281454 -0.300979 1.403329
98 0.647366 3.392726 2.888749 3.172924 1.835173 2.096881 3.369330 2.263363 2.936127 2.760505 4.086686 2.285787 -0.949419 -2.363886 2.142778 3.438950 0.578992 3.974513 2.528603 1.708095 3.089376 1.851777 1.326135 -0.938890 2.990453 1.145122 -0.481162 4.544067 2.345100 0.681764 3.898106 -0.891629 3.315684 3.166594 3.004739 4.086553 4.443617 0.880611 1.885109 2.315792 -0.453397 2.174689 2.130665 1.737952 3.871838 -0.357225 3.095452 2.169940 3.621840 2.120471
99 -0.990386 1.143606 1.145195 2.268266 0.619413 0.911453 0.234976 -0.937628 -0.114412 1.773673 0.886980 -0.482959 0.636078 -2.060453 -1.461629 0.857307 0.253661 -0.178986 0.527619 1.126508 0.541200 -0.082431 1.393255 1.109289 -0.364653 -0.149454 0.695813 0.856585 0.198767 -0.098656 0.171072 -1.596673 0.122438 0.047087 0.787883 -0.365950 0.938174 0.014432 0.833542 0.343244 1.520933 -0.442210 -0.526338 -0.172952 1.033293 0.884577 -0.344147 -1.027118 0.690586 -0.364108
END
#################################################################
SECTION3 (Edges Information)
EndPoint0 EndPoint1 Weight
0 1 1.000000
0 9 1.000000
0 10 1.000000
0 90 1.000000
1 0 1.000000
1 2 1.000000
1 11 1.000000
1 91 1.000000
2 1 1.000000
2 3 1.000000
2 12 1.000000
2 92 1.000000
3 2 1.000000
3 4 1.000000
3 13 1.000000
3 93 1.000000
4 3 1.000000
4 5 1.000000
4 14 1.000000
4 94 1.000000
5 4 1.000000
5 6 1.000000
5 15 1.000000
5 95 1.000000
6 5 1.000000
6 7 1.000000
6 16 1.000000
6 96 1.000000
7 6 1.000000
7 8 1.000000
7 17 1.000000
7 97 1.000000
8 7 1.000000
8 9 1.000000
8 18 1.000000
8 98 1.000000
9 0 1.000000
9 8 1.000000
9 19 1.000000
9 99 1.000000
10 0 1.000000
10 11 1.000000
10 19 1.000000
10 20 1.000000
11 1 1.000000
11 10 1.000000
11 12 1.000000
11 21 1.000000
12 2 1.000000
12 11 1.000000
12 13 1.000000
12 22 1.000000
13 3 1.000000
13 12 1.000000
13 14 1.000000
13 23 1.000000
14 4 1.000000
14 13 1.000000
14 15 1.000000
14 24 1.000000
15 5 1.000000
15 14 1.000000
15 16 1.000000
15 25 1.000000
16 6 1.000000
16 15 1.000000
16 17 1.000000
16 26 1.000000
17 7 1.000000
17 16 1.000000
17 18 1.000000
17 27 1.000000
18 8 1.000000
18 17 1.000000
18 19 1.000000
18 28 1.000000
19 9 1.000000
19 10 1.000000
19 18 1.000000
19 29 1.000000
20 10 1.000000
20 21 1.000000
20 29 1.000000
20 30 1.000000
21 11 1.000000
21 20 1.000000
21 22 1.000000
21 31 1.000000
22 12 1.000000
22 21 1.000000
22 23 1.000000
22 32 1.000000
23 13 1.000000
23 22 1.000000
23 24 1.000000
23 33 1.000000
24 14 1.000000
24 23 1.000000
24 25 1.000000
24 34 1.000000
25 15 1.000000
25 24 1.000000
25 26 1.000000
25 35 1.000000
26 16 1.000000
26 25 1.000000
26 27 1.000000
26 36 1.000000
27 17 1.000000
27 26 1.000000
27 28 1.000000
27 37 1.000000
28 18 1.000000
28 27 1.000000
28 29 1.000000
28 38 1.000000
29 19 1.000000
29 20 1.000000
29 28 1.000000
29 39 1.000000
30 20 1.000000
30 31 1.000000
30 39 1.000000
30 40 1.000000
31 21 1.000000
31 30 1.000000
31 32 1.000000
31 41 1.000000
32 22 1.000000
32 31 1.000000
32 33 1.000000
32 42 1.000000
33 23 1.000000
33 32 1.000000
33 34 1.000000
33 43 1.000000
34 24 1.000000
34 33 1.000000
34 35 1.000000
34 44 1.000000
35 25 1.000000
35 34 1.000000
35 36 1.000000
35 45 1.000000
36 26 1.000000
36 35 1.000000
36 37 1.000000
36 46 1.000000
37 27 1.000000
37 36 1.000000
37 38 1.000000
37 47 1.000000
38 28 1.000000
38 37 1.000000
38 39 1.000000
38 48 1.000000
39 29 1.000000
39 30 1.000000
39 38 1.000000
39 49 1.000000
40 30 1.000000
40 41 1.000000
40 49 1.000000
40 50 1.000000
41 31 1.000000
41 40 1.000000
41 42 1.000000
41 51 1.000000
42 32 1.000000
42 41 1.000000
42 43 1.000000
42 52 1.000000
43 33 1.000000
43 42 1.000000
43 44 1.000000
43 53 1.000000
44 34 1.000000
44 43 1.000000
44 45 1.000000
44 54 1.000000
45 35 1.000000
45 44 1.000000
45 46 1.000000
45 55 1.000000
46 36 1.000000
46 45 1.000000
46 47 1.000000
46 56 1.000000
47 37 1.000000
47 46 1.000000
47 48 1.000000
47 57 1.000000
48 38 1.000000
48 47 1.000000
48 49 1.000000
48 58 1.000000
49 39 1.000000
49 40 1.000000
49 48 1.000000
49 59 1.000000
50 40 1.000000
50 51 1.000000
50 59 1.000000
50 60 1.000000
51 41 1.000000
51 50 1.000000
51 52 1.000000
51 61 1.000000
52 42 1.000000
52 51 1.000000
52 53 1.000000
52 62 1.000000
53 43 1.000000
53 52 1.000000
53 54 1.000000
53 63 1.000000
54 44 1.000000
54 53 1.000000
54 55 1.000000
54 64 1.000000
55 45 1.000000
55 54 1.000000
55 56 1.000000
55 65 1.000000
56 46 1.000000
56 55 1.000000
56 57 1.000000
56 66 1.000000
57 47 1.000000
57 56 1.000000
57 58 1.000000
57 67 1.000000
58 48 1.000000
58 57 1.000000
58 59 1.000000
58 68 1.000000
59 49 1.000000
59 50 1.000000
59 58 1.000000
59 69 1.000000
60 50 1.000000
60 61 1.000000
60 69 1.000000
60 70 1.000000
61 51 1.000000
61 60 1.000000
61 62 1.000000
61 71 1.000000
62 52 1.000000
62 61 1.000000
62 63 1.000000
62 72 1.000000
63 53 1.000000
63 62 1.000000
63 64 1.000000
63 73 1.000000
64 54 1.000000
64 63 1.000000
64 65 1.000000
64 74 1.000000
65 55 1.000000
65 64 1.000000
65 66 1.000000
65 75 1.000000
66 56 1.000000
66 65 1.000000
66 67 1.000000
66 76 1.000000
67 57 1.000000
67 66 1.000000
67 68 1.000000
67 77 1.000000
68 58 1.000000
68 67 1.000000
68 69 1.000000
68 78 1.000000
69 59 1.000000
69 60 1.000000
69 68 1.000000
69 79 1.000000
70 60 1.000000
70 71 1.000000
70 79 1.000000
70 80 1.000000
71 61 1.000000
71 70 1.000000
71 72 1.000000
71 81 1.000000
72 62 1.000000
72 71 1.000000
72 73 1.000000
72 82 1.000000
73 63 1.000000
73 72 1.000000
73 74 1.000000
73 83 1.000000
74 64 1.000000
74 73 1.000000
74 75 1.000000
74 84 1.000000
75 65 1.000000
75 74 1.000000
75 76 1.000000
75 85 1.000000
76 66 1.000000
76 75 1.000000
76 77 1.000000
76 86 1.000000
77 67 1.000000
77 76 1.000000
77 78 1.000000
77 87 1.000000
78 68 1.000000
78 77 1.000000
78 79 1.000000
78 88 1.000000
79 69 1.000000
79 70 1.000000
79 78 1.000000
79 89 1.000000
80 70 1.000000
80 81 1.000000
80 89 1.000000
80 90 1.000000
81 71 1.000000
81 80 1.000000
81 82 1.000000
81 91 1.000000
82 72 1.000000
82 81 1.000000
82 83 1.000000
82 92 1.000000
83 73 1.000000
83 82 1.000000
83 84 1.000000
83 93 1.000000
84 74 1.000000
84 83 1.000000
84 85 1.000000
84 94 1.000000
85 75 1.000000
85 84 1.000000
85 86 1.000000
85 95 1.000000
86 76 1.000000
86 85 1.000000
86 87 1.000000
86 96 1.000000
87 77 1.000000
87 86 1.000000
87 88 1.000000
87 97 1.000000
88 78 1.000000
88 87 1.000000
88 89 1.000000
88 98 1.000000
89 79 1.000000
89 80 1.000000
89 88 1.000000
89 99 1.000000
90 0 1.000000
90 80 1.000000
90 91 1.000000
90 99 1.000000
91 1 1.000000
91 81 1.000000
91 90 1.000000
91 92 1.000000
92 2 1.000000
92 82 1.000000
92 91 1.000000
92 93 1.000000
93 3 1.000000
93 83 1.000000
93 92 1.000000
93 94 1.000000
94 4 1.000000
94 84 1.000000
94 93 1.000000
94 95 1.000000
95 5 1.000000
95 85 1.000000
95 94 1.000000
95 96 1.000000
96 6 1.000000
96 86 1.000000
96 95 1.000000
96 97 1.000000
97 7 1.000000
97 87 1.000000
97 96 1.000000
97 98 1.000000
98 8 1.000000
98 88 1.000000
98 97 1.000000
98 99 1.000000
99 9 1.000000
99 89 1.000000
99 90 1.000000
99 98 1.000000
END
#################################################################
SECTION4 (TrueSubGraph Information)
EndPoint0 EndPoint1 Weight
88 98 1.0
98 8 1.0
8 9 1.0
9 19 1.0
END
#################################################################
SECTION5 (Labels Information)
0 1 1 1 1 1 1 1 1 1 1 1 0 0 1 1 0 1 1 1 1 1 1 0 1 1 0 1 1 1 1 0 1 1 1 1 1 0 1 1 0 1 1 1 1 0 1 1 1 1 
END
#################################################################
SECTION6 (bt Information)
-5 5 5 5 5 5 5 5 5 5 5 5 -5 -5 5 5 -5 5 5 5 5 5 5 -5 5 5 -5 5 5 5 5 -5 5 5 5 5 5 -5 5 5 -5 5 5 5 5 -5 5 5 5 5 
END
#################################################################
