#################################################################
#APDM Input Graph, this input graph includes 3 sections:
#section1 : general information
#section2 : nodes
#section3 : edges
#section4 : trueSubGraph (Optional)
#
#if nodes haven't information set weight to null
#################################################################
SECTION1 (General Information)
numNodes = 100
numEdges = 200
usedAlgorithm = NULL
dataSource = SimulationData2
END
#################################################################
SECTION2 (Nodes Information)
NodeID Base Counts
0 0.229477 -0.521355 -0.022385 -0.278695 0.090221 0.603579 -1.347566 0.038491 0.015374 -0.294388 -0.032296 0.647483 0.801047 -0.552292 1.649465 1.262595 0.941128 0.985755 -0.084656 0.838447 2.547242 1.590423 0.291626 0.652235 -1.027284 1.240887 -1.747801 1.836661 -1.688047 0.509377 -0.161567 -1.038291 1.477944 1.270308 -0.111064 0.799153 -0.570003 -0.911703 0.728639 2.061561 1.117103 1.479794 1.706908 0.557946 -1.185367 -1.092943 0.828133 -1.089651 -0.080656 -0.246602
1 -0.008630 -0.061098 0.663216 0.045643 -0.782638 1.385923 0.937503 0.866568 -0.605342 0.481049 -0.297939 1.069849 -0.629055 2.195851 -0.007741 -1.525507 -0.273750 0.407129 2.307943 0.329258 -1.320707 1.745873 -0.547562 -0.009422 -0.409461 -0.470845 -0.825767 1.546427 2.225887 -0.068802 -1.572749 -0.600643 1.726805 0.914099 -0.909120 0.738795 -0.105404 -0.433968 0.148721 -2.335229 -0.650831 0.568212 0.116691 -2.586816 0.223818 -0.532487 -1.923993 0.060232 -0.420862 0.195914
2 -1.193082 -1.604044 -0.037618 -0.793466 -0.409285 -2.767887 -0.907345 1.128168 -0.415350 1.459302 -1.070299 0.872266 1.419223 -0.904821 -0.637610 -0.890887 -0.938215 -0.863798 1.096446 -2.047254 0.760682 0.316494 -0.826039 0.861209 -0.022713 -0.844049 1.503561 0.496023 0.305896 -1.442117 -1.187781 -0.047653 -0.938754 -0.695932 -0.612982 -0.045345 -1.983650 -0.181861 -1.379449 -0.585015 -0.084260 -0.595439 1.313255 -3.344142 1.775031 -0.725840 -0.060000 0.500371 -0.227416 -0.102720
3 1.665604 1.042535 0.212527 -1.115083 -1.581573 -0.727216 -1.344326 0.616872 -2.301334 -1.182353 -0.122695 0.972104 0.955265 0.298147 -0.243950 0.091214 -1.143773 1.016587 -1.177995 0.000750 0.536953 0.011654 0.202546 -0.288239 1.540660 -0.702520 -0.655911 0.574724 -0.133623 0.173106 -0.711465 -0.494752 0.372526 0.870988 1.172720 -0.907027 0.296622 -0.025081 0.720059 0.136711 0.437202 0.810371 1.065963 0.053658 1.556894 -1.936121 -0.022858 0.605277 -0.309024 0.459451
4 -0.104164 0.587717 1.398628 -0.946506 1.248200 -0.174935 -0.697360 0.447309 0.427012 0.369061 1.470819 0.246446 0.758779 -0.003414 1.112751 1.577260 1.241388 -0.203849 1.756988 1.772335 -0.004410 1.028879 -1.148430 1.218479 0.912194 1.681286 -0.130818 0.694271 -0.013438 1.712237 -0.098424 0.392458 -0.980401 0.183334 -2.180448 1.012689 -0.497451 -0.362187 -0.034895 -0.006647 -1.633945 -1.412774 -1.233162 0.822806 0.819489 0.795382 -0.401682 0.547647 -0.263165 0.152968
5 0.409481 -1.367961 -0.002476 1.243441 -0.121731 -0.379108 -0.421530 -1.374506 0.980502 0.701647 1.445154 0.665547 -0.933032 0.437040 -0.656327 0.386036 3.094609 0.791911 -1.297794 0.711341 1.373538 -0.242358 0.611530 -0.304766 -1.736019 -0.058417 0.595592 -0.324034 0.463219 -0.311892 -2.019600 0.561731 -0.760778 -1.009480 -1.016201 0.377673 -0.145480 -1.345771 -0.086452 0.227090 1.618579 0.753936 -0.365665 -0.570698 0.025253 0.261233 0.369918 0.086054 -3.152657 -0.129374
6 -0.407226 1.007838 -0.397593 -2.212614 -0.821817 0.468956 -1.492089 1.904824 0.921013 -0.599274 0.458161 -1.471245 0.173741 -3.084399 -0.911240 -0.230563 -0.575042 1.105535 -2.994564 0.722508 0.173989 0.094094 0.221090 0.506603 1.341653 0.226920 -1.636562 1.327803 -1.024357 0.458646 -0.592591 0.960439 0.265155 1.014059 -0.159681 -1.602213 0.000849 -0.486180 -1.104243 0.149662 -1.310059 2.084352 -0.925783 0.481578 0.412434 -0.960491 -1.064052 -1.101860 -1.380326 -0.730869
7 -0.139220 1.363453 -0.922670 1.539628 -0.465979 0.973803 1.396495 0.203007 -0.306163 0.383303 -0.057391 -0.364772 -2.806763 -0.849633 0.850130 -1.076758 -0.934648 -2.313887 0.974261 0.851858 0.614142 -0.120881 -0.065023 -1.197135 -0.173306 0.806347 0.210550 -0.669217 -0.363248 1.017546 -0.223302 -0.130830 0.265504 0.221903 -1.154246 -1.952907 0.625249 0.323635 0.310264 0.710586 -0.939005 -1.555691 -0.570492 0.810444 0.417141 -0.108145 -0.888243 0.796238 0.613042 -0.396469
8 0.863431 0.746442 -0.847921 -0.337055 -2.091422 1.277695 0.181030 -0.597752 -2.005967 -1.733676 -0.521840 -0.078453 0.905723 0.157430 -0.563540 0.316136 -0.837641 -1.979723 1.532138 1.101140 0.400924 0.149944 0.935658 -0.083655 -0.475333 1.443491 1.084368 -0.753605 -0.937902 -0.456203 1.745625 -0.303320 -1.991992 -0.197039 -2.408725 0.804711 0.860201 -0.128498 0.510008 -0.901529 -0.147608 -0.700710 0.767052 1.076495 -0.232605 -0.428388 -0.429582 -1.304547 0.528734 0.688641
9 0.056370 0.094648 -1.243503 -1.445842 0.807092 0.869467 0.688860 -0.914717 -1.048191 0.198265 -0.664330 0.313762 0.448082 -0.966596 2.099821 0.565118 -1.051051 0.833058 -0.121349 0.091248 1.791200 2.093080 1.515435 -1.014122 0.126048 -1.053699 0.192027 2.851278 0.033522 -0.267391 -1.280396 0.439030 0.200778 -1.043536 2.655671 0.211374 -0.805119 -3.033757 1.085866 -0.739455 -0.912526 0.176648 -1.297089 -0.613753 -0.163435 0.408136 -0.503377 0.037114 0.022504 0.495400
10 1.559200 0.388500 -1.529663 -2.665715 0.674542 -0.217500 -1.208672 -0.410526 1.331187 -1.505281 0.636614 -0.138137 0.261164 -0.946814 -0.636103 -2.074162 -0.617524 -0.797378 1.762548 1.020605 0.587535 -1.695555 0.985396 -0.547750 -0.407768 -0.146819 0.553948 1.388865 -1.412981 -0.786580 0.152445 1.496252 0.198359 1.498768 2.164573 1.245213 -0.693149 0.815845 0.951213 -0.634000 1.331043 1.043130 0.738567 -0.083559 0.094209 0.907105 -0.379514 -0.622810 2.104873 -0.322405
11 1.646567 -0.570263 0.419686 -0.968716 -0.137064 -0.081017 1.955592 1.070420 -0.970835 0.671802 0.073767 -1.046304 1.995424 -0.934062 -1.792474 0.631201 -0.386151 0.085382 1.857917 1.110675 1.098125 -1.054358 1.256396 0.223610 0.008521 0.155008 0.110460 0.521853 -0.843429 0.734252 -1.108841 0.939686 -0.721892 -0.351880 -1.664173 0.466059 -1.272458 1.064198 -0.134485 0.556169 -1.162930 -0.046100 -1.679261 2.069990 0.590691 -1.907470 -0.553651 -0.191240 -0.990228 -1.056496
12 0.958951 1.670869 0.840386 0.796278 -0.971201 0.365198 0.196152 -0.456086 -0.263034 -1.288430 -0.334272 -0.371136 1.242279 -0.165291 1.740342 -0.533959 -1.218942 -0.381915 0.347542 1.276981 -0.798219 -0.452009 -1.163123 0.236655 0.217546 -0.467139 -1.859690 -0.630576 -1.285460 1.170232 -2.046488 0.967041 -1.284857 -0.481955 -0.788709 1.908724 -0.269734 1.852889 -1.319917 -0.173811 0.485006 -0.186824 -1.489017 -0.684813 1.768904 -1.253536 -0.218373 1.605224 -0.728005 -1.926185
13 1.285055 0.302828 0.319890 0.647865 -1.008585 0.853857 0.571266 -1.471285 1.465960 0.477827 -0.055169 -0.043150 -0.853834 0.624218 1.858119 1.174385 -0.565595 -0.623812 -1.154999 0.327030 0.147176 -0.154169 0.063831 0.656359 0.803455 -0.499790 -0.477556 -0.621392 2.028056 -0.388339 0.202591 -0.266437 1.388243 0.910726 0.711465 -0.635211 1.250473 -0.310728 0.060866 -1.950917 0.779464 0.886276 -0.242598 0.101178 0.300262 1.517438 0.645048 0.804693 2.758823 0.095423
14 1.022250 2.888469 1.634644 3.120385 5.092982 3.478741 3.183959 2.652287 3.446456 0.443372 -0.869424 4.042417 3.738200 0.976396 0.704231 -2.094999 4.369575 2.565580 1.960654 0.780249 2.169727 1.380796 1.259628 1.380515 4.201972 -2.513681 0.423754 -0.082759 2.240273 3.593766 1.842728 -0.514167 0.032648 1.403499 -0.041759 0.137720 1.235358 3.543496 3.791697 4.050909 3.175133 3.027401 4.060975 3.383774 0.617431 -0.354347 2.602247 -0.503693 -0.288333 -1.590767
15 0.858171 -1.777803 -0.334236 0.923982 -0.409975 -1.437259 0.074788 0.078768 0.210381 -0.131524 0.941808 0.726784 0.570418 -0.162678 0.228211 0.711034 0.671583 0.278467 -1.484525 -0.758256 -0.147802 0.642963 0.163276 0.424615 -0.696778 0.884359 -0.558521 -1.146069 -0.954975 1.578380 0.934862 0.263340 0.049057 0.277309 -0.287423 1.215388 -0.317120 0.499747 0.592494 -0.478462 0.106424 -0.896829 -0.824348 1.343893 -0.679219 -0.055562 0.368588 0.837101 0.898509 -0.136365
16 -0.483624 -0.486264 0.871464 0.382215 -1.504449 -0.066337 0.260648 -0.842770 0.961875 -0.150828 -1.515772 0.082102 0.440834 -0.678394 1.159251 -0.222907 1.039186 -0.135660 -0.851193 1.286900 -0.801792 -0.663207 1.349214 0.128844 0.573185 -0.641767 1.652416 2.411886 -0.536747 0.253248 0.962166 0.410117 -0.862485 1.620006 0.926367 -0.086723 0.380610 0.061817 0.453254 -0.213137 -0.361911 0.298931 -0.434054 -0.138825 -0.399611 0.445589 -1.265432 0.612980 -0.424157 0.480301
17 -1.002149 -0.020908 -0.446940 -1.746510 -0.053431 1.314733 0.067073 -0.236288 -0.679629 -1.663121 -0.469893 0.847195 -1.301258 -0.658767 0.289564 -0.300975 -2.026318 -2.308674 0.332139 -1.122714 0.276455 0.942824 1.282063 1.822977 -0.175518 0.061573 -1.179788 -2.222190 -1.018843 -0.103163 -0.586833 0.545627 1.160027 -1.302706 1.178716 -1.189913 1.343690 -0.474548 -1.034449 -0.860142 0.946593 0.977533 -0.836774 2.255072 0.445395 0.803468 -0.225905 0.252853 -1.045306 0.397128
18 -0.257822 1.740366 0.856416 -0.023620 1.099034 -2.478595 -0.185906 0.883410 -1.181281 -0.170491 0.529977 1.445854 2.111131 -0.236277 0.277295 -0.836560 0.453427 -0.855349 -0.208826 0.253570 -0.137031 0.972932 1.861201 -2.002146 -1.042363 0.767625 -0.074191 0.195286 0.107511 0.861754 0.148598 0.909829 0.720550 -1.055777 -0.017847 2.103000 -0.154433 -0.440527 -0.724414 -1.439413 0.309574 0.233633 1.101899 0.441778 -1.134491 -1.729299 -0.043335 -0.003166 -0.291862 0.665199
19 -0.087953 -0.326278 -0.324885 -1.036130 -0.948702 -2.263075 -1.257506 0.131943 -0.001233 0.314876 1.014196 -0.823508 0.849571 -0.873261 -0.060952 -1.001981 1.334940 -0.278950 -0.410127 0.545273 -0.554165 -0.261876 -0.046920 -1.488810 -0.049367 -0.498467 0.883460 0.378045 0.184222 -0.891963 -1.008511 1.170507 1.597704 -0.758313 -1.447481 -1.517360 0.349731 0.956450 0.300101 0.866820 0.506483 0.007727 -0.844161 -1.111848 -0.252714 0.053832 -0.452939 -0.683746 1.779360 1.338686
20 -2.271855 0.677567 1.570611 -0.961870 -1.231092 0.637895 -0.097153 -1.254651 0.125369 -0.793177 -0.069198 0.054488 0.668577 0.760956 0.714034 0.446120 -0.809224 -1.585207 0.897708 -1.819928 0.000813 0.507639 -1.917502 0.063952 0.322205 -1.180769 0.756200 -0.699875 0.509050 -0.475667 1.296218 0.657628 0.729764 0.524199 0.997654 -0.253244 1.433432 -0.379486 -1.290838 0.884970 -0.899370 -0.022525 -1.589280 1.362500 -0.117819 0.785552 0.396967 -0.384600 -0.108616 1.641795
21 1.342894 -0.214027 -0.925148 -0.179030 -0.102552 1.228466 1.582640 3.100638 -0.408505 -0.338823 1.458720 0.889302 -0.060420 0.414003 1.165048 1.109183 -1.332505 -0.849681 -1.070952 0.637599 0.230076 0.799959 -0.787174 1.029200 1.671936 0.086020 -0.739515 1.225983 0.072285 -0.876403 -0.013339 -0.200260 -0.110437 1.152768 1.771662 -0.321183 -1.063840 -0.851275 1.784526 -2.272935 1.177900 -1.673747 -0.689253 0.762860 0.646306 -2.138120 -0.328176 3.081581 -0.077918 1.579227
22 0.592045 -2.591073 0.737683 -1.026808 -0.248938 -1.585062 0.048991 0.530572 0.509413 1.861527 1.768690 0.365234 -0.710585 -0.608884 -0.156981 1.120709 0.180222 0.988755 -1.548821 -0.983081 -1.113644 -0.678622 -0.270278 -0.551756 -2.452189 0.759624 1.574155 0.116548 -0.164199 1.512395 -0.192139 0.366339 -1.760806 0.954894 -1.156410 0.841462 1.804734 1.478891 0.618160 -1.033256 -0.270235 -0.865763 0.651033 -0.327285 0.979813 0.720836 0.652850 0.028020 -0.044686 1.052171
23 -1.256109 1.759763 3.936973 0.192063 2.240798 3.850521 5.609721 3.553486 3.956456 0.198292 1.671848 5.120204 1.079567 -2.696077 -0.981696 -2.523396 4.648228 3.808914 2.279070 0.701214 3.094519 3.454552 2.127583 -0.289950 2.981175 0.536063 -0.810052 -2.082419 5.195957 1.712942 2.728450 0.464992 0.250249 3.095426 -1.787040 0.662783 4.558088 3.106139 1.987761 2.388965 3.574398 5.077732 4.240059 5.502107 -0.482198 -0.808001 2.289706 -2.255325 -0.751882 0.877353
24 0.303994 2.634329 3.979146 3.482078 2.548907 2.816394 3.410468 3.903107 4.041326 -0.827566 -0.245128 3.042718 5.596859 -0.781288 0.966448 0.713832 3.161254 2.435340 3.524348 0.648340 5.813288 2.844406 3.789064 1.247397 3.404830 0.393434 -0.297528 0.405525 2.624570 3.586819 3.135013 1.225078 0.771274 2.881559 -1.435261 0.348895 2.888421 2.368682 3.625948 2.961758 2.239795 1.821853 4.038437 3.642564 -0.946286 -0.553546 2.739619 -1.078484 0.356338 0.834174
25 0.179081 3.220505 2.986473 4.004337 4.724971 1.519593 4.772068 4.100363 3.907469 -0.157717 -0.367411 1.704345 3.984802 -0.532877 -0.313839 -0.372545 3.717156 3.410246 3.364919 -0.432788 3.578719 2.407047 2.354469 0.518090 3.226358 1.135610 -1.171230 1.983753 1.983646 3.185795 2.938989 -0.070397 1.172835 2.838212 0.154866 0.332295 2.277692 3.648932 2.946601 4.165211 3.170733 1.541897 2.126328 3.001457 0.036992 -0.894581 2.011686 0.931644 0.397972 -1.307574
26 0.413779 -0.065146 0.077599 -0.994221 -0.909603 1.711210 -1.094638 -1.437150 2.092941 0.002259 -0.249507 -0.776940 -0.584083 -0.668701 -0.322360 0.936512 -0.292293 -0.464015 -0.618780 0.864610 -1.976343 -1.197850 0.606965 1.184441 -2.367090 0.415524 -0.068284 -0.230399 1.254624 1.713356 -0.113117 0.823996 -2.534028 1.014792 -1.785752 0.564644 -0.241545 0.986365 -0.831014 -0.889803 0.289299 0.453410 0.444200 -0.872221 0.610635 1.348625 0.279412 1.383108 0.815358 -0.507531
27 -0.163073 -1.114135 -1.181910 1.149405 1.408948 -1.187966 0.695214 0.298704 -0.600469 1.238299 0.910952 0.134619 1.372872 1.280555 0.853334 2.267005 1.389433 0.204602 -2.020360 -0.746320 0.327984 -0.644767 1.014030 -0.327617 1.204372 -0.512456 -0.694103 -1.061528 -0.306452 -0.124891 0.257664 -1.040409 1.949901 0.524883 -0.401195 1.293092 -0.357044 2.209788 0.317347 -0.705770 -0.370445 0.039865 -0.145988 -1.219306 0.348642 -0.484505 -0.469303 -0.133350 -0.622564 0.482115
28 -0.361839 -1.245950 0.265597 1.040906 -0.715958 0.570430 1.805182 1.752318 -0.340232 -0.757835 -1.116311 -1.368315 0.059195 0.589029 -0.125638 -1.104955 -0.251709 -0.751936 -1.202208 0.072580 -1.261644 0.000370 -2.312263 -0.229249 -0.215894 -0.969429 0.173885 -1.331908 -0.820149 -0.211201 -0.754179 -0.141737 1.108865 -0.034779 -1.178051 -0.291112 0.897940 0.410206 -0.158926 -0.021262 -0.685797 0.501123 -1.045490 -0.323381 0.252408 -1.820937 -0.697046 -0.257398 -0.486606 -0.185102
29 -1.519480 0.904441 -0.805881 -0.165887 -0.735139 0.753401 1.014281 0.662595 -0.186741 1.221662 0.048093 -0.205521 -2.738096 -1.663348 -0.486947 0.247639 0.141549 0.035749 1.300814 0.701760 0.759839 -0.206234 1.203242 -0.558729 0.747169 0.646773 -0.273580 -1.090701 1.311635 -0.264274 -0.948794 -0.126516 -2.348893 0.556008 -0.279027 0.019790 0.378090 0.985570 -0.292414 -1.469427 0.212000 -0.822498 -0.784270 0.930569 -1.725271 -0.145625 -0.600300 1.122064 -1.035304 -0.082884
30 0.163800 -0.935856 0.473712 0.716147 0.031541 0.189962 -0.878597 -0.436821 -0.135518 -0.012724 0.717612 0.100133 0.096299 -1.939011 -0.186601 -0.018269 -1.073194 -0.009212 -1.548592 -0.292549 0.603749 2.586466 -0.324311 -2.249165 0.135489 0.499833 0.845018 -0.810480 -0.579631 0.186693 0.765181 1.512096 0.403344 -0.122907 -2.004028 -0.938992 -1.035543 0.637468 -0.559518 0.545782 0.229184 -1.395910 0.170640 -1.252569 1.128644 -0.136232 -0.454969 -0.282163 -1.015081 0.486020
31 -1.300573 -1.009349 -0.585440 0.642072 0.306620 1.768532 -0.030090 0.268706 0.055187 -0.710454 0.125112 -1.938779 -1.643796 -0.141337 -0.102499 -1.587792 0.572007 0.322352 -1.090462 -0.723025 -0.545688 -0.191678 1.379167 -1.125103 0.144227 -0.514344 -0.162623 0.997655 0.936699 0.910511 0.265982 0.820372 -0.672968 -0.725128 1.183109 -0.176571 0.585451 -0.745437 -0.329991 -1.224110 0.889016 0.142870 -1.322624 -0.065016 2.082019 1.543681 -0.836614 -0.594965 -0.204771 1.595204
32 -0.119467 -0.641158 -0.377358 0.227877 -0.410117 0.625512 -0.230668 -0.336426 0.736552 1.052295 0.285936 0.906727 -0.110479 0.229496 0.074298 -0.859206 -0.615070 0.326432 2.084281 -0.872294 1.680146 -0.146019 0.618715 0.717106 -0.597446 0.896085 -0.544031 0.404736 -2.768376 -0.570860 -0.783847 -0.811002 -1.170945 -0.203673 2.544123 -0.693379 0.714468 -2.297866 0.673941 -1.877465 -0.298755 1.915475 -0.169818 -1.150409 -0.316279 -0.073987 -0.077922 0.152920 -0.090851 -0.647851
33 -0.841366 2.482760 2.096645 5.326316 3.334166 3.739142 4.098195 1.772008 4.211295 0.900918 1.869883 2.803578 2.394951 -0.508197 2.051700 -1.875860 3.643664 1.177682 3.029353 0.070583 1.568210 2.953647 4.282091 -1.109226 2.526954 1.325134 -0.161839 -0.433910 4.780538 3.524749 2.059983 -0.927124 0.717987 4.628989 0.052883 0.053333 3.379544 3.859854 1.498681 2.873328 2.671465 2.707685 2.367715 1.521220 -1.254670 -1.160951 3.675847 0.194423 -1.056861 -1.446591
34 -0.225137 -0.975324 -0.032517 0.703301 2.268640 -0.323361 -0.376769 -0.422292 0.509170 0.244046 0.476912 0.047210 0.000550 1.300862 0.188857 0.811020 0.838840 -0.456107 -0.183393 -1.593855 -0.659081 0.065836 0.679431 0.052188 0.177498 -0.553100 -0.960675 -0.371352 0.306143 -1.049103 -0.514057 -0.318805 -0.325788 0.484569 0.454786 0.290137 0.883995 -1.387443 -1.002267 0.097311 -1.140811 -0.335807 -0.562512 -0.790258 0.730840 -1.815886 -0.454525 1.180618 0.495603 1.292005
35 0.761666 0.219246 1.183812 0.461999 -1.305415 0.057403 0.483620 -0.497632 -1.355946 -2.060147 0.330886 0.820436 -0.970935 -1.623714 0.589060 0.061606 -1.576657 0.068371 -1.453240 1.459558 -1.725588 -0.405855 0.266026 0.537713 1.676805 -0.447204 -0.671533 -1.697601 -0.289886 0.405682 0.653019 -0.856350 1.061405 0.725665 0.168412 0.947103 -0.574671 -0.007199 -1.080659 -0.727567 -1.555002 0.486657 -0.070492 0.512439 -2.052569 -0.978996 1.037484 -1.447483 0.597341 -0.149975
36 -1.913916 -0.602613 -0.207747 0.123324 0.433068 0.044460 -1.574201 -0.344580 -1.226447 -1.997755 0.227364 -0.590405 -0.232598 -0.344994 0.821083 -0.873299 -1.565266 -0.371748 1.692143 -1.217677 0.966242 1.368162 1.173491 -2.360968 2.356532 0.292080 -1.948834 -0.660022 -1.770769 -0.965992 1.123382 -0.970352 1.439962 0.092968 0.679401 -0.971469 0.523910 1.546070 0.183287 -1.478437 0.470686 -1.078416 -0.411996 0.492256 -0.708616 -0.911721 -1.940721 -0.806308 -0.366771 -0.260815
37 0.370740 0.421017 -1.203713 0.975685 2.331137 0.244432 0.749026 0.099545 -0.295166 1.707919 -0.422378 -1.553462 0.962869 -0.882587 0.071211 -0.910752 0.412905 1.518354 0.006216 0.602343 0.044017 1.026907 0.815737 0.602091 -0.938663 -1.125920 -0.133692 1.410545 1.504809 0.440922 -0.639585 0.571689 0.704179 -0.033336 0.697185 0.866238 1.543530 -0.221862 -0.202550 -0.820504 -0.563622 -1.291965 -0.174172 0.462340 0.387909 -0.015920 -0.601790 -2.224224 -0.309093 1.251947
38 -0.412089 -1.506334 -1.219514 0.601882 0.474727 -0.647071 -0.492448 0.680222 0.429145 1.505149 -1.039134 -0.434976 0.663205 2.394041 1.774806 -1.638061 -2.271806 0.996320 1.225503 -0.194982 1.921178 -0.937763 0.656623 -0.589679 -0.941091 1.098729 0.116572 0.695053 1.350893 0.594952 -0.179828 1.783005 -0.535929 0.889813 0.169523 2.164780 0.376555 -0.557120 -0.304284 -1.920474 -1.502802 0.279192 0.165620 -0.151913 0.970743 0.679796 -0.630680 -0.124757 1.378708 0.184212
39 2.004450 0.081089 -0.864174 -0.539319 -1.111541 -0.500324 -1.202492 -0.101956 -0.968853 1.202576 -0.549357 -1.196997 0.465159 1.654406 -0.201421 0.815020 0.192506 1.395012 0.293681 0.181936 -0.139792 -1.162320 -0.466596 -2.742973 1.279989 0.610941 0.878355 0.606111 -0.792415 -0.140750 0.120480 0.368473 0.339014 -0.246714 -0.902702 -0.819717 0.610175 0.987144 -0.098061 0.279353 -0.311558 -0.015399 1.193291 -1.436952 0.469270 0.361433 2.241121 -2.105119 -0.194393 -1.628308
40 -2.386105 1.432769 0.906219 1.079911 -0.429539 0.086371 0.765915 -0.452428 -0.311152 -0.625326 0.223347 3.119864 1.318217 -1.126150 0.399625 -1.928458 -0.799168 -0.313140 -0.236784 0.495448 -1.096555 -1.251645 -0.224150 1.298484 -1.361446 -0.113020 2.624176 -0.294539 -2.042249 -0.287784 1.045053 -2.049033 -0.276403 1.835863 -1.424401 -0.615590 1.326823 -0.658552 0.949973 0.340602 -0.354849 -1.572208 0.321634 -0.959772 0.261018 0.120278 -1.095909 -0.719632 -1.060491 0.481702
41 -0.718817 0.287820 -0.906577 -0.196645 -1.678388 0.318201 1.420509 0.933450 -0.697931 0.733156 1.936349 -0.147346 -1.652565 0.121000 -0.395382 -2.123436 0.220884 1.077450 0.610826 0.933541 -0.664637 -0.520515 0.457728 -2.065369 0.768433 -0.329487 -0.581928 -0.970277 0.654950 -1.015315 -0.097569 0.318362 -0.394177 -0.253313 0.131867 0.267081 0.262736 0.384109 0.403756 1.896432 -1.003139 1.012381 -0.280334 -1.429063 0.456938 -0.281707 -0.388124 0.750364 -0.542008 1.015040
42 0.945120 0.976582 -0.366320 -0.003778 0.503811 -0.911326 0.741072 -0.429640 -0.289043 1.696270 -0.242453 0.029504 1.201761 -1.841929 -2.124657 0.128930 -1.037036 -1.051403 -0.811549 0.827694 1.825629 0.131816 0.050962 -1.368575 0.777117 1.749574 0.161634 1.026030 0.805367 -2.261076 0.018360 -1.615420 0.427438 -0.878168 0.891137 2.137364 0.525031 1.813942 -0.545523 -0.474925 -0.627801 0.260699 -1.243883 -0.265889 0.247941 -0.145491 0.748192 -0.061224 1.117153 0.630283
43 -0.089806 0.244086 -0.012666 -0.305978 -0.132705 -1.473503 1.584115 -0.615211 0.298947 -0.350825 -0.329100 -0.342403 0.165262 -0.313221 -0.971161 0.962460 0.309977 -1.406085 0.297785 -0.675418 -0.292067 0.088059 -0.571383 0.254362 0.171151 0.584733 1.328960 -0.795598 -1.418604 -0.821715 -0.624891 1.592541 1.005373 -1.142343 1.262917 -0.201250 1.115964 -0.364704 1.453120 -0.441587 -0.718807 -0.965019 1.127643 -0.141140 0.298948 0.204829 -0.205501 0.133313 0.997136 1.041156
44 1.372335 1.442056 0.450056 0.073132 0.630046 -0.386063 -0.996154 1.460760 0.050312 0.439765 -0.070881 -0.342154 0.858323 -1.081450 1.885506 0.601681 1.412020 -0.125091 0.569821 -0.820902 -0.262244 1.407109 0.332693 0.755759 0.534630 1.331713 -0.481273 -0.854383 -0.139649 0.607054 0.102509 1.343620 0.405497 0.482886 0.236425 -0.398915 -0.045345 -0.248599 0.281408 -0.051274 -0.430513 -0.549662 -2.267374 1.399600 0.491291 -0.418814 -0.077063 -0.101737 -1.030543 0.209911
45 -0.749767 -0.502617 -0.073992 -0.770382 -1.053433 0.372238 -0.112988 -2.376355 0.098491 0.701932 -0.499754 -0.250933 0.882966 -0.726947 2.787290 0.244437 -0.859219 0.134482 1.776405 0.984757 0.379653 1.344500 0.377443 0.934082 -2.384217 -0.176831 0.653879 0.489549 -1.976210 1.681767 1.282928 0.141877 -0.542439 -0.212209 -1.132275 0.570748 -0.692332 -0.319949 -0.115564 0.636609 0.839263 -0.812303 -0.516411 1.091939 0.776005 -1.583303 0.930393 0.494195 -1.570935 -0.590870
46 -0.032626 -0.870439 -0.780769 -0.972354 -0.365436 -0.717391 -3.126348 0.947432 0.837203 -2.621777 -0.873698 0.182852 -0.666877 0.968277 0.978134 0.735677 1.207817 -0.542534 -0.436156 -0.041927 -0.304136 0.483870 -1.874806 -0.130911 -0.860926 -1.174225 -0.595582 -0.754060 -0.765038 -0.320314 0.160252 0.372276 -1.505505 -0.791666 0.267289 -0.668097 0.086044 0.581068 2.155084 0.754938 1.243348 1.275668 0.526258 0.462695 0.218226 -1.135725 1.280759 -0.160472 1.123036 0.677095
47 1.959300 -1.809619 1.725868 0.148369 -0.594804 -1.488320 1.157523 0.849059 -0.673478 -0.679305 -0.206383 -0.958780 0.319274 -0.791332 0.516538 -0.344459 0.544589 1.010604 0.055223 1.466504 -0.181518 -0.309329 0.153698 1.170603 0.473269 -0.335840 1.072013 -0.087149 -0.777646 -1.698069 0.338558 0.298036 0.224618 -0.304130 0.642887 -0.121376 -0.307089 1.022984 0.714109 -1.108178 -0.183483 -0.189639 1.074218 -0.294529 -1.329766 -2.127071 -0.404112 1.689530 -2.202396 -0.091230
48 0.424437 -1.110757 -1.710614 0.113127 -0.151471 2.697248 1.144069 0.914184 -2.443883 1.334038 -0.562241 0.873295 -0.009884 -2.334405 0.693914 0.386871 -0.345430 -0.248512 -1.257015 -0.378960 0.313329 0.500425 -2.431911 0.341289 -1.466891 -0.944246 -0.685847 -1.530506 0.673768 -1.559174 -1.815693 1.400028 0.631859 0.146894 -0.318736 -0.743951 -0.569593 -1.280334 -1.247636 0.144924 1.106582 0.407863 -0.019270 -1.536457 0.962333 -1.636270 0.200933 -0.225859 -0.246820 -0.486293
49 1.339872 1.617345 -0.195029 -1.146614 1.058120 -1.322502 0.628689 -1.196129 -0.422576 0.226575 0.363202 -1.823897 -0.137838 1.294996 -0.084317 -0.322095 -2.488267 -0.621255 0.137110 2.063082 0.206103 -0.461561 0.853682 1.608555 0.431080 -2.144104 0.407501 1.081664 -1.141601 -0.449647 0.773682 -0.271254 1.260691 -1.272748 0.234592 1.035984 -0.295504 -1.199018 -0.027118 -2.570178 0.125996 1.865197 -0.665033 0.900914 -0.825143 -0.272097 -1.363903 -0.611917 0.481752 -0.003767
50 -1.399917 -0.654035 -0.578427 0.315872 -1.668258 -0.338440 -1.159818 0.270743 -0.555278 1.069119 -1.510725 0.370345 0.290695 1.638840 1.065101 1.020483 -0.270180 -0.722021 -1.754063 1.827931 -0.800921 -1.247535 0.375348 -0.008868 -1.316508 -0.740524 -0.347891 0.072808 0.026273 -0.575223 0.598589 1.202375 1.802575 -2.027151 -0.372675 0.740625 0.749511 0.061990 1.256541 0.489391 -0.761357 0.192373 -0.020820 -1.576817 -0.463399 0.203336 0.935430 2.229296 -0.274382 -0.530217
51 1.201649 -0.036431 -1.142415 1.216462 -0.947745 0.270415 0.038160 0.111649 -0.475247 1.263668 2.170751 -0.545008 0.106212 -0.330211 0.886085 0.177523 0.016382 1.669007 0.469420 -0.509682 0.524851 -0.122853 0.203162 -0.589752 2.698173 -2.084086 0.684456 -1.890501 1.368374 0.500878 0.012312 -0.581622 0.243228 -0.606869 0.316973 -0.850150 -1.508159 0.356973 0.578683 0.688732 0.612661 -0.597783 1.039791 0.390116 1.349711 1.509026 1.355346 -0.049403 -0.564169 1.462659
52 0.734820 -1.235479 -1.017556 -0.521616 1.378110 0.284292 -0.689773 -0.814866 1.010933 0.562965 1.788540 -0.295242 -1.156473 -0.221111 0.779809 -0.971890 0.795709 1.393183 1.834149 -0.145011 -0.592583 0.171378 1.259506 -0.038727 0.653830 1.072010 1.345553 -0.181238 -0.462946 -1.254009 0.813157 -1.428029 0.096257 0.284784 0.938006 0.674076 0.433163 1.071542 -0.025606 0.019684 1.945385 -0.581384 -0.505417 -1.092461 -0.311785 -0.281374 1.003317 -1.122025 -1.126870 -0.408679
53 1.806374 -1.281564 -0.652476 -0.265908 0.526139 -0.132712 -1.513552 -0.061105 0.079152 0.660795 0.414861 -1.637188 0.670723 -1.306449 -1.502299 -0.603250 0.744520 -0.658642 -0.072543 0.075383 -0.713119 -1.058231 1.491223 -1.281837 -1.019859 -0.747768 0.542210 0.028897 -0.220677 0.326072 0.808964 0.943858 0.598560 -0.324404 0.917200 -0.103219 2.113696 1.952456 -1.049372 1.487130 0.552952 1.299797 -1.037074 -0.196047 0.982241 0.236431 1.657242 0.513791 -0.201405 0.100479
54 0.177570 0.682612 0.635745 -2.033479 0.404454 -1.053159 -0.791118 0.540280 0.140498 -0.913804 1.007626 -0.691391 -0.861270 -1.762580 0.043790 -0.722996 0.528393 0.145612 0.794826 0.126330 -0.282694 -1.033060 -1.564226 0.821378 -1.218674 -0.386279 -0.382374 0.869032 -0.769929 1.816247 -0.440374 -0.915152 -1.000946 -0.027687 -2.078824 0.667675 0.022777 0.831717 -0.031362 0.947810 2.593203 0.423927 1.498342 0.673287 -0.366025 0.546323 -1.130606 0.989192 1.917488 -0.472346
55 -0.192801 0.843518 0.430781 -0.012884 -2.089325 0.683117 0.748363 1.312299 0.137035 -0.292462 -0.755737 0.268750 1.509932 0.311603 -0.323206 0.402470 -2.020213 0.881933 -0.668117 -0.699873 1.162325 -0.211651 -1.335516 -1.178600 0.260389 0.721951 0.087061 -0.035751 -1.450269 0.769055 -1.471784 1.265218 0.604502 2.068707 -1.639254 -0.336735 -0.802646 -1.320230 0.270248 0.807312 -0.832017 -1.059525 -0.420064 -0.144579 -2.449657 0.995623 -0.667518 0.141091 0.752004 -0.237323
56 1.565447 0.819247 0.591950 0.883309 -1.600403 -2.075688 0.294694 -0.348012 -0.625454 -0.683399 0.923718 -0.546781 1.417824 0.661040 0.838808 0.248333 1.567707 -0.997312 0.238165 -0.388348 -2.375260 -2.856499 0.473615 -0.737862 0.776004 -0.341771 0.248441 1.142566 -0.779058 0.111522 0.325532 0.930234 -0.284797 1.057096 0.014741 1.325681 0.450198 -2.617495 -1.178528 2.721225 0.472164 -0.557128 1.346207 -0.708402 -2.231128 0.653990 0.344213 1.316387 0.271011 0.347462
57 -0.940894 -0.956633 -0.184192 -1.872951 -0.760766 -0.528275 -0.100493 0.581705 -0.392236 0.811724 0.265600 0.369592 1.009251 -0.655113 -1.283969 0.670821 0.443128 -0.124508 0.131719 -1.738831 1.913043 0.080171 0.929466 -0.432250 0.324117 0.068078 0.695700 1.164758 0.280823 -0.460806 -0.905110 0.729883 2.329054 -0.085942 -1.133130 0.467383 0.151115 0.131794 0.999098 -0.629925 1.343746 0.604166 -0.840782 -0.168743 0.480296 -1.201220 0.933086 -0.206944 -0.484467 -0.442517
58 1.954416 0.386871 1.536176 1.815645 0.135342 -0.372760 1.100475 0.054030 1.169680 -0.862337 1.169209 -1.333475 -0.981315 -1.292731 -1.466708 -1.394569 -0.139977 0.299769 2.577869 -1.275024 -0.348403 0.602785 -0.511415 -0.872942 -0.368088 0.542012 0.230027 1.769672 -1.812916 -0.748643 -0.637160 0.586906 -0.239265 -0.140982 -0.640396 0.737871 -1.422101 -0.232491 -1.789842 -0.993913 -1.159359 1.424285 -0.130839 -1.466101 -0.121201 1.015993 -2.169517 -0.712734 0.292623 0.333978
59 -1.074356 -0.367733 1.034162 -0.254132 1.465242 1.157491 -1.372472 0.543489 -0.450234 -0.879291 0.977265 -2.273680 -0.240779 0.271244 0.167511 1.260351 0.242286 1.418510 0.751349 -0.635771 0.109312 -1.135833 -1.046181 0.096432 -0.602924 -0.440352 0.419795 -1.423819 -1.123688 0.654740 -0.772804 0.263298 1.931654 1.311137 0.776102 1.339500 0.605667 2.019938 -1.597882 0.222670 -0.679168 -0.433268 1.269240 -0.217816 -0.808475 -0.326675 -2.284845 0.840415 2.336104 0.147938
60 -0.303639 -1.184836 -1.645048 -0.433037 -0.220289 -0.086895 0.236430 1.350026 1.822248 1.058172 -0.531782 -0.580330 0.052463 -0.848749 -0.125008 1.446992 1.696669 0.546130 -1.096047 0.884371 -1.156009 -0.725586 -0.912170 0.293097 -0.269373 0.765190 0.668602 0.600090 0.133620 0.208199 2.253062 -0.983930 -0.320432 -1.180746 0.669118 0.086260 0.958151 0.548284 0.094543 -1.012516 0.239747 0.216408 -0.156962 -0.175330 1.030699 -0.179155 0.390840 -0.664141 -0.196857 0.748532
61 1.264367 -1.698291 0.005027 -1.178681 0.376503 -1.970360 0.851961 0.269096 0.841431 0.671414 1.136476 -1.725169 0.113351 -0.528098 0.750843 0.052664 0.060278 0.589328 0.461180 0.695872 0.809556 0.309264 -2.039190 0.172162 -1.458126 -0.288550 1.391562 -0.384534 0.261299 -0.727268 1.804076 2.793541 1.110091 0.993386 -1.112421 2.303385 -0.374947 -1.281771 -0.076561 0.586552 0.249243 0.565782 0.665920 0.444290 -0.766820 -0.141741 -0.388206 0.180561 -0.180967 -0.227345
62 0.071446 3.179219 -1.678312 -0.425762 1.665446 -0.774951 -0.207721 0.093194 -0.531863 -0.436579 -0.693996 -0.136288 -0.504215 0.857114 -0.275147 0.134288 -1.006814 -0.287798 -0.787998 -1.341297 0.930422 -0.040471 0.750894 -1.046200 -0.105157 0.914152 -0.645419 1.474827 -1.266867 1.753967 1.075578 0.348701 2.686255 0.236751 -0.030777 -0.339086 -0.615213 0.855309 0.701094 0.754518 0.875366 0.415045 0.429391 0.425603 0.415997 -0.100365 0.995684 -0.767309 0.802069 0.306882
63 1.286562 -0.616399 0.023126 -0.602994 -2.360704 -0.370892 0.080309 0.600655 -0.556411 -0.998823 0.911736 -1.824974 0.785357 0.885994 0.145900 0.937589 -1.588145 -0.772601 0.736366 -1.242425 0.532325 -0.856985 0.745621 -0.259005 -0.835782 1.254581 1.214002 1.282327 -1.684604 -1.848347 0.772154 1.335371 -1.637424 0.922615 1.515688 -0.431957 -0.316475 0.425376 -0.426146 -0.775509 -0.509854 0.194280 -1.621950 -0.822975 2.258793 -1.398550 -0.069594 1.317854 0.066248 0.338079
64 0.839504 -0.041965 0.359207 -0.865361 -0.003772 -0.283229 -0.225764 0.135020 -1.639067 -0.383727 -1.257088 -0.657556 1.495748 -0.166283 -0.442070 -2.050661 0.549259 -1.483123 0.684440 0.872057 0.655214 0.120763 -1.168585 0.360269 -0.646150 1.013509 -1.096543 0.386537 1.787786 -0.328226 1.450988 0.202753 -1.324770 -0.341580 -0.094377 2.116748 -0.433381 0.480321 -0.279692 0.224830 -0.201242 -0.476020 0.594884 0.466516 -0.433050 1.398628 0.304380 0.188437 -0.288764 -1.562737
65 0.781769 1.049070 0.043246 0.124948 -0.353955 -0.828144 0.625201 -0.523521 -0.279065 1.145712 0.036825 0.262748 -0.214892 1.735259 0.318347 1.516269 1.588277 0.929155 0.882939 1.284601 1.322093 1.239732 -0.956410 -0.320905 0.457402 1.580056 -3.006052 0.192912 -0.216588 1.545749 -0.036085 2.001018 1.594179 2.123854 -0.267208 0.197112 0.156904 -0.764671 -0.656298 -1.045348 -0.633364 -1.370616 0.679701 -0.771917 -2.290985 0.953083 1.108649 0.760993 -0.082860 1.075947
66 0.682082 -0.921864 -0.487851 0.876956 1.382553 0.767689 -1.817852 0.281764 1.145320 -1.169282 -0.625194 0.470568 -0.680796 0.488959 1.490212 0.415036 -0.747669 1.165270 -1.037810 -0.500321 -0.016270 -1.878009 -1.488823 -0.082516 0.535961 0.066804 -0.289171 -1.144224 -0.221503 0.220190 -0.138711 0.280306 0.163918 0.469789 1.724757 -0.190196 -0.935718 0.474267 0.327188 -2.339458 1.031032 1.289595 1.224238 -0.643533 -0.662045 0.677651 0.792324 0.898965 0.884589 -1.244969
67 0.682164 -0.298901 -1.607812 0.038523 -0.643833 -0.015338 -1.171270 -1.312266 -0.028990 -1.117301 -2.058598 -0.576705 -0.755587 -1.016561 -0.211924 0.088237 -0.637120 0.382895 -1.985883 0.051504 2.010401 0.223423 -1.164284 0.837471 -1.926742 0.757057 -1.012785 0.290605 -0.196531 0.805266 0.353727 0.200460 -0.115990 -0.191020 0.166463 0.387290 0.209393 -0.028089 -2.019912 1.516686 2.009440 -1.147382 -0.711238 0.087069 -1.260422 2.143390 -0.966391 -1.028527 -0.794770 -0.432123
68 -1.187013 -1.384556 1.132324 -0.032753 1.698485 -0.137328 -0.767604 -0.380297 0.546840 -1.419708 1.589888 0.746006 -0.242389 0.212804 -1.736490 -0.244740 -0.816892 1.064154 0.373246 0.301783 -0.127756 0.047082 -0.211058 -0.029815 1.099125 0.414579 0.627281 -0.590506 0.232775 -1.175302 -0.133039 0.357326 -0.606485 1.780158 -2.257044 1.123107 -0.230668 -0.243697 0.258599 -0.560629 -0.468517 -0.033963 -0.654321 0.911550 0.937551 0.433362 1.517962 -0.221506 1.075098 0.469008
69 0.715808 1.964584 -0.116034 -1.173843 -1.485164 1.278753 0.337790 -0.496085 -0.553843 0.623846 -1.148845 0.327159 0.749536 -2.691064 -0.694270 -0.182890 -1.273562 0.830120 0.190303 0.939952 0.783928 -0.344382 -0.413939 -0.619283 -0.583657 0.668173 1.327940 -0.936894 1.882264 0.123356 0.571864 0.374830 1.108282 0.272330 -0.473337 -0.637641 -0.769840 0.941641 0.806030 0.511863 0.996699 -0.284516 -0.570625 -0.091631 1.131262 1.208551 0.159949 1.076361 0.600274 -1.940228
70 -0.426940 0.037326 -0.342166 1.113356 -0.683943 -1.710716 0.219836 0.339751 -1.577970 0.894233 0.955179 0.127864 -0.382202 2.328504 -1.246110 1.687914 -0.048895 -0.003376 -1.527954 0.781035 -1.082886 0.492830 0.846272 0.413400 -0.405115 -0.442774 0.429571 0.138815 -0.977432 0.920384 -0.426074 -0.464110 -0.469701 -1.054519 0.701800 -1.104777 0.659260 -0.054161 -1.150777 -1.178292 -0.773084 3.205260 -1.076587 -1.545909 0.042174 -0.695040 1.346358 1.199581 -0.512059 0.340153
71 -1.762552 0.024312 0.990779 1.479566 0.223622 0.053887 0.188750 -0.454064 1.505593 -0.370137 0.186882 -0.717772 -0.843373 0.952714 -0.227100 -0.434817 0.943247 -0.552219 -0.485659 -0.168600 -0.257813 -0.401639 0.428932 -0.589666 -1.090621 -0.182389 -0.658869 1.686431 -0.613881 0.002470 1.407736 -1.340350 -2.232120 -1.677556 -0.107706 -1.342255 -0.470900 0.304052 0.511291 0.123525 2.124870 0.144909 0.509661 -0.953541 -0.017668 0.978838 -0.162441 -0.166184 2.226942 0.327204
72 -1.214349 -0.377192 0.880774 -0.922638 0.391701 0.741539 0.122651 0.542511 -1.500540 -1.141662 1.181495 1.948958 -0.553810 -0.034955 -0.668287 0.511340 -1.419506 0.833009 0.068162 -1.151499 -1.746364 0.865869 1.057688 0.676860 -0.326862 1.057275 -0.071610 -0.003693 2.619678 2.145825 -0.658827 0.878769 -1.053587 0.941903 0.816391 -0.444193 0.153355 0.050048 0.449400 -1.439505 -0.172124 1.179051 0.086654 -0.175740 -0.534519 -0.115198 0.133869 -0.020722 1.008827 0.780174
73 0.244383 -1.070061 -1.153614 -0.980450 1.690729 -1.039547 0.765676 0.295483 0.654865 0.417736 0.049561 -0.383009 -0.738403 -0.487173 -1.106652 0.256331 0.542476 0.038224 -1.341451 -0.873832 1.538349 0.160424 0.939565 -1.037710 0.246626 0.298267 1.069638 0.610315 0.912080 -0.012498 -2.179219 -0.853148 -0.890952 1.843642 -0.123791 -1.669961 1.015644 -0.707021 -0.507745 0.823932 1.991283 0.569360 0.590462 -0.772643 -0.670053 3.296792 -0.157458 0.100320 -0.327450 -1.805967
74 -0.525205 -2.699191 -1.391486 -0.762223 0.874207 0.163457 -0.108759 0.416001 0.973580 -1.732228 -0.203943 -0.279457 0.981051 -0.036234 0.267324 -0.045098 -1.556615 0.023664 -0.187321 0.187682 -0.038788 -0.780375 0.169819 -0.612740 0.709871 2.328912 -2.101274 0.396130 -1.146176 -1.544267 -1.125404 0.223678 0.073338 0.223762 -0.328659 -1.948922 0.325202 -0.478817 -0.385708 -0.197026 0.198309 -0.669056 1.371230 -0.087693 0.504788 -0.602891 -1.311613 0.132301 0.519725 -0.760594
75 0.217917 0.580666 1.422954 0.219922 0.687316 -0.231276 0.269030 -0.585361 -0.815654 -1.031083 0.205150 -1.836811 1.195282 -0.991527 0.627241 1.295269 1.056435 -2.093903 -0.218369 0.329220 1.922505 -0.777282 -1.426429 -0.514423 -1.048026 -0.752187 -0.591091 0.448385 -0.493205 -0.426646 -0.965248 0.749622 -0.941547 1.486455 0.330490 -1.067133 0.346915 0.632648 0.820581 0.053732 1.540531 -0.105490 -0.032849 0.379367 1.128288 -0.440924 -1.162371 -0.515825 -0.227852 0.884118
76 0.833417 0.509536 -0.866779 -0.412726 -0.101803 1.340067 1.557519 0.548583 -1.329726 -0.364316 0.526032 -0.804322 -0.133580 0.024730 0.001827 -0.294070 -0.138964 0.134121 0.736891 -1.524058 -0.227454 -0.204077 -0.081370 1.763230 1.180461 -0.161030 -0.428673 0.510880 -0.562893 0.115021 0.588960 0.048062 0.055665 -1.282440 1.208521 0.311527 1.575683 0.118326 -0.514624 -0.299834 0.564300 0.024629 -0.632374 -1.571044 -2.204432 -1.846691 -0.151136 -1.680107 -1.769825 0.375857
77 1.187888 -0.858306 1.134760 0.094396 -1.522358 -0.533341 0.246662 0.761077 0.570595 -1.177696 1.876790 1.839029 -0.673582 -0.213439 -0.089893 -0.894313 -0.729422 -1.504294 0.069985 -0.748488 0.684127 -0.856861 -0.504458 -0.435691 0.058330 -1.033611 -0.202522 0.834631 -0.465369 -0.755811 -2.135300 0.845888 -0.558405 -1.162388 -1.266847 0.700902 0.640080 1.401116 -0.781416 -0.472226 -0.288360 0.232833 -0.629483 0.630289 1.080668 0.205992 -2.288973 -1.127011 0.831996 0.084081
78 1.062814 -0.771876 -0.262465 -0.263470 0.049314 -1.423322 -2.426225 -0.631426 1.043148 -1.051480 0.330579 0.579560 0.045236 1.715988 -0.681670 -0.524979 0.867636 0.176741 -0.447539 0.641679 -1.744352 -0.184371 -1.038382 0.885855 -0.623905 0.902238 -0.745727 -0.325687 -0.302351 1.652018 0.750047 -1.038707 1.081293 0.128941 0.815434 0.475433 -0.927471 -0.782979 -1.868997 1.173887 -0.994779 -0.444854 0.828509 1.093931 -0.334594 0.504572 0.262135 0.687194 -0.152996 0.171904
79 1.332391 -0.795951 0.525821 0.410690 1.310019 -0.654911 -1.815882 2.118894 -0.221874 0.279812 1.106169 -1.245043 1.943964 -0.760472 1.563364 0.989199 -0.368773 -1.378610 0.795829 -0.074950 -0.050891 -0.538060 -1.613937 1.294586 0.648282 -1.340208 -0.035584 0.160314 -0.586828 1.372518 -0.642891 1.085405 -0.653173 -0.184963 -1.374433 0.120428 -0.711347 0.400611 0.055172 -0.097676 0.502200 0.884883 1.962647 0.750477 0.690879 1.282107 0.732395 0.989668 -1.008836 -0.165036
80 1.515334 -0.646263 -1.128544 -1.020501 -0.483762 -0.107591 -1.884072 0.611441 -0.022001 -1.036492 -1.621257 0.031331 -0.031427 0.587124 1.215267 1.314160 -0.435586 0.426930 -0.851335 1.445341 -2.075335 0.670329 -0.380526 -0.556708 -1.349123 0.515139 -1.008539 -1.470389 -1.895175 -0.839940 1.262818 -0.551576 0.310544 -1.009065 1.129786 -0.195700 0.595898 -0.056949 0.015327 0.514345 -0.340683 0.411332 1.236690 0.091070 0.290735 0.837177 1.278680 -1.219460 -0.792825 0.809113
81 0.686701 -1.431108 0.399455 -2.089640 2.103483 -0.792424 -1.061160 0.291814 1.768201 0.159361 0.109902 -0.423557 0.726997 -2.040777 0.089788 -0.359485 -0.984260 1.037117 -0.562612 0.887991 0.883032 -1.647232 1.208642 1.442514 0.035170 0.924171 -1.594551 -0.997865 -0.412061 1.184234 -0.110686 1.357453 -2.040994 1.348551 0.069277 0.767635 0.558209 1.623571 -0.557207 0.150663 -0.072008 1.125622 -1.431658 0.711404 0.536798 1.394884 -0.449132 0.840127 0.303956 0.356766
82 0.049278 -0.543260 0.844700 0.290193 1.296121 -0.339027 -1.192199 0.258470 0.320637 -0.613752 0.128673 -2.619457 1.125741 -1.149044 -0.515471 0.246319 -0.298194 -1.882193 0.039761 0.238102 0.929578 0.468427 1.748069 -0.311326 0.404736 1.630348 -1.552508 0.580502 2.058368 0.778333 0.458476 -0.903293 -1.022335 -1.793578 -2.962282 -0.395382 -0.025635 0.677646 0.239825 -0.132899 -1.209722 1.541602 1.952823 -0.354252 -1.713049 0.596251 -0.014497 -0.600876 -1.700213 -0.455811
83 -0.471191 -0.044790 -0.731676 1.740353 0.051495 -0.155882 -1.161428 -0.411021 0.636905 0.411477 0.929616 0.096815 0.433662 1.148204 0.717422 -2.106972 1.435698 0.543882 -0.275555 -1.194230 2.032092 1.586058 1.396072 -0.494016 0.228595 -1.720217 0.028377 1.896888 2.386516 0.671801 -2.346201 -1.895902 0.735141 2.690860 -0.821783 0.420189 -0.589877 -0.000090 -1.270400 -0.858836 0.284488 -1.000077 -0.525098 0.930983 -0.304329 -1.024406 1.258710 -0.369629 -2.539082 -0.982741
84 -0.055868 0.945602 2.055217 0.478972 -1.082423 -0.586500 -0.367163 0.577125 -0.490757 -1.632837 -1.892349 3.729638 -0.044233 -0.292304 -0.019751 0.516477 -0.622728 0.909011 -0.293198 -0.994989 1.206576 -1.151046 0.125447 0.775409 0.618114 1.165020 -0.565501 -0.628609 -0.288298 0.439939 0.407456 0.018652 -0.792929 -2.167716 -0.227463 0.386087 -0.432691 0.879361 0.187406 0.710944 0.063079 -0.883560 -0.369131 -0.551629 0.555932 0.998183 -1.030598 1.034256 1.693990 -0.561932
85 1.096572 -0.732502 -2.379239 1.198251 -0.008470 -0.675329 0.860318 0.632416 1.738476 0.219199 -0.005993 1.464079 -0.567039 1.641437 2.229080 -0.403504 1.697819 0.300950 -0.250574 0.089184 -1.136196 0.345198 0.164420 -0.606316 1.096901 1.268029 -1.301411 0.377290 -0.024644 1.509291 0.067529 -0.158255 1.409736 -0.637917 -0.265148 -0.061402 0.457446 -2.847247 1.032719 0.545087 0.216819 1.637396 0.259493 -0.982672 -0.386789 0.460974 0.167034 1.315509 -1.030768 0.474896
86 1.159884 1.113489 1.070838 1.373538 -1.310397 -0.069057 -1.725695 0.976581 0.598921 -0.509448 1.277111 -3.715921 2.215512 0.044193 -1.127133 -1.756017 -1.126563 2.852254 0.579213 0.155449 0.860369 0.291741 2.735624 -0.302814 0.271692 -0.459809 0.052380 -0.424687 0.014943 1.174510 0.862982 -0.565302 1.818834 1.244691 0.894988 -0.961351 1.429360 -0.346557 0.481084 -0.000860 1.106891 -0.461470 1.076243 0.872573 0.005640 -0.113123 0.054968 -0.713838 2.170273 1.305439
87 1.084403 0.239894 -0.539933 -1.320051 0.481668 1.273237 -0.293384 -1.089448 -0.738601 -1.031859 -0.574838 -0.199230 0.251391 0.469407 0.307604 -1.786708 0.210516 1.214038 -0.123237 -0.765388 0.421324 -0.445545 0.411437 0.552710 0.453178 1.817951 0.096894 -0.078920 0.751797 0.862954 0.105602 0.463821 1.124926 -2.096235 1.366682 -1.249849 -0.206527 0.383560 -0.600517 1.519305 -1.425325 0.450572 -1.362829 1.553716 1.719577 0.090739 -1.285073 1.563221 0.666176 1.596100
88 0.521508 -1.815164 0.312680 0.716123 -0.093720 -0.804648 0.107576 -1.470465 0.053797 -1.353131 -1.106862 -0.285246 -2.700873 -0.851488 -1.137923 -0.872676 -0.457613 1.862349 -0.674156 1.069556 0.505434 0.110873 0.627292 1.244511 2.720137 0.666676 0.315868 0.254079 -0.860572 -0.996462 -2.282819 2.157526 0.582000 0.175152 -0.795502 0.085472 0.282734 0.437427 0.591642 0.548887 0.703093 0.038748 0.077970 0.648608 -1.147109 0.509312 0.520540 -0.232474 0.642216 -1.230109
89 0.662400 0.481680 2.790591 1.924272 -1.137805 -0.364240 -0.119786 -0.462872 0.624394 -0.665215 -0.309789 0.594428 -0.941709 1.114848 -1.362198 0.790129 0.559143 1.389589 -0.884436 0.235471 0.260743 -0.637104 0.080686 2.050098 -0.041735 0.659051 -1.084392 -0.648173 0.308025 0.762548 1.995990 0.691375 -0.161823 0.901487 -0.906466 0.201102 0.975386 0.535912 0.029101 -2.211437 -1.206500 0.467356 0.522724 -0.682013 -0.446522 -1.479929 0.506452 -0.410649 -0.101987 0.388856
90 -0.392139 -0.084212 0.950839 1.232075 1.257160 -0.002712 -0.340225 0.859399 0.678699 1.118449 0.378306 -1.428114 0.071904 1.612739 -1.331239 0.021994 1.751075 -2.283724 1.496937 0.036242 -0.153257 0.008765 1.144213 0.535136 -1.979773 -0.766380 0.220623 0.537815 -1.571055 -0.610926 -0.449666 0.109112 1.155505 0.315203 -0.225082 1.184564 0.587747 0.635826 -1.717487 -0.588422 -1.831001 0.638132 -1.052300 2.674821 2.603890 -0.303378 -0.482999 0.438956 -1.606795 0.850463
91 0.491678 -1.191059 -0.537754 -0.093181 -2.545790 -1.137714 -0.224488 -1.050279 -0.201971 -0.332496 -2.152123 -0.496348 -0.695923 -1.872447 1.196941 -0.126586 0.295694 -0.249151 1.141510 0.795421 -1.326173 1.363307 -1.103036 -0.413696 -0.705498 0.542342 0.253735 -1.053677 -0.465771 1.020145 -0.905481 -0.043140 -1.328354 1.001609 -0.415614 0.238053 2.506032 -0.285140 -1.468478 1.443995 0.010735 0.813389 -0.215866 1.365776 0.355619 -1.727924 -0.694684 0.466463 -0.629657 -0.314802
92 -1.681866 0.422319 -1.581870 0.759341 0.579792 -0.719305 1.688156 -0.147361 2.047375 -0.804756 -0.310683 -0.725687 -1.388208 -1.416708 2.017574 -0.466769 0.382800 -0.812135 0.312243 0.357617 0.120578 -0.549837 0.133390 -1.217317 1.060661 -1.027191 -1.349611 -2.807921 0.353181 -0.310947 -0.137300 2.603549 1.674493 1.130575 0.019860 0.567491 0.617470 -0.340028 0.345926 -1.814906 -1.418403 -0.106548 -0.646854 1.686405 -2.853696 -0.875371 0.674640 -1.257751 0.048570 0.758199
93 -1.214422 1.342792 1.641201 -0.857947 0.490702 -0.904391 -0.371799 -0.681324 0.876280 -1.496551 1.213437 0.457687 -0.495137 -0.093272 -0.849836 -0.358032 2.473154 0.167817 0.763771 1.878875 0.337878 -0.055034 -1.394529 -0.925983 0.897048 0.372759 -0.544478 0.730296 -0.671618 -0.947645 0.178604 2.051833 -0.108118 0.680976 0.266562 0.011993 -0.658580 0.371964 -0.402314 1.500387 1.218909 -1.456051 1.056546 -0.219853 -0.765060 -0.913700 -1.064436 0.233973 -0.930937 1.971786
94 -1.180332 0.131673 -0.912822 0.984083 0.043795 -0.008207 0.591147 -1.457530 0.243181 0.532846 -0.533045 -0.138652 0.307029 0.135294 -0.855990 -2.119450 -0.350040 -0.829940 -1.583065 -0.079190 -0.445873 -1.011200 0.034767 0.095970 0.897321 -0.995969 -0.435422 1.136764 0.247008 0.448387 -0.737385 0.623252 -1.036422 1.348090 0.848606 -2.185690 0.670005 -0.563792 -1.109076 -1.203222 0.430487 -0.418781 -0.335450 -0.682915 -1.204000 -0.484941 -0.259360 0.010611 -0.080094 0.002663
95 -0.433273 -1.283410 -1.774289 0.444861 0.181407 0.970735 -0.424957 -0.453767 -0.140105 -0.146305 1.162563 -0.533370 1.854798 0.198288 0.865389 -0.511296 -0.502328 -0.583515 0.330374 0.024490 -0.098940 -0.150014 0.138091 0.048255 0.405309 1.445191 -1.112875 -2.056884 -1.031846 -1.347175 -0.833589 0.715651 -0.562104 2.254067 -0.552113 1.518553 0.638393 -0.848306 1.546628 0.319736 0.519341 -1.784946 -0.451403 0.979163 0.583069 -0.346521 -0.344095 0.120370 -0.644165 -0.009733
96 0.862333 -1.044833 -0.364509 -2.084519 0.510953 0.398874 0.702353 -1.867628 0.026684 -0.852599 1.815472 0.970934 0.308039 1.800792 1.702563 0.856421 -0.397820 1.981361 -0.207822 -0.154719 -0.025290 -1.618748 -1.110258 0.275041 -3.088770 0.249811 0.815073 0.716099 0.259608 -1.262931 0.463451 0.474727 -2.002780 0.751680 1.405111 0.225822 1.508370 1.081072 0.735857 0.669716 1.291064 0.247650 1.791760 -1.036517 0.250390 -0.823022 -0.178933 -0.088234 1.883786 0.850960
97 -0.613834 0.744282 1.481723 1.228612 -0.631721 1.513430 2.306766 -0.697256 -0.823980 0.343392 0.583703 0.649702 0.373913 -0.100649 -0.723470 0.151295 0.469512 1.036236 -1.081625 0.590518 -0.029595 -0.947989 0.203091 1.085766 1.446173 -0.764934 -0.155921 0.331091 0.481739 0.183424 -0.503749 0.594120 -1.349513 1.543960 -1.158393 -1.037064 0.509492 -1.250829 -1.017802 -2.356794 0.442535 0.682237 0.413020 -0.504056 0.054521 -0.014831 0.226752 -2.329553 0.907453 0.068666
98 0.086341 -0.281994 1.091029 0.930074 0.685883 1.178898 0.304130 -1.181234 -0.741413 0.778006 -0.133158 -1.153327 -0.617795 -0.366677 0.690739 -0.025892 -1.558593 -0.222733 2.996167 0.494765 0.230296 -0.138943 -1.065859 -0.141843 -1.350856 -0.680264 1.529820 -0.626588 0.729874 0.116744 1.138309 -0.586437 -0.514282 0.887431 -0.150332 1.049650 0.840802 -0.883385 -0.295525 -0.474659 0.277334 0.227492 -0.122230 -0.414193 -0.241668 0.086523 -0.559065 0.789523 -0.337009 -0.395647
99 0.691367 0.750916 -0.853517 0.443329 0.264288 0.783441 -0.494147 0.200737 0.837410 0.491790 -2.221109 -2.243831 0.210288 1.982466 -0.386877 -0.813231 0.281132 0.004456 0.339685 1.446049 -0.771665 -1.850912 -0.720118 -0.149519 -0.216133 -1.207535 0.606798 0.541167 -0.145753 -0.836444 -0.112716 -1.000827 0.511517 -3.017180 2.276497 -1.155980 0.050396 0.738754 -0.411977 0.609497 1.106912 0.291442 -1.344675 1.149382 1.672540 -0.050015 0.527438 -0.020185 -0.610830 0.970286
END
#################################################################
SECTION3 (Edges Information)
EndPoint0 EndPoint1 Weight
0 1 1.000000
0 9 1.000000
0 10 1.000000
0 90 1.000000
1 0 1.000000
1 2 1.000000
1 11 1.000000
1 91 1.000000
2 1 1.000000
2 3 1.000000
2 12 1.000000
2 92 1.000000
3 2 1.000000
3 4 1.000000
3 13 1.000000
3 93 1.000000
4 3 1.000000
4 5 1.000000
4 14 1.000000
4 94 1.000000
5 4 1.000000
5 6 1.000000
5 15 1.000000
5 95 1.000000
6 5 1.000000
6 7 1.000000
6 16 1.000000
6 96 1.000000
7 6 1.000000
7 8 1.000000
7 17 1.000000
7 97 1.000000
8 7 1.000000
8 9 1.000000
8 18 1.000000
8 98 1.000000
9 0 1.000000
9 8 1.000000
9 19 1.000000
9 99 1.000000
10 0 1.000000
10 11 1.000000
10 19 1.000000
10 20 1.000000
11 1 1.000000
11 10 1.000000
11 12 1.000000
11 21 1.000000
12 2 1.000000
12 11 1.000000
12 13 1.000000
12 22 1.000000
13 3 1.000000
13 12 1.000000
13 14 1.000000
13 23 1.000000
14 4 1.000000
14 13 1.000000
14 15 1.000000
14 24 1.000000
15 5 1.000000
15 14 1.000000
15 16 1.000000
15 25 1.000000
16 6 1.000000
16 15 1.000000
16 17 1.000000
16 26 1.000000
17 7 1.000000
17 16 1.000000
17 18 1.000000
17 27 1.000000
18 8 1.000000
18 17 1.000000
18 19 1.000000
18 28 1.000000
19 9 1.000000
19 10 1.000000
19 18 1.000000
19 29 1.000000
20 10 1.000000
20 21 1.000000
20 29 1.000000
20 30 1.000000
21 11 1.000000
21 20 1.000000
21 22 1.000000
21 31 1.000000
22 12 1.000000
22 21 1.000000
22 23 1.000000
22 32 1.000000
23 13 1.000000
23 22 1.000000
23 24 1.000000
23 33 1.000000
24 14 1.000000
24 23 1.000000
24 25 1.000000
24 34 1.000000
25 15 1.000000
25 24 1.000000
25 26 1.000000
25 35 1.000000
26 16 1.000000
26 25 1.000000
26 27 1.000000
26 36 1.000000
27 17 1.000000
27 26 1.000000
27 28 1.000000
27 37 1.000000
28 18 1.000000
28 27 1.000000
28 29 1.000000
28 38 1.000000
29 19 1.000000
29 20 1.000000
29 28 1.000000
29 39 1.000000
30 20 1.000000
30 31 1.000000
30 39 1.000000
30 40 1.000000
31 21 1.000000
31 30 1.000000
31 32 1.000000
31 41 1.000000
32 22 1.000000
32 31 1.000000
32 33 1.000000
32 42 1.000000
33 23 1.000000
33 32 1.000000
33 34 1.000000
33 43 1.000000
34 24 1.000000
34 33 1.000000
34 35 1.000000
34 44 1.000000
35 25 1.000000
35 34 1.000000
35 36 1.000000
35 45 1.000000
36 26 1.000000
36 35 1.000000
36 37 1.000000
36 46 1.000000
37 27 1.000000
37 36 1.000000
37 38 1.000000
37 47 1.000000
38 28 1.000000
38 37 1.000000
38 39 1.000000
38 48 1.000000
39 29 1.000000
39 30 1.000000
39 38 1.000000
39 49 1.000000
40 30 1.000000
40 41 1.000000
40 49 1.000000
40 50 1.000000
41 31 1.000000
41 40 1.000000
41 42 1.000000
41 51 1.000000
42 32 1.000000
42 41 1.000000
42 43 1.000000
42 52 1.000000
43 33 1.000000
43 42 1.000000
43 44 1.000000
43 53 1.000000
44 34 1.000000
44 43 1.000000
44 45 1.000000
44 54 1.000000
45 35 1.000000
45 44 1.000000
45 46 1.000000
45 55 1.000000
46 36 1.000000
46 45 1.000000
46 47 1.000000
46 56 1.000000
47 37 1.000000
47 46 1.000000
47 48 1.000000
47 57 1.000000
48 38 1.000000
48 47 1.000000
48 49 1.000000
48 58 1.000000
49 39 1.000000
49 40 1.000000
49 48 1.000000
49 59 1.000000
50 40 1.000000
50 51 1.000000
50 59 1.000000
50 60 1.000000
51 41 1.000000
51 50 1.000000
51 52 1.000000
51 61 1.000000
52 42 1.000000
52 51 1.000000
52 53 1.000000
52 62 1.000000
53 43 1.000000
53 52 1.000000
53 54 1.000000
53 63 1.000000
54 44 1.000000
54 53 1.000000
54 55 1.000000
54 64 1.000000
55 45 1.000000
55 54 1.000000
55 56 1.000000
55 65 1.000000
56 46 1.000000
56 55 1.000000
56 57 1.000000
56 66 1.000000
57 47 1.000000
57 56 1.000000
57 58 1.000000
57 67 1.000000
58 48 1.000000
58 57 1.000000
58 59 1.000000
58 68 1.000000
59 49 1.000000
59 50 1.000000
59 58 1.000000
59 69 1.000000
60 50 1.000000
60 61 1.000000
60 69 1.000000
60 70 1.000000
61 51 1.000000
61 60 1.000000
61 62 1.000000
61 71 1.000000
62 52 1.000000
62 61 1.000000
62 63 1.000000
62 72 1.000000
63 53 1.000000
63 62 1.000000
63 64 1.000000
63 73 1.000000
64 54 1.000000
64 63 1.000000
64 65 1.000000
64 74 1.000000
65 55 1.000000
65 64 1.000000
65 66 1.000000
65 75 1.000000
66 56 1.000000
66 65 1.000000
66 67 1.000000
66 76 1.000000
67 57 1.000000
67 66 1.000000
67 68 1.000000
67 77 1.000000
68 58 1.000000
68 67 1.000000
68 69 1.000000
68 78 1.000000
69 59 1.000000
69 60 1.000000
69 68 1.000000
69 79 1.000000
70 60 1.000000
70 71 1.000000
70 79 1.000000
70 80 1.000000
71 61 1.000000
71 70 1.000000
71 72 1.000000
71 81 1.000000
72 62 1.000000
72 71 1.000000
72 73 1.000000
72 82 1.000000
73 63 1.000000
73 72 1.000000
73 74 1.000000
73 83 1.000000
74 64 1.000000
74 73 1.000000
74 75 1.000000
74 84 1.000000
75 65 1.000000
75 74 1.000000
75 76 1.000000
75 85 1.000000
76 66 1.000000
76 75 1.000000
76 77 1.000000
76 86 1.000000
77 67 1.000000
77 76 1.000000
77 78 1.000000
77 87 1.000000
78 68 1.000000
78 77 1.000000
78 79 1.000000
78 88 1.000000
79 69 1.000000
79 70 1.000000
79 78 1.000000
79 89 1.000000
80 70 1.000000
80 81 1.000000
80 89 1.000000
80 90 1.000000
81 71 1.000000
81 80 1.000000
81 82 1.000000
81 91 1.000000
82 72 1.000000
82 81 1.000000
82 83 1.000000
82 92 1.000000
83 73 1.000000
83 82 1.000000
83 84 1.000000
83 93 1.000000
84 74 1.000000
84 83 1.000000
84 85 1.000000
84 94 1.000000
85 75 1.000000
85 84 1.000000
85 86 1.000000
85 95 1.000000
86 76 1.000000
86 85 1.000000
86 87 1.000000
86 96 1.000000
87 77 1.000000
87 86 1.000000
87 88 1.000000
87 97 1.000000
88 78 1.000000
88 87 1.000000
88 89 1.000000
88 98 1.000000
89 79 1.000000
89 80 1.000000
89 88 1.000000
89 99 1.000000
90 0 1.000000
90 80 1.000000
90 91 1.000000
90 99 1.000000
91 1 1.000000
91 81 1.000000
91 90 1.000000
91 92 1.000000
92 2 1.000000
92 82 1.000000
92 91 1.000000
92 93 1.000000
93 3 1.000000
93 83 1.000000
93 92 1.000000
93 94 1.000000
94 4 1.000000
94 84 1.000000
94 93 1.000000
94 95 1.000000
95 5 1.000000
95 85 1.000000
95 94 1.000000
95 96 1.000000
96 6 1.000000
96 86 1.000000
96 95 1.000000
96 97 1.000000
97 7 1.000000
97 87 1.000000
97 96 1.000000
97 98 1.000000
98 8 1.000000
98 88 1.000000
98 97 1.000000
98 99 1.000000
99 9 1.000000
99 89 1.000000
99 90 1.000000
99 98 1.000000
END
#################################################################
SECTION4 (TrueSubGraph Information)
EndPoint0 EndPoint1 Weight
25 24 1.0
24 23 1.0
24 14 1.0
23 33 1.0
END
#################################################################
SECTION5 (Labels Information)
0 1 1 1 1 1 1 1 1 0 0 1 1 0 0 0 1 1 1 0 1 1 1 0 1 0 0 0 1 1 1 0 0 1 0 0 1 1 1 1 1 1 1 1 0 0 1 0 0 0 
END
#################################################################
SECTION6 (bt Information)
-5 5 5 5 5 5 5 5 5 -5 -5 5 5 -5 -5 -5 5 5 5 -5 5 5 5 -5 5 -5 -5 -5 5 5 5 -5 -5 5 -5 -5 5 5 5 5 5 5 5 5 -5 -5 5 -5 -5 -5 
END
#################################################################
