#################################################################
#APDM Input Graph, this input graph includes 3 sections:
#section1 : general information
#section2 : nodes
#section3 : edges
#section4 : trueSubGraph (Optional)
#
#if nodes haven't information set weight to null
#################################################################
SECTION1 (General Information)
numNodes = 100
numEdges = 200
usedAlgorithm = NULL
dataSource = SimulationData2
END
#################################################################
SECTION2 (Nodes Information)
NodeID Base Counts
0 0.367349 0.649751 0.727127 0.484501 -0.721932 0.419682 0.339382 0.285144 0.133920 -1.178582 -0.514226 1.345548 1.207727 -0.871903 -0.259646 0.458770 2.516193 -0.880617 -1.413959 -0.517815 -0.643961 1.807550 0.003186 -1.618277 1.498353 1.023516 -0.195240 -0.331108 1.602483 -0.443184 0.185567 0.292317 -0.072596 0.059226 -0.475373 0.776763 2.220333 -0.254583 -0.846354 1.436494 -0.819071 2.520467 0.453380 -0.413359 -1.148238 1.828053 -0.963853 -0.505464 1.477027 -0.953498
1 5.907377 2.965733 6.398568 4.871466 6.334942 4.804266 1.824098 5.685730 3.567699 -0.498449 5.867751 5.748816 3.881489 4.516440 7.144368 -0.082391 0.919956 5.053265 7.443102 5.920152 2.935345 0.624447 5.742982 4.881744 2.855277 4.279778 1.307457 4.849319 5.572081 5.649377 4.875882 7.559261 3.052848 4.187121 5.611060 -0.555334 3.216435 4.551075 7.065316 1.922482 4.062294 5.135315 6.562185 -1.282388 -1.657722 6.687860 5.591725 5.010523 6.460895 4.506725
2 -0.146529 0.845697 0.750852 1.261379 0.809756 -0.069594 -0.929858 -2.506573 1.176925 1.132275 -0.304172 0.909660 -0.664140 -0.437134 0.330456 -1.469682 -2.004338 -0.737133 -0.953269 -0.803445 -0.092162 0.415955 -1.110566 1.493104 0.894586 -2.119433 1.567255 0.637885 -1.020274 -0.146039 -1.472862 -1.569798 -0.557808 -0.259168 -0.796539 0.548740 -1.263726 1.479840 -0.098888 -1.207002 -0.343368 -1.694482 -1.527871 -0.663118 -0.706871 -0.354077 -0.185646 0.809614 -0.180668 -0.395746
3 0.003682 -0.560034 -0.234055 -0.173789 -0.393999 -0.957933 -0.746119 -0.121889 0.766729 0.916163 -0.183997 -0.320696 -0.294511 -0.806483 1.230843 -1.215141 0.841607 -0.768393 0.878238 -0.729555 -1.163099 -0.649709 -0.721966 0.369662 -0.958378 0.102587 0.034799 -0.168783 -0.763470 -2.202546 -1.064014 -2.263671 -1.104434 -0.391969 1.222485 0.590695 -2.103984 0.305442 1.737381 -0.155130 0.135200 -0.663563 -1.046814 -1.636712 -0.574281 -0.438326 -0.947421 0.100338 0.394695 0.268082
4 -1.536491 1.097938 0.467445 -1.526012 -0.597974 -0.657723 2.028969 1.019617 -0.077592 1.230017 0.043836 0.569504 -0.073516 -0.482152 0.373956 -0.492321 0.379705 -0.673934 -0.892940 -0.359486 0.216806 0.237645 0.043682 -0.569258 -0.605499 -1.913842 1.230048 -0.901189 0.566146 -0.731999 -0.293743 -1.335859 -2.120761 -0.669325 -2.122339 -0.558688 -0.431281 0.385207 1.820198 -1.307792 -0.714036 0.104388 -0.210065 -1.751991 -0.299953 -0.407938 -0.304029 0.523604 0.258735 -2.577790
5 0.519168 1.446072 0.051721 -0.383427 -0.662462 -1.157999 -0.812547 -1.313081 0.173675 -0.129246 1.280703 0.352155 -1.124955 -0.115712 0.302894 0.479581 -0.500039 0.487010 -1.017583 0.103296 1.500241 0.456599 -1.179998 -1.499020 -0.258661 0.315309 0.343485 -0.404412 0.121337 -1.429754 -0.870259 -1.401001 -0.536918 0.461154 -0.146589 1.350068 0.302790 0.702055 0.837235 -0.245358 -0.832575 1.732852 -0.972354 1.248973 1.560638 -1.395990 -1.701294 -1.474600 -0.094987 -0.313665
6 -0.222134 0.387160 -0.571826 -0.075445 -1.162329 -2.684301 1.365022 -1.199115 0.925435 -0.075584 1.834128 -0.779467 0.492965 0.424179 1.158796 0.445058 -1.138970 -0.992193 0.247341 -0.721760 0.423130 0.272152 1.192214 0.467905 -0.392737 -1.008380 -0.203014 0.998463 0.197829 1.556447 -0.013210 -0.173918 -0.112684 0.584533 -0.193515 0.750121 -0.375281 -0.353524 -0.282715 0.947766 1.983138 -1.915064 -1.674687 -0.648233 -0.704558 0.003734 -2.173250 0.547255 0.378206 0.027695
7 -1.003312 -0.166601 0.569973 -0.880658 -2.136979 -0.578048 -1.285712 -0.795583 -1.050186 -0.951161 1.190386 -0.182076 2.661962 1.402811 -1.058183 1.606627 1.747383 -0.304318 -0.451487 -0.189207 0.883161 0.273087 0.622097 -1.747273 -0.188335 -0.869908 -1.274417 1.636381 1.292940 0.774106 -0.890506 0.600625 -0.900495 0.258975 0.257681 -0.968227 2.259728 2.053409 0.139645 1.380487 0.565172 0.207289 0.539382 0.808277 0.521843 1.190847 -0.432711 -0.027840 1.385316 1.890220
8 0.986607 0.515051 -0.378081 0.178658 0.659485 -0.907996 1.576970 0.232820 -0.944124 0.088015 -0.712763 0.753092 -0.172374 -0.245713 -0.394563 -0.303279 -1.136019 -0.819110 0.259227 2.334433 0.256489 -0.284892 1.278304 0.441293 0.894152 -0.062574 -0.421491 1.401839 1.721588 1.130962 -0.791244 0.410898 -1.068278 -1.522758 -0.157178 -0.390176 0.334546 1.121839 1.533507 -1.967582 1.702233 0.891928 -0.720131 1.788441 0.999820 -0.545406 0.045595 -0.427581 -1.142301 -0.152991
9 0.087953 -1.177213 2.133695 0.894021 -2.266915 0.826118 0.414424 -0.128827 1.557678 -0.290338 0.138704 -0.446999 0.502713 -1.184679 1.744744 -0.470405 -0.067474 -0.656906 -0.555421 -0.760317 -0.039650 0.560081 0.518110 1.301480 0.180782 -1.059607 -0.644977 1.209973 -0.415397 -0.075289 -1.267350 -0.256026 0.186069 0.135503 0.749062 -0.259515 -0.480119 1.389409 1.109041 -0.215481 -0.925795 0.511681 -0.321211 -0.152320 -0.909707 1.405273 0.218867 0.700362 0.413144 -0.745677
10 -0.709205 -0.400821 -0.832710 -2.760190 -0.775454 -1.072469 -0.709220 -0.597405 0.285157 1.094488 1.530071 2.431338 -1.221741 0.249003 0.166810 0.977129 -1.318864 2.415574 -0.307274 0.133630 -0.398028 0.350840 0.973665 -2.194337 -0.712777 -0.755313 0.923520 0.170070 0.629215 2.479818 -1.216389 -0.575457 0.892445 -0.913066 1.023636 0.760325 -0.131033 -0.843652 0.468150 -0.257101 -0.548306 0.344899 -0.085102 -0.303752 -0.044530 -0.870405 -0.042478 1.618715 -0.137184 -0.168834
11 6.372991 4.145954 4.178706 3.810945 6.118332 6.259145 -1.027472 3.041765 6.019284 -0.240597 4.856040 5.177034 7.016119 3.989375 4.698305 1.446025 0.623591 4.227259 6.411744 6.258843 6.179480 0.296651 3.526334 5.106608 5.774261 4.545073 1.245059 3.643545 5.803263 6.508354 5.782434 4.847748 4.913543 5.461485 3.969189 -0.136006 5.173302 3.420447 6.447623 1.271290 6.698530 4.822619 5.288043 -0.377216 0.715159 5.479634 4.939829 5.705216 5.787149 4.273084
12 1.256579 0.310468 1.483886 0.644587 -0.464373 -0.507162 1.001489 1.573577 -1.533285 -0.181841 1.087257 -0.691237 -0.367891 1.594885 -1.697376 -0.130555 0.387679 0.094619 0.436126 -2.487777 1.143165 -0.919534 0.592716 -1.205066 -0.278405 0.122363 -1.611836 0.747753 0.316299 0.965955 -0.362263 -0.608286 -0.796180 -0.572657 1.402100 -0.587381 -1.608341 -1.292816 -1.436743 1.687726 -0.808195 0.860118 -0.952178 -0.732283 -1.405606 -1.330117 -0.637854 -1.114762 0.340542 0.386308
13 0.699137 -1.000075 -0.870516 1.104688 0.179974 0.401019 1.989751 1.039978 -0.076432 1.812645 -0.220667 -0.723557 0.941377 1.108497 -1.069932 0.903634 -0.191511 1.535545 0.166323 0.574278 0.686370 0.560343 -1.015063 0.293357 -0.630903 -0.026227 0.941787 1.030975 1.928188 1.044649 -0.856735 1.123428 1.568271 1.098879 -0.624240 0.113874 0.654715 -2.612567 -0.161017 0.392522 1.082556 -0.137605 1.609884 -0.744529 0.658706 1.269615 -0.491035 0.045589 -0.531051 -0.073119
14 0.219770 -0.737580 1.050888 -0.390330 -0.259330 -1.047113 1.142941 1.097278 -0.480839 0.785966 -2.479449 0.119865 0.404206 -2.057584 -0.631887 2.018437 -0.418346 -0.570262 0.661041 -0.432930 1.547844 0.443043 -0.016618 -1.003704 0.720629 1.209736 -0.570224 -0.742916 -0.923612 0.365506 -0.237866 0.121989 0.156622 1.156530 0.003235 0.519181 0.145440 -1.495517 0.314416 1.682291 -1.060707 0.854826 0.646816 1.134601 -1.181499 0.051761 0.066130 1.414180 -0.707085 0.280143
15 0.262062 0.909337 0.135103 1.652765 -0.489985 0.903860 -1.105687 2.695320 -1.845649 1.271863 0.153065 0.643655 -0.893841 0.251550 0.100668 0.225231 1.124789 -0.263518 0.435941 0.030061 -0.693439 -1.961420 1.527013 -0.765971 0.590304 0.226698 -1.409710 -0.681385 -1.279145 -0.953649 -2.107715 0.109980 1.834151 -0.942951 -1.381772 0.854110 -0.557082 -0.832697 1.310244 -0.012662 0.654503 -0.260626 -1.355124 -1.077937 -0.308686 -0.012921 0.018065 1.316625 -1.543114 0.921774
16 -0.977847 0.675229 0.152004 -0.365983 0.661196 -0.114483 -1.021259 0.111659 -0.420879 -0.886401 0.250400 0.832374 -1.124380 1.895116 1.563413 -1.094998 0.947415 -0.035321 0.041513 -0.179288 -0.896447 0.177968 1.036573 0.950275 0.143697 -1.272140 -1.417126 0.157728 -1.232304 0.047039 -0.236901 1.104386 0.424470 1.684036 0.546569 1.684938 0.663827 0.183682 0.891844 0.005008 -1.851210 1.559641 -0.462122 -0.331762 -0.389541 0.516257 0.185068 0.992071 1.355216 -2.255883
17 0.653632 -1.769172 1.997403 0.183340 -0.494719 0.719889 -0.862894 0.237973 -0.431980 0.820853 0.030296 -0.407591 0.257298 1.530716 0.560256 2.475172 -0.172401 -0.118857 -0.906126 0.763023 0.751914 -1.089890 -1.774308 0.966607 -0.227454 -0.974282 -0.574732 1.022862 -0.455599 1.397329 1.015593 1.255689 -0.918318 -1.808451 -2.167332 -0.577425 -0.266573 -0.465808 -1.128763 0.298511 -0.456777 1.247077 0.499879 -0.843444 -1.206134 1.263194 1.365763 0.962934 1.043349 2.374101
18 1.299088 0.605121 0.321254 1.398960 0.903210 -1.440687 -1.149486 -0.021572 -1.459692 1.075686 -0.416293 -2.546391 0.796553 -1.085908 -1.795265 -0.249689 0.484034 -0.955048 1.130123 -0.250889 -0.027844 -0.032345 1.308499 0.732852 0.337320 0.684807 0.317671 -1.862139 0.568654 2.105739 0.830597 -0.235118 -0.320126 -0.316743 -0.291814 0.080074 -0.647190 0.556128 1.031118 -0.324126 -1.057110 0.077535 -0.447157 0.413648 -0.561447 1.325704 0.006753 0.398468 1.050497 1.176040
19 0.630506 1.041048 1.354147 -0.970687 -0.401297 -1.884451 1.053690 0.856227 0.433200 -0.083243 -1.433041 -1.054392 1.228231 -2.489160 -1.957438 3.114696 -1.382495 0.952650 -1.439414 1.838822 -0.317002 2.051330 0.387699 -0.062713 -0.560446 0.580403 -1.328362 1.046395 -0.215863 1.226851 0.053379 -1.547624 -2.431673 0.835944 0.033835 -1.082850 0.000379 -1.200922 -0.176799 -1.332983 -0.801173 0.951076 -0.830378 1.353600 1.253452 -0.132107 -0.809237 1.824603 0.752414 -1.364080
20 0.301077 0.045886 -0.183252 0.363671 -0.330188 0.247820 -0.543384 1.150490 -0.239441 0.107238 1.191898 0.430687 0.081756 -0.688175 1.045563 -0.609881 0.606642 0.403874 0.487214 -0.464710 -2.081301 0.148235 0.404892 -0.404196 -2.455715 -0.448898 -0.647119 -0.301593 1.485381 1.293572 -0.325623 1.088727 -0.648936 0.498392 0.289630 1.000472 -0.565812 1.735982 -0.981885 -0.823936 -0.086832 -2.137120 0.756490 0.029553 -0.343369 0.256860 -0.012630 1.854814 -0.553545 0.184925
21 4.219987 4.422061 5.215130 5.945593 5.881719 4.186156 0.814820 6.296651 4.396767 0.342807 3.850720 3.573765 3.380468 4.718334 3.723016 0.547120 -1.041226 5.272306 4.036538 4.913121 5.416594 -1.146038 5.476423 5.488398 4.048358 3.726265 0.999891 6.822632 5.044869 4.785856 5.569963 3.654807 5.290413 7.364050 5.031858 0.671145 4.503442 5.142354 5.029271 0.571379 4.850757 4.955248 6.194464 1.065934 -0.547024 5.670956 3.415740 4.918815 4.323821 4.164792
22 4.117586 6.287805 4.671535 5.701986 4.337451 3.991145 -1.227514 4.973541 3.329017 -0.306299 6.214019 4.241844 4.692835 5.690317 5.358752 0.097798 -0.334854 5.220456 3.046430 5.346923 5.013999 0.766977 4.316166 4.223127 6.653100 5.112354 -0.483677 4.217986 4.507019 6.198258 4.211459 4.488805 4.736420 3.576343 5.613388 -0.535123 4.619491 3.714635 5.552683 0.798869 6.009103 5.005292 5.816880 0.495778 -0.910675 5.341677 5.703761 3.925588 4.862789 4.921929
23 0.267036 -0.749279 -0.460724 -0.496474 0.412241 -0.508286 -0.115716 -2.214828 -0.697209 0.953799 1.126280 0.687077 -0.219674 -0.809106 -1.034524 -0.689293 -0.317759 -1.166650 -1.122227 -0.427426 -0.795327 0.555760 -1.914647 -0.891214 2.704460 -0.677628 1.221401 -1.585718 -1.217574 -2.357670 0.185680 1.763506 0.710738 -0.568416 -0.230226 1.326116 -0.303784 0.286710 0.088536 0.898574 -0.641454 1.047149 0.662396 0.701139 -1.565671 0.075702 0.588701 1.547343 -1.999550 -1.548455
24 0.275084 -0.428193 -0.593416 0.817990 -0.166144 -0.903377 1.030061 -0.458251 -0.417188 0.086408 0.818105 0.056737 1.026774 0.332115 -0.032905 -0.259443 -0.501242 -1.660836 0.942717 -0.521373 -0.017626 1.437453 0.710756 0.874642 2.138262 0.643615 1.123870 0.376299 1.605019 -1.073242 1.004338 0.418523 2.370911 0.457057 -0.457682 -1.094994 -2.203823 -1.300218 0.678840 -0.563887 2.599971 -0.916152 1.223921 -0.792396 -0.733829 -0.828521 -0.920910 2.351691 -0.587086 0.802225
25 1.032382 1.978061 -0.414003 0.714150 1.888287 0.543991 1.096507 0.549603 -0.318202 1.033927 0.450942 -0.510838 -1.181736 0.654583 -2.463989 -1.364404 -0.719255 0.175894 -0.809108 0.453152 0.691395 -0.428035 0.283905 -1.075271 0.921306 1.246127 -0.819167 -2.040956 -1.236326 -0.529871 -0.454466 1.625943 -0.609404 -0.698209 1.244677 -0.823102 -1.249018 0.939090 -1.189916 -1.223916 0.617886 -0.522880 1.351869 -0.239581 -0.211190 0.049657 -0.054735 -1.215255 -1.432906 -0.662529
26 -0.171680 1.729608 -0.057998 0.244990 0.915051 -1.958948 -1.052822 0.192115 0.777187 1.525973 -0.797616 2.136691 0.210971 0.414019 0.338658 1.696872 1.521289 0.579508 -0.609328 1.643624 0.098394 0.168958 0.009643 0.652929 0.003887 0.206290 -0.690927 -1.728821 1.519871 0.049435 -1.649836 0.193606 0.321522 -1.497174 0.004176 -0.804889 0.308648 0.433863 -0.716156 0.644290 2.362181 0.906396 -0.378884 -1.359576 -1.432586 -0.174169 1.269626 0.334541 0.770892 0.179280
27 0.468446 0.631443 0.761117 -0.302428 0.841132 -1.594617 1.263642 0.468748 -1.609223 0.971844 2.625480 -0.887772 0.177630 1.162502 0.405757 0.053040 -0.644754 0.494493 -0.107858 2.827962 0.653065 0.178699 0.325987 0.643169 0.483623 -0.668418 0.844003 0.180193 -1.448710 2.180037 -0.447804 -1.315690 -1.487802 -0.030409 0.456532 1.270306 -0.230393 -0.061902 0.169651 -0.178982 -1.495742 0.023992 -0.302348 -0.317801 -1.415731 -0.230549 -0.820852 -0.884736 -0.923497 0.977967
28 -0.101577 -0.269680 -0.382395 -0.669352 0.635688 -0.801147 0.715831 0.711508 0.337518 0.494744 0.725962 0.794392 -0.191902 -1.721535 -0.804948 0.457405 -0.673862 0.048143 0.836037 -1.141800 -1.061346 1.260348 -1.944425 0.011323 0.796169 -0.255058 -1.047139 1.252278 -1.120886 0.202035 2.310513 -1.132241 1.801740 -0.932139 -1.898658 0.274931 -0.638193 0.375011 -0.380537 1.218797 0.877839 -0.046209 0.255624 -0.950112 -1.723772 -1.622316 -1.400632 -0.402547 -1.027352 -1.052904
29 0.626816 -1.307337 -0.244481 -0.955052 0.335567 1.190887 -0.337671 1.133215 -1.807997 0.357698 -0.879640 -2.239806 1.015516 2.319120 0.264944 -1.081150 -0.217612 0.070832 -0.246755 -0.527690 0.209982 0.080204 -0.784968 -0.763181 0.723403 -2.060929 -0.153408 -0.669257 -0.840265 1.226543 3.531817 -1.989619 1.515388 1.588063 0.336017 -0.785001 -0.032288 0.652396 -0.317585 -0.883437 -0.315608 0.072638 0.440280 0.799137 -1.052147 -1.685334 -0.231635 2.176515 -0.409607 -0.422073
30 -0.674911 0.738410 -0.018987 -1.179641 -0.690017 -0.732833 1.872171 0.301159 1.370003 -0.119301 1.868586 -0.191473 1.032147 0.353436 0.519493 0.295217 -0.354744 -0.451445 -0.308101 -0.094706 1.054438 0.500021 0.357781 0.042583 -0.841499 1.068041 -0.684639 -0.950242 -1.063108 -0.006514 -0.767500 0.714548 -1.172218 0.047963 -0.557827 -1.761167 -2.163460 0.019039 -1.176113 0.875425 -0.426159 -0.514713 -0.169937 0.228319 1.230241 -0.056874 -2.172229 -0.984846 0.112422 -0.570802
31 -0.454130 0.922772 0.852400 -0.597243 -0.111444 -0.043208 0.830504 -2.648976 1.080248 0.141254 -0.973819 -2.375854 0.164225 0.146581 0.295356 -0.118527 -1.293467 -1.628276 -1.056359 -0.217123 1.298112 -1.206558 -0.243433 -0.007509 -0.297609 0.226960 -0.416763 -0.164012 -0.887706 1.756611 0.026906 -0.050065 -0.329599 0.567034 0.557731 0.044336 0.577647 2.420259 -0.854207 -0.928685 0.695605 2.259303 1.474687 0.745411 -0.054311 -1.614319 0.241295 0.563348 1.095620 2.061388
32 6.008420 4.031541 5.179935 5.895799 3.975880 6.267984 -0.288339 5.612104 5.134983 0.538765 6.315802 4.590106 6.700714 4.149107 6.436787 -2.099841 -1.274252 3.903894 4.622940 4.301469 6.308050 0.651350 5.624371 4.434401 3.759737 5.263511 0.107962 4.136895 3.427619 5.390886 5.260130 5.131316 4.021104 5.415664 5.742651 0.772552 4.902416 4.140881 5.945901 0.230965 5.520264 4.465264 3.899712 0.365027 0.388040 5.421202 4.980488 4.495910 6.516346 5.213192
33 0.139126 -0.228371 -0.975641 0.540860 -1.702534 -2.342474 1.997973 0.388956 1.322454 0.329017 -0.080456 -1.739180 -1.002559 -2.703507 -0.261611 2.286185 -1.168731 0.682030 0.003684 0.238086 -1.546205 1.088645 -2.258890 -0.333815 -0.256748 -1.607062 -0.995587 0.495401 -0.462248 0.509669 -0.503650 -0.224352 0.069650 0.404173 -0.717258 -0.409540 0.176256 0.468361 -0.091527 -0.197880 0.769096 -0.322241 0.857790 0.005011 -0.257124 -2.756544 -0.841512 1.082713 -0.534599 -0.887694
34 -0.380488 1.571396 -1.247815 0.279367 -1.021278 -0.736833 -1.873421 0.610149 -0.796613 0.846938 -0.598507 0.991754 -0.826031 -0.291698 1.480900 -1.703330 -0.096270 0.529041 0.066570 0.185450 -1.398766 -0.972170 -0.005168 -0.217210 -0.648376 -2.603191 0.301638 0.556804 1.823066 0.582173 0.714262 -0.484622 -3.041347 0.158301 -0.490448 -2.089623 -0.201261 0.600672 -0.490974 -1.913442 0.354860 -0.064644 0.736728 -0.742920 -1.048015 1.562133 -1.030344 0.925180 0.123700 0.344495
35 1.130834 0.324393 -0.197736 0.160547 0.305517 0.428519 -0.361173 -0.770516 0.322807 0.017192 0.892178 -0.245645 -0.429903 -1.273839 0.235473 -1.357027 0.748770 -0.121311 -0.787509 -1.304826 1.152744 0.254145 -0.344017 -1.075530 0.430617 1.506027 -0.357366 1.930936 0.257811 0.619131 1.663575 0.315961 -1.754901 -1.239301 -0.077954 -1.179807 -0.555979 0.321641 0.282834 -1.823939 -0.183230 -0.677275 1.795725 -0.164442 -0.046424 1.870672 0.185987 -0.219035 0.033260 -1.701178
36 0.854954 -0.891034 1.707765 0.686610 -2.019580 -0.707920 0.349693 -0.835152 -1.008523 -0.300687 -0.285204 1.179810 -0.383776 0.045517 -0.410404 -0.421610 1.420397 0.188674 -0.415845 -0.173052 0.060796 -1.911189 0.158944 -0.047018 -0.654916 0.369211 -0.445635 -1.463030 -0.947133 0.482191 -1.620587 0.422736 -0.542023 0.883580 -0.530399 1.008508 1.102410 -0.426883 0.602135 0.786002 0.265181 1.010270 -0.832802 -0.108334 -0.942980 0.576703 0.695867 -1.233916 -1.217858 0.991780
37 0.476834 -1.349603 -0.079898 -1.223086 0.430187 -2.071014 0.373860 1.119711 -1.573580 -0.497798 -0.770257 1.419951 -1.062166 0.967375 0.558884 0.398583 0.088167 0.004274 -1.139405 0.616943 -1.289171 -1.099289 -1.008418 -0.477584 0.273845 0.892814 -1.067030 -0.752492 0.728414 -0.780694 2.165318 -0.355830 1.130743 -0.360874 0.430732 0.546106 -0.001072 0.015530 0.906462 -0.386254 -0.314535 1.572971 1.193906 1.418651 -0.692730 -1.279781 0.248174 0.000630 -0.801353 -1.973058
38 0.093780 0.226200 -0.346275 1.299618 -1.522742 0.516214 -1.446918 -0.902379 -0.054151 -0.712618 0.764295 -0.704785 -1.766167 -0.129613 -0.691654 1.240383 1.296622 -0.802951 2.199995 -0.584468 0.234335 0.545544 1.155268 0.600950 0.445403 2.017982 1.003215 -0.946038 -2.491332 -0.500971 -0.524283 0.908842 2.600578 -0.662705 0.123432 -2.045647 1.366925 -0.732496 0.334471 0.259703 1.087444 -1.251204 -0.038559 -0.951952 0.042393 0.158264 -1.321087 0.675168 -0.641301 0.556628
39 0.537242 -1.241770 0.718327 0.576868 -0.175486 1.748078 1.849932 -0.020442 1.049593 0.814329 1.390612 1.817365 1.269313 0.128377 -0.231177 2.009804 -0.367861 -0.701413 2.352734 -1.739428 -0.007875 0.033555 -0.411792 0.650405 1.633155 0.195260 0.129072 1.587042 -0.080600 -0.075399 -0.533233 -0.751715 0.498272 -1.105684 -0.132716 1.811743 0.364654 0.002902 0.903846 0.255159 0.356065 1.365098 0.950935 -1.389196 1.438869 -0.104343 -0.640940 0.398999 1.162491 -1.771297
40 0.472561 -0.703235 -0.991902 0.618248 -0.537259 1.722021 0.720265 -0.397077 -0.782138 -0.854584 0.702309 0.001131 -0.130357 -0.109294 0.822763 0.406928 0.801904 -0.141832 -0.664194 -0.779323 1.571027 1.716464 -1.982113 0.498588 1.109085 -0.188304 1.821333 0.166214 -1.485616 0.401999 1.324697 -1.084829 -1.182015 -0.833823 0.935952 0.486079 0.803260 1.008651 -1.972577 -0.197343 0.163563 -0.792586 -0.629175 0.174683 -1.151178 0.242230 1.399514 0.235585 0.498056 -0.616888
41 4.923670 5.052955 4.497373 2.421432 7.536301 5.960846 -1.457550 4.497097 5.397011 0.772891 4.868001 4.158624 4.055668 3.684988 3.270489 1.194418 1.385601 4.759982 5.299794 5.424255 4.566225 -0.676924 6.203786 3.523091 5.875044 3.952216 0.518585 4.562684 5.372100 5.543117 4.172931 4.324235 4.236617 6.397176 3.421464 1.041430 4.997660 4.828682 5.658481 -1.322674 4.618089 4.610264 6.691271 -0.590105 0.213808 5.658363 5.348329 4.556326 4.807373 3.177473
42 3.640849 5.051199 6.113099 4.098731 3.336806 6.204832 0.758627 4.984712 4.485358 -0.578417 4.636765 5.398741 4.316284 5.949855 3.738582 0.236286 -0.109631 2.698952 6.212750 3.794250 4.997037 0.764268 7.305434 3.702107 5.354031 5.460614 0.980365 5.629135 4.579296 4.861027 4.570408 3.966586 6.964454 6.049044 5.017192 -0.677838 4.820234 6.175226 4.043639 1.312602 5.723671 5.027787 3.652098 2.191968 1.650192 5.678373 4.394038 5.083378 5.245696 5.725683
43 0.146159 1.329109 0.966867 0.111442 0.411483 0.951958 1.198699 -1.262679 -0.055092 -0.263052 0.099645 -0.678527 1.134504 -0.793612 1.186540 -0.520170 0.768823 0.878854 -1.723749 -0.072050 0.554042 -0.452330 -0.311683 -0.456861 -0.155302 1.091077 -0.434631 -1.678698 0.596033 1.106790 -0.311462 0.726403 -2.031822 -2.487237 0.694283 0.739665 -0.231560 1.765663 0.460924 -0.159893 1.795736 1.152815 -0.881341 0.527386 1.496395 -0.271916 -0.019058 -1.088830 -0.117434 0.498369
44 0.176123 -0.230428 -1.408685 -0.267278 1.638137 -1.637481 0.429459 -0.264421 0.000488 -1.262988 -1.243004 0.454476 0.491228 -1.185463 1.448867 0.043615 -0.635129 0.879516 0.064528 -0.277327 0.479799 0.533447 -0.634227 -0.312682 0.195035 -0.836291 -1.444427 0.121979 -0.528585 1.109077 0.136832 -1.756770 -0.002706 -0.686841 0.621299 0.784593 -0.156772 -0.018750 0.009460 0.930335 -1.205067 1.075136 -0.987260 0.087733 0.890945 -3.035357 1.262855 0.854914 -0.077970 -3.035835
45 -1.268509 -1.670715 -0.277645 -1.870270 0.624527 1.193703 3.204957 -0.763070 1.679496 -0.063419 -1.236527 -0.691696 1.192869 -0.892529 -2.035072 -1.982111 0.405868 -1.083065 -1.147671 0.000180 -2.129729 -0.319220 1.092652 1.339573 -0.499167 1.580772 -0.063489 -1.960691 -0.054754 -0.496400 1.198083 -0.183414 0.519010 0.389056 -0.395400 0.796620 1.230090 -1.136457 -0.213631 -2.767431 -0.160716 0.015843 -2.456628 0.028402 -0.414405 -0.004054 -0.202225 -2.421895 1.800219 -0.119675
46 -1.528514 0.601459 1.608744 -1.948553 -0.021174 -0.940779 -1.120534 2.517413 0.345973 -0.891329 1.161111 0.554572 0.883551 0.168101 -0.079577 0.108136 1.006596 0.915267 2.081967 0.160882 1.138364 -0.119364 0.522224 0.582358 0.453355 -0.597149 2.197969 -0.071034 0.300838 -0.348697 -1.159177 0.355033 -0.011337 0.314566 -0.547091 0.440498 -1.059611 -2.008460 0.189360 -1.458304 0.856844 1.365856 0.545516 1.125859 -2.130260 -0.193454 0.404712 -0.190974 -1.141142 0.394117
47 -1.341303 1.636838 1.577360 0.479420 1.363819 0.441393 -0.258507 1.259858 -2.278026 0.365358 -0.004740 1.141280 -0.433672 -0.317583 0.443739 0.354154 0.049356 1.214286 -0.141355 -2.259006 0.620124 -2.202296 0.611294 0.243845 -1.615888 -0.459359 0.197427 2.410002 -0.860681 -0.029587 1.237355 0.806467 0.525151 0.659539 1.030763 -0.553797 -0.266501 0.683850 -1.420155 0.665877 -0.523877 1.620744 -0.993950 0.397018 0.553259 0.251000 0.097169 3.154540 0.397711 -1.410641
48 -0.926305 1.547695 1.661800 0.367715 1.334131 -0.410653 -0.250853 0.311308 -0.092942 0.454120 0.469752 -1.808274 0.447298 0.213787 1.300325 0.268606 1.083851 -0.584316 -0.083039 1.644022 -1.175448 0.309548 -0.003080 0.121036 -0.629301 -0.405890 1.350781 -0.248181 -1.282428 -0.571528 0.246993 -0.797027 -0.804140 -0.568976 -1.213734 -0.892293 -0.138369 0.901381 -0.764497 1.190436 2.132037 0.267887 0.788807 -1.504080 -1.196937 -1.274220 0.243071 -0.772333 -1.474788 -1.669541
49 -0.363178 1.258120 0.230208 1.304335 1.510962 1.511297 0.489136 -1.546867 -0.803301 -0.486236 0.200054 -1.462903 -0.409994 1.232031 0.113158 -2.693380 -0.856702 -1.050605 0.175297 -1.528948 -0.878280 -1.535686 -0.641011 0.629507 -0.331810 0.865960 -0.965912 0.984971 0.127503 -0.903574 1.991090 -1.986119 0.666419 1.066117 0.953003 -2.936981 0.512780 0.354545 -0.113397 -0.903564 0.785981 -0.749812 -1.052433 1.661013 0.252412 1.148284 1.116372 0.441586 -1.898547 0.035933
50 -0.584629 -0.110468 -0.397257 -0.679285 -1.041582 0.876033 0.526142 1.135758 -0.281560 -0.303259 -0.913138 -2.165490 0.475847 1.576077 -0.752332 -0.272136 0.509397 -0.434063 0.090675 -0.392798 -0.956076 -0.547324 -0.940823 -0.279803 0.584184 0.980160 -3.450657 -0.024194 0.002583 2.017092 -1.892246 0.219065 -0.525405 0.422075 -1.174302 0.624959 -1.251375 0.055484 -0.838504 -0.441602 -0.046643 -0.358234 0.350742 0.852168 0.733868 0.658459 1.580596 -1.402491 -0.393074 0.533587
51 -0.060171 -0.278288 0.410232 -0.623417 0.337938 0.548126 0.099466 1.321305 0.246728 0.808897 0.084924 -1.278891 -1.527932 -0.622099 -1.979351 0.131714 0.190622 0.414933 0.633734 -0.256150 2.094887 0.186686 0.395394 0.527137 -0.548288 -0.913219 -0.197040 2.085154 1.049445 0.783022 -1.592659 -1.548640 1.551680 -2.101889 0.212573 -0.708685 1.481089 0.800140 -1.088423 0.585680 -0.588669 -1.195412 -1.590227 1.238003 -1.558569 0.880251 -0.702277 0.624896 1.385774 0.158437
52 1.373399 0.529179 0.607789 -0.362441 1.560358 -0.404831 0.386548 0.536620 -0.026992 0.313709 -2.840113 -0.122182 0.506714 -0.859186 1.538818 -0.216397 0.990044 0.577382 -0.016680 0.865360 1.950657 0.242925 -0.691966 -0.832678 -0.254961 -0.609695 -0.404926 -0.164548 -1.533419 1.199474 0.766259 0.422566 -0.078251 1.746932 -0.987004 0.257906 0.347772 -1.516950 -0.120965 -0.805566 -0.903773 1.836503 -0.503823 -0.008475 -0.966638 -2.215607 1.315485 2.240886 0.795334 -0.278432
53 1.111953 -0.586068 0.961545 2.000475 -0.394121 -1.254442 0.674378 1.429309 0.788375 -1.142276 0.331111 -0.348634 -0.211854 -1.265293 1.150951 2.026600 -0.814413 0.108879 -0.977433 -0.673691 0.031570 2.004761 -1.264663 -0.720786 0.575907 0.721101 0.020657 -0.371785 0.049396 -0.538967 0.173132 -1.603141 -0.216444 0.049277 -1.806372 -1.557389 -1.423514 0.148256 -0.393971 0.549292 -0.756275 1.049395 0.391482 -0.579070 -1.138653 -1.414354 -0.342831 -0.525297 0.169961 -0.491976
54 0.985745 0.588174 0.424824 -0.721354 0.526970 -0.401642 -0.032001 0.423235 -0.368708 0.519340 0.600208 -1.103610 0.303034 -1.700861 0.843304 0.102170 -0.265088 1.099455 -0.272410 -1.106916 0.544183 -0.216799 0.051978 -0.588267 2.159951 0.074770 0.616059 -0.185731 0.449131 -2.249694 -0.025665 1.528304 0.260355 0.888468 -0.221650 -0.706355 0.659339 0.721840 1.198982 -0.234781 0.790071 0.566994 -1.771702 0.252236 -0.644627 -0.603234 0.438131 0.007650 -1.677115 -0.469726
55 0.693928 0.552071 -0.198531 -1.679529 0.406535 -1.157450 -1.632673 -0.942440 1.019229 -0.407771 0.021134 -0.636827 0.177793 -0.697089 -0.408711 -0.790484 -0.722597 -1.428495 -0.323360 0.314166 0.773573 0.177486 0.817849 -2.223590 0.312366 1.351938 -0.427447 1.009868 -0.493765 -1.369618 -1.811990 0.899625 1.012131 -0.503442 0.183193 -1.501168 0.567253 1.304518 0.196851 0.997716 -1.123283 0.580352 -1.670053 1.560772 0.747609 1.753552 -0.714254 0.686349 -0.093265 1.398889
56 1.527372 2.091993 -0.834544 0.171652 0.805967 -1.503961 -0.511616 -1.870422 0.981401 -0.277492 -1.480955 1.012721 -0.820310 0.971317 -0.598809 -0.510210 1.454424 1.163378 0.548733 -0.995604 -0.429173 0.767682 -0.251180 0.557777 0.734250 0.556049 0.938043 0.987622 -0.390514 0.863954 -1.418763 0.310301 0.331932 0.982862 0.800591 -0.077547 -0.450704 -0.000922 0.392023 -0.876455 0.375644 0.122783 0.352412 0.755917 -0.319111 1.511338 0.043312 0.206020 0.872002 0.179291
57 0.332313 -0.855837 0.711637 -0.717365 0.451552 -0.417529 0.398806 1.316183 2.438934 -0.957862 -0.250442 -1.476118 1.958758 0.910983 0.623360 -0.863437 1.345631 0.485648 -1.872718 0.655043 -0.348060 0.508535 -0.110846 -0.600869 0.895942 0.156445 -1.437128 0.293497 -0.394203 1.192314 -1.968259 -0.547875 -0.707182 -0.256256 0.680139 -1.225159 -0.340766 0.375173 1.096014 -1.081976 -0.627375 1.772401 1.333987 -0.039824 1.427770 -1.997575 0.251516 -0.202624 -1.559496 0.697330
58 -0.625052 0.090648 -0.241073 0.243095 0.602645 0.723177 0.896846 0.594946 -0.849141 -0.241879 0.117564 -0.810434 0.266236 0.668442 0.596487 -0.590308 0.530207 1.048223 0.398950 -1.557602 0.284905 -0.289985 -0.153320 -1.368491 0.267151 -0.765160 0.124488 -0.538588 -1.404112 0.201784 -0.885531 1.066541 0.089076 1.355650 -0.337310 0.140015 -1.134925 0.490757 -0.499381 -0.154239 -0.396981 0.502725 0.805998 0.542079 -0.769120 0.449087 0.064862 -0.575684 -0.699638 -1.225656
59 0.525198 0.452950 -0.900460 -0.764884 0.752188 0.105312 -0.323146 -1.036823 1.077437 -0.262109 -0.603671 0.369711 0.761105 -0.016918 0.035490 -0.150184 -1.171968 2.437333 -0.751496 -1.458838 -0.430566 1.671684 0.644629 0.173053 0.428140 1.041423 -1.068730 -1.312739 -0.368630 -0.126230 -1.101578 1.101507 0.713246 -0.516459 0.534234 0.443800 1.240689 0.824279 0.760929 -0.513901 1.090009 -1.757293 -0.466228 -0.193926 1.853979 -0.174415 -1.393539 -0.186455 -1.101806 0.143197
60 0.692586 0.987773 -0.183036 -1.042398 -1.749546 1.302618 1.610813 -1.247229 -0.857867 0.669307 -1.845553 0.022189 0.107611 0.593868 0.766049 0.842480 -1.009771 -0.515615 0.483614 0.260507 -0.039386 0.138842 0.141698 -0.286122 -2.152357 -1.649211 0.733700 -0.177151 0.216480 0.638493 -1.259510 -0.385875 -1.188607 0.583871 0.785191 0.392323 0.932078 -0.384306 1.113787 -0.811404 -1.188408 -0.755151 -0.683942 0.441122 -0.911768 -0.381888 -1.489492 -1.338820 1.350466 0.860970
61 1.294449 -0.655575 0.181995 1.020201 1.018975 -0.052302 -0.079213 -0.587976 -0.449824 0.085652 -0.003585 0.145964 -0.665661 -0.282058 0.656278 -1.205728 1.044888 -0.378295 0.295163 1.181220 -0.182792 1.328129 -0.792306 -1.753389 0.897387 0.002409 -0.340270 -0.270293 -1.223385 -1.671106 0.211155 0.508030 -0.527118 0.046969 -0.811768 1.058948 1.313798 0.808684 0.306609 -0.627683 -2.520677 -2.485981 0.642455 -0.239723 -0.999249 2.083133 -1.416719 -0.792113 -0.174535 -0.154906
62 0.474798 -0.046846 0.784390 0.918049 -0.562066 -1.332745 -1.076710 1.319946 -0.338180 1.489183 0.150003 1.343627 -0.661015 -0.994344 0.925812 -1.667785 1.998356 -1.050266 -0.109004 0.504361 -1.475502 0.065277 0.305189 1.317590 -1.199171 -0.885742 0.690183 -0.193141 1.205005 1.163611 0.169837 0.180334 -0.565640 1.195659 -0.867868 -0.115003 -1.194784 1.500635 -0.471282 1.467153 0.337821 -0.172941 -0.198630 1.874118 -0.519223 0.050575 -0.123048 -0.825391 -1.324828 -0.356112
63 -0.951531 0.900475 -1.055142 -0.108553 0.170462 0.430222 0.649227 -0.795778 -0.833789 -2.061126 0.605808 0.047073 -1.846681 0.201533 0.021802 -0.135079 0.360017 2.336465 -0.396897 0.637674 0.491840 0.970339 -0.398690 0.459810 0.079449 2.455574 1.879031 -1.377014 -0.871688 1.516935 -1.617821 -1.201521 -2.203689 0.160163 0.721571 0.759904 -0.904096 -0.015007 1.067498 0.368689 -1.245150 -1.016121 0.467935 -0.893529 1.045134 0.267664 1.136112 -1.529013 -1.103290 -0.976790
64 -1.386560 0.974713 -1.611713 0.013593 -0.354861 0.124162 -0.838809 -1.261076 0.273539 -0.776270 0.671782 0.982347 -0.783642 -0.851454 -1.908205 1.086255 0.774148 -0.114779 1.173940 -0.577005 -0.941213 -0.924628 0.196159 -0.807012 -1.268247 0.742949 0.534278 0.664203 0.683202 -0.028137 -1.824301 0.453609 -1.209331 0.173626 -0.948033 -0.930989 1.231262 -3.076710 2.295663 -0.570872 -0.034845 0.774950 2.099231 0.374636 1.112488 0.286725 1.348490 -0.226735 0.714911 0.916113
65 1.700352 0.242998 -0.265270 -0.353078 -0.358919 0.443697 -2.086746 -1.119477 0.584103 0.007302 -0.444607 2.376035 -1.819855 -0.794418 0.839587 -1.108747 -1.043463 -0.392130 0.128453 -1.328943 -0.741027 1.223690 -1.034467 -0.682283 0.582165 -0.844038 0.080250 -1.274522 -1.505454 1.662524 -0.747930 -0.035348 -1.097549 -2.044665 0.668421 -0.319564 -0.494541 0.573234 -0.492403 -0.195801 -0.084155 0.986890 0.291503 0.715746 -1.343486 1.070685 -0.827155 -0.774307 -0.166371 -0.304017
66 -0.201496 0.270822 1.179803 -0.027478 0.128003 0.021945 -0.380226 -1.666246 -0.272486 -1.342564 -1.064219 -0.407839 -0.037685 -1.662724 -1.550605 -1.125846 1.057267 -0.246769 0.890530 1.006771 -0.891117 -0.538667 0.392545 -1.936746 -0.344647 -0.802206 -0.350448 0.216495 -0.579873 -0.175717 -0.251511 0.450082 -0.249229 0.073896 -1.155018 1.034081 -0.202111 -1.331626 0.365099 0.298072 -0.235249 -0.982805 -0.607754 -0.333114 1.522848 -1.924866 -1.315034 0.975731 0.106954 -0.042425
67 0.069983 0.111274 -0.017141 0.045624 1.003603 -0.657348 -2.154777 0.372982 -0.510335 -1.156405 -0.889469 -1.296283 0.861290 -0.970326 0.872560 -0.523082 -2.081655 -1.278039 -1.589857 0.028083 -0.057654 -0.090942 -0.077040 1.781032 -0.687149 -0.044256 -0.485056 0.801153 1.624296 1.700266 1.027630 1.335041 -1.595749 -0.493506 -0.052622 0.476624 0.333487 0.173456 0.557227 -0.236095 -0.509675 1.110132 -0.262031 0.042470 1.564908 -0.314653 -0.157455 -0.283955 -1.574339 -0.700397
68 -0.481278 2.751221 -0.165305 -0.347949 -0.290053 -0.962616 -0.736878 1.794816 -0.790231 1.241815 0.140108 0.386605 0.883779 -0.046202 2.788763 0.602535 -0.850767 0.788472 -0.180546 0.813911 0.741658 1.113676 -1.689820 -1.203004 -0.302664 0.862632 1.056033 1.094081 0.675596 2.168049 -0.287670 -0.673309 2.021360 0.956559 -0.782678 0.845288 1.049965 -0.467158 -1.711052 0.225772 0.333771 1.569382 1.052548 0.263037 -0.724989 -0.007905 1.385172 -0.070138 -0.782296 -0.858844
69 -0.787744 1.164451 -0.404357 1.260088 -0.877094 0.260139 0.271274 0.226913 0.015857 2.284883 0.963173 -0.601690 0.184885 -0.789669 0.591833 -0.605181 -0.697468 0.236478 -0.143595 -1.800693 -2.289399 0.059025 -2.703019 1.027428 0.983634 0.187164 -0.654934 1.553286 -0.072854 0.715050 1.558965 -0.002671 -1.210393 -0.097914 -1.907648 -2.153142 0.541654 -0.993967 0.156899 0.509206 -1.308584 -1.225090 2.164030 -0.555444 1.834414 2.351397 -0.021655 -1.255176 0.288020 0.685300
70 -0.716413 0.481905 1.307502 -0.940906 -0.030341 1.702273 0.085637 -1.529598 -0.790694 -1.106160 -1.335307 -0.326565 0.229765 0.312870 -0.002842 -0.586153 0.761909 0.303024 0.016530 -0.767884 0.254655 0.749034 1.936970 1.257940 0.230250 1.221504 0.185280 1.069294 -1.097855 0.448965 -0.606767 0.700222 -0.937617 0.051631 -0.618379 2.478406 0.882209 2.045785 -1.313263 2.413298 0.690444 0.369706 -1.400563 -1.091560 0.793667 1.024644 -1.840016 0.389580 -0.741453 -0.050762
71 -0.618816 -0.096890 -0.660498 -0.436930 -2.255670 0.272674 1.893347 0.098680 -0.175412 -0.499193 0.193701 -0.638511 0.763364 -0.456160 -0.333357 -0.171984 -0.943175 -0.003022 0.412316 -0.203959 1.548614 0.453619 0.135650 0.818702 -0.169142 0.948094 1.220187 -1.419269 -0.757243 0.208680 -2.086075 -2.149102 -1.600001 0.701077 -1.256759 -0.220434 -0.064911 0.088286 0.576100 -0.002602 1.435315 -0.236234 0.061013 0.272378 0.092908 -1.228295 -0.577536 -1.079900 -0.535154 -1.736323
72 0.236136 1.801057 -0.537362 1.154073 -1.576705 1.362422 0.983395 -0.007032 -0.162226 1.727363 0.670648 0.904910 0.475658 -0.496930 0.520157 0.432354 0.596749 0.867193 2.114882 -1.121710 0.550390 -0.075646 -0.733530 1.375508 -0.599749 -1.223904 0.063011 -1.366166 0.234517 1.584648 -0.934733 0.085776 0.763796 -1.128451 0.097746 0.601390 1.431808 -0.753667 -1.022374 -0.663765 -0.194457 1.215866 0.621087 -0.374098 -0.246337 0.041056 0.633346 1.870155 -1.287485 1.327596
73 0.439186 -0.142639 -0.272595 0.308858 1.654669 0.253033 -1.426072 0.151400 2.310932 -1.831010 -1.576871 -0.686568 0.231980 1.017297 -0.118066 0.317335 -0.340146 -0.483111 -0.433290 -0.451521 1.398993 -2.456370 2.874423 -0.669698 -1.414567 -0.251951 -0.566535 -0.457787 -0.149203 0.473074 1.305597 -0.999442 -1.331986 -1.065846 0.219833 1.008998 -0.510779 -0.444527 -0.412209 0.053386 -0.842802 -1.788875 -0.481860 0.437577 -0.867077 -0.822482 -0.055474 -0.491728 1.445172 -2.301247
74 0.768644 0.513170 -0.298854 1.561833 -1.135567 -0.002125 0.935534 -0.705625 0.859316 0.131326 -1.193537 1.359928 -0.401633 -1.170286 0.909857 -0.397568 1.370590 -1.290454 1.005187 -1.185881 -0.374374 -0.977215 0.796858 0.551153 -1.225478 -0.101434 -0.529440 1.813713 0.810189 0.437102 -0.530177 -0.415610 -0.260065 0.615095 0.509492 0.548004 0.771667 0.161176 -0.665129 -0.785879 0.428455 1.043453 -2.112447 -0.901430 0.738530 -0.313608 -0.209145 0.966421 -1.397827 -0.380043
75 -0.503409 -0.506677 1.306212 -0.267128 -0.023332 1.384802 0.232381 -1.829174 0.508513 -0.326267 -1.106972 1.163013 0.671676 0.076051 -0.632995 -0.933447 -0.498300 -0.158487 -0.483363 -1.107885 0.029676 -0.469803 1.257798 -0.089105 2.460361 -0.487470 -0.661333 0.099214 1.332641 1.104316 1.207565 -0.753620 0.690436 -0.678802 0.132977 0.547851 -1.415190 1.150747 -1.082074 0.355367 -1.481262 -0.466808 0.312379 0.730332 -1.589962 -0.134050 1.609310 -0.800143 0.784507 -1.173652
76 0.560937 0.543916 -0.696170 0.834176 0.776359 0.561631 0.626089 -0.952767 -0.972523 -0.474471 -0.166380 -1.129650 0.801422 0.178161 0.064093 -0.884904 -1.102093 -0.451643 0.209812 -0.324814 -1.865161 0.714883 -0.719229 2.645555 -0.401640 0.664069 0.549360 -0.373140 0.719283 -0.478189 2.513860 -0.430748 0.180036 -0.624452 0.331142 0.740866 1.639048 -0.704978 -0.441612 -0.558732 -0.717768 -0.728548 -0.060057 -0.271937 0.491635 -1.047589 1.116444 -0.663558 -0.147716 -0.579157
77 0.450814 -0.010902 1.064405 -0.782703 2.312901 0.188708 0.205597 0.117722 0.783136 0.609813 -0.091270 2.023321 0.422885 0.672832 0.336847 0.097460 -1.190435 -1.978693 0.282175 0.185278 -1.652115 0.210958 -0.176713 -0.829202 -0.532113 0.061001 1.300939 0.079483 -0.663587 0.318162 0.500941 0.739669 1.119471 0.247029 -0.006656 -0.023776 -0.641955 1.567559 1.464697 -0.107866 1.491619 0.684318 1.025041 0.595005 0.525185 1.634322 0.590566 -0.184865 -1.261972 0.608422
78 -1.460818 -0.398258 -0.213408 -1.813263 -1.759168 1.408316 0.948473 2.211082 -1.085204 0.129604 0.691955 -0.620491 -0.503319 0.740569 0.259414 -1.125074 1.100038 0.369576 -0.228709 -1.045789 -0.883093 -1.968153 0.381305 1.162722 -0.943851 1.137942 0.146245 0.265391 -0.532231 1.164880 0.299630 -1.571521 -1.080069 -0.858076 -0.106893 0.943934 -0.548771 -1.593544 -0.297434 0.959338 -0.023858 -0.034534 -0.980178 -1.306205 1.469103 -0.115017 -0.538830 -0.167148 0.629648 -1.540141
79 1.269143 -0.501809 0.010956 -0.649181 0.761600 -0.465181 -0.550962 1.499983 -0.309329 1.333388 2.202154 1.388888 -0.053641 1.350857 -0.583767 0.431187 0.308900 -2.121820 0.084317 0.061412 -1.275643 0.301980 -0.665834 1.041185 1.884044 -0.837409 -2.398684 -0.719542 1.122693 1.292673 -1.017900 -0.577209 -0.868536 -1.631807 1.846497 -2.992575 0.092196 -0.415826 0.968497 -1.107337 -2.093834 0.542910 1.206214 -1.263698 1.764567 -0.690971 0.041875 0.743353 0.420409 0.310587
80 -2.180915 0.972180 -0.112779 1.203704 -0.916059 0.996079 0.685891 -0.392553 0.546156 0.065978 -1.134419 -0.143750 -0.574002 -0.462041 -0.122144 -0.752869 0.805504 0.008592 -0.369169 0.455132 -0.535820 -0.229129 -1.186204 -0.210541 0.874754 -0.239318 0.195729 -0.028733 0.977010 0.629068 -1.085643 -0.874659 1.694112 0.445208 0.691338 -1.133883 -0.921643 -0.731541 0.731551 -1.707804 0.033348 -0.607358 -0.069634 -0.049514 -0.462253 0.081015 -0.943579 -0.304705 -1.136830 -1.278266
81 4.325788 5.309078 5.683024 2.895682 5.265730 3.891620 -0.174832 4.784533 5.613792 -0.644162 6.372748 4.826588 5.571222 5.010065 5.023981 -0.726723 -1.192618 5.216737 5.370551 4.513856 6.687543 -0.291967 6.366603 5.120033 3.640704 3.311515 0.453164 3.746047 5.082827 5.433746 4.904020 4.860874 4.919974 5.369596 6.396786 0.031873 5.579106 2.875974 5.028235 -0.319126 5.481613 5.248557 3.959637 -0.897676 0.076925 4.138769 4.454668 6.329590 4.643768 4.785914
82 -0.308237 1.279641 1.624221 -0.728174 -0.549820 -0.580353 1.247419 0.351724 0.645942 -0.645358 0.153622 0.627593 -1.481647 -1.499896 0.495801 0.848394 -0.416613 -0.702279 0.096660 -0.391006 -0.316522 0.535177 0.089112 -0.664929 -2.256895 1.489702 -1.119778 0.335972 -0.135179 1.698396 -0.351043 0.623962 0.441290 0.647821 -1.212077 -0.022418 -1.462701 0.235064 -1.185813 -0.194339 -0.389150 0.009172 0.031859 -0.130419 -0.510659 -0.067613 2.605844 -0.043575 0.111728 0.755323
83 0.136280 1.460572 0.071871 1.035117 0.723676 -1.812725 -0.197946 -0.828315 -1.121817 -0.573967 -1.145470 -1.475995 -0.040800 -0.079939 -0.452447 3.127955 2.491456 0.950764 -0.124573 -0.228192 0.796273 0.118427 1.114575 -0.968678 0.038027 -0.570410 -0.968549 -1.988962 -0.925909 1.566926 0.303616 -0.756630 -1.716674 0.038846 -0.488428 0.659497 0.344131 -0.264109 1.018224 -1.411891 1.039174 0.415886 -0.353748 1.857288 1.274918 -0.304382 -1.629265 0.558723 0.549064 -2.251257
84 0.718653 -0.034768 -1.081592 0.823449 0.040399 -0.845721 -0.806253 0.657914 -1.095577 -1.662432 -1.189334 0.725972 -1.907124 -1.001453 0.520202 0.053364 -0.560867 -1.535399 0.109361 -0.874248 -0.134393 -0.272246 1.206771 -0.665500 -0.169970 -0.459976 -0.234050 1.913657 -0.881393 -1.379092 0.103379 1.227224 -0.375912 -0.519244 -0.766370 0.252113 0.459471 0.957990 -0.311328 -0.568536 -0.822522 1.683048 0.809741 -0.462043 -0.797617 0.013734 -0.555401 -0.763095 1.104446 0.038998
85 0.945843 0.762050 0.147214 -0.082675 1.374236 0.850265 -0.437121 -0.089199 -1.914742 1.000270 0.137124 -0.676751 -0.835652 -0.440125 -1.192973 2.597664 -1.310052 -1.532167 0.497144 2.469046 -0.622270 -0.402610 0.915676 -0.947538 -2.179311 -0.138123 -0.889842 0.481390 0.428966 0.683793 -0.010947 -0.383649 0.075214 0.490595 0.848470 0.039623 -0.764992 -0.900085 -2.197422 -0.126401 -0.136448 -0.217574 -0.499181 0.589726 1.348204 0.776729 0.329408 -0.975852 -0.553443 -0.635187
86 -0.379891 0.479516 -0.478870 0.239295 0.030470 0.674005 -1.312518 1.137516 1.350800 -0.097146 -0.254237 0.733488 -0.009166 0.298523 0.321887 -1.277031 -0.515308 -0.439021 0.155706 0.608748 -1.060835 0.525457 -0.392531 -0.297018 -1.245160 0.067641 -0.997740 -0.745051 2.201810 0.315540 1.252658 2.661425 -0.360019 -1.002862 -1.502225 1.009297 -0.791727 0.618697 0.235474 0.451016 -0.698381 -0.526293 -0.231053 -1.026656 0.694599 1.029534 0.418254 -0.698078 0.872261 0.702542
87 -2.077762 0.255908 0.689076 -1.006537 1.070708 0.076006 -1.894447 -1.345459 -0.278194 -0.692955 -0.151937 -1.243438 -0.730616 0.276997 0.577119 -0.524296 0.223334 0.646930 0.006123 0.381041 -1.010674 1.483773 -1.186738 0.962631 -0.149434 0.893798 -0.974280 0.129040 0.299093 0.644554 0.738196 0.303182 0.730268 0.809143 1.349415 -0.103739 -0.104910 -0.202928 0.616543 0.905756 -0.258639 1.592409 -0.459592 1.937647 1.764185 -1.432580 -0.977665 0.706066 -0.324963 0.932181
88 0.046651 -0.272424 -0.152008 -0.554592 -1.117249 0.244313 -0.418291 -0.261585 0.800911 0.631731 0.630092 0.272366 0.040081 -1.156643 -0.960075 1.529246 -1.889690 0.489715 -1.451194 0.472976 -0.842551 1.399118 -2.353913 -1.007797 -1.216291 -1.073779 0.539107 0.547117 1.436284 -0.821631 -0.238495 -0.768145 0.200352 0.903007 -0.224553 -0.212355 -1.439654 1.776627 0.540607 0.027407 -1.374203 -0.721915 -1.328330 2.506905 0.830637 -0.436357 2.046445 0.641191 0.608084 0.256565
89 -0.508140 1.129603 -0.874049 -0.530568 -0.296923 0.425746 -0.829427 -0.928032 1.097427 0.446034 1.332530 2.335798 0.397672 -0.903817 -1.576787 2.126518 1.955561 -1.802903 0.493826 1.537936 -1.062852 0.016064 -0.357192 0.561708 -1.651345 0.543477 0.577714 0.322518 -0.366140 -0.010868 1.009731 0.290613 0.570667 0.550643 -1.141445 0.925450 0.157699 -0.116542 0.040387 -1.150166 1.473299 0.304910 1.064734 -0.574175 -0.513992 0.030709 0.697086 -0.972856 -1.041615 -1.328551
90 4.272636 3.277281 4.659552 4.938576 5.210606 4.569054 0.026031 4.194630 4.150435 0.969993 4.276735 5.532792 6.363154 4.319031 5.215768 -0.805431 1.126323 5.920183 4.027660 4.709169 6.241445 0.341351 4.550372 5.916795 5.522381 6.335318 0.570549 4.971358 5.012148 4.695459 3.484284 6.347854 5.562864 5.310360 3.526179 1.314257 4.527730 4.532224 4.442479 -1.176546 5.191055 6.393052 5.580513 -0.115077 0.431987 5.566858 5.245165 5.904027 6.266261 3.871682
91 6.235879 3.510890 5.777419 6.193849 4.522712 2.914711 -1.718376 4.743879 5.773523 -0.292812 4.990160 4.845980 4.899585 6.227482 5.146831 0.770777 0.212531 4.071738 6.044164 3.156707 5.500292 -1.712639 5.763473 6.216781 4.199557 5.706739 1.577852 6.195757 6.990133 6.363996 5.311254 5.159995 3.928749 5.577786 5.231613 2.865791 4.230562 5.266793 4.155217 -1.922738 4.109316 3.980968 5.508964 -0.263876 0.204553 6.777857 3.904021 4.543088 3.271160 4.476829
92 -0.694127 -0.574070 -0.138453 0.987940 -2.292106 1.557916 1.803939 0.178475 -0.143280 0.475160 -0.091675 0.253712 1.143053 1.576909 -0.860740 -0.965522 0.147449 -0.346099 1.894409 -1.752854 0.369628 0.010999 1.192471 -0.130268 -0.575361 -1.070880 -0.347870 0.285246 0.648933 -1.785564 -0.948037 0.821830 1.940274 1.159880 -0.455688 0.335600 -0.355958 -1.360680 -1.492639 1.330687 -0.089158 1.300810 -0.038715 -0.752742 -0.413154 -0.608682 0.187598 0.463714 0.838964 0.232349
93 -0.901683 0.810032 -0.323954 0.864057 1.723234 -0.944069 -0.576369 1.111911 0.505992 -0.978760 1.672597 0.888808 -1.576314 -1.282261 -1.441687 0.941899 -0.786230 -0.031084 -0.040304 0.696688 -0.254618 -0.654936 -0.733681 0.626505 -1.057425 -1.464337 -1.447604 0.552044 -1.483136 -0.118765 -2.468054 2.084318 -1.594018 0.429736 0.826759 -1.217395 0.016249 0.042401 0.151828 -0.908937 -0.861696 -1.055433 0.215523 -0.092555 -0.127626 0.474807 -0.333227 -1.185787 0.240239 -0.176248
94 1.341866 -0.947048 -0.866372 -2.023898 -0.621993 1.064281 0.462405 -0.496956 -0.586763 0.113181 -1.390376 0.568620 -1.756551 -0.213714 1.835486 -1.516296 1.863369 -1.037702 0.498345 -0.016114 -0.478907 -0.362032 -1.358454 -1.228812 0.782986 0.365330 -0.540507 0.271974 0.089290 0.620126 -0.683498 -1.511125 -0.658488 -1.502464 -0.096739 -0.737550 -0.144360 -0.230569 0.611072 0.274903 -1.547481 1.165346 0.295165 0.023709 -1.156441 -1.745654 1.695341 0.553230 0.171535 -1.418612
95 0.830834 -0.666280 -0.598345 -1.310033 -1.102232 -0.829219 -2.348564 1.334521 1.792884 0.375151 -0.721102 -1.036993 -3.309024 -1.453243 -0.749538 -0.197606 -0.804101 -0.322710 -0.080506 0.273012 0.276004 1.850755 -0.999420 0.390515 -0.563923 -0.346781 -2.377071 -1.137608 -0.346252 -0.188053 -0.220987 -0.298500 0.494951 -0.096888 0.178097 1.006893 0.800837 -0.047244 -0.693780 1.890563 0.589504 1.078348 -0.579520 1.712355 0.824555 0.202290 0.177613 1.181744 0.163694 0.363081
96 -0.547145 -1.378274 1.366016 -0.645017 -0.857968 0.461481 -0.061283 0.757085 -0.523706 0.083309 -0.082800 -0.593844 -2.036077 1.159613 0.092622 0.049715 -0.390130 -0.636613 -0.139134 0.474156 -0.828189 -0.014860 -0.812551 -0.307853 1.756252 0.270686 0.141031 0.562797 -0.138924 -0.985905 0.570838 -0.503452 0.729313 0.667292 0.352782 -0.689645 0.129851 -0.849935 1.170205 -1.127544 1.053510 0.604441 0.000286 -0.706869 1.051584 -1.128440 1.256710 1.080201 0.030750 -0.425516
97 -0.700968 0.751942 0.710745 1.070908 0.357798 1.445487 0.217137 -0.075845 0.584075 0.332947 -0.899179 -0.960472 3.235056 -0.318383 -1.617061 0.627835 0.002448 0.972471 0.014169 1.936222 -1.299469 1.174857 -0.238914 -0.444612 -1.778067 0.817488 -1.575432 -1.047356 1.294038 0.129617 0.482443 -2.493548 -0.143967 -1.185230 -0.121205 0.407592 -0.700630 0.735958 -0.676866 -0.452247 0.891063 -0.745685 -1.041530 1.329328 0.259979 0.811329 -0.170668 -0.485552 -0.299015 0.253431
98 1.656867 1.128679 -0.259924 -1.685459 0.137231 0.868491 0.457634 1.609063 -0.276826 -0.547445 -0.132905 1.875715 -0.769554 0.282975 1.105991 -1.369233 -0.107186 0.707521 -0.299996 0.633810 0.181489 -0.884808 0.816476 -0.725033 0.833529 -0.953459 -0.277182 -0.656076 0.623749 0.485269 -1.446884 -0.359508 0.797983 0.366361 -0.296118 2.221429 -0.259244 1.207815 -0.271834 0.371237 0.135939 -1.128334 -0.926682 0.224480 1.515203 -0.330598 0.318572 0.325809 -1.944304 0.560042
99 1.307342 0.656827 0.583655 -1.458546 -1.163098 -1.431656 0.291551 -0.640990 -1.658954 0.949230 0.151606 0.643943 1.009688 0.766865 0.438103 1.123781 -0.769672 1.089120 1.065210 -0.512316 0.192791 -0.488383 0.231685 -0.191857 -0.823959 -0.314659 0.507306 0.443055 -0.164833 -1.506261 0.084988 0.854946 1.555363 -0.242189 -1.360841 1.912392 -0.468877 0.735624 -0.194129 -1.235170 -0.059712 -1.841505 -0.332734 -1.765677 -0.934018 -0.437199 1.478694 -0.615366 -0.518006 -1.127892
END
#################################################################
SECTION3 (Edges Information)
EndPoint0 EndPoint1 Weight
0 1 1.000000
0 9 1.000000
0 10 1.000000
0 90 1.000000
1 0 1.000000
1 2 1.000000
1 11 1.000000
1 91 1.000000
2 1 1.000000
2 3 1.000000
2 12 1.000000
2 92 1.000000
3 2 1.000000
3 4 1.000000
3 13 1.000000
3 93 1.000000
4 3 1.000000
4 5 1.000000
4 14 1.000000
4 94 1.000000
5 4 1.000000
5 6 1.000000
5 15 1.000000
5 95 1.000000
6 5 1.000000
6 7 1.000000
6 16 1.000000
6 96 1.000000
7 6 1.000000
7 8 1.000000
7 17 1.000000
7 97 1.000000
8 7 1.000000
8 9 1.000000
8 18 1.000000
8 98 1.000000
9 0 1.000000
9 8 1.000000
9 19 1.000000
9 99 1.000000
10 0 1.000000
10 11 1.000000
10 19 1.000000
10 20 1.000000
11 1 1.000000
11 10 1.000000
11 12 1.000000
11 21 1.000000
12 2 1.000000
12 11 1.000000
12 13 1.000000
12 22 1.000000
13 3 1.000000
13 12 1.000000
13 14 1.000000
13 23 1.000000
14 4 1.000000
14 13 1.000000
14 15 1.000000
14 24 1.000000
15 5 1.000000
15 14 1.000000
15 16 1.000000
15 25 1.000000
16 6 1.000000
16 15 1.000000
16 17 1.000000
16 26 1.000000
17 7 1.000000
17 16 1.000000
17 18 1.000000
17 27 1.000000
18 8 1.000000
18 17 1.000000
18 19 1.000000
18 28 1.000000
19 9 1.000000
19 10 1.000000
19 18 1.000000
19 29 1.000000
20 10 1.000000
20 21 1.000000
20 29 1.000000
20 30 1.000000
21 11 1.000000
21 20 1.000000
21 22 1.000000
21 31 1.000000
22 12 1.000000
22 21 1.000000
22 23 1.000000
22 32 1.000000
23 13 1.000000
23 22 1.000000
23 24 1.000000
23 33 1.000000
24 14 1.000000
24 23 1.000000
24 25 1.000000
24 34 1.000000
25 15 1.000000
25 24 1.000000
25 26 1.000000
25 35 1.000000
26 16 1.000000
26 25 1.000000
26 27 1.000000
26 36 1.000000
27 17 1.000000
27 26 1.000000
27 28 1.000000
27 37 1.000000
28 18 1.000000
28 27 1.000000
28 29 1.000000
28 38 1.000000
29 19 1.000000
29 20 1.000000
29 28 1.000000
29 39 1.000000
30 20 1.000000
30 31 1.000000
30 39 1.000000
30 40 1.000000
31 21 1.000000
31 30 1.000000
31 32 1.000000
31 41 1.000000
32 22 1.000000
32 31 1.000000
32 33 1.000000
32 42 1.000000
33 23 1.000000
33 32 1.000000
33 34 1.000000
33 43 1.000000
34 24 1.000000
34 33 1.000000
34 35 1.000000
34 44 1.000000
35 25 1.000000
35 34 1.000000
35 36 1.000000
35 45 1.000000
36 26 1.000000
36 35 1.000000
36 37 1.000000
36 46 1.000000
37 27 1.000000
37 36 1.000000
37 38 1.000000
37 47 1.000000
38 28 1.000000
38 37 1.000000
38 39 1.000000
38 48 1.000000
39 29 1.000000
39 30 1.000000
39 38 1.000000
39 49 1.000000
40 30 1.000000
40 41 1.000000
40 49 1.000000
40 50 1.000000
41 31 1.000000
41 40 1.000000
41 42 1.000000
41 51 1.000000
42 32 1.000000
42 41 1.000000
42 43 1.000000
42 52 1.000000
43 33 1.000000
43 42 1.000000
43 44 1.000000
43 53 1.000000
44 34 1.000000
44 43 1.000000
44 45 1.000000
44 54 1.000000
45 35 1.000000
45 44 1.000000
45 46 1.000000
45 55 1.000000
46 36 1.000000
46 45 1.000000
46 47 1.000000
46 56 1.000000
47 37 1.000000
47 46 1.000000
47 48 1.000000
47 57 1.000000
48 38 1.000000
48 47 1.000000
48 49 1.000000
48 58 1.000000
49 39 1.000000
49 40 1.000000
49 48 1.000000
49 59 1.000000
50 40 1.000000
50 51 1.000000
50 59 1.000000
50 60 1.000000
51 41 1.000000
51 50 1.000000
51 52 1.000000
51 61 1.000000
52 42 1.000000
52 51 1.000000
52 53 1.000000
52 62 1.000000
53 43 1.000000
53 52 1.000000
53 54 1.000000
53 63 1.000000
54 44 1.000000
54 53 1.000000
54 55 1.000000
54 64 1.000000
55 45 1.000000
55 54 1.000000
55 56 1.000000
55 65 1.000000
56 46 1.000000
56 55 1.000000
56 57 1.000000
56 66 1.000000
57 47 1.000000
57 56 1.000000
57 58 1.000000
57 67 1.000000
58 48 1.000000
58 57 1.000000
58 59 1.000000
58 68 1.000000
59 49 1.000000
59 50 1.000000
59 58 1.000000
59 69 1.000000
60 50 1.000000
60 61 1.000000
60 69 1.000000
60 70 1.000000
61 51 1.000000
61 60 1.000000
61 62 1.000000
61 71 1.000000
62 52 1.000000
62 61 1.000000
62 63 1.000000
62 72 1.000000
63 53 1.000000
63 62 1.000000
63 64 1.000000
63 73 1.000000
64 54 1.000000
64 63 1.000000
64 65 1.000000
64 74 1.000000
65 55 1.000000
65 64 1.000000
65 66 1.000000
65 75 1.000000
66 56 1.000000
66 65 1.000000
66 67 1.000000
66 76 1.000000
67 57 1.000000
67 66 1.000000
67 68 1.000000
67 77 1.000000
68 58 1.000000
68 67 1.000000
68 69 1.000000
68 78 1.000000
69 59 1.000000
69 60 1.000000
69 68 1.000000
69 79 1.000000
70 60 1.000000
70 71 1.000000
70 79 1.000000
70 80 1.000000
71 61 1.000000
71 70 1.000000
71 72 1.000000
71 81 1.000000
72 62 1.000000
72 71 1.000000
72 73 1.000000
72 82 1.000000
73 63 1.000000
73 72 1.000000
73 74 1.000000
73 83 1.000000
74 64 1.000000
74 73 1.000000
74 75 1.000000
74 84 1.000000
75 65 1.000000
75 74 1.000000
75 76 1.000000
75 85 1.000000
76 66 1.000000
76 75 1.000000
76 77 1.000000
76 86 1.000000
77 67 1.000000
77 76 1.000000
77 78 1.000000
77 87 1.000000
78 68 1.000000
78 77 1.000000
78 79 1.000000
78 88 1.000000
79 69 1.000000
79 70 1.000000
79 78 1.000000
79 89 1.000000
80 70 1.000000
80 81 1.000000
80 89 1.000000
80 90 1.000000
81 71 1.000000
81 80 1.000000
81 82 1.000000
81 91 1.000000
82 72 1.000000
82 81 1.000000
82 83 1.000000
82 92 1.000000
83 73 1.000000
83 82 1.000000
83 84 1.000000
83 93 1.000000
84 74 1.000000
84 83 1.000000
84 85 1.000000
84 94 1.000000
85 75 1.000000
85 84 1.000000
85 86 1.000000
85 95 1.000000
86 76 1.000000
86 85 1.000000
86 87 1.000000
86 96 1.000000
87 77 1.000000
87 86 1.000000
87 88 1.000000
87 97 1.000000
88 78 1.000000
88 87 1.000000
88 89 1.000000
88 98 1.000000
89 79 1.000000
89 80 1.000000
89 88 1.000000
89 99 1.000000
90 0 1.000000
90 80 1.000000
90 91 1.000000
90 99 1.000000
91 1 1.000000
91 81 1.000000
91 90 1.000000
91 92 1.000000
92 2 1.000000
92 82 1.000000
92 91 1.000000
92 93 1.000000
93 3 1.000000
93 83 1.000000
93 92 1.000000
93 94 1.000000
94 4 1.000000
94 84 1.000000
94 93 1.000000
94 95 1.000000
95 5 1.000000
95 85 1.000000
95 94 1.000000
95 96 1.000000
96 6 1.000000
96 86 1.000000
96 95 1.000000
96 97 1.000000
97 7 1.000000
97 87 1.000000
97 96 1.000000
97 98 1.000000
98 8 1.000000
98 88 1.000000
98 97 1.000000
98 99 1.000000
99 9 1.000000
99 89 1.000000
99 90 1.000000
99 98 1.000000
END
#################################################################
SECTION4 (TrueSubGraph Information)
EndPoint0 EndPoint1 Weight
81 91 1.0
91 90 1.0
91 1 1.0
1 11 1.0
11 21 1.0
21 22 1.0
22 32 1.0
32 42 1.0
42 41 1.0
END
#################################################################
SECTION5 (Labels Information)
1 1 1 1 1 1 0 1 1 0 1 1 1 1 1 0 0 1 1 1 1 0 1 1 1 1 0 1 1 1 1 1 1 1 1 0 1 1 1 0 1 1 1 0 0 1 1 1 1 1 
END
#################################################################
SECTION6 (bt Information)
5 5 5 5 5 5 -5 5 5 -5 5 5 5 5 5 -5 -5 5 5 5 5 -5 5 5 5 5 -5 5 5 5 5 5 5 5 5 -5 5 5 5 -5 5 5 5 -5 -5 5 5 5 5 5 
END
#################################################################
