#################################################################
#APDM Input Graph, this input graph includes 3 sections:
#section1 : general information
#section2 : nodes
#section3 : edges
#section4 : trueSubGraph (Optional)
#
#if nodes haven't information set weight to null
#################################################################
SECTION1 (General Information)
numNodes = 100
numEdges = 200
usedAlgorithm = NULL
dataSource = SimulationData2
END
#################################################################
SECTION2 (Nodes Information)
NodeID Base Counts
0 -0.210260 -2.128037 0.403525 1.538307 -1.440995 0.417173 0.685750 0.888571 -2.739191 -1.640806 0.140460 -0.549254 0.544466 -0.302661 -1.344490 -0.194474 -1.790610 0.163257 0.768085 -1.628376 -1.189158 0.110983 -0.958587 -1.034773 0.560194 0.535473 0.200873 0.592975 0.263129 -1.993782 1.642658 0.498189 1.368203 2.124737 -1.765817 0.647825 -0.753862 -1.863647 0.716179 -0.331720 -0.683729 0.617826 -1.460346 0.266606 -0.801778 -0.858047 2.385169 -0.642271 -0.471509 -2.148622
1 -0.746666 0.906750 -0.590747 -1.698261 -0.270862 0.910883 -0.158758 0.953572 -0.268825 -0.676805 0.747647 1.077602 -0.221655 1.129731 0.214401 0.680467 0.330108 0.333348 -1.957926 0.399918 -0.334153 0.025444 0.030677 0.093674 -1.329678 1.250149 -1.159069 -0.490522 -0.567410 0.445274 -0.124612 1.140586 0.017337 -0.941599 -0.424801 0.021812 0.388789 -1.512202 -0.816038 0.944152 1.655861 -0.696650 -0.525670 0.182023 1.940779 -0.060770 0.296384 0.676287 0.354000 -0.681347
2 -0.295972 -0.925851 -1.484796 -1.230900 0.603535 0.740179 1.787530 -0.923899 -0.009921 -0.028274 0.596011 0.566502 -0.150564 0.228548 0.085435 0.149637 -0.446272 -0.410807 -0.370285 -1.923903 0.809218 0.561905 -1.353721 0.234694 0.161529 -1.321377 -0.226806 0.053987 1.147099 -1.303024 0.282938 -1.874254 -2.135464 -1.949253 1.296311 -0.250812 -0.590116 -1.563893 -1.242694 -0.392865 0.674787 -0.204499 -1.044336 0.676915 0.967059 -0.426609 0.970195 0.095321 0.464491 -0.206922
3 -0.317595 -0.374965 -0.375870 -1.034268 1.867772 1.684154 -0.180020 -0.405818 -0.426254 -0.032345 1.281295 -1.529462 1.346455 -0.972150 1.062804 -0.826051 0.904604 -0.229204 0.670523 -0.427996 -0.694572 1.206636 -0.961438 -0.274472 0.075764 0.403258 -1.592670 1.087829 -1.573905 1.082854 -0.608029 0.393039 0.300229 -0.046984 -0.021053 -0.388022 -1.557332 -1.006598 -2.222484 0.767829 0.698132 -0.177204 -0.599373 -0.701651 -0.269675 0.451899 0.917441 -0.043039 -0.705817 0.899129
4 -1.077703 1.211090 -0.751053 -0.322249 -0.874598 -0.508607 0.139863 0.085362 1.329851 -0.956665 0.150309 0.779218 -0.413625 -0.506474 0.734025 -1.468388 0.061544 -0.489731 -0.734684 0.267309 0.577668 0.673123 0.641559 2.089741 -0.189975 0.556944 -0.399387 0.611782 -1.043886 -1.635900 1.335398 1.002178 -1.815617 0.694122 -0.467638 0.273740 0.847535 -1.344952 1.438595 -0.812672 -0.889615 1.786918 0.013875 0.758708 -3.005949 -0.640551 0.170326 -1.517059 0.150943 0.376826
5 -0.295420 1.132717 0.523926 0.532335 0.519325 -0.053472 1.034272 -0.545997 -2.906367 -1.172814 -0.360765 -0.271882 2.199244 0.722051 0.813905 -0.169729 -0.860889 1.245238 -0.937800 0.126022 -0.020138 -1.093485 0.645411 0.245643 1.234468 0.684947 0.981880 0.349782 0.002467 2.664861 -0.482204 -1.191460 -0.647456 -0.321183 1.367567 -1.472388 0.289210 -1.983324 0.009589 0.738385 -0.472624 -0.768364 0.065891 1.858926 0.100473 -0.187927 -1.961550 0.786721 0.553591 0.679158
6 0.303617 0.261963 -2.089480 -0.152227 1.972335 2.005735 1.546631 -1.187179 -0.412045 -0.484679 0.106137 -1.601649 -1.115957 1.725932 1.159375 2.170639 0.067634 -0.216239 2.119604 0.965674 1.769845 -0.860981 -0.437768 -0.305921 -0.422797 0.155371 0.490920 -0.922004 -1.327559 -0.951681 0.546572 0.416318 0.827633 0.123058 0.503056 -0.332440 -1.099021 0.310317 0.601917 0.424442 2.537913 0.273640 -1.619192 0.261504 -0.789814 0.779176 -0.823485 1.834753 -0.408792 -0.682738
7 -0.470777 -1.550371 -1.292555 -0.067960 -1.211195 -0.098382 1.056557 -0.599348 -0.087419 -1.667149 2.481670 0.462985 -2.126685 -0.797723 -1.430759 -0.167581 0.688986 0.057625 0.246136 -0.776991 -0.119523 -0.108870 0.333357 0.147190 0.081343 0.376408 0.820533 0.779200 -0.176531 -1.159460 0.076884 0.125330 -1.726439 2.442627 0.334114 0.141738 -0.119245 0.473185 -3.153598 -2.287516 0.837911 -0.370047 -0.498788 -0.971442 0.119593 -0.809438 0.739249 1.955092 -0.177852 0.561731
8 -1.607128 -0.090442 -0.378883 -0.769055 -0.531868 -1.185624 -0.296656 0.597559 1.904525 -0.321220 0.695099 1.019456 -0.963021 -1.490718 0.711449 0.249653 1.202691 1.875554 -0.164429 -0.774578 0.011146 -0.194205 0.662304 -0.076536 0.145840 0.667065 -0.497287 -0.469116 -0.118034 -0.337682 0.961328 -0.130365 -0.679591 -0.487204 0.242099 -0.813874 0.069665 0.889223 3.214766 -0.309898 0.678165 0.720832 -0.319815 -2.166232 -1.861034 -0.320378 -0.933608 3.253390 -0.095021 -0.775011
9 -0.179971 -1.113646 2.725881 0.573391 0.828895 -0.593117 0.683036 -1.404615 -0.356268 -0.313163 -0.391272 0.527163 -0.686077 -0.076727 0.677427 -0.569706 2.577883 1.377875 -0.777641 -1.199175 0.050783 0.866665 -0.684805 1.251217 -0.352340 2.558692 1.424967 -0.682519 1.122011 0.551765 0.415795 0.240787 0.593003 0.309946 -0.643513 -1.505359 1.770218 1.068079 -0.185728 0.743337 0.691238 -0.707655 0.204224 -1.040302 0.356595 -0.349661 2.728455 0.850243 1.336729 -0.766311
10 1.198278 0.129244 -0.109352 -0.687958 0.537148 1.673377 -0.842582 -1.066992 0.749049 -0.053515 0.209557 -0.319492 -0.928413 -0.274445 -0.580405 -0.407044 -0.111458 -1.211772 0.174042 -0.972147 1.160765 1.030953 -0.761246 0.668441 -1.094311 0.146548 0.319801 0.829428 -0.558785 0.835609 -0.545995 1.148086 0.019848 1.130937 -1.305740 -0.640560 0.064953 0.485382 -0.968796 0.291259 1.326395 1.025218 1.121520 0.410986 -0.527479 0.977097 -0.364365 -1.732965 -1.403281 0.896251
11 -1.105422 0.978361 -1.839183 -0.171737 -0.473370 -0.124945 -0.714710 0.648102 0.071533 -0.006128 1.367068 0.171492 -0.307274 0.708438 0.993427 -1.005421 -0.695875 0.555734 0.170736 1.049999 -1.220225 -0.246203 0.147617 -0.243998 -2.021464 -1.011729 0.987387 -0.346842 -0.509986 0.443705 -2.128198 0.062460 -0.935133 -1.221802 0.477942 -0.834975 0.378234 -2.497570 0.664334 0.773683 2.038745 0.306170 -0.605522 -0.248703 0.871688 0.314682 -0.202003 -0.213353 -0.994633 -0.060832
12 0.692364 -0.692660 -0.114487 1.287493 0.249882 -1.761592 1.191163 -0.146745 0.147744 1.369167 0.705438 0.113473 1.082921 1.927929 0.033884 -0.022704 -0.368346 -0.268806 1.047786 -0.351358 -0.750932 -1.481175 0.190104 0.433718 2.178503 -1.026161 -1.008912 -0.144818 1.602729 -2.312379 -0.770326 -0.854656 0.529374 -0.426076 -1.359578 -0.091819 -0.854373 0.461230 -0.978167 -0.441447 1.531158 0.437069 -0.019861 0.597153 -0.745461 -1.133301 -1.554541 -0.177470 1.123986 -0.320488
13 -1.484213 -1.485400 0.223353 -0.740066 -0.616681 0.976536 0.744255 1.795179 0.881555 -1.429194 -0.742192 -1.188665 0.693775 -0.210226 -1.612487 -0.063020 -0.422378 0.166005 0.113259 -0.819994 0.032935 0.110593 1.011288 0.432408 1.276484 1.121689 -1.329051 0.699501 -0.460402 -2.073666 0.124613 0.099608 -0.441164 -0.239858 -1.370565 0.569435 -1.977323 0.965452 0.250458 -0.269271 0.133569 -0.198371 0.400604 1.918678 0.502608 0.338029 -0.185558 -0.285738 -0.787403 0.985864
14 -0.494225 -0.024373 0.385979 -0.458290 -0.460545 -0.373642 -0.425116 -0.522144 -0.877880 -0.353857 -0.530958 -2.617321 -0.331318 0.275169 -1.262520 -0.129555 -1.902229 -0.338719 -0.063606 0.496183 0.857352 -0.248199 1.067785 -0.393848 -0.189111 -1.458427 -0.141986 -0.351964 0.325062 -0.534578 -0.124369 1.353479 1.413103 -2.308864 1.394162 1.753787 -1.537621 -0.803533 -0.738617 1.619627 -0.540602 0.618194 0.280176 0.116314 1.453653 -1.615075 -1.039619 -0.333298 0.211473 2.460898
15 -1.666030 -1.798748 0.712273 -0.289024 1.321031 -0.477579 -2.156898 0.305125 0.281414 -1.736521 0.089339 1.021755 -0.341146 0.156517 -1.540216 0.068645 -1.298086 0.619208 0.501229 0.793884 0.549926 0.823895 -1.060515 -0.929415 -1.825719 0.491594 0.147459 -1.598098 -0.058441 -1.838220 -0.580113 -0.453967 0.578710 0.468484 0.707577 -1.541584 -1.849749 0.672967 0.636153 -0.107999 -0.715351 0.454809 -1.269036 1.763029 -1.382899 -0.640802 0.279627 -0.676790 1.335455 0.070587
16 1.930663 1.133265 -0.692338 -0.833871 0.648460 -1.529919 0.419328 0.320577 0.235941 -0.251935 0.671990 2.075991 -0.496118 0.253190 0.169165 -0.653156 -0.968747 0.641314 -0.493533 0.127665 -0.245074 1.892157 -1.201310 1.108935 -0.866640 -0.844865 -1.385330 0.496044 0.965916 1.580451 -0.529797 0.381127 -0.015229 -0.778113 -0.418899 -1.457438 0.490118 1.609319 -0.605154 0.233034 -0.320254 1.155563 1.580260 -0.154018 0.796032 1.484964 1.070185 1.883766 -0.017150 -0.721154
17 1.038370 0.302634 0.093067 -1.569169 -0.894702 1.942103 -1.068899 -0.979677 -0.832835 0.959862 2.001774 -2.695572 -0.943334 -1.021284 -0.490489 1.995814 2.088415 0.248100 -0.595598 -0.700422 1.137628 -0.448996 1.561078 -0.484351 0.724203 -1.400492 0.707280 0.423442 -0.745684 0.662617 0.502522 0.250538 0.296946 -1.472816 0.304254 0.982645 -1.176653 0.244789 -0.372604 2.902851 0.328252 -0.903182 -1.225661 -0.208417 -0.546650 2.751109 3.038793 -1.503774 -1.280490 0.009201
18 0.049260 -0.094857 1.643711 1.291841 0.845774 -0.834173 0.989069 -0.455111 -0.287554 -0.062880 -0.034142 0.670584 -0.321204 0.309851 0.763473 1.281294 -1.078010 -0.198085 -1.251939 0.518048 1.736912 0.987399 1.470630 0.525665 -0.463071 1.159418 -1.075608 0.537110 0.692784 2.233172 0.470748 0.514056 -2.625241 1.069871 -0.800018 0.561134 -0.468347 -0.330778 0.384981 0.505551 -1.979866 1.244514 1.291448 0.770596 1.452288 1.200237 0.942402 0.665761 -0.923565 0.020053
19 0.566519 -0.341015 0.542196 -0.495607 -0.467813 -0.828156 -1.793629 1.929819 -0.298308 -2.218767 -0.393898 -0.072224 -0.740021 1.335297 -1.113219 -0.571378 0.778078 0.023709 1.180745 0.202828 -1.225732 1.421176 -0.998643 -0.277191 0.008153 -1.285854 0.444055 -0.276741 -1.718610 0.628456 -1.095099 0.027244 -0.072106 1.187177 -1.288783 -0.902274 0.220542 1.205917 1.078447 1.095917 -1.022884 0.760232 -0.121900 1.478944 -1.230768 -1.000677 0.408471 -0.295982 1.023549 0.507313
20 -0.664443 -0.855248 0.010647 0.001304 -0.926892 0.948558 1.858120 0.722956 -0.742746 -1.013518 0.012624 -1.232378 -0.360385 0.238401 0.537594 -1.534224 0.377886 -0.683509 0.175702 -0.698486 -0.291388 1.721384 0.256423 0.959575 -0.977504 0.207248 1.213379 1.413505 0.031545 -0.498442 0.444473 0.429725 0.204970 0.071319 -2.091801 -0.115754 -1.294829 0.603369 -0.345413 -1.574831 -0.419465 1.063113 1.319753 -0.229666 0.121258 3.836905 1.142272 -0.033874 -0.259631 0.684516
21 -1.256206 0.427089 -0.575194 1.540990 0.845770 -0.077293 -0.709211 -0.536118 -1.395359 -0.931485 0.583907 0.097005 0.225028 -1.397074 0.137895 0.860372 -1.394336 1.867377 2.132657 1.338413 0.948108 -0.858365 1.239871 1.815660 0.591554 -1.530263 -0.435280 0.149000 -0.545561 -0.195529 -0.335934 -0.719738 -0.861181 0.934897 0.678606 -2.487267 -1.573240 0.165982 0.927504 -0.801305 -0.454791 -1.110004 -0.047407 -1.247681 -0.595865 0.443516 -0.477396 -0.590926 -2.192069 0.127717
22 -0.122331 0.333533 0.032164 1.856210 -0.918938 -1.304016 -1.947915 1.764313 -2.770259 -1.284809 0.607956 0.238785 0.311516 0.122793 1.750057 -0.405651 0.190036 0.296423 0.181943 -0.788760 -0.512662 1.783365 1.789185 -0.990078 -0.119340 -0.471028 0.475565 -0.437551 0.991159 -0.354759 -0.920941 0.127038 0.910314 -0.426698 0.434236 -0.334710 -1.321306 -0.746274 -0.446570 0.191526 -0.161730 1.113576 -0.694847 -0.395399 -0.859774 -1.202307 -0.935269 -0.711900 -1.425704 -2.064663
23 -2.160367 -0.812475 -1.503679 -1.868855 0.943583 -0.324911 -1.628619 0.985957 -1.142726 0.569734 -0.435562 0.223368 -3.226286 -0.934587 0.379698 -1.630776 0.759845 1.589683 0.065897 -0.743219 -0.534922 -0.975483 -0.845467 0.341344 -1.469513 -1.034635 0.068982 -0.227787 -0.472279 1.243981 0.149304 -0.087222 -0.166417 -0.963945 0.218848 -0.118462 0.262860 -0.028527 -1.856057 2.255593 -0.573032 0.524873 1.840600 -0.207075 0.082019 1.697831 1.188310 -0.056454 -0.003333 1.806266
24 -0.277115 -0.754800 1.740309 1.031170 0.019726 -0.904767 -0.552073 0.336482 1.173671 1.406561 -1.542323 0.468865 -0.510775 0.459847 -0.210124 -0.476221 -0.778029 0.924505 -0.109401 -0.415356 1.657833 0.725733 -0.129897 -0.924398 0.672588 0.201237 -0.472584 -0.896053 0.531935 -0.341313 0.070473 -1.703178 0.589522 -0.253573 -0.157687 -0.529621 -0.946811 -0.176004 -2.159353 -0.626107 1.256009 0.433678 -1.875058 -1.373900 1.646920 -0.731691 0.590944 1.284513 -0.653446 -0.763033
25 -0.448708 0.410972 1.684393 -0.261458 -0.329244 -0.160789 1.292096 -0.551239 -0.250627 0.304978 0.122676 0.394042 0.323879 -0.465779 0.947702 1.064214 -0.212370 1.726902 0.184179 0.154930 0.073702 1.068473 -1.221793 -1.113204 -1.305787 1.709617 0.505772 0.815807 -1.902863 2.276007 0.241667 -0.648040 -0.173853 -0.860587 -1.104238 -1.477722 1.083032 -0.427060 0.313254 -0.750729 -0.273760 -0.156395 0.870225 1.006023 0.917364 -2.735934 -0.375962 -0.569694 -2.095171 -0.165961
26 -0.047691 1.295088 -2.019600 -0.827438 1.263689 -1.491574 1.281974 -0.259920 -1.768200 1.222070 -2.897827 -0.716409 -1.845883 0.968901 0.706106 -0.120229 -1.513678 -0.620527 -1.765519 -0.881564 1.750785 1.927043 -2.072122 1.816115 0.089717 1.862658 -0.395590 -0.674072 1.704866 1.525767 2.131616 0.569979 0.443228 1.818510 0.644243 -1.383448 -0.936651 1.207773 -0.422212 -0.964034 0.803516 0.830838 2.216493 0.313363 -0.246797 -1.635056 -1.359291 -0.696203 -0.273566 0.048307
27 -0.839752 0.145921 -0.887534 0.378028 0.870830 1.221642 1.208869 -0.072931 0.282109 1.148828 -1.479266 -1.084886 -0.387131 -1.097255 1.238382 -0.408155 -0.204608 0.881163 2.093275 0.509047 -1.187736 -0.833504 0.925416 1.469986 -0.858359 0.242272 1.720204 -1.738861 -0.320460 2.442105 -0.350079 0.369652 1.097413 0.212155 0.320038 -0.952170 0.236127 0.646473 -0.869353 1.142601 -0.204353 0.125018 -0.415138 0.906110 -0.074694 -1.187604 -0.716976 -0.822854 0.797214 -0.809987
28 -0.149419 -0.004223 -0.872403 -0.179130 -0.661652 -1.162862 -2.445064 2.022080 -1.299182 1.008961 2.317852 -1.549310 1.278305 -0.315534 0.561486 -2.022122 0.224414 1.219725 2.012227 0.708275 1.759766 -0.568764 -1.353984 1.025906 -1.160724 0.729457 -0.337588 -0.067702 0.737205 -0.492990 0.247215 -0.250531 -0.154717 0.559755 -0.203912 -1.013619 0.207161 -1.543605 0.623712 1.525071 -2.613171 -1.032210 0.979464 -1.981638 0.642868 0.454309 -0.153358 -1.818276 -0.735138 1.621631
29 -0.764998 0.348692 0.221995 -0.640137 0.494437 -0.458752 0.061856 -0.092001 -1.059195 1.787134 -0.240532 0.205362 0.068464 -1.069191 0.863601 -0.959172 -0.268499 1.868466 -1.804021 -1.208336 0.531996 -0.290256 2.081980 1.537996 1.477123 1.011051 0.913687 -0.865281 0.629119 1.055645 1.177867 0.272826 -0.033793 -1.276061 -0.841615 -0.776753 -1.029550 -0.324611 -0.871366 -0.593560 -1.655274 -0.902642 0.094416 -1.474201 1.315582 -2.011006 1.008532 0.377853 -0.688640 -0.387943
30 -0.776451 1.596202 -0.802772 0.181648 2.178803 0.071206 -0.896560 0.859775 -0.475006 1.266399 0.824785 0.619972 0.397462 0.671404 -0.593405 -0.275356 0.413536 -1.082649 -1.829884 -0.972712 -1.445360 -0.179465 -0.177416 1.497979 0.833407 -0.329986 -0.347009 -0.142157 0.863431 0.157440 1.526382 0.401830 0.275771 -0.607911 -0.328849 0.620071 0.053135 -1.052500 -0.663782 1.512351 1.826275 0.416630 0.040032 0.962368 0.007002 0.758053 0.610004 -0.495234 -0.707952 3.283285
31 0.613878 0.025457 0.017396 -0.527268 1.541866 -1.053287 -1.816637 -0.171794 -0.664085 0.238680 -0.325639 0.836371 0.302214 0.434008 1.416993 -0.050496 0.301023 1.911814 0.617514 -0.251466 -1.219167 0.439858 0.809300 -0.815101 0.299736 -0.544031 1.350623 -0.770118 -0.588709 -0.511080 1.187747 -0.576094 -0.086141 1.030416 -0.228327 -0.287203 1.346511 -1.707699 -0.678818 -1.206194 -1.541643 0.500271 -0.493853 0.446885 0.056664 0.189710 -1.584810 0.808436 0.737445 1.503026
32 -0.194800 -0.361615 1.664173 -0.229769 -0.053454 -1.085229 1.277118 0.102725 0.667985 0.495654 0.833883 -0.525059 -1.052162 0.167187 -0.311689 -0.701266 -1.541325 -0.581716 -0.032823 0.219883 0.478992 -1.787792 -0.814216 -0.868795 2.716767 -0.043619 -0.234716 0.188686 0.450864 -1.027233 1.631026 0.013593 0.643425 -1.374382 -0.719828 0.027799 -1.494115 -1.556991 1.305119 -0.282655 -1.056283 -0.591205 0.437198 0.241876 -2.109834 0.028721 2.060691 -0.367694 0.266258 1.491734
33 -0.204806 -0.187710 0.867965 -0.074213 0.518606 -1.586563 2.175974 -1.303559 -1.666124 -0.504932 0.543885 0.501947 1.116415 -0.722763 -0.049695 0.300214 -0.689932 -0.589668 -0.774812 0.410844 -0.241973 0.278657 -0.311802 -1.212549 0.458393 0.912302 -0.717837 0.870568 0.270657 -0.575323 -0.715880 0.388562 -0.507089 -0.426664 -0.416745 -1.363022 -1.439872 -1.116853 0.212909 -0.753977 1.003857 -1.091692 1.811909 0.534359 -0.442372 0.778425 1.379814 0.985135 1.448589 -0.272971
34 -0.163745 -1.868937 1.376001 1.397044 -1.159991 1.914067 -1.666796 -0.894752 0.224480 0.164487 1.461744 1.150773 1.022293 0.981508 -0.826538 -0.759483 0.033048 -0.711244 0.623093 -1.460024 -1.058874 -1.024369 -0.119454 0.346865 2.460320 0.682546 -0.160656 1.561608 -1.430652 -0.530700 0.201258 -2.688123 0.586512 -0.766285 -0.184363 0.478614 0.298752 -1.668486 -1.208886 0.239441 -0.131429 1.847326 -1.489825 -0.152220 -1.865074 -1.198081 1.876057 0.433090 -1.494444 -1.514077
35 0.842916 -1.238831 -1.462691 -1.990066 -1.344511 0.482304 -0.382360 -0.696369 0.128731 1.513275 -0.187543 -0.110336 1.163370 -1.463099 0.615628 -0.197402 -1.631035 -0.347944 -0.572714 1.729420 -0.612153 -1.074992 -0.366996 0.289621 1.651249 -1.169742 -1.228739 1.275215 0.914252 -0.241795 -2.085460 -1.392638 -1.275962 1.976194 -0.590641 -0.431398 1.353229 -1.458873 0.751472 -2.096437 0.569510 -0.280814 0.103053 -0.596962 -0.286906 0.081254 -1.107955 0.862767 -0.854770 0.384625
36 -1.098396 -0.208726 -0.137531 1.256849 -2.304693 -0.921835 0.549711 -0.828797 1.153856 0.363253 -0.460049 1.572963 -1.108335 -0.031796 0.275008 -0.031799 -1.654214 0.936721 1.398162 0.203294 -0.464765 0.225813 0.967835 -0.996264 1.709464 -1.560647 0.118655 0.732979 1.396602 -0.018224 1.076559 2.462984 -0.930303 0.786767 -0.667087 -0.125952 0.299926 0.346243 -0.995717 -0.736297 0.042875 -1.126459 0.627061 0.106557 3.105422 -0.215760 -0.221155 -0.356620 -0.292283 -1.648642
37 1.467470 1.308740 0.456295 -0.788393 0.032122 0.766251 -0.282922 0.917577 0.172813 0.373329 -2.114972 0.961420 0.861412 -0.614668 -0.870045 -0.171727 -0.986829 -1.325056 -1.304292 -1.378113 -1.638076 -1.148921 1.676681 -0.189265 -1.431906 -0.059118 -0.446184 2.364336 -2.583212 0.488682 -0.163683 -1.302952 -1.745406 1.942118 -0.528699 1.745715 -0.634825 -0.502550 -0.077844 0.201733 1.656925 -1.451083 -1.635580 -0.608016 -1.498104 1.111615 -0.836006 -0.831028 -1.079734 -0.336085
38 1.224188 -0.454293 0.243256 -0.852407 0.029018 -1.174490 -0.080837 0.244822 -0.073374 0.326424 -0.111434 1.852749 0.217024 1.086077 2.381533 1.201550 0.287456 1.285635 0.166013 -0.610020 0.018733 -1.077632 0.839534 -0.302396 -0.345246 -0.254898 -1.478677 -1.062228 0.001130 -1.659172 -0.005266 0.457433 -1.479400 -0.553436 0.042996 -1.187116 -1.502174 0.105615 -1.038818 1.105674 0.141712 -0.529650 -1.222295 -0.303984 -0.304426 -0.498266 0.832706 -0.632393 -0.639846 -0.216537
39 -1.121672 -0.915996 1.443404 0.668782 1.098772 -1.242618 1.218175 0.408422 2.119720 -0.780172 -0.632838 0.591534 1.276558 -0.679851 1.516212 -0.650095 -1.112138 0.605725 0.233632 -0.251144 1.083048 2.125608 2.479529 -0.898580 -1.308702 -0.182474 0.829145 1.892554 -0.747091 0.013394 0.325149 0.694895 -1.731350 0.505223 0.250793 -1.163291 0.831874 0.793928 -0.873898 -0.480170 0.021736 -0.135826 -0.358697 0.907184 -0.510826 1.088748 2.951244 -0.457356 0.301042 0.669365
40 -0.161474 -1.639492 0.549794 -0.348577 -0.481301 1.426576 0.496116 -2.779652 1.043070 1.546221 1.156219 -1.468463 0.035171 0.302081 0.036263 1.614879 -0.654792 -1.004311 -0.112761 -0.114551 -0.944076 1.532451 -0.799944 0.996409 -0.020506 -1.110076 -0.158123 -0.341349 0.092513 1.510327 1.996866 -1.104888 -1.267491 0.245012 0.191984 0.969620 1.806310 -0.477656 -0.188297 0.874367 1.101379 0.653602 0.012296 1.207924 0.230661 0.133498 -0.199820 0.335137 0.603203 0.485684
41 -0.325967 0.532191 -0.629893 -0.396421 -1.264438 -0.592516 -0.635387 -0.189164 -0.831939 0.381537 -2.168126 0.536069 -0.742317 0.546376 1.027706 -1.200774 0.425245 0.468451 1.342677 1.752608 0.133525 -0.319044 1.386901 -0.214264 -0.547240 0.118212 -0.049591 -1.147777 -0.563397 -0.374731 -0.180318 -1.999627 0.925344 -0.758482 -0.067575 -1.117158 -1.417894 0.360626 -0.007477 -0.247330 -1.316904 0.607045 0.019087 -0.967992 0.205189 1.412978 0.674971 -0.888344 0.418808 -0.807692
42 -0.024245 1.360716 -0.063120 1.727680 -0.262895 -0.769894 0.016447 -1.679965 -0.641017 -2.083077 0.499646 0.123877 2.163880 -2.865486 1.812208 0.082925 -0.433102 1.187849 -1.162284 -0.461755 1.027380 0.865908 -2.053251 0.188005 2.245028 0.402131 -0.518950 -0.568919 -0.343637 1.094722 -0.618414 1.705708 0.098767 -1.802157 0.372008 -0.154614 1.497089 -0.181485 1.361547 -0.211939 0.854248 -0.346292 -0.986526 0.133582 0.110456 1.370325 -2.112334 -0.106135 0.799064 -0.736822
43 0.485237 0.062585 -1.360449 1.146971 -0.595205 1.236689 0.527379 0.040603 -0.385455 -2.148591 -0.325360 -1.191102 0.168027 -1.372317 -0.653344 1.588049 0.883329 0.853733 0.737376 1.933253 -0.511411 -1.565588 0.347792 0.461905 -0.011975 1.357723 1.371039 -0.400662 1.243184 -1.038193 -1.212845 -0.669870 -1.195931 -0.393131 0.102419 -0.328647 0.575110 -2.318420 1.175023 -2.373794 0.031200 -0.716719 0.349784 0.138184 0.934560 1.085808 -0.414432 0.968049 -3.894822 -0.911599
44 -0.787470 0.718383 0.550739 0.466089 1.870388 1.390748 0.260472 -0.134618 -0.760288 -0.741479 -1.407099 -0.421155 0.157206 0.792292 0.452680 -0.380698 1.975911 0.747548 -0.075278 1.291749 -0.073335 -0.314223 0.141252 -0.593027 0.673829 0.095260 0.535007 -0.122717 0.633733 0.176714 -1.173624 0.212165 -0.538136 -0.456819 -2.806309 0.043890 -1.555463 0.085663 1.511969 -0.855646 -1.828464 -0.288412 -0.463997 1.974432 0.423065 -1.530149 -1.303318 -2.484796 -0.096860 0.627944
45 1.321431 -1.296934 0.822781 -0.313221 -1.001053 -0.934914 -1.647312 -1.229731 0.506735 -0.670236 -0.718357 -0.374718 0.441175 -1.037226 0.277867 -1.293203 -0.764813 -0.741953 -0.213417 -0.471928 1.812984 0.703103 -0.202229 -0.479671 -1.156867 1.299016 -0.350088 0.262783 0.171091 -1.265428 0.077770 2.017458 -1.045617 -0.285970 1.100276 1.228878 0.188754 -1.187613 -0.245139 -1.101456 0.070427 0.502401 0.675926 0.587624 1.089479 1.299545 -0.122975 0.055372 0.325381 -1.768445
46 0.214379 0.267372 0.373608 -1.451694 0.323597 0.040727 0.599859 1.182552 -0.981052 0.206087 0.066176 0.149394 -1.140683 1.158919 0.630524 -0.226474 1.047865 -1.825078 0.657308 0.624813 1.065971 -0.498304 -1.424224 -1.155673 -0.382258 -0.454749 -0.204095 -1.839450 -0.165595 -1.080896 1.195652 1.535735 0.040512 0.339855 -0.919786 0.619474 -0.388172 0.060014 -0.240483 -0.347095 1.107987 0.121906 0.376928 0.154585 1.623439 0.736706 2.414455 0.416607 0.204790 0.211692
47 -1.265780 0.056042 -0.595616 -0.347256 -0.751109 0.510460 -0.593381 1.619645 0.588134 -0.411396 -0.784479 1.078153 2.851129 -0.867284 1.253196 -0.219913 1.112805 0.230279 -0.597146 -0.502516 0.824338 1.025591 -0.060673 -0.363899 0.853011 -0.638706 1.336412 -0.288360 0.109243 0.989656 -0.450894 -1.053152 0.565224 -0.373979 0.181378 -0.269778 -1.780883 -0.863832 0.047804 -0.139467 -0.009492 -1.193524 0.839425 -0.268052 -0.856834 1.255025 0.598952 -0.462632 -0.100979 -0.189589
48 0.988499 -0.151969 3.354720 -0.695604 3.078332 -0.948556 -0.702244 -1.557427 1.905797 -0.832093 2.721102 -0.679624 -0.466723 2.908349 0.381218 -0.495215 1.313607 3.090229 -1.389562 -0.513581 0.899453 4.954996 -0.357909 -0.138008 -1.159366 -0.188371 1.919570 3.522977 0.494312 -0.551395 -0.980153 0.643344 0.436593 0.546429 -0.314751 1.179917 -0.726239 -0.171904 0.649020 -2.890380 -0.396876 -0.166291 -0.405054 0.613638 1.452248 -0.410189 0.484833 -1.436581 -1.686963 3.889948
49 0.979263 0.855877 -0.701509 -1.566357 -0.615819 0.119299 -1.239136 -0.906457 0.662471 -0.173776 -1.190425 -0.760143 0.563466 -0.062837 0.223388 -0.863946 0.371792 2.080597 0.957033 0.054191 -0.343514 -0.211174 0.611330 0.047095 0.612947 -0.762107 -0.009625 -0.230598 1.564175 -0.052011 0.601836 -0.564566 0.721335 0.178033 -0.794745 -0.824661 -0.547383 0.140928 1.016605 -0.132019 0.097257 -2.426120 -0.413736 -0.260033 -0.218222 0.817936 -0.995483 -1.025987 1.800513 -0.599862
50 -0.055087 -1.754357 1.110653 1.756203 0.501338 0.377372 0.556054 0.425154 0.061098 -1.783957 -0.559128 -0.137185 -0.312329 0.092460 0.761214 0.580221 0.379106 -0.754934 0.220898 1.915163 -0.159966 0.430573 0.939103 0.044841 -0.956115 0.550949 -0.290938 1.160737 -0.521944 0.926468 -1.310538 0.142759 -1.496571 -0.002578 -0.009120 -0.447035 0.699282 -0.078622 -0.164772 -0.389777 -1.349275 0.040842 -2.684463 1.111185 -1.543523 0.500301 -0.679602 -0.466534 -1.002314 -0.380114
51 -0.088339 0.854157 -1.635144 -0.097865 1.295254 -0.280325 1.687376 -0.483517 -1.766072 -0.316089 -0.073920 -0.253949 0.091863 -1.551148 0.263855 -0.235121 -0.191878 0.625940 -0.628448 0.143215 -0.459112 -2.412687 0.338270 0.862250 -0.257734 1.344215 -0.493765 0.587370 -1.950895 1.008452 -1.178671 -0.251484 2.189738 0.735441 -0.899271 -0.704573 2.149066 0.576815 1.402992 -0.769330 -2.158412 -0.147178 0.200713 -1.907456 -0.041004 -0.584817 0.548286 1.255816 -0.559056 0.321737
52 -1.005454 -1.879512 0.773769 -0.638823 -0.052795 0.165499 0.534177 0.584810 -0.404603 0.019571 -0.899617 -0.207531 0.860094 -0.101083 -1.953287 -1.561035 0.845951 0.570660 1.367595 -0.497694 -0.914860 -0.132780 -0.090155 -1.164518 1.040401 0.953875 -0.205042 -0.505127 2.087093 -0.044907 2.626145 1.970732 -1.673815 -0.451818 1.129272 -1.085500 -0.584428 1.830433 -0.772739 -0.290319 -0.215180 1.552920 -1.345910 0.154311 1.039060 -0.416622 -0.941771 0.447215 -1.535117 -0.946294
53 -0.165442 1.146255 -0.663478 1.369363 -1.340230 1.249167 -1.278527 0.657064 1.080581 0.379108 -2.691225 0.009647 -0.077321 0.884010 -0.655207 -0.764655 -1.515282 -1.795290 0.981942 -1.904900 -3.729308 0.892726 -0.813846 0.981969 -0.909591 1.217892 1.278584 -0.231711 -0.634690 1.258163 0.814359 -0.633173 -0.382572 -0.519190 -1.501898 -1.155549 1.242496 1.599011 0.321168 -0.016551 1.731680 -0.169864 0.139486 -0.029160 0.462585 -0.313730 -0.291570 1.284318 -0.094639 -0.103981
54 0.158994 1.559551 -0.060659 -0.921383 1.074246 -0.010383 2.164181 0.991561 0.914825 -0.527347 -0.990937 -0.191648 0.120232 0.027991 -0.061525 0.541284 -0.417230 -0.213531 -0.845316 -0.199246 -0.458354 -0.352848 1.269492 -0.484563 -0.269957 -0.551500 0.611358 2.042033 -0.600018 0.103406 0.549423 1.070417 0.415279 0.213110 0.802420 -1.428357 -1.057393 -0.925152 0.385279 0.231397 0.045061 2.026477 -1.100158 -0.616765 -0.238390 0.143677 -1.219428 -0.284189 -1.088645 -0.828847
55 0.858299 -0.694183 -0.111281 1.059302 -1.820474 0.203196 -0.440326 0.469535 0.581296 -0.490575 0.352096 0.415065 -0.595007 -0.808807 0.034190 -0.324941 -0.341287 0.577332 -1.196463 -1.541542 -0.057048 -0.728586 -0.596319 -0.201016 1.741488 -1.703577 0.774462 -1.622740 0.104322 0.006887 -0.252342 -0.603545 -0.985807 1.015381 0.356052 0.612591 -0.491758 -0.310888 0.058507 -1.875233 -0.166305 0.592453 -1.570735 -1.464737 1.516818 0.253327 0.479841 -1.385430 0.707781 0.143320
56 -0.049997 0.572277 -0.236601 0.235165 0.040176 -0.584633 -1.447623 -0.340673 -0.048222 1.551266 0.176326 -0.003264 0.822847 0.175518 -0.236420 0.258503 1.485797 1.054762 -1.098715 -1.281752 1.392168 -0.482834 -1.086823 -0.195341 0.945559 -2.146815 0.372397 0.149962 0.464499 1.109675 0.134891 -1.121127 0.362840 -0.324362 -1.152590 -1.544295 0.003653 -0.206513 1.300649 0.742086 -0.552916 1.203171 0.050958 0.145940 0.071458 1.421629 -0.602049 0.784956 -1.676138 0.411464
57 1.091953 -0.728523 -0.235557 -0.524532 1.350099 0.930543 1.121414 -1.108004 0.431677 1.697653 0.076578 -2.137076 0.290064 1.849078 1.017246 0.441912 -0.438864 -0.099570 0.214185 0.505509 -0.425061 -0.059468 -1.154155 -1.763911 -0.759698 -0.237534 -1.017114 0.346583 -1.067034 -0.442336 -0.596242 0.227146 0.181471 1.168106 1.006332 -2.052210 -1.546599 0.971165 2.060666 1.241293 -2.150813 -1.130427 2.154664 -0.346915 -2.050177 0.697350 -0.062150 0.537654 -0.113375 0.027701
58 -1.685845 0.033859 3.911518 -0.176176 2.589207 -1.633643 0.599369 1.141051 -0.846795 1.597151 1.895452 0.180131 0.312994 2.987301 -0.033926 1.281219 0.257841 3.814427 -1.398699 1.145619 0.276494 3.191293 0.097241 1.103233 -0.143296 -0.415877 2.612390 1.743563 0.442097 -1.129508 -0.940976 -1.882631 0.670964 0.333785 -0.251714 -0.389531 -0.062560 0.529625 -0.483648 0.173664 -0.600801 -0.989629 0.803224 -2.022615 0.329565 -0.174867 3.662573 -0.937876 1.185116 5.154028
59 -0.302590 0.672067 -0.607554 0.902786 -0.485711 1.097917 -0.719833 -0.435034 -0.291571 -1.019446 -0.842351 0.840238 0.098705 0.834734 -0.371369 0.110678 -1.607001 -0.746646 0.060795 0.979067 0.454868 0.473252 0.198650 1.103384 -1.137070 0.812099 0.365244 0.541640 0.888138 1.745061 -0.609799 2.303546 1.056130 1.707488 -0.326864 1.385784 -1.613411 -0.443563 1.731875 0.160039 0.074698 -0.507572 0.220197 -0.116432 -0.202848 0.291370 -1.968728 -0.557329 -0.804230 -0.602652
60 1.239020 0.942509 -0.265765 -0.942600 0.141076 1.479918 -0.935763 0.911474 0.766888 0.355516 -0.490184 2.423882 -2.088752 -0.789817 -1.717592 -0.322067 1.097363 0.158982 1.907429 0.983270 -0.697763 0.434486 0.544210 -0.949231 1.062567 0.379777 0.662678 -1.547413 -0.841130 0.046047 -0.786648 0.107604 1.107067 0.064280 -0.677558 -1.088611 0.101182 -1.045091 -0.735782 -0.325760 -0.779406 -0.434469 -0.989937 0.657180 0.003504 -1.495222 0.519712 0.745513 -1.087783 -0.327325
61 -0.058966 0.722320 -1.413226 0.977056 0.369642 2.012200 0.622224 0.235250 0.997599 -1.394425 -3.119550 1.407066 0.117061 -0.628891 0.769802 0.600683 0.628511 0.506545 0.829898 0.161488 -0.568525 -1.111501 -0.874657 -0.112973 0.802731 -0.745091 -1.345638 -2.510850 0.135540 -1.852541 0.872194 0.752078 1.779875 -0.650988 -0.369861 -1.047510 0.002520 -0.019461 -0.286885 -0.868965 -1.212880 -0.142524 1.368850 0.303379 -0.310000 -0.774772 -0.228977 -0.636306 -1.012991 -1.510071
62 0.351150 -0.017565 -1.927443 -2.458652 0.327341 -0.786144 -1.314475 0.243702 0.367676 -0.051501 0.131700 -0.190206 0.494554 -0.240026 0.861883 -0.056510 0.720636 0.318730 -1.866585 0.420051 -0.051361 -0.317495 -0.825612 2.298274 -0.750680 0.914360 1.009665 -0.193388 -0.087114 -1.592000 -1.323782 -1.116352 0.390191 0.415179 0.837020 0.113078 -0.052903 0.758751 1.363391 0.749355 -0.255615 1.111056 0.148043 -0.072559 0.639332 -0.309155 1.250119 -0.921139 -2.133103 1.416430
63 0.920763 -2.697911 -1.222503 0.042789 0.722741 0.006883 0.892672 -0.878267 0.462638 0.436481 1.003361 0.807759 -1.307039 2.547157 -0.424190 0.416130 1.302634 -0.926038 -0.310789 0.270161 0.620840 0.121539 0.043265 -0.291610 -1.247082 2.308944 0.525892 0.370253 -0.094417 -0.784913 -0.494737 -0.887904 -0.286378 0.147703 0.520125 1.357840 -0.035005 1.092687 -1.781789 1.398227 0.624717 0.011275 -0.979292 1.215121 0.251094 0.848919 1.851587 0.498000 -0.948716 -2.020227
64 1.308704 -1.325341 0.193793 -1.497119 0.185643 -1.077198 0.120512 1.094664 -0.277442 0.130757 -0.196229 1.280222 -0.307454 3.221097 0.720606 0.544208 -0.136261 -0.103459 -0.480040 -0.787626 0.601894 1.390166 0.335986 2.085476 -0.631011 -1.655169 -0.573372 0.105789 1.317995 -1.719712 0.118308 1.088660 0.444042 0.011841 -0.589265 -1.495694 -1.653738 -0.505378 -1.140462 0.893137 0.141256 0.028499 0.341849 -1.289169 0.785811 -0.427776 -0.877873 -0.775252 -0.486072 -0.437772
65 0.308613 -0.286910 1.397511 -0.978392 0.610816 -0.462670 0.776711 0.179664 0.511397 -0.577450 0.185510 -0.837439 1.537962 -1.660930 -0.672416 1.187780 -0.170421 0.042966 0.258960 0.289537 -1.943038 -1.851135 -1.402313 1.432419 -0.357766 1.606106 -1.061600 1.356726 0.582441 0.418973 -0.942376 1.078422 -0.395972 -0.920903 1.917719 1.284425 -1.051725 0.514554 -0.727741 0.553994 0.170323 1.454353 -0.618953 1.212274 -0.344516 -1.919891 0.755237 0.561098 -1.054536 -0.139009
66 0.641823 -0.819777 0.928570 0.713590 0.240464 -1.504051 1.966849 0.361404 0.729789 0.116631 -0.142920 0.878493 -0.321665 -0.528661 0.515291 -0.761526 0.235466 0.935429 0.025521 0.003239 0.289814 0.734010 0.364646 0.962415 -0.884870 0.399476 0.328915 2.264097 0.885786 0.031866 -1.039605 0.216750 0.400462 -0.645379 0.024178 1.478162 -0.883254 -0.228803 -0.008308 1.402404 1.003117 -0.878840 -1.847962 1.260018 -0.541910 1.897340 0.113129 -1.452905 1.188601 0.330297
67 0.886334 0.360521 3.511712 0.079498 3.085378 1.255209 1.055442 1.395761 0.847050 -1.709706 1.694244 -0.865404 -0.312735 1.954294 0.190420 0.010028 -0.796289 4.320554 -1.863255 0.458479 -0.676985 2.527393 0.713776 2.396716 -1.042758 -1.114376 3.267081 2.512819 0.133436 0.331729 1.214120 0.538448 -0.972452 1.097531 -1.497244 -0.730054 -0.740675 -0.730216 -1.586630 0.400275 0.324350 1.753018 -1.075317 -1.586679 0.814906 1.167105 3.157031 1.542144 -0.834437 2.813740
68 -0.138919 -2.188787 2.348516 1.094633 2.786690 1.269969 -0.070333 0.491030 0.195472 -0.876845 4.100425 0.694909 -1.466292 2.795564 -1.262963 -1.652509 -0.650101 3.114078 0.068723 0.411889 -1.236710 2.838957 0.178426 1.471002 -0.606910 -0.378866 3.066984 3.395283 -0.517634 -0.639199 -0.364535 -0.173005 0.031173 -2.055466 -1.685163 0.055999 -1.271507 0.326493 0.353267 -1.115648 0.576729 -1.077735 0.425935 0.201470 -2.129040 -0.315901 2.460557 0.573274 0.770629 1.848731
69 0.760783 0.247246 1.653680 -0.101744 -0.153063 0.705266 0.226436 -0.633431 0.880049 -1.052493 1.066834 -1.154961 -0.301636 -0.259488 -0.803273 -0.428560 1.389919 -1.040977 0.695032 -0.265062 -0.050579 -3.245342 0.536946 0.877682 0.322270 0.885901 -0.051239 0.215439 0.225599 -0.996648 -0.821232 0.683579 0.729797 0.386622 -0.653866 1.198378 0.960047 -0.163682 0.213489 0.961300 -1.760338 -0.967011 1.554944 -0.605431 -1.164491 -1.744555 1.108586 -1.608413 -0.965772 0.090199
70 0.861465 -0.108725 0.381477 -0.578708 -0.180547 -1.259021 2.515714 0.694215 -0.587282 -0.170495 2.410964 0.464649 -0.576433 0.491523 0.105482 1.339797 0.242148 -0.877468 -0.456670 -0.142881 0.685705 0.682080 0.416416 0.567947 0.606776 0.218382 0.032282 0.556943 0.147796 0.912502 0.933285 2.212070 0.246294 0.261477 0.123409 -0.230074 -0.035178 0.034042 -1.369834 0.221406 -0.930331 -0.313458 -0.926302 0.030188 0.716019 0.492222 -0.369406 1.787997 -0.458337 0.339812
71 0.746094 -0.422735 1.398987 0.186978 -0.662336 1.015813 0.600630 1.360219 1.547622 -0.191590 -0.919811 0.939738 -0.377657 -1.448728 -1.244169 1.274996 -0.866999 0.818688 -0.394714 2.318294 -0.799088 0.325802 -0.143176 -0.322097 1.021785 0.104589 0.403152 0.427407 -0.154889 0.330342 -1.040202 -0.419267 -0.339839 -0.668779 -1.044445 0.414621 0.257395 0.042574 -2.515475 0.437955 -0.349040 -0.499727 -0.531276 -0.738466 2.134400 0.664675 -1.464306 0.095557 0.777721 1.743200
72 -0.483248 -0.896624 -0.761683 -1.146543 0.139727 1.520679 0.174970 0.314550 0.015656 -0.250847 -1.903536 0.315342 -1.483519 0.796408 -0.219746 -0.427939 -1.617320 -1.024710 -0.047092 0.601946 -0.296794 -1.256334 -1.691282 -0.782430 -0.402853 1.123153 -0.146471 0.264880 -1.250715 -0.939453 0.390652 -0.608795 -0.792762 -1.145723 -0.201900 1.549652 -1.651398 -1.003768 -0.664224 -0.167589 -2.366352 0.439660 0.322727 -1.327063 -1.224073 -0.673408 0.739937 1.325571 0.326083 -0.780762
73 -1.478441 0.411937 -0.872188 1.246620 1.461492 0.880998 -0.654173 -0.534626 -0.184047 0.121064 0.623800 2.145492 0.997321 -0.080115 -1.417958 -0.788666 -0.749503 0.253933 1.750145 -0.820027 0.878013 1.218715 0.570752 -0.166546 0.136391 -0.902447 1.946215 -0.781404 1.043421 -0.244845 0.201475 -0.001183 -0.338970 -2.434498 -0.663327 0.591869 0.184582 -1.709061 -0.357473 -0.917748 0.188891 -0.795342 -0.111807 0.616609 -1.399982 0.904929 0.120437 -0.830447 -0.616673 -1.387216
74 -1.295301 0.017168 0.082605 1.063644 0.141092 1.623154 0.256971 0.523177 -0.778201 1.753040 2.219032 -0.829912 0.876623 0.964853 -1.621637 -0.476803 1.124078 0.781709 0.187781 -0.379330 1.952520 -0.011663 1.691412 -2.191108 1.613688 0.765014 0.461820 0.328597 -0.036084 0.147173 0.449899 -0.932745 -0.427088 0.657323 1.158630 0.142670 1.042392 -1.071179 1.500749 0.029672 0.293978 1.780110 0.834636 1.167733 -1.093192 1.515584 0.026461 -0.492806 1.118550 -0.824773
75 -0.677153 0.795829 0.515459 1.078698 -1.176026 -1.226124 1.017004 1.404800 0.151270 -1.260637 1.819538 -0.039753 0.481358 -0.457990 1.157611 -0.473546 -0.450423 -1.046938 0.828916 -0.756074 1.156781 0.803126 0.956869 -0.065160 -0.222890 0.712618 0.890380 0.379600 1.003327 0.795380 0.036364 0.389013 0.818208 -0.240999 0.179951 1.340880 -0.631028 -0.373689 0.547099 -0.068763 1.777540 2.144214 2.474396 -0.080981 -0.235090 0.321711 -0.502935 -1.992336 0.984957 -0.368153
76 -0.855117 0.946972 -0.145535 0.977424 0.062322 0.173994 0.142612 -0.017214 0.696150 0.362407 0.656987 -0.557251 -0.262592 0.772509 1.270153 1.422593 -1.024686 0.671492 0.157044 0.512421 -0.336821 0.430995 -0.256998 0.569760 -0.615985 -1.583079 -0.448242 -1.488735 -0.280035 1.772880 1.907596 -0.169797 0.103782 0.050644 0.336299 -1.542516 -0.184097 1.123417 0.294731 0.352388 -0.267522 0.520299 -0.212124 -1.323354 -0.565189 -1.062245 -0.977405 -0.836081 -1.427427 1.372549
77 -1.412882 0.511728 3.812378 -1.381716 2.914393 2.681439 1.687655 2.601849 0.999054 0.149860 2.559873 1.478367 -0.439166 3.444032 0.561800 -0.863615 -0.043564 3.258427 -0.319678 0.217912 0.409910 2.566876 -0.499615 -0.280025 -0.922531 1.206793 3.085777 2.229511 0.418893 1.794070 0.144498 -1.315664 -1.376939 -1.126324 0.645477 -1.223461 0.330304 1.598424 -1.002770 -0.471356 0.053605 0.731345 0.039430 -0.667401 0.562959 -0.313954 1.394293 0.497003 -1.363388 3.188035
78 -1.551584 0.202712 -1.468918 -0.428631 -2.224622 0.939543 -0.702638 0.416099 -0.417664 -1.712173 0.122343 -1.383097 -0.631605 -1.340995 -0.094634 0.058920 0.930670 0.424696 -0.697723 1.019957 -0.947929 1.202693 0.625067 0.156086 0.081330 1.467758 0.734458 -1.023971 -0.956632 -0.666682 0.477689 -0.020070 -0.468986 0.591448 0.137561 -0.409009 1.292727 1.377500 0.220879 -1.017692 -1.008838 -1.156714 0.585276 -0.039969 -0.070335 0.229818 -0.933728 1.170306 1.373367 -0.513229
79 0.454397 0.779818 0.135627 -0.768503 0.137704 1.576265 0.434305 0.888402 -1.434179 0.213633 0.585626 0.972470 -0.354606 -1.038469 2.155972 -0.021956 1.407671 1.098977 -1.610003 -0.968459 0.786363 -1.165892 0.229235 -1.539568 0.674450 -0.260697 -0.436475 -1.889121 -1.158250 0.433810 0.305454 -0.703398 1.367388 -1.280461 1.586646 -1.291343 1.138059 -0.456066 0.160450 -0.417891 0.101562 1.282430 -1.347878 -1.416096 -0.542722 -1.343192 -1.282302 0.655650 -0.610135 1.030479
80 -0.853422 -1.080481 -1.910345 -1.064803 2.202506 0.374530 0.584289 0.326996 -0.523382 0.313640 0.593103 -0.343881 1.795574 0.656169 -0.305521 1.399458 -1.375127 0.526584 0.663629 -0.164202 0.184625 -0.991523 -0.094616 -0.508242 2.398634 -1.380480 0.141025 0.437552 -0.711186 -0.360556 -0.626965 -1.521916 -1.187646 1.474282 0.160751 1.793111 0.033470 0.134738 -2.035792 -0.527975 -0.350631 -0.564740 -1.458573 1.136712 -0.402886 0.013301 -0.308338 -1.301641 -0.356862 0.420588
81 -0.244833 0.961025 0.511177 -1.590686 0.509149 0.688479 -0.483479 0.860203 0.295834 -1.719075 0.413700 -0.144485 -0.087221 0.485714 1.531898 0.470122 0.685129 1.024874 0.031742 -0.881838 -0.438202 0.201015 1.100159 -0.337640 -2.169716 0.412165 -0.054690 1.543520 -0.396415 0.039092 -0.266554 1.117388 -0.362064 -1.075227 -0.129069 0.144158 0.680878 -0.275963 0.862411 -0.939772 0.303379 0.099326 0.052600 -1.167665 -0.496033 1.491389 -0.064852 -1.158306 -0.809018 0.179553
82 0.026395 0.474380 -1.203321 -0.597278 -0.755550 -0.244216 -0.923386 0.276565 0.354101 0.438256 0.078962 -0.318196 -1.416432 2.223908 0.150439 2.070854 -0.542168 -0.014773 -0.144384 0.165790 1.353168 0.030777 -0.924677 0.876923 2.150032 1.922648 1.072510 0.335288 -0.128978 0.024500 -0.161213 -0.465498 0.645400 -0.771157 0.091625 0.122555 0.112301 -0.743743 -1.099564 0.501699 -0.728217 0.464259 -0.060627 -0.869586 -0.003344 -0.087559 -0.759597 -0.752363 0.223274 0.229980
83 0.990360 -0.339104 -0.691572 1.256429 -0.679680 0.360460 -0.844496 -1.157379 0.427925 0.473191 -0.620639 0.649132 -1.973188 0.787432 -0.790699 0.625178 -1.139694 2.650655 -0.570946 -1.906073 0.384182 -1.241527 0.456207 0.373713 0.372627 -0.615661 1.166278 -1.426684 0.059755 -0.595210 -1.245805 -2.534584 -0.869959 0.522341 -0.061818 0.533965 0.238891 -0.026451 -1.221363 -1.571738 0.828831 0.996781 -0.875024 0.766282 -0.157105 2.077064 0.531077 1.171796 -2.201438 0.427432
84 -0.007695 -0.611957 -2.169969 0.124034 -0.903870 1.068853 -0.903209 0.382637 0.204082 0.291632 0.233875 1.704544 0.607013 0.520454 0.406467 -1.324165 0.794540 -0.267991 0.689308 -0.167431 -0.554386 -1.238556 -1.782005 2.226576 -0.224957 1.794384 -0.455677 0.367146 0.630860 -1.658524 -0.136422 -1.113181 -0.375238 -1.523358 -0.508996 1.062057 1.618027 0.737675 -0.734484 -0.291460 0.231323 1.832129 -1.439477 1.012867 2.576577 -1.306187 1.222416 -0.481139 -0.019145 -0.535986
85 1.067762 1.481510 0.555447 0.133293 -0.594993 -0.664757 0.469659 1.012457 -1.117723 1.601770 0.058407 0.346717 -0.778398 0.224957 1.562645 1.299442 -2.084588 0.128841 -0.572439 1.219423 2.134972 -0.231269 -0.163992 -0.986409 1.528664 -0.122265 -1.436863 0.631307 -1.862197 -1.173825 1.093130 0.072038 0.321387 0.106346 -0.291267 1.283534 0.496337 -0.467456 0.784601 2.020283 0.580493 0.304004 0.707029 0.036838 -0.643766 1.936219 0.075688 0.148051 0.959427 -1.962719
86 -0.963481 -0.011963 1.733153 0.691805 -0.837564 0.733216 2.154692 0.810964 -0.718839 -0.061136 -0.647591 -0.010865 -1.417976 -1.165091 0.008253 1.150703 0.916406 1.451424 -0.095003 -0.093334 -0.339003 -0.284477 -0.198796 -0.588042 0.430592 -0.959685 0.276281 -1.294776 1.219196 0.812256 0.287915 0.294520 -0.703455 0.393857 1.393793 -0.479054 0.402434 0.168971 -0.210963 0.613963 -2.141380 -0.240575 0.614325 -0.478469 -1.482999 -0.625420 0.662365 -0.126768 -0.209402 1.208779
87 -0.061544 -0.388720 -0.311390 -0.185345 -0.170181 -0.537830 0.225277 -0.704613 -0.399560 0.486467 -1.481430 0.050980 0.132324 0.440847 -1.906060 -0.848567 0.113852 -0.947746 0.765727 -0.722379 0.461543 -0.562534 -0.938254 0.644267 0.236307 0.542246 0.296031 0.344367 -0.261133 0.338545 -1.338314 0.972788 2.445998 0.379193 -0.108388 -0.905151 -1.045354 0.898529 -2.583577 -1.154177 0.761254 -0.139026 0.600971 -0.894460 1.501961 -0.138314 -0.416789 0.161579 0.649752 -0.143635
88 0.350830 0.054223 0.069132 -0.631000 0.159460 -0.076477 -1.120549 1.814975 0.134233 -0.282639 0.174441 0.185665 -0.642496 1.833682 0.362065 0.698743 -2.623259 0.266359 -0.243158 -1.062441 0.662942 -1.242385 0.589496 -1.411855 -0.235052 -1.965949 -0.538364 -1.233920 -1.382106 -1.764835 0.596448 -1.712730 -0.036595 -0.195086 -0.495806 0.004612 -0.815524 -0.160420 0.058235 -1.383255 -1.021856 -1.096099 0.757484 -1.229424 0.353649 -0.344270 0.036423 0.964116 -0.411161 -1.503112
89 0.530018 -0.751148 -0.371718 1.623842 0.807233 -0.336693 0.070228 0.330873 1.035870 -0.230199 -0.412991 -0.991544 -0.348871 -1.241990 2.259552 1.948995 -0.026627 -0.472921 -0.167281 -0.525219 -0.785926 0.952429 2.834977 -1.156364 -0.430713 -0.277749 -1.104816 0.092305 -0.697248 -1.174513 0.580899 0.319029 0.786301 -0.372165 1.232998 1.131917 -2.265011 -0.481718 -1.855804 1.460701 -0.904514 -1.490633 0.839519 0.134972 1.078778 -0.824326 -0.770403 -0.062333 -0.032708 0.341837
90 0.711504 0.352702 1.077262 0.150687 -2.069964 0.723866 -1.256635 0.352932 1.272327 -0.995572 -0.227634 1.712662 0.938174 0.576688 1.113875 0.149685 -0.807872 0.180362 0.761994 1.107625 1.510353 0.226641 -1.575326 -0.846387 0.755545 -0.071720 -2.415586 1.042338 1.567895 0.675453 0.097438 0.097064 -1.368398 1.845762 -0.783441 0.789615 1.547934 1.170384 0.069325 0.624467 -0.069677 -0.687882 1.474188 -0.433179 -1.397661 -0.385454 -1.037311 -0.072635 1.373594 0.205061
91 0.153447 -0.438537 0.923110 0.309393 -0.156311 0.550979 0.729709 -2.165159 1.930987 1.429076 -1.125781 -1.888323 1.586571 -0.743529 0.978541 0.372560 -0.705466 0.180822 -1.087085 -0.020653 0.438380 -0.804562 0.607195 -2.051704 0.485947 0.138175 0.524671 0.318039 2.733822 0.055381 0.922480 1.259990 1.732666 0.129261 -1.104471 -1.431923 0.357864 -0.640073 0.205541 1.900269 1.138383 0.520768 0.515368 0.489663 -0.118240 -0.766712 -0.598932 -0.073441 1.452229 0.795658
92 -0.739355 0.152958 -1.264646 0.231230 -1.576428 -1.150117 -0.945686 -0.067528 2.074358 -0.810148 -1.234686 0.730888 -0.081501 0.616903 -1.122462 -0.161344 -0.874662 1.144739 1.598911 -0.075116 0.022697 -0.263378 1.560632 -0.792545 0.323145 0.699118 -2.423789 1.197577 0.061067 0.138117 -1.247898 0.564003 0.709509 0.826441 0.120358 -0.256135 -0.548944 -0.861378 -0.222018 0.614266 -0.612049 -1.029552 -0.516555 -1.435225 0.445731 0.621550 0.978632 -0.663071 0.283993 0.777102
93 1.474765 0.845788 0.548454 0.453829 0.241655 -0.971630 0.581983 1.412171 2.073817 0.722480 0.447908 0.666356 0.120817 -2.467695 -1.131130 -1.377437 1.096319 -0.932268 -0.074984 -0.186033 0.312817 0.273930 -2.184962 -0.887777 0.763631 -0.029112 0.318447 2.702682 -0.689811 1.139709 -0.789043 0.260230 -0.605788 -0.624004 -0.618052 0.090993 0.094556 -1.539164 0.106789 -0.771029 1.852735 0.534019 0.196324 1.569749 1.300106 -0.052289 -1.076589 -1.704226 1.448610 -0.071559
94 0.605577 0.145927 -1.494847 -0.876539 -1.769694 0.223336 -1.044057 0.999486 0.570360 -2.069011 -1.457489 1.822164 -0.341091 2.794140 0.095061 0.258734 -0.083174 -1.012384 -0.306731 0.353200 0.481837 -0.240608 1.584936 1.221962 -0.285865 0.314415 -0.742458 -0.152679 -2.473063 -0.342642 0.015372 1.595768 -0.979623 0.642972 -1.441123 -0.397740 -1.490780 0.319299 0.094886 -0.225435 0.525622 -1.736061 -1.120099 0.252817 -2.825478 -0.531607 -0.634690 1.565691 -0.323807 0.870841
95 -0.004656 -2.412870 0.299212 0.241039 -1.380015 -0.846417 -0.831495 0.098085 -0.620512 -0.087012 1.372219 -0.589718 1.675588 0.015322 -0.336474 1.377260 1.842202 0.485411 -0.478360 -0.084258 0.390023 -0.552317 0.944978 -0.064848 -0.930606 -0.616998 0.451040 2.431586 -0.377083 1.000755 -0.112955 1.566467 -0.259406 0.279610 0.583200 -1.260936 -0.224507 -1.582687 -0.161725 -1.055094 0.444818 0.580719 -0.387241 -1.504807 -0.293903 0.842201 1.994616 -0.660958 -0.106971 3.035978
96 -1.489998 -0.922987 -0.096643 -0.083050 -1.141697 -0.407862 0.295793 -0.262238 -0.202984 0.164820 1.555057 -0.669288 3.492572 -0.102237 0.652273 -1.097684 -0.673643 -0.530844 0.022775 -3.024802 -1.474578 -0.516412 2.308772 0.130601 -0.300057 -1.249624 0.721429 1.463468 0.699375 -0.848175 -0.246115 0.495101 -1.181865 -1.683131 1.662462 0.178010 -1.319655 -0.127137 -0.510385 1.016025 -0.415851 -1.118771 -1.811563 0.441775 0.417552 0.480099 0.890092 -0.909222 -1.547115 -0.352102
97 -0.186922 1.246089 -0.801463 0.658355 0.202870 0.212197 0.100342 -0.917228 -0.456560 0.584212 0.515067 -0.649684 0.278195 2.014319 1.524963 0.610775 -0.812361 -0.672959 0.545354 0.545596 -1.689489 -0.976692 0.615553 -1.322382 -0.995303 0.582236 -0.192018 0.448742 0.056879 0.055732 0.216796 0.573309 -0.028554 -1.034516 -0.967020 0.778166 0.824111 0.745306 -1.114561 1.737080 -2.839694 -2.347659 -0.411828 0.658294 -1.772760 0.910547 1.925109 0.729498 -0.480559 -1.178227
98 -0.182718 0.367615 1.124077 0.180140 -1.498536 0.635638 -1.373282 1.212823 -1.684569 0.403151 -0.287668 1.532415 1.241750 -0.498567 0.722916 -0.434101 0.200152 -0.774469 0.875526 0.146147 0.589176 -1.467390 0.548977 0.199821 -0.731249 2.241098 -1.554356 0.083526 -0.750203 0.868479 0.346009 -0.040148 0.913246 -0.061137 -0.123052 1.311867 -0.846517 1.148532 0.638825 0.458534 -0.636924 0.657314 -0.934572 0.127408 -1.004550 -3.019925 0.205665 -1.644083 0.216352 1.464204
99 -2.554150 -0.356543 1.269635 -1.653813 1.604063 0.287916 -0.910004 1.272252 -0.995901 1.044356 0.138273 -1.001777 -0.685757 -1.494194 -1.351205 0.100883 -2.095475 1.141324 -1.683687 0.331873 1.142436 -0.956087 0.787885 2.143828 0.125762 -0.503789 -1.195734 -0.434141 -1.286803 -0.187352 0.240140 0.532362 -0.592569 0.674019 -0.515390 -0.635528 -0.764690 -1.110446 0.451314 -0.537449 -0.978198 0.182752 -0.853211 0.824912 0.339663 -0.138467 0.291273 0.660925 0.705076 2.809024
END
#################################################################
SECTION3 (Edges Information)
EndPoint0 EndPoint1 Weight
0 1 1.000000
0 9 1.000000
0 10 1.000000
0 90 1.000000
1 0 1.000000
1 2 1.000000
1 11 1.000000
1 91 1.000000
2 1 1.000000
2 3 1.000000
2 12 1.000000
2 92 1.000000
3 2 1.000000
3 4 1.000000
3 13 1.000000
3 93 1.000000
4 3 1.000000
4 5 1.000000
4 14 1.000000
4 94 1.000000
5 4 1.000000
5 6 1.000000
5 15 1.000000
5 95 1.000000
6 5 1.000000
6 7 1.000000
6 16 1.000000
6 96 1.000000
7 6 1.000000
7 8 1.000000
7 17 1.000000
7 97 1.000000
8 7 1.000000
8 9 1.000000
8 18 1.000000
8 98 1.000000
9 0 1.000000
9 8 1.000000
9 19 1.000000
9 99 1.000000
10 0 1.000000
10 11 1.000000
10 19 1.000000
10 20 1.000000
11 1 1.000000
11 10 1.000000
11 12 1.000000
11 21 1.000000
12 2 1.000000
12 11 1.000000
12 13 1.000000
12 22 1.000000
13 3 1.000000
13 12 1.000000
13 14 1.000000
13 23 1.000000
14 4 1.000000
14 13 1.000000
14 15 1.000000
14 24 1.000000
15 5 1.000000
15 14 1.000000
15 16 1.000000
15 25 1.000000
16 6 1.000000
16 15 1.000000
16 17 1.000000
16 26 1.000000
17 7 1.000000
17 16 1.000000
17 18 1.000000
17 27 1.000000
18 8 1.000000
18 17 1.000000
18 19 1.000000
18 28 1.000000
19 9 1.000000
19 10 1.000000
19 18 1.000000
19 29 1.000000
20 10 1.000000
20 21 1.000000
20 29 1.000000
20 30 1.000000
21 11 1.000000
21 20 1.000000
21 22 1.000000
21 31 1.000000
22 12 1.000000
22 21 1.000000
22 23 1.000000
22 32 1.000000
23 13 1.000000
23 22 1.000000
23 24 1.000000
23 33 1.000000
24 14 1.000000
24 23 1.000000
24 25 1.000000
24 34 1.000000
25 15 1.000000
25 24 1.000000
25 26 1.000000
25 35 1.000000
26 16 1.000000
26 25 1.000000
26 27 1.000000
26 36 1.000000
27 17 1.000000
27 26 1.000000
27 28 1.000000
27 37 1.000000
28 18 1.000000
28 27 1.000000
28 29 1.000000
28 38 1.000000
29 19 1.000000
29 20 1.000000
29 28 1.000000
29 39 1.000000
30 20 1.000000
30 31 1.000000
30 39 1.000000
30 40 1.000000
31 21 1.000000
31 30 1.000000
31 32 1.000000
31 41 1.000000
32 22 1.000000
32 31 1.000000
32 33 1.000000
32 42 1.000000
33 23 1.000000
33 32 1.000000
33 34 1.000000
33 43 1.000000
34 24 1.000000
34 33 1.000000
34 35 1.000000
34 44 1.000000
35 25 1.000000
35 34 1.000000
35 36 1.000000
35 45 1.000000
36 26 1.000000
36 35 1.000000
36 37 1.000000
36 46 1.000000
37 27 1.000000
37 36 1.000000
37 38 1.000000
37 47 1.000000
38 28 1.000000
38 37 1.000000
38 39 1.000000
38 48 1.000000
39 29 1.000000
39 30 1.000000
39 38 1.000000
39 49 1.000000
40 30 1.000000
40 41 1.000000
40 49 1.000000
40 50 1.000000
41 31 1.000000
41 40 1.000000
41 42 1.000000
41 51 1.000000
42 32 1.000000
42 41 1.000000
42 43 1.000000
42 52 1.000000
43 33 1.000000
43 42 1.000000
43 44 1.000000
43 53 1.000000
44 34 1.000000
44 43 1.000000
44 45 1.000000
44 54 1.000000
45 35 1.000000
45 44 1.000000
45 46 1.000000
45 55 1.000000
46 36 1.000000
46 45 1.000000
46 47 1.000000
46 56 1.000000
47 37 1.000000
47 46 1.000000
47 48 1.000000
47 57 1.000000
48 38 1.000000
48 47 1.000000
48 49 1.000000
48 58 1.000000
49 39 1.000000
49 40 1.000000
49 48 1.000000
49 59 1.000000
50 40 1.000000
50 51 1.000000
50 59 1.000000
50 60 1.000000
51 41 1.000000
51 50 1.000000
51 52 1.000000
51 61 1.000000
52 42 1.000000
52 51 1.000000
52 53 1.000000
52 62 1.000000
53 43 1.000000
53 52 1.000000
53 54 1.000000
53 63 1.000000
54 44 1.000000
54 53 1.000000
54 55 1.000000
54 64 1.000000
55 45 1.000000
55 54 1.000000
55 56 1.000000
55 65 1.000000
56 46 1.000000
56 55 1.000000
56 57 1.000000
56 66 1.000000
57 47 1.000000
57 56 1.000000
57 58 1.000000
57 67 1.000000
58 48 1.000000
58 57 1.000000
58 59 1.000000
58 68 1.000000
59 49 1.000000
59 50 1.000000
59 58 1.000000
59 69 1.000000
60 50 1.000000
60 61 1.000000
60 69 1.000000
60 70 1.000000
61 51 1.000000
61 60 1.000000
61 62 1.000000
61 71 1.000000
62 52 1.000000
62 61 1.000000
62 63 1.000000
62 72 1.000000
63 53 1.000000
63 62 1.000000
63 64 1.000000
63 73 1.000000
64 54 1.000000
64 63 1.000000
64 65 1.000000
64 74 1.000000
65 55 1.000000
65 64 1.000000
65 66 1.000000
65 75 1.000000
66 56 1.000000
66 65 1.000000
66 67 1.000000
66 76 1.000000
67 57 1.000000
67 66 1.000000
67 68 1.000000
67 77 1.000000
68 58 1.000000
68 67 1.000000
68 69 1.000000
68 78 1.000000
69 59 1.000000
69 60 1.000000
69 68 1.000000
69 79 1.000000
70 60 1.000000
70 71 1.000000
70 79 1.000000
70 80 1.000000
71 61 1.000000
71 70 1.000000
71 72 1.000000
71 81 1.000000
72 62 1.000000
72 71 1.000000
72 73 1.000000
72 82 1.000000
73 63 1.000000
73 72 1.000000
73 74 1.000000
73 83 1.000000
74 64 1.000000
74 73 1.000000
74 75 1.000000
74 84 1.000000
75 65 1.000000
75 74 1.000000
75 76 1.000000
75 85 1.000000
76 66 1.000000
76 75 1.000000
76 77 1.000000
76 86 1.000000
77 67 1.000000
77 76 1.000000
77 78 1.000000
77 87 1.000000
78 68 1.000000
78 77 1.000000
78 79 1.000000
78 88 1.000000
79 69 1.000000
79 70 1.000000
79 78 1.000000
79 89 1.000000
80 70 1.000000
80 81 1.000000
80 89 1.000000
80 90 1.000000
81 71 1.000000
81 80 1.000000
81 82 1.000000
81 91 1.000000
82 72 1.000000
82 81 1.000000
82 83 1.000000
82 92 1.000000
83 73 1.000000
83 82 1.000000
83 84 1.000000
83 93 1.000000
84 74 1.000000
84 83 1.000000
84 85 1.000000
84 94 1.000000
85 75 1.000000
85 84 1.000000
85 86 1.000000
85 95 1.000000
86 76 1.000000
86 85 1.000000
86 87 1.000000
86 96 1.000000
87 77 1.000000
87 86 1.000000
87 88 1.000000
87 97 1.000000
88 78 1.000000
88 87 1.000000
88 89 1.000000
88 98 1.000000
89 79 1.000000
89 80 1.000000
89 88 1.000000
89 99 1.000000
90 0 1.000000
90 80 1.000000
90 91 1.000000
90 99 1.000000
91 1 1.000000
91 81 1.000000
91 90 1.000000
91 92 1.000000
92 2 1.000000
92 82 1.000000
92 91 1.000000
92 93 1.000000
93 3 1.000000
93 83 1.000000
93 92 1.000000
93 94 1.000000
94 4 1.000000
94 84 1.000000
94 93 1.000000
94 95 1.000000
95 5 1.000000
95 85 1.000000
95 94 1.000000
95 96 1.000000
96 6 1.000000
96 86 1.000000
96 95 1.000000
96 97 1.000000
97 7 1.000000
97 87 1.000000
97 96 1.000000
97 98 1.000000
98 8 1.000000
98 88 1.000000
98 97 1.000000
98 99 1.000000
99 9 1.000000
99 89 1.000000
99 90 1.000000
99 98 1.000000
END
#################################################################
SECTION4 (TrueSubGraph Information)
EndPoint0 EndPoint1 Weight
68 67 1.0
67 77 1.0
68 58 1.0
58 48 1.0
END
#################################################################
SECTION5 (Labels Information)
0 0 1 0 1 0 0 0 0 0 1 0 0 1 0 0 0 1 0 0 0 1 0 0 0 0 1 1 0 0 0 0 0 0 0 0 0 0 0 0 0 0 0 0 0 0 1 0 0 1 
END
#################################################################
SECTION6 (bt Information)
-5 -5 5 -5 5 -5 -5 -5 -5 -5 5 -5 -5 5 -5 -5 -5 5 -5 -5 -5 5 -5 -5 -5 -5 5 5 -5 -5 -5 -5 -5 -5 -5 -5 -5 -5 -5 -5 -5 -5 -5 -5 -5 -5 5 -5 -5 5 
END
#################################################################
