#################################################################
#APDM Input Graph, this input graph includes 3 sections:
#section1 : general information
#section2 : nodes
#section3 : edges
#section4 : trueSubGraph (Optional)
#
#if nodes haven't information set weight to null
#################################################################
SECTION1 (General Information)
numNodes = 100
numEdges = 200
usedAlgorithm = NULL
dataSource = SimulationData2
END
#################################################################
SECTION2 (Nodes Information)
NodeID Base Counts
0 0.657728 1.388802 -1.524819 1.538976 -1.348503 0.747212 1.089330 -0.252211 0.232325 0.100590 -0.513157 -1.447571 -1.161240 -1.521409 -0.050257 -0.764468 0.333526 -2.065896 2.272938 -0.344602 -0.230731 -0.938921 -1.029491 0.887942 0.333086 1.468968 -1.353018 -0.885089 -0.279923 0.302568 0.005686 -0.097032 -0.742852 0.041895 -0.870532 0.965434 -0.062356 0.660430 0.281867 0.548025 -1.116985 2.296623 0.197020 0.380554 -0.920684 -0.296907 0.110559 1.467880 0.479690 1.527912
1 -0.286403 0.916678 1.714048 0.076560 -1.588347 1.071340 -1.349550 0.213761 -0.439702 -2.358054 1.162345 -0.571114 -1.400147 1.090585 1.464778 1.522950 0.381739 1.100160 0.401522 0.353782 0.812834 1.946721 0.100286 -0.033909 -1.569720 -0.607785 0.376523 -0.825822 -0.139824 -0.747659 0.607809 1.714628 -1.494295 -1.782926 0.357017 1.701482 -0.093632 1.283745 -0.215092 -2.451945 -0.049664 -1.497797 0.913681 1.637764 1.074194 -0.664045 1.552289 0.931284 0.802893 -0.865539
2 0.715658 -3.004349 -0.044075 0.124053 -1.088618 -2.170394 -0.533673 1.199187 -1.035233 -1.013852 1.594582 -0.162824 -0.117139 -1.241307 -2.014246 0.094884 -0.201967 -0.654305 -0.283162 0.028879 0.791180 -0.145916 -0.547075 -0.629393 -0.180863 -1.054969 -0.913058 -0.412847 1.072889 2.732232 -0.730490 -0.839039 0.497068 -1.515988 -1.085703 -0.749046 0.536373 0.841926 -0.136289 -0.227234 -0.511640 0.237239 0.336292 -0.355957 -0.737276 -1.052736 -0.749148 -0.297082 1.123294 -0.338643
3 0.041423 -0.148806 -1.121677 1.554833 -1.699232 -0.538439 -0.111055 0.983857 -0.374442 -1.742248 0.341884 0.240733 1.467093 -1.220511 -0.267828 1.185707 -0.229936 -0.796412 -0.842248 -2.181005 -0.566611 0.211803 -0.696106 0.325279 1.296690 -0.867800 0.173646 -1.687048 0.225226 -1.134939 1.031960 0.041340 -0.284688 1.308957 -0.268867 -1.404892 0.064067 -0.144531 0.364444 -1.698490 -0.488155 1.321915 0.293358 -0.393974 -0.655571 0.611629 1.489663 1.320974 -1.352503 2.235464
4 1.126251 -1.465857 0.426866 0.925692 0.801676 1.734288 1.500335 -0.324385 0.037846 1.402034 1.558563 0.003107 0.038074 1.788626 -0.227497 -1.230570 -0.492876 -1.615360 -2.135800 -0.014614 -1.283003 -0.584871 -1.155348 0.718655 -0.295014 -0.270593 0.899884 -1.564954 1.795544 -1.934892 1.442308 0.033323 0.617208 -0.638762 0.828907 -1.947312 -0.988774 0.603187 -1.541515 -0.091900 -0.443767 0.871736 1.158203 -0.188777 -0.344027 -0.065817 -1.134087 0.096352 -0.165419 -1.041768
5 0.697105 -0.068378 -0.927278 -0.415371 0.642720 -0.331690 -0.846438 -1.260757 0.193327 0.893790 -1.232981 -0.554786 -1.347076 -0.203134 -0.195685 -0.070486 -1.230131 0.674601 -0.223092 0.709000 -0.615582 0.511221 1.310377 1.098940 2.090706 -0.039428 0.710320 -2.334976 -0.530848 -2.589384 0.050878 0.772142 -1.462890 -1.454654 -1.161286 -0.046976 0.667007 1.527796 -1.679910 0.520471 0.174999 -0.832554 -0.988868 -1.025459 -2.403697 -0.360969 0.231248 -0.433821 -0.153963 0.974372
6 -0.662476 1.014266 -1.161470 -0.865960 -2.136715 -1.132050 -0.645249 -0.529711 -0.461275 1.321308 -0.324559 1.407921 -0.091577 0.533607 1.540738 0.071979 0.738417 1.313675 -0.682143 0.522472 0.371489 -0.736799 0.684694 -1.047279 1.648432 -0.125409 0.229431 -0.427358 -0.718646 1.315937 1.323979 -0.271315 -0.715062 0.203315 -1.456896 0.149695 0.720635 0.215571 0.338495 1.118158 0.453202 1.639099 1.038072 -1.756921 1.589286 0.824090 1.776831 -1.293998 -0.511635 0.971347
7 0.404741 -0.302603 -0.831828 0.517706 0.612359 -1.188527 0.973598 -0.169886 -0.467202 1.004926 1.272894 0.095279 0.117220 0.833606 0.271803 1.868290 -1.867452 -0.169691 0.137058 1.267571 0.048155 -2.022782 0.026615 -1.042824 0.651401 0.192137 -0.073729 0.175647 0.439905 1.719938 -2.683311 0.035915 -1.499972 1.620112 1.026212 1.969057 -1.207284 0.226735 1.099304 0.018510 -0.433432 0.817172 -1.362699 -0.084879 -0.681682 1.018143 0.594470 -0.799080 -0.817164 0.646403
8 -0.996876 -0.089606 1.435893 0.535849 -1.294533 1.470407 -0.901041 1.283805 0.204893 -0.471707 1.569619 -1.506993 -1.189378 -0.160053 -1.154468 -0.304875 -0.497695 0.160988 -0.329689 0.345372 -1.766984 1.196015 -0.478430 -0.405112 0.084983 -0.366718 2.233732 -0.463676 0.839498 -0.507403 0.534485 0.559712 -2.184946 -0.855034 1.623622 0.056278 -0.204627 -0.373625 -0.168384 0.995779 -0.778934 0.869064 -1.651564 0.664289 -0.039354 0.097251 -0.116608 2.126819 0.133773 0.903436
9 0.857514 -0.551984 1.314129 0.068730 -0.683189 -1.182961 -1.229117 1.334458 -0.972702 0.552406 0.483756 0.836045 -0.662363 1.575684 -0.677887 -1.062995 -0.166231 -0.663205 0.545480 -0.222879 1.148440 0.102172 -1.710712 -0.118131 0.197782 -0.744524 -1.393880 -0.390372 0.913687 2.112968 0.978134 0.329629 0.724365 -0.420887 0.172305 0.146968 -2.142744 -1.126364 -0.508036 1.463223 0.921833 -0.331577 2.749000 0.662779 1.344962 0.769155 1.046884 0.142905 0.344222 0.492057
10 0.687585 0.106209 -0.883982 0.000730 0.163990 3.518879 -0.689819 -0.608662 1.108338 0.481169 -0.187815 1.037009 -0.922837 0.144724 0.282706 0.330960 2.363222 2.249444 0.128078 -0.341926 -0.735583 -1.146997 1.557591 0.115580 0.349169 1.365569 -1.036489 1.336069 -1.927195 -0.827880 0.063008 0.554716 1.943891 -0.778312 0.621792 1.015039 -2.005419 0.873878 0.174300 0.204952 0.146216 -0.326373 0.543992 -0.922327 0.526950 0.927592 -2.059033 0.600369 -0.220148 1.453974
11 0.975296 0.151660 2.401449 -0.696243 -0.506738 -1.111550 -0.702114 0.762330 0.600592 -0.151192 0.032031 -0.709768 -0.855772 1.061940 -0.052864 0.200932 1.261818 -0.296751 -0.373040 -0.443931 -0.911807 0.635448 -0.615332 0.808098 0.023866 0.516756 -0.346615 -1.327883 0.425005 -1.566542 -0.850646 -0.551456 -0.454419 -0.498691 -0.119843 2.058344 0.111082 0.154023 -0.643765 1.671350 2.156709 1.481857 -1.149643 0.589605 1.217277 0.912401 -0.476159 -0.049442 0.902622 0.617549
12 -0.193771 -0.145501 0.991004 0.348082 0.414953 -0.181849 0.451688 1.856184 -1.268338 -0.605116 -0.078989 0.832365 -2.962492 0.907687 0.312701 2.293088 1.592255 -0.695721 0.055810 0.203258 -0.127748 0.649831 -1.183255 1.534415 0.646225 -0.021571 0.239256 0.460391 0.225178 -0.207004 0.467950 0.612191 -0.309968 0.188187 -0.485609 -0.598675 1.540765 0.512391 1.882504 -0.271903 2.431326 1.094341 -0.926910 -1.668139 0.224038 -1.325657 2.487262 -0.768287 1.776239 -0.186133
13 -1.371361 -0.543997 -0.538970 0.168229 -1.269289 -0.065026 -1.840933 -1.470031 -1.913397 0.470239 2.935042 0.872126 -1.001504 -0.630952 -0.369271 0.696919 0.591298 0.874285 -0.496302 2.454709 0.682056 0.408754 -1.449176 -2.164773 0.409385 -0.794673 0.876971 0.400820 2.941502 0.404731 0.006292 1.445138 0.668017 -1.864920 1.401448 0.506952 -0.717796 0.603362 -1.070084 0.451425 0.535731 -2.150083 -1.177463 0.319949 0.482938 0.087729 -1.484400 -0.156867 0.372035 -0.869324
14 -0.225221 -1.255639 -0.326923 -1.189120 -1.634183 1.010922 -1.058700 -1.181662 0.750867 0.347517 1.164445 -0.114462 -0.851360 0.556115 0.902139 0.063494 -1.971845 -0.611895 0.341240 -0.683767 -0.916889 0.729544 -0.746750 1.526922 0.422030 -1.339496 -1.111302 -0.839925 1.431786 -1.170191 0.173525 -0.048524 1.402352 -1.194376 -0.321937 -0.017047 0.768012 0.945906 -0.051889 -0.358864 -0.145403 0.506439 0.558982 -0.533323 -1.526242 1.564725 2.829709 1.328957 0.846656 2.062439
15 -1.401125 1.267345 0.377394 -0.209891 0.036116 1.350215 -1.610012 1.464764 1.339222 1.017439 1.289578 0.193654 -0.026033 0.309973 1.563692 -1.279242 0.148063 -1.122079 1.042608 0.315005 1.287708 -0.883073 0.069793 -0.942044 -0.895833 -1.269902 0.660759 -0.977506 -0.034395 -0.654912 -0.791714 0.367675 -0.414248 -0.850807 0.121137 0.655329 -1.700216 -0.977137 -0.129014 0.322819 1.087052 0.559950 -1.044382 -0.175614 0.035132 2.437040 -0.298443 0.141555 1.425199 -0.829913
16 -0.288289 0.538112 0.767758 0.278829 0.446085 1.659428 -0.425219 1.372414 -1.587310 -0.598910 -0.479307 -2.165421 0.031055 -0.051849 -0.441351 0.799379 1.646140 0.079457 0.009066 -0.679860 -0.040016 -0.375480 -0.335486 -0.631756 1.493412 1.679902 0.877633 -1.301612 0.386660 -0.084165 -1.089233 0.450132 -0.495750 0.607358 -0.961775 0.762530 0.512441 0.070366 -0.507438 0.155638 -1.347977 0.414828 1.176116 1.031803 0.470543 1.260504 0.410305 -1.226127 0.802737 -0.318972
17 -0.504680 1.273028 -0.118824 0.054922 -1.312288 0.260804 -0.894501 0.034362 0.286122 0.047113 0.044898 -0.029576 0.557778 -1.375589 0.219433 -0.235319 1.243380 2.012793 -0.330050 0.718034 -1.025011 0.172000 -0.593956 0.386650 -0.335652 0.398080 0.394236 -0.643783 -0.423026 -1.246184 -0.304197 -0.334500 -1.295183 0.760719 -0.830807 -1.752343 -2.064958 1.319300 -0.316325 -0.747740 0.889312 0.804544 -0.302893 0.760427 0.335612 0.575190 0.341460 0.107731 0.046063 -0.021054
18 1.216748 -0.105238 -0.085371 1.652145 -0.281533 -0.108717 -1.594631 -0.786650 -0.753942 -1.105023 -1.653331 -0.602364 0.091323 -0.561243 0.023320 0.957272 -0.443078 -0.527248 3.349073 -1.727863 -0.543645 0.452205 1.112716 0.114530 -0.039493 0.304093 0.802991 0.510172 -0.682532 -0.673440 0.063705 0.310474 -1.083277 -0.023684 -0.338026 -0.694080 -0.251342 -0.340795 0.960460 -0.226775 0.970338 -0.593306 -0.207126 0.586984 2.209325 1.050159 0.044163 0.959258 0.871701 -0.478386
19 -0.025003 0.219987 0.217225 -0.228262 1.104151 0.006036 -1.139618 -0.460915 0.661096 -0.484515 0.334805 -0.427980 0.571081 0.513010 -1.128741 -0.515708 -0.049048 1.053528 -1.559682 -1.052376 0.818826 0.854111 -0.840024 -0.110025 -0.145527 -0.555835 1.001568 0.149159 0.807336 1.358495 0.727962 2.602170 0.987432 -1.299499 -1.189085 -0.629937 1.310211 -0.511322 -0.195882 0.954576 1.038374 -0.557249 1.585163 1.921079 0.747753 1.018788 0.815547 -0.395007 0.364008 -1.942746
20 0.082352 1.164997 0.512111 -0.222700 -0.275782 -0.240387 -0.648565 -0.053645 0.041868 -0.310389 -0.202713 -0.333014 -0.683764 -0.426361 2.139335 -0.080564 -0.111316 0.077896 -0.071939 -1.449845 -0.946418 1.503232 1.098376 -1.212996 -1.191351 -1.987537 -0.203783 0.202411 0.923525 -0.174022 0.939162 -0.451109 0.543330 0.289782 -1.713368 -0.730017 1.380267 0.889639 0.249915 0.248109 1.163541 -0.401794 0.141586 0.483427 1.042802 -0.696685 0.043313 0.010896 0.252558 -0.390697
21 0.028406 0.245675 0.743502 1.507043 -0.344671 -0.759950 0.414107 1.768213 -0.365466 -1.260638 -0.003931 -1.326388 -1.817982 -1.407570 0.116012 -0.893458 0.967552 -2.516839 -0.480826 -1.006196 0.257918 0.076616 -0.137203 1.595753 0.616156 0.155374 -0.289138 0.600343 0.801121 -0.095111 -2.492130 -1.354315 2.862502 0.385936 -0.777817 0.371690 0.517570 0.060976 0.313627 0.992586 0.825378 -0.725853 -1.001019 -1.153415 0.580849 1.245279 -0.756171 0.810371 -0.352983 -0.407667
22 -1.733455 -1.209881 -1.081015 1.382664 -0.070727 -1.051946 -1.445836 -0.063578 -0.114574 1.868780 -0.264355 0.633597 0.415647 0.471995 -1.629375 0.695829 1.641193 3.020711 -0.886910 -1.053459 1.071429 -0.882752 1.518314 0.550800 -0.950955 1.197567 1.630761 -0.436970 0.266552 0.177744 -0.689638 -0.938425 0.060822 -0.118674 0.220809 -0.513543 -0.172872 1.294884 0.906563 -1.203685 -1.292320 0.396316 1.008990 0.526188 -1.072760 0.535115 0.765647 0.505776 -0.137004 -1.362618
23 -0.502529 -0.516625 0.982298 0.739881 0.061787 0.271813 0.358268 1.516733 1.406526 0.369743 1.115813 0.362630 -0.062768 0.863973 1.689199 1.871513 0.087338 1.118140 0.210336 -0.221370 -1.127639 0.247493 -0.417894 1.013285 -1.385555 -0.016131 -0.993780 0.854471 0.437793 -0.724637 -1.533355 0.536205 0.791217 0.044906 -0.151795 0.683893 0.617842 0.515322 -0.233071 -0.372349 1.025246 0.690993 -1.208703 1.732747 -1.749296 -0.071378 -0.523946 -0.542061 -0.844365 -1.905428
24 -1.175316 0.147355 1.732143 0.805163 -1.835927 -1.179794 -1.999755 0.697073 -0.883950 0.547575 0.034232 0.166944 0.773197 0.837068 -0.262813 0.720466 -2.349474 -0.542536 -0.486913 0.662043 -0.227833 -0.865432 2.027729 -0.996248 -0.255632 -0.625792 1.127422 -0.317239 1.717909 0.684906 0.279853 2.425747 -0.602415 0.424782 -0.685028 0.654446 -0.266513 -1.187584 -0.207568 -0.168553 0.274391 -0.232202 0.111704 -0.238388 1.480972 0.171644 0.815262 -0.296798 -1.580108 -0.350808
25 -0.787916 1.138067 -1.844400 -0.837607 -0.036562 -1.560440 1.166172 -1.398775 -0.479852 -0.128092 -0.158264 0.159795 -1.318277 0.331698 0.268683 0.227319 -0.391948 0.654469 0.759975 1.627693 -1.685011 -0.460674 1.235975 -1.300962 -0.778399 -0.381461 0.933561 0.711130 -2.442787 0.194190 1.487205 -1.648798 0.590244 0.721551 0.151676 -0.144178 -0.013770 1.026579 0.348783 0.807676 -0.360870 -0.844279 0.886689 -0.157662 -0.730065 0.051885 -0.465603 -0.086538 1.316390 0.514069
26 -0.257458 -1.035865 0.989174 -0.333001 0.139468 0.254082 -0.102134 -0.782345 0.509900 0.936996 -0.755748 -1.911595 -0.059340 0.023179 -1.103758 -0.189198 1.020428 -0.846859 -0.512407 1.575564 0.362410 -0.403025 -2.407502 -1.346658 1.281974 -0.610924 -0.998168 0.898159 1.619609 0.693783 -1.134086 -0.622738 -0.667712 0.295892 -1.082253 0.702628 0.630438 -0.167260 1.688559 -0.842781 0.904423 -0.367062 0.343054 -1.674382 1.391588 -1.220084 -0.225959 -0.157925 0.229004 1.168294
27 -0.147551 0.176320 1.393006 1.466997 -0.694359 1.513314 1.635143 -0.536030 -0.124527 1.956548 -0.236181 -2.229551 -0.593323 -1.454843 -0.604109 -1.593064 -0.966275 0.936448 -0.295750 0.065486 -1.002779 -0.438903 -0.988674 -0.837521 1.523525 -0.033783 0.137570 -0.604693 -1.319254 -0.141882 0.433256 0.838294 0.256171 1.562155 0.097947 -0.237949 -1.440382 0.293784 -1.911404 -0.869106 -0.383450 -0.095657 0.600160 -0.492907 -0.853978 1.942320 -1.368477 -0.532358 0.040680 2.020530
28 -1.350517 0.336033 -1.304329 -0.049187 -0.792841 -0.320110 0.385805 -0.543275 -0.601898 -0.010991 -0.114844 -0.011736 -1.854707 -0.709770 0.252086 -0.402943 1.437945 0.943116 -0.062470 -0.096850 -1.711733 -0.108374 1.205059 1.334722 -1.166823 0.407109 2.816058 0.145003 -0.743455 0.281565 1.200053 -1.027181 -0.883901 0.355658 -2.927677 -0.685046 2.003884 0.222060 0.894429 0.373657 1.014178 1.808132 0.418322 0.625312 -0.240279 -0.347931 0.597606 -0.516374 0.606011 1.160841
29 0.228929 -0.147618 -0.481869 0.327726 1.362286 1.803528 0.927496 -0.091724 1.419345 -0.629500 0.335782 -0.013161 0.578114 -0.683907 -1.787052 -0.758603 -0.193664 0.764180 1.041991 1.016856 1.434514 -0.381292 0.358072 -0.869655 -1.692176 -0.476114 -0.350456 -0.556919 0.173028 0.114429 -0.591934 0.776731 0.536631 0.500073 -0.155388 0.374646 -1.176855 0.062238 -0.516847 0.650880 -0.089660 0.989506 -0.063536 -0.495506 0.119331 -0.894142 1.456056 0.279991 0.741961 -0.779744
30 0.310066 -0.274360 -0.595596 0.391740 1.765123 -1.458792 -0.879435 1.761385 0.259224 -1.029641 0.676785 -0.518652 0.318776 -0.312479 -2.456247 1.122777 -0.099418 -0.246347 -1.699971 0.899221 1.462923 0.027511 1.286587 -1.259450 -0.538896 0.989515 -0.492283 0.369111 0.339065 -0.633130 1.654443 0.624048 -1.114447 0.447005 1.098887 -0.145962 0.869302 -0.582561 1.242495 -0.554424 -0.372115 0.552427 0.446515 2.313990 -0.228795 -0.644161 -1.012816 -1.551008 -0.702756 -0.225715
31 -1.326566 -0.454970 0.655852 -0.864630 -1.995361 0.457315 -0.374462 -0.365825 1.266472 -1.333175 0.707879 1.727995 -0.022735 -0.576244 1.022055 0.632406 -0.172790 -0.781399 -0.488596 -0.364917 -1.018916 0.063932 -0.435907 -1.529738 0.172746 -1.294436 0.091933 -0.495135 -0.132124 -0.008988 -1.962199 1.436643 0.873395 -0.994084 -0.027586 0.018014 0.206388 -0.352746 1.428713 -1.290927 -0.661923 -1.430378 -1.473709 1.157610 -0.112290 0.200747 0.874070 1.948193 -0.753725 -1.028099
32 1.762086 -2.008752 -0.221726 -0.216571 0.157716 0.360351 1.354421 -1.466572 0.925398 1.814539 0.545683 0.598816 2.103012 0.576115 1.480635 -1.098103 0.444169 0.524567 0.354652 0.433823 -0.471511 -1.319982 -0.343267 0.777601 1.848414 -0.108728 0.797671 -1.093225 -0.274183 -0.426485 0.304179 -0.638165 1.088202 0.720905 -0.963629 -1.062732 0.591747 0.213702 1.178504 -0.147877 -0.056718 -0.663563 0.984722 -1.644757 -1.767251 -0.060217 -0.518665 -1.619118 -0.648971 -1.419622
33 -2.733665 0.449228 0.431030 0.057799 -2.373084 -0.713361 1.410571 0.996952 -0.157612 1.230708 0.979436 -0.446842 0.669673 -0.987115 0.703830 -0.295555 1.978661 1.983305 -0.620427 -1.602771 0.010228 1.809242 -0.880707 0.814772 -1.759013 -0.279358 -0.855329 1.076438 -0.297905 -0.806723 0.655935 -1.044214 -2.139029 2.102380 -0.575443 1.481640 -0.575545 0.320387 -0.285995 0.536001 0.576007 -0.632896 -1.959500 -2.458535 -0.962980 -1.485109 -0.528712 0.959047 0.832669 1.345572
34 0.410651 -2.709783 2.293084 -0.031247 0.362832 -0.633589 0.123961 -0.122429 0.488702 -0.381508 -1.295434 2.526170 -1.918339 -0.516726 0.962862 -0.243874 0.797721 0.606428 -1.162328 1.232260 -0.750931 1.495882 1.127491 -1.735581 0.436883 0.729397 -0.598226 0.446730 0.341368 -1.307473 1.120666 0.706725 -0.780494 0.993656 -0.481591 1.498377 -0.394524 -0.271393 1.452268 1.127859 0.749892 -0.195251 0.931417 0.081280 -0.577538 1.431550 0.931187 -2.617094 -0.342629 1.328054
35 0.511863 -0.238950 -1.077364 -0.809404 -0.837184 1.197810 -0.589718 1.213349 -1.029058 0.194895 -0.280483 0.886735 -0.999541 1.581139 0.377090 -1.040919 -1.597781 2.155451 -0.251651 0.840318 0.878169 1.389613 1.010381 0.375673 -0.079555 -0.666276 0.748415 0.368774 0.666457 -1.227407 -0.981007 -0.418671 -0.382181 2.380722 -0.543479 -0.434437 0.113872 -0.870152 0.699442 -0.925453 -0.298803 -1.567529 0.735179 -1.367006 0.401667 -0.001960 0.378746 -0.529766 -0.546848 0.458623
36 -0.781229 -0.770219 -0.311747 0.898969 0.803641 1.408831 0.165248 -0.914513 0.558710 1.388741 1.062794 -0.074051 -0.344133 0.210913 0.882438 -0.957909 -0.589489 -0.158597 0.536191 -0.406166 -0.128453 1.740939 -0.045489 -0.313498 0.500071 -1.534051 -0.387159 -1.362598 0.382691 -2.229472 1.027702 0.412597 0.535542 2.258118 -1.638445 -0.321449 0.064954 -0.248743 1.549380 0.484514 0.518716 -0.835077 -1.421651 0.092712 0.603362 0.438862 -0.467082 0.393036 0.571036 -1.048696
37 0.305597 0.369604 -1.536894 0.454496 0.565776 1.554475 -0.293041 -1.082971 1.142255 -0.825427 0.343080 -1.267215 0.499876 -1.134519 -1.361722 -1.655880 -0.640107 -0.319936 0.360226 -0.555656 -0.798437 0.143907 -0.055371 -1.566498 1.788308 -0.762804 -0.570663 0.588755 -0.279783 1.004016 -0.176384 -0.167227 -1.146443 -1.871416 -1.230616 -0.425756 -0.251893 1.906137 0.351096 0.354355 -0.110873 1.244114 -0.480454 -0.378796 1.697544 -0.635629 0.141498 0.594481 -0.991636 -0.862315
38 -0.532868 0.168732 0.656149 -1.446755 1.520345 2.659641 0.376761 0.199316 -0.082463 0.852853 0.882856 -0.558810 0.238064 1.827624 -0.691482 -0.683222 2.201626 -0.399474 0.977501 -0.222337 1.431124 0.293805 0.783842 0.581667 -0.910657 0.617101 1.004953 0.447541 1.640845 0.696808 -0.125657 -0.024871 -2.479355 -1.612663 -2.949617 0.304199 -1.278881 0.842644 0.253010 -1.157950 -0.167116 -2.076398 -0.064108 -0.155825 0.119258 -2.281271 0.224771 0.067551 -0.300580 -0.403712
39 0.168010 1.466485 -1.092307 0.010137 -1.172899 -0.416057 0.875999 -0.491195 -0.402066 1.251921 -0.474596 0.675105 0.695514 -0.423436 0.978184 0.270672 -1.966406 -2.646105 -1.676719 -0.383100 0.397904 -1.600625 1.889164 -0.951431 -0.857780 -1.335073 0.829469 1.313254 -2.284102 -0.453165 -1.068465 -0.733236 2.428327 -0.100481 0.278491 -0.338407 -0.681176 -0.713186 0.226392 0.439664 1.905916 0.662884 -0.996721 0.516178 -0.645719 -0.308213 -1.739343 0.904031 0.046001 0.611345
40 -1.130413 -1.057899 0.099758 0.176176 -0.785407 -0.501837 -1.277253 1.417911 2.668799 -1.246537 -0.609034 1.046411 -0.348981 1.657039 -0.222141 -0.226031 1.867778 -0.837716 1.706802 0.818987 1.663985 -0.661014 0.918567 0.021939 0.747048 0.510328 1.002131 1.034633 -0.269152 0.108784 0.657958 -1.626678 1.611063 0.112145 1.046129 -0.906074 -0.210879 -0.413370 0.143349 1.154790 1.349547 -1.443331 0.279490 0.297359 0.909938 1.209817 -0.780424 1.573247 0.543120 -1.288787
41 -0.674572 0.179639 -0.979537 0.685837 0.837510 -1.993416 0.391409 -0.979800 -1.225877 -0.051125 1.412448 0.484326 -1.201509 0.396059 -1.252309 -0.612945 1.576742 -0.427759 -1.394937 1.138767 0.107477 -0.075462 1.006678 1.578973 0.864939 0.958565 0.426966 1.240238 1.553202 0.397458 0.494949 -1.006949 -1.802809 0.079269 1.466042 0.578012 -0.068749 -0.542209 -1.659779 0.046409 0.590321 0.271886 -2.022658 -0.305469 0.641865 -0.113699 -0.201697 0.736704 0.472069 -0.279693
42 1.889596 -0.564515 -0.481368 0.437066 -0.346992 0.241719 0.133803 -0.287069 -0.686486 1.224365 -1.863543 -0.833573 -1.117588 2.865387 0.082382 0.700189 -1.828423 1.329489 0.792788 0.144525 -1.119224 -0.209600 -0.079464 -0.371698 -1.427927 0.503027 -0.803065 1.375495 1.857185 0.762685 0.988273 0.758306 -0.242511 -0.386402 -0.660088 1.626808 -0.331501 0.796200 0.166751 0.937983 0.700560 1.250962 1.168361 0.854955 -0.065621 -1.189569 0.566311 0.563449 -0.067589 -0.348283
43 1.671077 1.429794 -0.093750 0.555987 1.419156 -0.094741 -1.078346 0.507160 -0.155848 -1.213080 -0.676029 -0.072343 -0.912426 -0.144962 -1.722650 -1.431062 -1.748459 -1.486146 0.304443 -0.803361 -0.988815 1.409304 0.549289 -0.132031 0.162690 -1.799325 -1.029322 0.084066 -1.020818 -0.076048 1.369599 -0.520935 -0.439395 -0.310678 -2.442006 1.215011 -0.375266 0.527267 0.156962 0.342735 0.145899 1.711322 -0.046590 -1.957684 -0.178450 0.857980 -1.243584 -1.451840 0.440226 -0.403259
44 0.074823 0.747234 -1.007373 0.317082 -0.031157 -0.805183 -1.902673 0.151732 1.375032 -0.906080 -0.055747 0.540068 2.003810 0.927354 -0.707275 -1.370825 -0.602134 0.458887 0.126368 0.856288 0.437672 1.546835 -1.980229 -0.369577 -0.529938 -0.995272 2.006632 -1.061341 -0.640900 -0.103300 -1.203144 1.338905 1.351384 0.389694 -0.070405 0.662012 -0.326655 1.146150 -1.657202 0.208446 -0.020967 -0.548722 1.144731 -1.202705 -1.476426 -0.922058 -0.884371 -1.081037 -0.027745 -0.654935
45 -0.961445 0.481381 -0.206461 0.795423 -1.359078 -0.685944 0.957933 0.172015 -2.926525 -0.261805 0.289569 0.479597 -0.273373 1.119581 0.313596 1.060825 -0.591916 -1.028380 1.637517 0.525479 0.480278 -0.196277 -0.415907 0.099616 -0.390338 1.447284 0.371857 1.462694 -0.235235 -1.056810 0.802269 -0.027068 -0.389395 -0.602343 -0.315381 -1.007267 -0.167828 -0.426355 1.809652 -0.636866 1.009198 -1.028126 0.677352 -0.159673 -0.453951 -0.818979 -2.087375 -1.101735 0.166708 -0.752656
46 0.888799 0.525720 -0.023364 -0.297709 -1.776348 0.279540 1.030815 1.135508 -1.553404 1.120612 -0.938960 1.561467 -1.056108 2.007193 -0.509073 -0.187429 0.376222 0.845541 -0.085764 -1.817857 0.009095 1.060743 0.456215 0.799386 -0.592855 1.116466 2.134340 0.126978 -1.379896 -0.608319 -1.129519 -0.639313 -1.671387 0.494371 2.005916 0.097557 -1.405021 -0.063510 0.545708 -0.657342 -1.039848 -0.150111 -0.193268 0.602559 -0.401807 0.260290 -0.001844 -0.995210 -1.178976 -0.248218
47 -1.023905 -0.800407 -1.303753 -0.879336 -1.164143 -0.316524 -1.323373 -1.116754 1.935711 0.806757 0.562825 0.113723 -1.282934 -1.346280 0.665970 -0.347776 0.315581 -1.219215 1.950092 -2.487874 0.412167 -0.485556 1.119214 -0.250797 -0.901128 0.275623 -1.042260 0.228254 -0.232925 2.005928 0.588237 0.728274 1.411255 -0.127774 0.629415 -0.798898 0.234635 -0.856961 1.268951 1.245540 1.654428 0.069973 0.173244 -0.168240 -1.174774 -0.912965 -0.954810 1.363119 -2.107063 0.363344
48 0.873310 1.043847 0.887910 -0.833366 -1.373112 1.412793 0.211518 -1.640849 0.451802 0.720810 0.318030 -0.754799 0.525617 -0.925923 -0.195785 0.529484 0.002104 0.276114 -0.323496 1.511974 0.780823 -0.995796 -0.004067 0.715244 -1.243086 0.760221 -1.804095 -0.822496 2.372043 -0.392239 -0.502264 0.716603 -0.443333 -1.416260 -0.208641 -0.936864 0.131225 -0.160563 -0.177838 -2.176287 -0.518393 -0.920246 1.839865 -0.215640 0.461803 0.657664 1.487693 0.512904 -0.384251 -0.355644
49 -0.440921 0.905600 -1.888539 2.020952 -0.125183 0.335441 -0.043305 0.825218 0.411942 0.102692 -1.308198 -1.160736 -0.055286 1.141748 0.840766 -0.114720 -0.517109 0.126161 0.913147 -0.697820 0.549595 0.406862 -1.099723 0.072714 0.559316 -1.136506 1.870073 -0.264201 0.192276 -0.082957 0.124916 0.301778 0.244367 -2.131059 1.214404 0.082638 -0.316153 0.549851 -0.820473 -0.263510 -0.469251 0.401096 0.225377 0.019717 -0.681639 -1.000309 0.878232 -0.282863 -0.604186 -0.129503
50 0.739289 1.350625 0.993365 1.467173 -0.230145 -0.028550 0.380806 -0.470077 -1.058532 0.934826 0.329038 0.221784 0.509482 -1.473489 1.134042 0.987045 1.584788 -0.977331 0.296579 -1.475867 0.381256 1.357962 2.399331 -0.503081 -0.841185 -1.220009 0.046110 0.306390 -0.769727 0.764201 -0.535746 -0.755161 0.007216 -0.177701 -3.245394 1.962717 -0.164949 0.202970 2.450585 -0.468497 -0.806238 0.174763 0.068767 1.800777 0.357210 0.880471 -0.477557 -1.485902 0.760025 -1.163347
51 1.172991 -0.356834 -2.395522 -0.726788 0.711843 -1.022629 0.433919 0.109596 0.807361 0.566570 0.906722 -1.065228 -0.166391 0.841047 -1.662273 0.863885 -0.082554 0.794180 -0.302044 0.958848 0.717860 -0.064950 -0.273033 0.912766 0.372667 -0.459238 0.385542 -1.657158 -0.620449 0.530213 -0.463015 0.727775 -0.901852 0.948546 -0.534876 -0.760899 -1.555938 0.208801 -0.819114 1.371968 1.719985 0.114034 0.943950 0.257063 -0.595788 0.248807 0.840187 0.262468 -0.142199 0.484931
52 0.559458 -0.468654 0.941669 -0.084217 1.763370 -0.789813 1.090168 -0.164214 -0.634207 -0.871438 -0.698724 1.016246 -0.219382 -0.850430 -1.110432 1.067927 -0.838701 -0.444876 -0.319333 -1.381417 -0.846149 2.244736 0.322657 0.971418 0.991152 -0.024263 1.344651 -1.359208 -0.681615 0.560159 -2.156362 -0.184018 -0.774529 0.503395 -1.934990 0.516880 -0.745022 0.034447 0.942624 -0.283524 -0.528470 -0.792018 -1.480511 -1.081217 -0.204412 -0.152140 0.763695 0.968325 -1.521700 0.551043
53 0.607095 0.437623 -0.053178 -1.147519 0.779764 0.879547 0.624337 -1.913781 -1.200096 -0.741093 0.588823 -0.697183 -1.689709 0.197481 -1.044552 0.203202 0.698928 -0.065105 0.227873 0.217242 -0.504542 -0.858937 -0.409911 0.786326 0.505585 0.103806 1.991485 -1.338351 1.898068 -0.061435 0.846019 1.246515 0.162652 1.418178 -0.312400 1.163725 0.558077 1.122982 -0.594907 -1.620812 0.763655 0.481306 -0.118070 1.260165 -2.558279 0.371509 0.433046 -0.159511 -1.792693 -0.549686
54 1.312868 1.529368 0.824576 -0.911296 -0.609690 0.041027 -0.527810 -1.230919 -0.370444 -1.455822 0.371308 -0.439289 -0.254827 0.515159 0.519588 -0.547952 -0.887018 -1.019353 0.160538 1.322906 -2.158837 -1.464125 0.675241 -1.015359 1.224030 -0.027107 -0.543166 0.038637 0.210344 0.559601 -1.982616 0.546857 0.150657 -1.456478 -0.049506 0.274583 -0.793770 0.300917 -0.384131 0.562632 0.256454 -0.682050 0.050190 -0.186779 0.219645 -0.039311 0.063135 -1.226839 0.586743 0.070424
55 -1.326405 1.616930 2.384553 -1.402115 0.565124 0.480082 -0.098400 1.081168 -0.342420 0.106965 0.388037 0.229009 -0.423953 2.503331 1.153552 1.461774 1.418201 1.140730 -0.674729 -2.393207 -0.814733 0.433506 0.550607 0.747396 -0.232080 0.014848 0.239845 -0.759949 -0.172225 -0.687732 0.425214 0.833343 1.267605 -0.294719 0.075443 0.006428 0.920307 0.166202 -1.294594 0.267295 -0.416644 -1.991213 -0.337129 1.464082 -0.166896 -0.271722 1.502576 0.539273 1.979938 1.499473
56 0.314965 -0.322893 1.064646 -0.679058 0.765902 0.458998 -1.388430 -1.965939 -1.094657 0.242066 -1.706566 2.425595 0.910398 0.096572 -0.708422 0.755334 -0.244524 0.807587 -0.960828 0.515711 0.071467 1.211957 2.387872 0.779878 0.764932 -0.205550 0.363429 -0.833442 0.490152 -0.462035 -0.102585 -0.196586 -1.239582 -0.562243 -0.944213 -0.912333 0.720890 -0.550475 0.140731 -0.432106 -1.073320 -0.390501 -0.054083 0.460473 -0.028093 -1.477312 -1.227776 1.953877 0.592433 1.987078
57 -2.160994 -0.248783 0.141011 -0.253220 -1.052632 -1.601459 -2.394421 0.185209 -0.415080 1.554484 -0.871881 -0.029689 -1.260990 -0.447758 -0.700986 1.570556 -0.225031 -1.530645 -1.002540 -0.913517 1.049430 1.001465 0.835975 -1.131393 1.555161 0.303333 -1.049303 2.507134 -0.529899 -1.097437 0.179562 0.554095 -0.185785 0.190387 0.521833 -0.115517 -0.696991 -0.116048 -1.445046 -0.072403 -0.285596 0.218500 0.207948 1.521754 -0.140609 -0.055034 0.280411 0.354474 -0.086554 -1.767745
58 2.137392 -0.406967 0.196690 0.744406 0.359398 -0.697877 -0.665538 0.842919 -0.207609 -0.734015 -0.474645 -2.594355 1.927786 -0.949349 -0.242669 -0.091783 -0.567921 -0.930192 0.827010 -0.645086 -1.367649 -0.139467 -0.437393 -0.040151 0.756105 0.378556 0.196350 1.367712 -0.490414 -1.342964 0.491450 -0.993607 -0.272759 -0.614316 0.018224 -0.691964 -1.646259 -0.191129 -0.526176 -0.278574 0.689093 -0.469294 2.155943 -1.376007 0.058035 -0.723625 -1.388624 0.262970 -1.406421 -1.207867
59 0.503520 -2.308209 -0.226886 -0.259138 -0.937907 -1.522229 -1.794062 -0.165581 0.782091 0.776258 0.774224 -0.830940 -0.095305 -0.707842 0.871736 -0.361635 -0.808397 -0.383733 -1.011091 -2.704982 -0.312027 -0.125253 0.923430 0.640995 0.356851 -0.631234 0.901172 -0.245682 1.405963 0.248425 -0.431788 1.595640 0.549546 0.621521 -0.422846 -0.361944 -0.129121 -1.149980 1.216081 0.971823 0.178511 0.613211 0.946370 -2.249072 0.032182 -0.085412 0.093078 1.050484 0.173299 -0.729695
60 -0.274384 -1.336019 -0.707008 1.918228 -0.596499 1.136073 0.073118 0.003893 -0.347288 1.503298 0.184339 1.710604 0.647220 0.428310 -0.639673 0.217821 0.092831 -0.347539 -0.825729 -0.241230 0.971517 -1.091436 1.606981 -0.103599 -0.413494 -0.481066 0.679555 -0.343823 -0.076649 -0.577017 0.845467 0.132071 -0.439456 -1.077567 -0.528327 -0.064400 -0.772800 -0.716366 0.663822 0.625838 -0.087571 -0.368873 2.392637 1.571810 -0.469348 -0.620129 -0.444646 0.262801 1.317849 -0.588657
61 0.770649 0.645020 -1.362491 -0.897492 1.654209 0.301660 -1.778314 0.468870 0.350222 1.252963 -1.114274 -1.626831 0.498719 0.408072 0.317943 0.922747 -0.071780 0.060913 0.160894 -0.046229 -0.071584 -0.262136 0.927117 0.245612 -0.005723 1.052184 -0.989063 -0.301677 1.536539 -0.419985 -0.350363 1.251562 -1.132248 1.900669 -0.667054 -0.718643 -1.270784 -1.187540 -0.127056 0.250668 -0.099386 -0.360710 -0.989890 0.289872 -1.345807 -0.482309 -0.934800 0.296728 -0.256704 0.278665
62 -1.046302 -1.008407 -0.821732 -1.566101 0.919121 0.182893 -0.021895 -0.647491 -1.895282 0.074976 -1.966659 0.299069 0.460066 0.777400 -0.237486 -1.206075 -0.806860 0.984853 0.256673 0.109043 0.969860 -0.120938 0.637226 0.190980 -0.531151 2.302081 -0.551045 2.669034 0.249764 0.846301 0.596999 1.123451 0.599606 0.403870 0.234114 0.192449 1.276674 -0.733494 0.479784 1.153609 -0.024991 0.735231 -2.299084 0.350574 0.767043 -0.516566 -0.370447 -0.356971 -1.638674 -1.527529
63 -0.347420 1.050000 0.073793 1.998490 0.334155 -1.148804 -0.306643 0.747804 0.048608 1.439027 1.204550 0.171860 0.261956 0.351376 0.101762 1.153196 0.969892 -1.171160 -0.160607 -0.059773 -0.765179 -1.689297 -1.140078 -0.254686 -0.039404 1.225164 1.009708 0.279816 -0.295355 -0.867449 1.829797 -1.336199 1.715194 0.047912 -0.932408 0.502655 -0.455995 0.409624 0.732686 -1.425852 0.345430 -0.826077 0.293320 0.000421 -1.027477 0.069010 -1.411622 -1.210373 -0.298833 1.153000
64 0.035446 0.781657 1.549935 -1.391582 -0.131090 -0.699767 -0.511051 1.196655 0.531832 1.960035 -1.639927 -0.814269 -0.480471 -1.582436 1.899079 2.228281 0.073730 -0.327417 -1.871834 -1.135061 -1.205085 0.487343 -0.091970 1.030290 0.314084 -0.211376 -0.411015 -0.420236 -0.165800 -1.462190 0.776045 0.852622 -0.378448 -1.006591 -2.254122 -1.242090 1.068937 0.052614 0.220263 1.911551 0.108678 1.302177 -0.465452 1.755096 0.997086 0.259549 -0.040995 -1.047403 -1.103367 -0.488949
65 -0.819230 0.694239 -0.004704 0.430443 0.768248 0.744758 -0.773324 -0.106743 -1.169232 2.278217 2.361257 0.391348 0.645407 0.343939 0.357945 1.246914 0.525025 1.133206 -0.910789 -0.392739 1.344582 0.687067 0.768400 -0.189663 1.466030 0.612607 2.479060 0.331277 0.075893 0.487278 -1.620361 -1.426611 1.391719 0.308964 1.350996 -1.380441 1.376537 -0.612546 0.176893 1.420763 2.022697 1.093477 -1.125648 0.074444 0.774460 -0.739640 -1.036101 1.905988 -0.480763 0.156904
66 -0.883685 0.090462 -0.622666 -0.259348 0.927231 0.879584 0.896791 -0.540592 1.292179 3.321582 -0.295151 0.270278 -0.148187 1.613057 0.643338 0.140018 1.363999 -0.670058 0.434102 1.104080 1.582777 -1.187332 5.619632 2.460637 -0.802530 -0.165074 -0.256077 1.500372 -0.135880 3.307720 0.508281 0.126616 -0.235865 4.028779 0.707369 1.311741 -1.105149 -0.096162 2.497665 -0.742195 1.456372 0.291156 1.115417 1.978741 1.359442 4.310333 3.243207 1.521712 -1.415627 3.259280
67 0.211896 1.412570 0.120542 0.146081 0.924955 0.544301 0.804003 -0.394568 4.466783 2.581570 0.593146 0.684420 -1.441453 -0.751328 0.746781 -0.456240 1.746217 1.137787 0.473447 -0.504208 -0.555336 1.187299 2.350184 0.246761 -1.666522 -0.000728 -0.315338 1.605868 -0.323387 1.627265 -0.223958 -0.857759 0.962360 4.021191 0.311221 1.257716 0.667204 1.127094 5.476269 2.293063 0.127005 0.090999 0.651680 3.766310 -1.786106 2.933734 1.975019 0.635621 -0.767043 3.637172
68 -0.419787 0.741249 -0.132604 -0.285720 1.089544 1.476487 -0.363689 -1.147027 -0.676214 1.176952 0.854285 1.140687 -0.152577 0.287013 -0.292883 0.279651 -0.483162 -1.138301 -0.920943 -0.031965 0.984909 2.306757 1.822415 1.379635 -0.001920 1.242756 0.544432 0.297788 -1.129854 0.701656 -0.280499 1.765520 1.089274 -0.678268 -0.810650 -0.453984 1.146459 -0.722046 0.790984 1.624753 -0.344015 -0.717938 0.047149 1.003740 0.470165 -1.370191 0.785784 -0.306143 0.376016 1.422222
69 -0.923355 -1.196064 -0.373475 -1.053747 0.606961 -0.566070 0.581276 1.351708 -1.324196 1.514580 -0.726893 0.088488 -2.986822 -0.138732 1.032417 -0.278849 0.653653 -1.176187 0.081208 -0.589058 0.886498 0.389670 -0.466730 -1.486143 -0.720772 0.509200 -0.406736 -0.404999 -2.199457 -0.518714 1.547081 -0.152097 -1.211279 0.833224 2.515549 0.312621 -2.542752 -0.342381 -0.438798 1.036065 0.858237 -0.687483 0.862904 -0.116513 -0.625021 2.056657 -0.572326 -2.470534 0.469069 1.237479
70 0.319946 -0.150806 0.675517 0.758719 -0.782639 0.471419 3.219615 1.049302 -0.365388 -0.525838 0.176771 -0.153633 0.372520 0.130011 0.187728 1.777804 0.763475 -0.251812 0.411640 1.913069 -0.356652 -0.177810 -1.683274 1.431354 -0.643960 -1.080460 -0.304648 -1.731291 0.304147 0.233888 -0.116454 -0.951338 0.719037 0.091511 1.599869 -0.126234 -0.003057 0.210633 0.114837 -1.915675 0.009920 0.662456 1.186366 -1.723615 -1.139483 -1.034012 1.982967 0.034381 -0.175782 -1.411971
71 -0.129010 0.507092 1.296945 0.083036 1.596268 2.179777 -0.672304 0.003126 0.200499 2.148616 -0.156672 -1.474365 0.420345 0.582235 0.561823 -0.752812 -1.321606 -0.412277 -0.238394 -0.111569 0.192486 -0.798365 -0.699029 1.359405 -0.800470 -1.765623 0.075658 2.773780 0.431601 -0.267283 -1.766929 -0.039693 -0.251052 -0.095338 0.725145 1.142018 -1.698964 -1.933290 -0.691157 0.567310 0.411057 -0.327483 -0.114234 1.517204 1.099454 -0.551094 -0.090464 -0.760707 -1.256410 -0.028006
72 0.238698 -0.042444 -1.623471 -0.681061 -0.124539 -0.403103 -1.553247 -0.745038 -2.452936 -0.622547 -0.993322 -0.412314 -1.074490 3.093295 -1.543279 0.049823 0.253030 -1.537826 0.282416 2.007719 -0.151128 1.013079 -0.523587 -0.184861 0.347878 1.513019 1.516381 0.709141 1.295132 -0.330172 0.529143 -0.114170 -1.240298 0.242023 -1.594920 -0.289222 -0.743080 2.077732 -0.122576 -0.951495 -0.510229 1.090510 0.166346 0.011521 0.537137 -1.424325 -0.871132 0.111936 0.755462 0.249452
73 -2.778261 0.570510 0.250581 2.430288 -2.898529 0.514740 -1.526698 0.258418 -0.709825 0.207355 0.608212 0.164918 -1.844780 -0.365023 -1.263788 -0.280939 0.114498 0.089808 0.196849 1.499188 -1.497686 1.488926 0.786211 0.629698 0.808766 -1.218486 -1.587096 0.498073 -0.638978 1.369192 1.665874 1.175672 0.533660 -1.152974 -0.849427 -0.550086 1.101952 -0.853707 0.341357 0.048764 -0.334341 0.297082 -1.505633 -1.076028 -0.333645 0.023519 1.647640 0.586098 -0.940902 0.669852
74 -0.481577 -0.365642 0.613713 -2.233527 -0.721781 -1.396226 -0.772241 0.067220 -0.536295 -1.019258 -0.286408 -0.865391 -0.932597 -0.324762 1.172102 -0.710758 0.252995 0.809493 0.746455 -0.223477 1.236347 0.109073 -0.917942 -0.026461 -0.762103 0.053162 -0.629329 1.009907 1.009664 -1.296003 -0.418212 -1.438831 -0.044550 0.333235 0.660210 0.527154 -0.838673 0.936511 -0.057124 -1.121801 0.033056 1.006499 1.099885 -0.486445 1.330981 -0.351390 -0.167301 0.112258 0.572008 -1.628027
75 0.321341 -0.050754 1.469625 1.715730 -1.457306 -0.717439 -0.637112 -0.672427 0.505450 -1.293908 0.023533 0.803766 0.097903 0.644288 -1.304481 0.184494 -0.687321 -1.367013 0.066834 0.847125 -2.868396 0.348233 -2.177998 -1.423712 0.608560 0.916541 1.203102 -1.778239 -0.926403 1.421396 0.588021 -0.647961 -0.249905 0.903959 0.856563 -0.828284 -1.153052 -1.644727 1.329474 0.000468 0.445704 -0.081080 -0.480419 -1.201396 -0.964582 -0.280298 0.056624 0.708826 0.180587 -0.491548
76 -1.685120 0.341559 0.230312 1.578522 -0.192766 1.797536 -0.643166 0.377689 -0.955400 1.606525 -1.464075 1.190895 0.033293 -0.805347 2.130255 0.504432 -1.166484 -0.705655 1.018123 -1.429276 -1.821444 -0.755353 0.672689 0.321758 0.343832 0.100317 0.249837 0.355436 0.079101 0.166032 0.516025 0.578985 -0.305000 0.171822 0.580288 0.387551 0.276715 0.119124 0.554092 0.329970 0.127890 0.435361 -0.672279 0.719922 0.009300 0.245998 -0.184222 -1.663654 -1.324305 -1.331932
77 0.681306 0.314582 1.375377 -0.668772 1.306450 0.795036 -0.786309 -1.212650 3.434936 3.441221 0.650541 0.881926 -0.837348 1.049420 0.316450 2.230278 -1.318681 1.298086 1.234488 -0.364744 -1.108301 0.686552 3.426230 0.932419 0.085785 1.333429 -0.540914 0.724703 -0.647656 4.831519 -1.037297 1.435473 0.961124 2.542648 1.497755 0.600632 2.177245 -0.048497 1.227312 1.142233 -0.273365 -0.132810 -0.496254 2.727788 0.126820 1.407292 2.580534 1.939543 1.985146 2.638427
78 -2.091872 0.086360 -1.191232 -0.258775 -0.834457 -1.618421 -0.374801 0.643029 1.483679 2.890287 -0.409552 -0.744824 0.008757 0.998468 0.705510 0.060811 0.778875 0.925254 1.929014 -0.120672 -0.338835 0.370663 3.312482 -0.561091 0.004844 0.132308 0.344106 1.022305 2.107048 2.320569 0.007167 -1.582715 -0.791105 3.937374 0.152560 0.442440 -0.677298 2.334149 3.686983 -0.339661 -0.480535 1.250355 0.156182 1.631593 -0.506834 3.297124 3.494735 -0.196143 -1.560894 2.396898
79 -0.896983 -0.502424 1.559995 0.306042 -2.339011 -0.962755 -0.392354 0.882871 -0.798561 -0.093481 2.446570 -0.213851 0.864675 -1.696909 -0.245895 0.107595 -1.603920 -0.542105 0.101697 -0.568046 -0.522276 -0.671709 -0.873942 1.561985 -0.843707 -0.326229 0.946134 -1.043128 1.705252 0.034080 0.289030 1.293045 -1.572982 -0.669117 1.690193 1.254837 2.346456 0.189677 0.456003 0.937499 0.812837 -1.089422 0.075473 0.742462 -1.795646 0.118127 -0.060929 0.140442 1.623822 0.260255
80 -0.461286 -0.389303 -0.499420 0.210748 -1.974910 0.081187 1.187568 0.340894 -0.477235 -1.332001 0.148434 0.118680 0.190055 -1.649366 0.400120 -0.944098 1.241465 0.788453 -1.009806 1.972340 -0.665039 -1.289148 -0.332105 -0.172943 2.235529 -1.205599 -0.248068 0.387140 -1.051200 0.480767 0.510004 0.645104 -1.112109 1.127992 2.627237 1.656947 -1.035586 -3.308046 1.659439 0.118362 -1.112840 0.014076 -0.410449 -0.305258 0.263262 -0.490747 -0.905145 1.489144 -1.768008 -1.245962
81 -0.006529 0.162326 1.179347 -0.118497 -0.332492 -0.509765 -1.024280 -0.266556 -0.096998 0.040274 0.757628 1.553703 -2.034439 -1.434162 0.366035 0.682319 -0.375153 0.805954 -0.429104 -0.046036 -1.186036 -1.721760 -0.593734 -0.092227 -0.371269 1.074436 0.598202 0.519635 -0.892288 0.482364 1.069919 0.104378 -0.347593 0.115243 1.365549 0.209314 1.553561 0.092551 1.082294 -2.066900 0.036037 0.190350 -0.618201 -0.573356 1.136909 0.301218 -0.684238 -1.354526 -1.071559 -0.195276
82 0.049580 -0.356839 0.706774 1.064377 0.746513 1.461121 1.782056 -0.612942 -0.082162 1.305185 0.384718 -0.107013 -0.085559 -0.876550 -0.775862 0.563428 0.353909 -0.410317 0.788277 0.289789 1.057660 -1.171584 -1.141695 0.719480 1.540452 0.434617 0.082190 -1.364035 2.007167 0.676722 1.146217 0.088368 -0.522204 0.463477 1.552442 1.717631 1.845024 0.483157 -0.171392 0.474300 -0.295689 0.238527 1.880076 1.734143 0.501101 1.215331 0.321093 1.779840 -0.448668 2.420393
83 1.294398 -0.196168 0.960497 -2.214453 0.824185 0.020782 0.479512 -1.537084 -0.224068 -0.340952 0.585884 -0.355735 -1.233567 -0.619170 0.597033 1.190695 1.198089 0.577776 0.795863 0.044139 0.262128 0.553792 1.364709 0.565715 -1.210855 -0.138301 -0.862449 1.752205 -1.404142 -0.618934 -0.713735 -1.295091 1.342198 -1.594651 -1.411000 2.002290 -0.217460 1.325427 -0.125815 -0.863808 0.032946 -1.440261 -0.968832 1.144695 0.383207 -0.517480 -0.796125 -0.222924 0.114107 0.579423
84 0.213596 1.094303 -0.188815 1.132405 -0.748425 0.118831 1.018101 -1.664763 1.263487 -0.453050 -1.310555 0.665457 1.030897 -1.396522 -1.259978 -0.978742 -1.866109 -0.357576 -0.521655 -2.208790 0.009690 0.394610 -0.689555 -0.830518 -1.193739 0.087363 0.206029 0.967466 0.836137 -0.426756 0.221832 -0.285515 0.224365 -0.274496 1.217660 -1.230893 0.196777 0.701343 1.605684 1.355631 -0.681339 -0.316638 -0.543147 0.217071 0.028950 -2.125545 -0.591631 0.213002 -1.687242 0.257594
85 0.855509 -0.304918 0.181005 -0.479272 -0.459456 -0.404027 0.473578 -0.905378 -0.045493 1.221807 0.043927 0.650756 -0.118037 0.091752 -0.498816 1.149531 -2.181298 -1.928005 -1.130181 0.410740 -1.334989 -0.490802 -0.059719 1.310300 0.576316 0.430344 -0.828443 0.315838 0.301592 -1.722402 0.671314 1.495813 0.041384 -0.170283 0.233919 0.200448 0.527816 -0.648573 0.837159 -0.814232 -0.446761 1.275093 -0.036866 0.733989 -0.618194 -0.008912 0.957874 0.516548 1.577289 0.227313
86 -0.119136 1.687373 0.216502 0.251759 0.891035 -0.436065 1.577057 -1.676103 2.838583 2.650179 -1.767962 -0.533890 -0.477372 0.900429 0.085445 -0.302518 0.466186 -1.163535 -0.648633 0.408186 -1.938074 -0.448651 1.429843 0.889079 0.264065 -0.387993 0.532077 0.174137 0.491874 4.025340 -0.262142 0.317202 1.135196 2.288130 0.012359 0.630847 -0.047566 1.307983 4.016106 1.660383 -2.584308 -1.344713 0.052303 3.053627 -1.024058 3.068356 1.838131 0.514280 -0.237986 1.832253
87 -1.946162 0.939944 0.097724 -1.021526 0.005833 -0.166274 0.707313 0.196998 1.991273 2.908682 -1.373680 -0.815766 0.407901 0.699730 -1.760239 -0.241357 -1.886459 -0.481069 -0.798434 -0.054575 -0.072169 -0.252645 1.757093 0.868528 0.329878 1.093697 0.038890 -0.428362 -0.610878 2.928993 0.952633 0.231521 -0.276857 2.573589 0.607686 -1.068270 -0.970332 -0.196964 2.510527 1.084059 1.566348 1.188542 0.491972 3.369751 -0.056810 3.097627 1.373912 0.562919 -0.033498 4.208692
88 -0.547902 0.434632 -0.556430 0.772113 -1.021684 -1.055208 -0.521130 1.000170 1.111051 4.673762 -0.181382 0.351783 0.639319 -0.415778 0.268786 -1.483156 0.587638 0.382381 -0.938783 -1.634316 -1.007050 -1.367125 4.775735 0.315846 1.975649 0.704427 -1.598124 -0.117884 -0.674425 2.747284 -1.180872 -1.117260 0.859965 2.983155 0.287726 -0.003550 0.590952 0.978518 1.754338 0.324587 -0.006294 -0.816946 -0.624478 3.139224 0.383932 2.274675 5.709690 0.759631 -0.109523 2.813285
89 0.653784 0.016800 2.232687 1.147736 0.307143 -1.026491 -0.879097 0.367853 3.074563 3.268176 -0.240537 -0.298721 -0.692418 -2.035309 -0.880089 -0.340829 -1.053306 -0.350291 -1.549116 -0.641145 -0.037591 0.135553 4.112101 -1.411457 1.381982 0.719937 -0.029124 0.184980 -0.324417 2.714765 1.274987 -0.715850 -0.393828 3.532761 2.182952 0.322828 1.976582 0.561510 3.907177 -0.660191 -0.060856 -0.997330 0.717652 1.291159 2.022892 1.836362 2.215523 0.849040 0.860564 2.240064
90 0.101396 2.103095 0.235563 0.082262 -0.207395 -0.579587 -0.764825 0.274215 -1.294847 -3.216577 0.959734 -2.063172 1.090691 -2.094296 1.086458 -0.269672 0.682263 0.936418 1.269409 2.168437 0.893793 1.962901 -0.571287 1.201028 0.478064 -0.402460 -0.838489 0.136689 0.431366 0.707766 0.339750 0.471847 -0.383144 -1.284344 -2.001014 -0.751714 -0.970081 0.752940 -0.445378 0.824704 0.978486 1.373513 -0.046018 1.509302 -0.758145 -0.457287 -0.915696 0.201172 -0.516758 0.201296
91 2.278198 -0.070297 0.697767 -0.518217 -0.952856 -1.194551 1.088728 -0.734336 0.993206 -0.339267 1.066092 -0.021822 -0.094766 -0.697535 0.107607 -0.157720 -0.423679 0.465219 0.672142 0.813275 -0.587124 -0.729932 0.177110 -0.495756 0.297461 -0.760922 -0.625757 -0.645511 -0.265307 0.030993 -1.018175 2.594756 1.669998 0.639861 -0.172610 2.496510 0.185684 -1.023566 0.962707 -1.875165 1.280611 0.705267 0.484430 0.013311 0.289934 -0.910807 1.429520 -0.162937 -0.479684 -1.487330
92 0.521068 0.140488 -0.548590 -1.111269 0.088565 1.306007 0.346490 0.007488 -1.982535 0.779516 -0.952634 0.820191 0.390486 0.935728 -1.980198 0.469870 -1.168961 -0.315978 0.726610 1.381303 1.233309 -0.878737 1.172229 0.045738 -0.018341 0.409128 -0.051393 -1.314071 0.434955 -0.223796 1.325927 -0.747725 -1.194959 -1.667501 -0.571584 -0.403867 -0.704087 -0.089136 -0.898828 1.265614 -1.822014 -0.866606 -1.125781 -1.155142 -0.656535 0.326092 2.583722 -1.368301 0.686795 -0.288962
93 1.566733 -0.850671 -0.288052 0.472719 -1.641591 -0.064120 1.234998 1.282419 -1.081153 -0.073080 -0.365536 1.293187 -0.890145 1.123904 1.527753 0.120154 -0.941987 -1.159801 1.035126 0.046270 -1.936993 -0.960517 0.083225 0.722477 1.077998 1.278645 -0.065361 -0.997110 -0.103157 0.483951 0.768007 -0.905171 -0.650773 -0.866979 0.571466 -0.415614 1.338415 -0.394544 0.375288 0.457474 -0.682556 -0.730951 1.125313 0.172014 2.340101 -0.088760 0.362970 -0.580043 1.417602 -0.374057
94 0.718882 -1.170768 -0.058007 -0.896346 -0.136285 0.863680 -1.061983 2.217196 0.128360 2.478074 0.989032 -0.403974 -1.524307 0.192704 0.154608 0.097410 1.459848 0.286854 -0.283123 1.385413 0.071851 0.108861 -0.088398 0.559621 -0.427122 -0.257510 0.369791 0.200666 -0.071478 1.329450 1.431413 0.226606 -1.855247 0.109628 -1.174526 0.020207 0.859818 1.536402 -1.422890 0.138081 0.296007 1.840973 -1.670019 2.093907 -0.397603 -1.200614 -1.361110 -1.248240 0.360505 1.179147
95 0.345586 -1.203590 -0.156987 1.217120 0.576214 0.081714 -0.649709 -0.789779 -1.212741 -1.120972 -0.339874 0.531952 0.632217 1.280688 -0.030207 0.016357 -0.269674 0.192147 0.224230 -0.256902 -1.072228 0.397747 0.353294 -0.733222 0.098880 0.582417 -1.384250 1.125715 -1.156736 0.303844 0.996344 1.220710 0.006282 1.722019 -0.142940 -0.968084 1.193118 0.696421 -1.004642 0.733415 -1.718028 -0.755956 -0.951133 1.638118 0.456801 1.484850 0.965731 -0.303356 0.169450 0.813956
96 1.612139 -0.711678 0.061608 -0.802370 -0.032707 -1.631575 -0.045509 0.964920 3.387450 3.045732 0.754572 -1.172145 -1.180956 -1.663526 -0.397472 -0.071808 0.835410 -0.610512 -0.945720 -0.273137 -1.357892 -1.265340 2.529736 -0.162283 -0.169066 0.069153 0.429415 0.608254 -0.298473 3.336009 0.362500 -1.373579 -0.634733 2.456526 -1.362156 -1.497236 -0.525868 0.326717 1.853568 -1.181318 1.707523 -1.270366 1.285234 2.280831 -0.111431 3.172982 2.895292 -1.175609 -0.473855 2.452759
97 -0.539306 -1.871553 0.513372 0.892694 0.794380 0.696815 -0.185601 1.720313 3.014120 3.173918 0.281099 -0.659609 -0.103341 0.611558 -0.537320 0.560551 0.431095 0.681293 0.811344 -0.178041 2.448600 -0.683899 4.535792 1.437514 0.885049 1.366088 -0.550108 0.989970 -0.705278 4.274342 0.349791 0.734770 -0.293207 5.311840 -0.133096 0.187042 -1.052509 0.955024 2.222009 -0.049976 -0.784638 0.151366 0.915457 2.611130 -1.174240 3.527995 4.768219 0.247627 -0.333883 3.634079
98 -2.810007 -1.006496 0.583335 1.476474 -0.880130 -0.954920 1.032392 -0.299885 -1.402823 -0.969258 -1.633101 -0.010395 0.114011 0.822122 -1.361963 0.331302 -1.759869 -0.514834 -1.256495 -1.432792 0.667672 -0.674370 1.072434 -1.199526 1.611998 -0.564761 1.626427 -0.597174 0.675973 0.247439 -1.076340 -1.779474 -0.362622 0.675759 -1.342733 2.550710 0.296646 0.288870 -0.298718 0.828297 -0.770550 0.837603 0.063903 0.169147 0.029215 1.746606 0.332408 -1.152355 -0.396546 0.222296
99 0.178062 -1.493614 0.834318 0.770108 -0.109248 -2.022095 0.550384 -0.211231 -0.840007 0.444794 -0.782869 0.446748 -0.719707 0.513012 -0.311691 0.564894 0.551098 0.612924 0.571891 -0.994845 1.329987 1.030191 -1.287697 0.668798 2.609038 -0.944049 0.692447 -2.106645 0.777998 1.190808 0.407375 1.051531 -0.485690 1.953823 -0.065351 -0.284117 -1.299714 -0.563535 -0.596442 1.322818 0.366763 0.279335 0.269996 -0.807197 -0.910207 0.034497 -1.621666 0.428528 -1.966766 2.381533
END
#################################################################
SECTION3 (Edges Information)
EndPoint0 EndPoint1 Weight
0 1 1.000000
0 9 1.000000
0 10 1.000000
0 90 1.000000
1 0 1.000000
1 2 1.000000
1 11 1.000000
1 91 1.000000
2 1 1.000000
2 3 1.000000
2 12 1.000000
2 92 1.000000
3 2 1.000000
3 4 1.000000
3 13 1.000000
3 93 1.000000
4 3 1.000000
4 5 1.000000
4 14 1.000000
4 94 1.000000
5 4 1.000000
5 6 1.000000
5 15 1.000000
5 95 1.000000
6 5 1.000000
6 7 1.000000
6 16 1.000000
6 96 1.000000
7 6 1.000000
7 8 1.000000
7 17 1.000000
7 97 1.000000
8 7 1.000000
8 9 1.000000
8 18 1.000000
8 98 1.000000
9 0 1.000000
9 8 1.000000
9 19 1.000000
9 99 1.000000
10 0 1.000000
10 11 1.000000
10 19 1.000000
10 20 1.000000
11 1 1.000000
11 10 1.000000
11 12 1.000000
11 21 1.000000
12 2 1.000000
12 11 1.000000
12 13 1.000000
12 22 1.000000
13 3 1.000000
13 12 1.000000
13 14 1.000000
13 23 1.000000
14 4 1.000000
14 13 1.000000
14 15 1.000000
14 24 1.000000
15 5 1.000000
15 14 1.000000
15 16 1.000000
15 25 1.000000
16 6 1.000000
16 15 1.000000
16 17 1.000000
16 26 1.000000
17 7 1.000000
17 16 1.000000
17 18 1.000000
17 27 1.000000
18 8 1.000000
18 17 1.000000
18 19 1.000000
18 28 1.000000
19 9 1.000000
19 10 1.000000
19 18 1.000000
19 29 1.000000
20 10 1.000000
20 21 1.000000
20 29 1.000000
20 30 1.000000
21 11 1.000000
21 20 1.000000
21 22 1.000000
21 31 1.000000
22 12 1.000000
22 21 1.000000
22 23 1.000000
22 32 1.000000
23 13 1.000000
23 22 1.000000
23 24 1.000000
23 33 1.000000
24 14 1.000000
24 23 1.000000
24 25 1.000000
24 34 1.000000
25 15 1.000000
25 24 1.000000
25 26 1.000000
25 35 1.000000
26 16 1.000000
26 25 1.000000
26 27 1.000000
26 36 1.000000
27 17 1.000000
27 26 1.000000
27 28 1.000000
27 37 1.000000
28 18 1.000000
28 27 1.000000
28 29 1.000000
28 38 1.000000
29 19 1.000000
29 20 1.000000
29 28 1.000000
29 39 1.000000
30 20 1.000000
30 31 1.000000
30 39 1.000000
30 40 1.000000
31 21 1.000000
31 30 1.000000
31 32 1.000000
31 41 1.000000
32 22 1.000000
32 31 1.000000
32 33 1.000000
32 42 1.000000
33 23 1.000000
33 32 1.000000
33 34 1.000000
33 43 1.000000
34 24 1.000000
34 33 1.000000
34 35 1.000000
34 44 1.000000
35 25 1.000000
35 34 1.000000
35 36 1.000000
35 45 1.000000
36 26 1.000000
36 35 1.000000
36 37 1.000000
36 46 1.000000
37 27 1.000000
37 36 1.000000
37 38 1.000000
37 47 1.000000
38 28 1.000000
38 37 1.000000
38 39 1.000000
38 48 1.000000
39 29 1.000000
39 30 1.000000
39 38 1.000000
39 49 1.000000
40 30 1.000000
40 41 1.000000
40 49 1.000000
40 50 1.000000
41 31 1.000000
41 40 1.000000
41 42 1.000000
41 51 1.000000
42 32 1.000000
42 41 1.000000
42 43 1.000000
42 52 1.000000
43 33 1.000000
43 42 1.000000
43 44 1.000000
43 53 1.000000
44 34 1.000000
44 43 1.000000
44 45 1.000000
44 54 1.000000
45 35 1.000000
45 44 1.000000
45 46 1.000000
45 55 1.000000
46 36 1.000000
46 45 1.000000
46 47 1.000000
46 56 1.000000
47 37 1.000000
47 46 1.000000
47 48 1.000000
47 57 1.000000
48 38 1.000000
48 47 1.000000
48 49 1.000000
48 58 1.000000
49 39 1.000000
49 40 1.000000
49 48 1.000000
49 59 1.000000
50 40 1.000000
50 51 1.000000
50 59 1.000000
50 60 1.000000
51 41 1.000000
51 50 1.000000
51 52 1.000000
51 61 1.000000
52 42 1.000000
52 51 1.000000
52 53 1.000000
52 62 1.000000
53 43 1.000000
53 52 1.000000
53 54 1.000000
53 63 1.000000
54 44 1.000000
54 53 1.000000
54 55 1.000000
54 64 1.000000
55 45 1.000000
55 54 1.000000
55 56 1.000000
55 65 1.000000
56 46 1.000000
56 55 1.000000
56 57 1.000000
56 66 1.000000
57 47 1.000000
57 56 1.000000
57 58 1.000000
57 67 1.000000
58 48 1.000000
58 57 1.000000
58 59 1.000000
58 68 1.000000
59 49 1.000000
59 50 1.000000
59 58 1.000000
59 69 1.000000
60 50 1.000000
60 61 1.000000
60 69 1.000000
60 70 1.000000
61 51 1.000000
61 60 1.000000
61 62 1.000000
61 71 1.000000
62 52 1.000000
62 61 1.000000
62 63 1.000000
62 72 1.000000
63 53 1.000000
63 62 1.000000
63 64 1.000000
63 73 1.000000
64 54 1.000000
64 63 1.000000
64 65 1.000000
64 74 1.000000
65 55 1.000000
65 64 1.000000
65 66 1.000000
65 75 1.000000
66 56 1.000000
66 65 1.000000
66 67 1.000000
66 76 1.000000
67 57 1.000000
67 66 1.000000
67 68 1.000000
67 77 1.000000
68 58 1.000000
68 67 1.000000
68 69 1.000000
68 78 1.000000
69 59 1.000000
69 60 1.000000
69 68 1.000000
69 79 1.000000
70 60 1.000000
70 71 1.000000
70 79 1.000000
70 80 1.000000
71 61 1.000000
71 70 1.000000
71 72 1.000000
71 81 1.000000
72 62 1.000000
72 71 1.000000
72 73 1.000000
72 82 1.000000
73 63 1.000000
73 72 1.000000
73 74 1.000000
73 83 1.000000
74 64 1.000000
74 73 1.000000
74 75 1.000000
74 84 1.000000
75 65 1.000000
75 74 1.000000
75 76 1.000000
75 85 1.000000
76 66 1.000000
76 75 1.000000
76 77 1.000000
76 86 1.000000
77 67 1.000000
77 76 1.000000
77 78 1.000000
77 87 1.000000
78 68 1.000000
78 77 1.000000
78 79 1.000000
78 88 1.000000
79 69 1.000000
79 70 1.000000
79 78 1.000000
79 89 1.000000
80 70 1.000000
80 81 1.000000
80 89 1.000000
80 90 1.000000
81 71 1.000000
81 80 1.000000
81 82 1.000000
81 91 1.000000
82 72 1.000000
82 81 1.000000
82 83 1.000000
82 92 1.000000
83 73 1.000000
83 82 1.000000
83 84 1.000000
83 93 1.000000
84 74 1.000000
84 83 1.000000
84 85 1.000000
84 94 1.000000
85 75 1.000000
85 84 1.000000
85 86 1.000000
85 95 1.000000
86 76 1.000000
86 85 1.000000
86 87 1.000000
86 96 1.000000
87 77 1.000000
87 86 1.000000
87 88 1.000000
87 97 1.000000
88 78 1.000000
88 87 1.000000
88 89 1.000000
88 98 1.000000
89 79 1.000000
89 80 1.000000
89 88 1.000000
89 99 1.000000
90 0 1.000000
90 80 1.000000
90 91 1.000000
90 99 1.000000
91 1 1.000000
91 81 1.000000
91 90 1.000000
91 92 1.000000
92 2 1.000000
92 82 1.000000
92 91 1.000000
92 93 1.000000
93 3 1.000000
93 83 1.000000
93 92 1.000000
93 94 1.000000
94 4 1.000000
94 84 1.000000
94 93 1.000000
94 95 1.000000
95 5 1.000000
95 85 1.000000
95 94 1.000000
95 96 1.000000
96 6 1.000000
96 86 1.000000
96 95 1.000000
96 97 1.000000
97 7 1.000000
97 87 1.000000
97 96 1.000000
97 98 1.000000
98 8 1.000000
98 88 1.000000
98 97 1.000000
98 99 1.000000
99 9 1.000000
99 89 1.000000
99 90 1.000000
99 98 1.000000
END
#################################################################
SECTION4 (TrueSubGraph Information)
EndPoint0 EndPoint1 Weight
86 87 1.0
87 97 1.0
97 96 1.0
87 88 1.0
88 89 1.0
88 78 1.0
78 77 1.0
77 67 1.0
67 66 1.0
END
#################################################################
SECTION5 (Labels Information)
0 0 0 0 0 0 0 0 1 1 0 0 0 0 0 0 0 0 0 0 0 0 1 0 0 0 0 0 0 1 0 0 0 1 0 0 0 0 1 0 0 0 0 1 0 1 1 0 0 1 
END
#################################################################
SECTION6 (bt Information)
-5 -5 -5 -5 -5 -5 -5 -5 5 5 -5 -5 -5 -5 -5 -5 -5 -5 -5 -5 -5 -5 5 -5 -5 -5 -5 -5 -5 5 -5 -5 -5 5 -5 -5 -5 -5 5 -5 -5 -5 -5 5 -5 5 5 -5 -5 5 
END
#################################################################
