#################################################################
#APDM Input Graph, this input graph includes 3 sections:
#section1 : general information
#section2 : nodes
#section3 : edges
#section4 : trueSubGraph (Optional)
#
#if nodes haven't information set weight to null
#################################################################
SECTION1 (General Information)
numNodes = 100
numEdges = 200
usedAlgorithm = NULL
dataSource = SimulationData2
END
#################################################################
SECTION2 (Nodes Information)
NodeID Base Counts
0 -1.014087 -0.056133 0.381426 0.669408 1.235022 -0.537198 0.708937 0.414463 0.405361 -0.402719 -1.471727 -0.674843 -0.861748 -1.646107 0.077421 -0.908958 1.037479 0.447483 -1.331960 0.839210 0.601261 -0.620952 -0.378166 -1.365348 -1.425458 -0.949815 0.770818 -1.464049 0.166323 -1.657955 -0.668386 -0.879179 -0.174289 -0.954218 -1.186054 2.360686 -0.373047 -0.372234 -1.159694 -0.468792 0.452778 1.227412 -2.024840 0.610595 0.384709 -1.316199 0.305044 0.365132 0.801853 -0.380710
1 1.203428 0.470297 2.006362 1.038790 -0.034719 -1.404218 0.048021 1.130080 -0.987706 0.228423 0.631990 0.125783 0.555251 1.467909 -0.718613 -0.790120 -0.003855 0.267573 0.178976 -0.225215 -0.527877 -0.951173 -0.760512 -0.443616 -0.826581 -0.305134 -0.672529 0.138112 -0.665578 -1.290996 -0.108549 -0.481073 0.223634 0.296438 1.121090 0.453497 1.715287 1.648466 1.193451 -1.596409 0.292504 0.389792 -2.142946 -0.363353 -1.123487 -1.597999 -1.094830 0.407913 1.335757 1.443770
2 0.230367 -0.199796 0.207757 -1.015653 -1.163687 1.934881 0.911599 -0.423290 -0.200029 -0.027700 -0.988714 1.089158 0.139671 -0.577014 -1.229064 -0.008756 0.111766 1.414535 -1.025495 1.151038 -0.941006 0.690866 -0.671785 0.967396 -0.240697 -1.338243 0.061792 -1.808563 -0.604279 1.565171 0.289128 0.816426 0.129258 2.303356 -0.183696 1.961508 0.188501 0.173776 -0.252913 -0.685731 -0.855202 -0.485190 -0.096407 0.450454 0.475271 -0.528143 -0.565849 0.564448 1.439731 -0.464610
3 0.372784 -0.593122 0.368086 2.125239 -2.389535 -0.564329 -0.865560 -0.338129 0.716675 -0.533797 -3.096035 -0.842495 0.882143 -2.269382 0.379051 0.786616 -1.741612 -0.250575 -0.530574 1.448612 -0.994293 -0.108352 -0.112987 0.092443 0.700884 -0.934789 0.699189 1.041238 1.011823 1.528292 0.516033 0.707188 -0.152150 0.454917 1.154961 -0.016614 2.575529 0.680140 0.470799 -0.356212 0.938047 -0.792533 -0.442582 1.191242 0.343280 -0.350880 -0.713985 -0.700229 -0.286951 -0.345331
4 -0.544902 0.912806 -1.571522 -0.959935 -0.896741 1.164795 1.408463 0.720359 0.330309 0.080492 0.755001 -0.039683 -1.195195 -0.400920 -0.300941 -0.741385 0.210928 0.140705 -0.295219 0.065540 0.328267 2.307413 1.553959 0.490459 0.582812 0.326816 -0.364651 -0.839718 -0.200033 1.819109 0.468794 0.176506 2.324543 -1.146964 -1.614876 0.994945 -0.431737 -1.256092 0.334947 -0.924406 1.285426 -0.690223 1.192227 0.665180 0.318201 -0.337947 1.742698 -0.255550 -1.908612 -1.426420
5 1.994550 0.912930 0.752861 -0.148593 0.303436 -0.960053 -0.284812 0.750767 -1.389241 0.204002 -0.763532 0.038527 -1.018600 0.348466 1.075173 0.312931 -0.030035 0.859427 0.594395 -1.402077 0.673780 1.843845 0.377253 -0.427825 0.929858 -0.074887 -0.518109 -2.474579 -0.615224 -0.358250 0.034898 -0.732050 -0.845950 0.586609 1.081189 -1.563695 -1.154202 -0.740215 -0.219308 -0.127595 0.623518 0.497135 -0.812926 1.498901 -1.329402 0.622307 -1.340771 -0.551068 -0.570791 -1.584344
6 0.142691 1.546338 0.656771 -0.230029 -0.229924 -0.330669 0.168718 0.447278 1.084342 -0.327092 1.419106 0.462704 -0.124791 1.208149 0.757818 0.124596 0.084293 -1.532429 0.566523 -1.728740 -0.727341 0.555538 0.751182 0.106847 0.250035 0.562571 -0.982895 -0.747214 2.355938 0.847753 -0.090285 -0.221492 -0.961175 -1.486616 2.842619 -1.010940 -1.989953 -0.548287 0.128134 -1.028490 1.601605 -1.133778 1.652698 -0.823674 0.264522 -0.021035 1.155621 0.353107 -1.035838 0.137183
7 -0.725208 0.560403 -0.563157 -0.344739 0.570909 2.045740 0.292727 1.135618 -0.210280 1.198792 -0.019754 1.172413 -0.254691 0.777285 0.756496 -1.167951 -1.168188 0.714688 -1.401291 2.633084 1.885435 1.506545 0.690148 -0.658200 0.226504 -0.087378 -1.699003 1.439246 0.349829 -1.185021 0.668456 -1.032461 -0.646043 -0.649374 -0.521354 -1.017955 -0.349093 0.587933 2.080795 -0.637261 1.857744 -0.536774 0.084158 1.025676 -0.889142 -0.206586 2.062000 0.056542 -0.317286 0.576258
8 4.519626 0.311729 0.023421 -1.026213 5.714441 -1.146194 -1.353944 2.263674 1.234629 -0.036180 1.144669 5.196433 4.437663 3.648324 3.714881 3.881100 4.167612 -0.754754 3.250093 3.823762 2.774257 0.167528 -0.163862 5.198353 5.348558 -1.111232 5.850004 3.539622 -0.271317 4.109275 3.707985 0.381167 3.389127 4.276633 4.712992 4.604978 0.699044 3.600250 4.811080 4.313743 -1.165741 0.984809 3.850004 4.557920 0.852698 3.664340 -0.386462 4.489306 2.171524 0.564957
9 5.204055 -0.928853 -0.118640 -1.319194 5.564390 0.426515 0.377432 4.123578 -0.473839 -1.676620 -0.207269 5.791754 1.707434 4.952516 3.934479 3.436510 4.285049 1.745298 3.866584 3.118626 4.944716 0.729144 -0.301326 3.969605 4.317623 2.644516 3.823809 4.430179 -1.367954 4.707489 3.366582 0.714670 3.436179 3.341103 1.537046 5.338667 0.395479 5.033992 4.527259 3.244720 1.737996 -0.047297 4.597912 2.655164 -0.331299 3.170600 2.002947 3.628542 4.247660 -1.288306
10 -1.832652 -0.001046 -0.603158 -0.543215 -1.066128 -0.865619 1.893709 -0.382336 0.754296 -1.175906 0.846597 1.067056 -0.196721 -0.499409 -0.160128 0.605118 0.863395 -1.291395 -0.700392 0.047783 1.003052 -0.425434 -1.083869 -0.032349 -0.143475 -0.939684 -1.257473 -0.104227 0.425012 -0.432000 -1.156472 2.101497 -0.499061 -0.462423 0.350787 1.334826 -0.633157 -1.098249 -0.591635 -0.302436 -0.729338 -0.314580 -0.356814 2.441185 0.253353 1.545799 0.476205 0.504818 -0.303069 0.450270
11 -1.066860 -0.004693 0.597503 -1.159916 -0.411298 -0.230140 0.697774 -1.120366 0.441112 0.541365 0.691101 0.766110 0.749268 0.377776 -0.715418 -0.196052 -0.572669 0.356536 0.773798 1.333602 0.697283 -0.036103 0.402215 -0.306408 -0.770529 0.378184 -0.726449 -0.021281 0.657875 1.085413 -0.944634 0.603335 0.019935 -1.546874 -0.000149 0.601435 0.112614 -1.661039 0.495760 1.498790 -1.538184 -0.631282 0.162953 1.305394 0.255055 1.219039 0.267407 -0.281275 1.599722 -0.081820
12 -0.110160 1.279563 1.185129 0.142379 0.493555 -0.218428 0.630054 1.037011 -0.745933 0.327963 -0.301133 -0.041703 -1.400445 -0.575520 -0.074322 -0.584961 0.096912 0.547336 -0.181573 -1.942944 -1.695302 0.974147 0.894190 0.730235 1.415424 -0.323936 -3.563716 -0.049565 0.942399 -0.437433 0.320011 -2.289633 1.486709 -0.874884 1.013154 1.427790 -0.477352 -0.234568 -1.689818 -1.422056 0.154869 0.677867 0.862317 0.221593 -0.413760 0.973188 1.758586 -0.478001 0.385557 0.725866
13 2.185528 -0.342568 0.035996 1.763778 0.733289 -0.412505 -0.641537 1.274658 -0.863868 -1.312471 0.440081 -0.600548 0.169865 -1.199174 0.828904 -0.150185 -0.077724 0.206226 -0.410615 1.636825 0.061116 -0.725239 0.147358 -1.756543 -0.819434 -1.504781 0.704806 0.660149 0.749758 0.725493 1.864549 0.173471 -0.249760 -0.456144 -0.332937 1.593411 -1.419440 0.934468 -0.237154 0.212682 -0.272816 -0.547710 -0.217137 0.478580 -1.626352 -0.502534 0.447870 0.486061 -0.939880 -0.069403
14 0.239860 -1.613786 0.399527 0.236742 -1.636971 -0.803346 -0.744277 -0.483888 0.332549 -0.983907 0.823302 -0.792691 0.958753 -1.016025 0.054204 0.762341 0.401384 0.543470 1.460542 0.406760 1.548901 -0.414670 2.567026 1.556888 -1.867393 -0.592641 2.477216 -1.440658 -0.648551 0.989272 0.256919 -1.085369 0.602076 -1.541990 -2.043946 1.691567 0.811507 1.192967 -0.600969 -0.545039 0.336732 -0.127453 1.201307 1.275454 1.432622 0.538256 0.076394 2.165648 1.231081 -1.715551
15 0.253950 0.029429 -0.619593 -0.131559 0.501518 -1.681950 1.501536 -1.164720 0.497201 0.975919 -2.016106 0.226474 -0.510234 0.776941 -0.702385 -1.029851 -0.130133 -0.338713 0.653108 -0.650052 -0.808988 -1.584653 -1.535697 1.767562 0.600792 -1.143800 1.586066 1.343962 -0.564913 -0.143682 -0.175609 0.783078 -0.208439 0.842473 0.321314 -0.141481 0.895601 -0.604406 -0.299028 -0.836364 -0.181301 2.343967 -0.487575 -0.677480 -0.207388 -0.393185 -0.083367 1.172679 -1.796326 -1.972196
16 -0.585953 2.181168 -0.224271 1.546824 -2.675957 -1.229638 0.175529 0.601869 -0.950100 3.434795 -0.424509 0.142445 0.250424 0.455140 -1.148978 1.912337 -0.347632 -0.725064 0.413002 0.849596 0.928243 0.334364 0.348539 -0.709603 0.403969 -0.470936 -0.632567 1.428283 -1.394026 1.023649 0.149030 -0.534011 0.633971 1.323270 -0.834083 -0.630883 -1.809277 -0.645879 1.338768 0.445604 0.380213 -0.465685 0.229685 -0.381977 -1.240138 0.594409 -1.790466 0.122552 -0.982936 -1.137477
17 2.944954 0.217597 -0.722208 -0.042420 3.606433 -1.116749 -0.305118 3.561045 -1.921095 0.849007 -1.207685 2.872277 4.102887 2.475904 3.412786 4.361122 5.346638 -0.607934 4.378686 4.263138 4.681690 -1.090227 -2.061106 3.276770 6.174172 -0.830831 3.508582 4.369151 -2.126067 1.871683 4.163082 -0.143903 3.706637 4.093585 4.041161 4.373262 1.639109 5.283973 4.850603 4.962332 -0.209722 0.329825 3.116742 3.832978 -1.386270 2.868364 1.099413 4.306843 4.472980 1.137630
18 2.893529 -0.415569 0.800850 0.515472 4.673100 -0.307962 1.143056 2.588225 -0.070499 0.721348 0.697947 2.058921 4.518392 4.012491 4.940960 5.008759 3.614515 0.532759 3.473009 3.517452 3.304276 1.009101 -0.784406 2.392848 5.425252 -0.259442 3.880748 4.690623 0.169771 5.343013 4.114386 -0.406693 4.695737 2.868351 4.222603 5.476858 0.590983 6.623266 4.502815 4.257358 -0.278565 0.048587 3.293362 3.816304 -0.224568 4.615104 -0.009231 4.170785 4.916753 -0.264638
19 4.747096 0.516215 -0.232733 -0.209540 2.686634 -1.126709 0.889445 2.930973 0.048816 1.943464 -0.431904 2.789066 3.025197 4.403179 4.865616 2.599421 5.135517 0.516392 5.691104 3.694537 5.354229 -0.342504 2.638780 5.485095 5.557400 0.217643 4.311431 2.953833 -1.868571 6.108915 4.639497 -0.575882 4.268013 3.962552 4.101917 3.620479 0.264450 3.299341 1.813062 3.429998 -0.114686 0.334746 5.081324 4.056827 0.581582 3.107707 0.952908 4.232553 5.709065 1.247569
20 1.350479 -1.183852 0.886094 0.015104 0.405751 0.558621 0.580351 0.185267 1.789155 0.393859 -0.919891 -0.221416 -0.860603 0.771664 1.186422 0.456906 -0.722771 0.834252 1.367623 -0.756239 -0.669201 -1.092496 0.610988 0.462046 0.631180 0.983737 0.517414 -0.756947 1.148007 0.685830 0.973052 0.366040 1.453342 1.045089 -0.434718 -0.789294 0.843262 -0.669413 -0.989079 0.043943 -0.480690 0.235548 -0.243639 0.978485 0.561646 0.575009 0.214542 1.484753 0.894563 0.127229
21 2.312888 0.853601 0.882304 -0.309018 -0.545421 -0.014088 -0.595416 -0.622719 0.646764 -0.859762 0.696013 -1.662494 1.355171 -0.926786 -0.438187 -0.052503 -0.128932 0.548715 1.364057 0.086540 -1.012943 0.049485 0.850899 0.213826 -0.140654 1.377729 -0.451647 0.040693 -0.029999 -1.292884 0.804045 -1.608027 0.901813 -0.182907 0.984231 -0.501729 0.841004 1.521284 -0.020145 -0.945533 0.908196 -1.186141 0.779043 -0.869293 -0.132267 0.717167 -0.779730 1.210668 0.008864 -0.087436
22 1.000486 0.749633 0.214407 1.184410 0.638510 1.464174 -1.852902 0.765124 0.797667 -1.620683 -0.396729 -1.111410 -0.034744 -0.810821 0.717572 -0.054982 1.610102 0.039719 0.984127 -0.137318 -1.164001 -1.547349 -0.243688 -0.631903 0.915639 -1.061611 -1.564885 1.027027 -0.306016 -0.595786 -0.540922 1.233106 -0.184728 0.824260 1.375332 0.213741 0.935985 -1.015185 0.653473 -0.802508 -1.816480 -0.636907 -0.732583 1.298456 -2.415278 -0.636696 0.064260 -0.153680 -0.053757 -0.553219
23 -0.393803 -0.320270 2.432170 2.707994 -0.140625 -0.545473 0.350017 -0.939577 0.146913 0.467443 0.641932 -0.606137 -0.843223 -1.589278 1.078309 -0.064572 -3.071332 -1.124246 0.592689 -2.064225 1.180449 -3.208741 1.407386 0.463302 0.112470 0.309312 1.357686 -0.425975 0.707740 -0.084856 0.704365 -0.176668 -0.721917 -0.012376 2.960398 -0.259019 -1.215444 -2.823703 -0.606707 0.118205 0.170720 -0.057354 -0.581881 0.799560 0.749304 -0.208022 -0.645785 0.122890 -0.427620 1.782854
24 -0.803084 0.773882 1.051633 -1.820893 1.315424 -0.051537 0.460914 -1.253771 0.625524 -0.222234 0.431768 -0.838368 -1.060247 -0.569353 1.557291 -0.473494 -0.553661 1.245853 1.276107 -1.067372 -1.477656 0.413855 1.234038 -0.451177 -0.834737 -0.529495 1.922544 0.411543 -1.710220 -0.176490 -1.235953 -0.698318 0.430483 0.537564 -1.096898 -1.337479 -0.745734 -0.630855 0.838171 0.645061 0.727133 -1.184101 -0.188733 -0.572881 1.240309 0.411168 -0.594977 -0.245608 1.982532 0.142834
25 0.092154 -0.298038 0.616957 -0.593480 -0.628766 -0.551863 0.150271 -0.652788 0.824079 0.487074 1.033759 -1.238010 1.602569 -1.436192 0.960831 -0.983346 -0.839084 0.708159 -0.151783 1.612205 0.344006 0.830679 0.837862 -0.812139 -0.151321 -1.698446 2.274883 0.262347 0.127051 -1.090847 -1.291131 -0.098036 -0.172279 -1.339217 -1.361020 -0.084818 -0.150659 -0.005387 -0.614854 -1.676441 0.585180 0.067293 -1.201407 -0.530301 -0.119793 -0.761726 -1.339192 -0.489780 -0.800160 1.474885
26 1.200879 0.224286 -0.495260 -1.661503 -1.044669 -0.357472 0.641885 -0.768791 -1.059991 1.244461 1.439252 -0.532228 0.395229 -0.519098 0.442088 0.983332 -1.248117 0.097497 -0.652421 0.192370 0.299522 -1.339366 -0.536850 0.911565 -0.633321 -0.506751 -1.908449 -1.312861 -1.338812 -0.905162 0.965038 -1.436830 -1.288621 -0.431536 0.448119 -0.470334 0.559000 0.866459 0.873765 1.539685 0.622144 -0.278898 -0.755736 -2.261872 -0.937626 1.589888 -1.189248 0.153676 -0.451312 -0.654637
27 -1.085065 0.195677 -0.564055 0.190961 -0.340972 -0.353303 -1.569916 0.132106 1.420330 -0.214504 0.628505 0.492255 0.163428 -1.775807 0.351760 0.009083 -1.033488 0.352025 -1.128736 0.235159 0.395482 0.238346 -1.087761 -1.218493 -0.630465 -0.215652 -1.062966 -0.124608 0.713002 -1.397494 0.344858 0.840197 0.254630 1.208267 -0.824545 0.710512 0.142104 1.485138 -0.809658 -0.704359 -0.239928 1.004063 0.597330 -1.761824 -1.337805 1.211676 -0.288921 -1.951693 -0.934754 -0.870897
28 1.069811 -0.173913 0.187441 0.142852 -0.445372 0.828775 0.549755 -0.723411 0.681664 -0.461793 -2.463644 0.081782 -0.958283 -1.295269 1.106057 0.638013 -0.754114 -0.521069 0.190802 0.837219 -1.428556 1.101345 -0.704879 0.167631 -0.944752 -1.357020 -0.031852 -0.605220 1.715921 1.450683 -1.172423 -0.663901 1.116792 0.409867 -0.203546 1.469116 0.056206 -0.850449 -0.959544 0.176238 1.646695 -0.425213 -0.131826 0.159937 -1.534466 0.843546 -0.343648 2.746926 -1.580873 -0.652763
29 0.755660 -1.477090 -2.030011 1.067696 0.081163 -2.628764 1.548993 -0.193284 -0.677499 -0.904174 -0.225626 0.996015 0.450916 0.495244 0.586899 -0.702430 -0.421919 -1.940312 0.311544 0.338088 -0.090472 1.505327 -0.319521 -0.356013 -0.454201 1.092825 0.224397 -0.562105 0.871950 0.477624 -0.208750 -1.542055 1.710685 -0.839534 -0.495825 -0.258926 0.763183 -0.712391 -1.175020 -0.822392 0.461527 -0.931270 1.886708 -0.716543 0.180883 -0.821973 -0.518398 0.851217 0.764841 -0.320542
30 1.497047 -0.504158 0.099502 1.259244 -1.055171 1.149392 0.094943 0.078051 -1.912684 0.017810 -1.370708 -1.612875 -0.811148 -1.685174 -0.170980 0.079588 -0.166610 -0.179884 -0.406566 -0.009943 1.544846 0.975803 -0.233048 0.358966 1.971673 -0.018426 0.466682 -0.239888 1.092748 0.249380 0.477956 0.674616 1.294495 -0.879492 0.453809 -0.514163 -0.282359 0.548330 -0.538092 0.117031 0.963639 -1.362634 2.604950 -1.013038 -0.875428 0.562084 1.693785 0.834788 0.132947 0.297297
31 1.233755 -0.606721 1.039711 -2.503618 -1.377192 1.601112 1.321596 1.541933 -0.746780 -0.817639 0.537561 0.858277 -0.775002 -0.788663 -0.164252 -0.276063 0.966941 -0.286458 0.197053 0.506456 -0.294773 -0.051220 0.306931 0.550088 -0.876445 -0.284165 -0.361444 -0.978510 0.556527 1.380833 -1.227438 -0.722969 -0.779644 1.501093 2.159045 0.776927 -0.550945 0.554349 -1.031016 -0.043431 1.292742 -0.253725 0.051754 0.581347 0.082600 0.462180 0.837665 -0.129669 -0.745545 -2.250210
32 -2.437056 0.281100 -1.202123 -1.180990 -0.630822 -0.747173 -0.465536 -0.318657 0.860248 -0.723418 1.926687 -0.627192 0.685879 -1.015467 0.592242 -1.968019 -0.606142 -0.150825 0.236013 -0.237371 0.226829 -0.298639 0.854668 -0.330395 -1.073959 1.368590 0.858218 -1.436369 1.441540 -0.575768 1.502331 0.760255 -0.274389 0.317152 0.182279 -0.998249 -1.105991 -0.350317 0.777951 0.006261 0.375291 -3.053742 0.950097 0.489349 0.315821 -0.457997 -0.765523 -0.899350 -0.630298 2.453064
33 0.093819 -0.503133 1.543441 0.360702 -0.629927 -0.408609 -0.840553 -0.222290 -0.922298 1.290262 0.957213 -0.158424 -1.864419 1.550239 -0.849520 -0.200055 0.757528 2.888273 0.350082 0.925463 0.159245 0.133058 0.633054 0.837507 -1.360441 1.538170 -0.500447 1.267587 0.221466 0.215798 -1.733227 0.497406 -0.239483 0.434176 -0.779746 0.008967 1.237836 -0.861121 -0.586730 1.013949 -1.165190 0.277380 1.091103 1.453692 0.270464 0.050335 0.895546 -0.708403 0.178101 1.043433
34 -0.075409 0.150152 0.794344 0.421626 0.563538 -0.050429 -0.829540 -0.658548 -1.734623 -0.002537 -0.324566 1.131987 1.714239 -0.682501 -0.063450 -1.207994 -0.731687 -1.095357 0.444751 1.665153 0.230521 0.978803 0.406315 -1.142857 0.529076 -0.759454 1.118183 2.016549 -0.399874 0.824172 -0.395541 0.347887 -0.398753 -0.174262 1.619909 0.370450 -0.974720 -0.290164 0.369012 -0.418102 -1.938615 0.093568 0.661106 -1.375180 0.647356 0.589417 -0.421659 -0.349318 1.185156 0.123078
35 -0.412752 -0.550554 1.322100 0.501329 -0.230266 0.151196 0.971003 -1.554246 0.136103 1.349073 0.126010 -0.738330 0.774687 1.232081 -1.775738 -0.801066 1.043534 -0.314001 0.129750 -1.506110 0.050924 -0.607879 -0.104025 0.424102 -0.899322 -2.698003 -3.085581 -0.624206 -2.579081 0.980282 -0.496906 1.477600 -0.020086 1.335926 -0.411831 -2.313705 1.364103 1.085415 0.134632 -0.211512 -0.987020 0.223618 0.206236 0.581846 -0.795631 0.406198 1.859704 -1.420422 -0.410501 0.483196
36 0.641462 -1.135295 0.830394 -0.563474 -0.618468 0.401733 0.267118 -0.853073 -0.737927 -1.768702 0.900205 -0.212584 -2.049449 -1.407684 0.711095 -0.225710 0.931115 -0.277997 0.035307 0.776300 -0.175160 1.060831 1.025179 -1.404355 0.539050 -1.006527 0.042949 1.120336 1.441777 1.818128 0.609816 -2.809802 0.335796 0.186944 0.945092 0.255518 1.449221 -2.108787 0.940901 0.711803 0.587098 1.248187 -1.428921 -1.172401 0.454486 0.590646 0.282914 -1.116740 -0.144852 0.228876
37 1.265780 1.108650 0.478426 0.530308 -0.667059 0.115836 -0.889912 -0.280470 -0.447349 -0.770715 -0.182469 -1.201322 -0.371288 1.220519 -0.591715 -1.448591 -1.078586 -0.443282 1.768035 0.740445 1.593572 0.230482 0.175185 0.171501 -1.123032 -0.867059 1.374006 0.396652 0.432739 -0.887364 -1.146469 0.332190 -0.961482 -1.474557 1.008926 -0.199713 1.751893 -0.175077 -1.574806 1.503511 -0.617005 -0.304977 0.282339 1.584719 0.188837 0.870760 0.806435 -2.053435 -0.563190 0.879525
38 0.543041 0.490926 -1.821244 -1.055068 0.747381 -0.566939 1.507947 0.847004 -0.830455 -0.495762 0.065962 -0.783914 0.298574 -0.962362 0.173198 1.679052 -0.662977 0.584343 -1.420738 0.917707 0.787588 -0.156722 1.086463 -1.423571 -1.145727 1.630400 1.378273 -1.448136 -0.255084 -1.171293 -0.296714 -0.131807 -0.008926 -0.260491 -0.804849 -0.479755 -1.469807 0.148563 2.341307 2.163579 0.475393 -0.049223 0.860121 -0.179055 0.036705 -1.053903 -0.063540 -0.852163 -0.264984 0.571821
39 0.736504 1.266302 -1.111311 -0.145221 0.667531 0.859599 0.260467 0.575308 0.994783 -1.885618 1.261970 0.286413 2.196990 -0.087428 -0.024495 0.986548 -0.176760 -0.496438 -1.124234 -0.043016 0.401299 0.235165 2.213369 0.639647 -0.261923 1.535077 2.265324 -0.701749 -0.912342 0.559412 -1.857726 -1.357982 0.142893 -1.399846 0.516776 -0.113106 -0.983215 -0.668904 -0.153309 -1.404547 -1.705858 -0.258977 0.554303 0.537239 -3.563227 0.520946 0.710331 0.352719 0.007477 -2.305559
40 0.702190 0.485526 -1.108635 -1.542232 0.138163 1.650056 -0.831718 -0.507697 2.091586 -0.965840 0.982808 1.093202 0.590436 1.018505 0.524941 0.498581 -1.346349 -0.602312 0.962780 -1.819973 0.654912 -0.127386 1.091145 2.018986 -0.801972 2.295810 -0.092268 -1.143840 2.365582 1.244312 -0.620108 0.489811 1.170119 1.543855 -0.860665 1.198459 -2.248325 -0.963257 -1.955661 -0.520061 0.030017 0.303225 1.188575 -1.089188 -1.204929 1.561478 0.780835 0.200421 0.317146 -0.911117
41 0.049408 -0.497396 0.264211 -0.043275 1.386206 -0.288029 -2.521408 -1.797684 0.622861 -0.904983 0.571914 1.416878 1.149460 -0.258882 -0.006738 -1.066770 -0.887582 0.662436 1.573081 -0.231810 1.695691 -0.531294 0.706062 1.357623 -0.242484 0.126464 0.182655 1.024811 -2.043979 -1.382249 -0.134348 0.037689 -0.530279 0.074993 0.551923 -0.070304 -0.003481 -0.740447 1.078208 1.432716 1.296175 0.278923 -0.664470 -0.964749 -1.602697 0.603593 0.759938 -0.882706 -0.368967 2.203447
42 0.126560 0.953839 -0.276456 -1.055539 -0.039796 -1.261003 0.175740 -1.868204 1.160319 -0.192005 0.492341 0.937191 0.565520 0.527505 -0.090379 0.673691 -1.019095 -0.567878 0.582540 -0.317375 -1.420204 -1.066460 -0.031597 -0.189761 0.000820 -0.890700 1.024075 1.124460 -0.244336 1.580029 0.853285 -1.527203 1.093864 -0.774419 0.152001 1.419608 0.266388 -0.161546 -1.771935 -0.424462 -0.943980 0.967984 -0.269797 -0.610909 -1.285845 0.444603 1.480786 0.759779 2.501346 0.400373
43 0.286491 0.194434 0.017229 0.756809 0.337559 -2.368226 0.066030 -1.457506 0.163033 -1.839335 -0.643700 1.692488 -0.901300 -0.652706 0.902797 -1.134725 -0.613326 -0.972200 1.816150 -0.122574 0.464399 -0.254546 -1.397485 1.139894 -0.524999 1.692672 0.157104 0.280025 -0.459879 1.009959 0.387021 0.073747 -0.613507 0.581357 -0.794403 1.508159 -1.058705 0.574862 0.390584 -0.253857 0.779403 2.100693 0.670288 1.431790 0.485934 -1.873511 -0.426211 -0.699813 0.239953 -0.044612
44 -0.247274 0.871476 -0.272533 0.323815 -1.190474 1.109113 -0.774115 0.837590 -0.619784 -0.935235 0.313059 0.955051 0.205242 0.912417 0.787945 -0.796197 -0.453341 0.219750 -0.331055 -0.947361 -0.040706 1.137055 -0.266208 -0.105998 -0.950073 0.022829 -0.438007 -0.362323 0.299709 -0.474244 0.240491 -0.284981 0.197722 -0.416869 -1.826788 -0.078798 -0.301625 -1.222555 -0.811868 1.233076 -1.199235 2.330647 -0.907800 -0.670605 -0.576379 -0.687801 0.863242 -2.066826 0.041731 1.092114
45 0.944575 -0.358315 -1.761973 -0.250835 -0.503373 -0.453675 0.371089 0.056759 1.140345 0.023215 -0.398469 -0.710332 -1.493398 0.119349 0.846168 -0.451804 2.879811 0.001347 0.183799 -1.501441 0.860815 -1.972735 -1.383075 0.358673 0.982560 -1.039414 -2.341247 0.273882 1.036743 -0.731115 1.668690 0.594188 -0.199404 -0.942743 0.796952 1.886920 1.018264 -1.730702 0.023681 0.517926 0.549076 0.394604 -2.249219 -0.366063 1.322776 0.791586 -0.070625 -0.644392 0.841514 -1.137139
46 0.233346 0.179883 0.376314 -1.791645 -0.840467 0.552923 0.631582 -0.481838 0.348803 1.199929 -1.516968 -0.482673 1.587083 1.083586 2.271633 -0.010018 -0.950805 0.845188 -0.616450 0.410657 -0.307762 -0.605560 1.498025 1.787802 0.236127 0.632207 0.406520 -1.006738 -0.809633 0.835707 -1.343949 0.219425 1.151983 -0.703398 -0.297968 0.252102 -0.376862 -1.659705 0.676676 -0.476220 0.506064 1.105434 0.885945 -0.698052 0.396208 -2.034714 -1.413121 -0.700763 -2.724041 -0.522627
47 0.850176 -1.004385 0.555722 0.718000 -0.761316 0.307167 -0.311687 -0.540242 0.596989 -0.706093 1.301509 0.188906 -0.580159 1.380630 1.842828 -0.535047 0.897484 -1.217412 0.531914 1.207187 0.018173 -0.709379 -0.886510 2.235923 -0.678345 -0.118972 0.716942 1.492438 -0.780862 0.914022 0.158612 -0.190249 0.480432 1.999291 2.028419 -1.280037 0.799549 -0.805866 -1.551131 1.559368 0.848261 0.099311 0.649965 -0.219320 -1.146707 -0.120892 -1.050042 -2.338618 0.520686 1.919492
48 0.083706 -0.117869 -0.560152 0.319099 -0.418685 -0.159030 0.750306 -1.556959 0.544365 -0.857750 -0.655878 -0.753252 1.654917 1.420619 -1.432036 0.544488 0.001716 -1.168914 -0.460557 -0.295223 -0.638989 0.045327 -0.750348 0.456248 -0.303531 1.894995 -0.851022 0.039077 -0.253310 -1.648538 -1.679746 1.816106 -1.282725 0.572682 -1.997089 -0.555759 -0.865037 0.055296 0.053616 -0.364551 -0.239176 -1.006692 -0.793531 -0.763190 -0.433204 -0.839134 -0.051275 -0.375744 -0.760624 -0.810613
49 1.302024 -1.210780 -1.419166 -0.277034 -0.902059 0.285468 0.299997 1.115101 -0.769381 -2.473540 0.120423 0.614608 -0.440531 -0.471150 1.089070 -1.317198 -0.585116 1.745827 0.498013 -0.117510 -0.939389 -0.660219 0.271757 -0.001843 1.821397 -0.308597 -2.610560 -0.822051 -0.208163 -0.692365 -1.534090 0.228359 0.785979 -0.302185 0.229827 0.906095 -2.914145 0.325627 0.560230 -0.708463 -1.730460 0.636021 -0.743008 1.430453 0.700307 -0.946705 -2.076680 0.502015 0.236023 0.060221
50 0.198533 -1.164108 0.508256 0.118768 -0.266835 -0.895994 0.412802 -0.137999 -0.459489 -0.449845 2.171749 -0.043777 0.827120 -0.312939 0.856448 -1.364599 0.491127 0.393776 -0.049856 -1.236745 1.910973 -0.602237 -0.146477 -0.327327 -0.192924 0.199683 -0.541280 -0.690350 1.846969 0.306936 -0.163020 1.089186 0.035750 -0.636998 1.094025 0.125421 -0.186709 1.433861 1.306994 0.253220 -0.082739 -1.108416 -2.299582 -0.361197 -0.577949 -1.827333 1.636663 -0.989231 -0.467491 -1.486295
51 -0.568943 -0.183990 1.239460 0.921402 -0.492265 1.407032 -0.020988 -0.390024 0.230701 0.319949 -1.168763 0.663349 -0.255392 -0.120074 -1.438720 1.828474 0.134619 0.129503 0.197866 -1.276556 -0.843372 -1.152010 0.775198 -1.590512 -0.582129 0.849852 1.544251 -0.847994 -1.297290 0.287044 0.698985 -1.299494 -1.375816 -1.705846 -1.042951 0.774207 0.372840 -0.479536 -0.612046 -0.891530 -2.227456 -1.294041 0.830687 0.165234 0.202820 1.846861 -2.455793 -1.391447 -0.645335 -0.281874
52 -1.357333 0.846847 0.452057 -1.247999 -0.372229 -0.882629 -0.581728 -1.489934 -0.132414 -1.997389 -0.295455 2.498486 -1.417808 -0.727476 0.327248 -0.282191 -0.597265 0.304724 -0.707995 -1.195530 -0.309183 0.763502 0.265891 -1.043578 1.375737 -1.330457 -1.131195 0.518467 0.341323 0.354697 -0.101343 1.378924 -1.767791 0.810959 0.334629 -2.340462 -0.351477 -0.953483 0.425445 -0.252337 0.556131 1.820381 1.865197 -0.944094 -1.551831 1.046784 1.021696 2.752026 -0.249100 -0.160882
53 -1.456817 -0.532815 -0.835751 -1.239346 -0.136262 -1.084759 4.303860 0.121262 0.179626 1.024880 1.980455 -0.584033 -1.907550 0.931735 -0.561332 -0.771977 -0.666003 0.914817 0.078144 -0.667711 -0.089922 -1.138647 1.778696 -1.016407 -0.941849 0.606657 -0.951542 0.207009 -0.851718 -1.370159 2.167987 -1.326006 -1.057708 1.099882 -0.546757 -0.230804 1.383606 0.119893 0.260045 0.831047 -1.974325 -0.433602 1.490255 -1.437079 0.386840 1.015266 -3.247506 -1.315604 -0.286443 -0.261684
54 0.261240 -0.218788 -0.902612 0.400459 -0.622011 0.015802 -0.757354 0.100893 0.693105 1.096227 0.685359 0.579423 1.800978 1.583035 0.758971 0.580458 0.773910 -0.261357 -0.588617 -0.212866 -1.570732 -1.056530 2.240221 -1.484864 -0.735938 0.528799 -0.414648 -1.022510 -0.146664 -1.092569 0.314881 -0.096090 1.707957 -0.036623 1.611824 0.328746 0.079752 1.124560 -0.094026 1.896579 -0.224126 0.322649 -0.644504 -0.673365 0.628665 1.848295 0.349239 0.573109 0.856983 1.253614
55 0.081002 -0.493696 0.513207 0.229744 0.744825 1.267570 0.570130 0.545510 -1.175750 -0.276105 2.111282 -1.494918 -0.991710 -0.594184 -0.800094 1.555289 -0.135840 0.298131 -0.877585 -0.088454 -0.992911 -1.288479 -0.561904 -0.850583 -1.103261 -0.685112 0.565383 -0.010565 -2.053644 -0.568494 0.322967 0.171777 -0.106173 -0.365898 -0.019610 -0.111116 -0.903633 -2.216823 1.906366 0.187512 -1.297316 0.131639 1.282044 -2.030253 1.013476 -1.690441 -0.505281 -0.638267 -0.760774 -1.112833
56 -0.412921 -1.162454 -0.383538 -0.891339 -1.473442 -0.975763 0.014817 -1.742259 -1.099219 -1.410903 0.326344 0.307210 0.476389 0.159803 -0.782232 1.227893 0.017266 0.645362 0.057890 1.766201 0.526082 0.388105 0.427712 0.688222 1.658712 0.120145 -0.545653 0.111693 1.107405 -1.150039 0.814012 -0.442774 0.758356 -1.195219 -1.547838 -0.881717 -1.837707 0.725888 0.226285 -0.779381 0.035362 1.101837 2.233569 1.088197 -1.497017 0.202971 1.581313 -0.566754 -0.771425 -0.525876
57 -2.197578 0.705652 -0.865999 -0.009393 -0.516001 -1.027204 -1.025740 -0.003615 -0.043136 1.162381 0.662824 -0.365434 0.465892 0.697400 -0.349696 -0.900190 0.238294 0.938106 2.373416 0.029419 0.010541 0.827894 -0.369460 -0.268660 2.019653 -0.551665 1.522647 -0.661644 1.104121 -0.906764 0.605814 1.228274 -0.607085 -0.228009 2.752983 1.015178 -0.630987 0.050961 -1.277271 0.215871 0.393169 -0.383170 0.030952 0.572246 1.154690 -0.190101 -0.350052 -0.000943 0.676846 0.330009
58 1.282246 -0.608903 1.474502 -1.580536 0.119113 -2.563564 0.393934 -0.319635 -0.300746 -0.402054 1.185298 0.750525 1.955147 -0.321405 -0.851413 0.757124 -0.002166 1.637428 0.571109 -0.648724 0.212726 0.088649 -1.512156 0.762860 -0.338454 -0.509045 0.804626 2.222877 -1.106852 0.305839 2.037423 -0.410884 -0.130584 -1.900193 -1.344756 0.378710 0.447292 -1.791205 1.299680 -1.348653 1.018369 -1.167043 -1.180041 -1.029616 2.040747 0.094266 0.107548 1.463472 -0.363192 -1.193435
59 1.801798 0.894092 -0.758248 1.165751 -0.787462 -1.050086 0.526311 0.109192 0.843020 -0.635530 0.178302 -2.563132 -0.071671 0.612198 -0.445298 -0.754209 -1.713180 1.164749 0.587646 -0.474733 -0.725816 -1.000302 0.566720 -1.156297 -0.596862 0.167165 -1.148014 -1.007060 1.824623 0.949597 -2.307559 1.661874 -0.571147 -0.483247 1.106549 -0.887726 0.410281 1.433804 0.696391 0.521198 1.691390 1.142283 -0.126091 -0.566965 0.281991 -0.965867 0.552173 0.337438 0.233618 -1.499301
60 -1.211811 -0.313727 -0.808574 -0.148001 0.139572 -1.189539 -0.560611 -1.212706 0.368135 0.156609 -1.537109 -0.081780 0.764603 1.228759 -0.634367 3.058644 0.838377 -1.136245 -1.489584 0.253592 -0.571544 0.367192 -0.298179 1.334354 0.316626 0.955248 1.559326 -1.891556 0.708513 -1.098151 -0.191836 0.006124 -0.907893 1.101773 -0.246400 1.018343 0.363392 0.376082 -1.320049 0.087152 -0.321966 -0.665043 -1.544177 0.646744 -2.693015 0.498585 1.102722 2.090141 -1.483676 2.132107
61 0.859651 -0.887546 1.154263 -1.004034 -0.500903 1.625938 -1.781045 0.638708 0.244480 -0.360602 1.071181 -0.912848 0.863128 -0.273405 0.611226 -0.402240 0.788379 1.194257 0.484859 -0.171745 -2.221347 0.788697 1.075221 2.642070 0.654700 -0.141074 -0.160283 0.273279 0.126766 -0.935452 -0.442864 -0.207506 -0.983464 -1.710329 0.319404 -1.078976 -0.402240 -1.252568 0.781285 -1.060334 1.164288 1.252720 -0.620379 0.110358 -1.625238 -1.207194 -0.060022 0.045004 1.450062 0.376780
62 -0.051307 -1.843473 0.075654 1.516172 -1.044182 0.420754 -1.264799 0.841886 -0.117162 -0.095086 0.671772 -0.160810 1.407190 0.146528 -0.463661 -0.352205 -1.185144 -0.594494 1.883807 -2.157600 -0.701052 -0.554982 0.763498 -1.433608 -0.579583 1.157946 -1.350609 0.428232 -0.467308 -1.431629 0.768719 -0.948266 1.034075 0.996192 -1.638127 0.041841 -1.579972 1.736812 0.083005 0.214457 -0.323506 0.432007 0.832397 -0.948572 0.670988 0.016266 -0.498996 -0.503639 -1.145813 1.684890
63 -0.583906 0.535875 -1.319183 -0.901281 0.622381 -0.698745 -0.596364 -1.806820 0.350637 -0.378401 -0.449718 -0.812987 0.684908 0.989758 -0.577942 0.947783 2.060950 2.226930 0.228503 1.524609 -0.181200 1.177558 -0.490922 0.757326 1.548520 -0.269482 -0.618933 0.504719 -1.155672 -0.171184 -1.430555 0.679323 0.818526 0.416895 -0.018674 -1.095165 -0.991220 -0.210437 0.204518 -0.017439 0.847015 0.715316 -0.374523 -0.648325 -1.381459 0.223956 0.072165 -0.479951 -0.994222 0.899385
64 -0.823759 1.237551 0.292986 -1.260671 1.069163 -1.680580 -0.661862 1.236541 -0.171834 -1.503728 -0.431636 -0.325101 0.786798 -2.602331 -0.084471 0.488437 1.259630 -0.841656 -0.790461 -0.822883 2.707712 -2.004468 -0.998316 0.209134 -0.258875 0.916730 -1.054863 -2.232539 -0.143893 0.914115 1.848885 1.867161 -0.675336 -1.315652 0.466805 -2.480619 -2.681337 1.284448 -0.696497 -1.028674 0.185763 0.424368 -1.713814 0.653048 -0.961660 0.766432 -0.426746 1.976162 -2.137395 3.010515
65 0.966188 -0.362755 0.018316 -1.854497 1.223190 -0.846085 0.673667 0.840838 0.270795 0.149142 -0.926623 -0.419448 0.321943 1.468777 -0.166814 -0.073151 1.077787 -0.777506 -0.484537 -1.158160 0.284252 0.569395 -0.340427 0.881769 -0.974612 0.061345 0.541040 1.287370 -0.532721 -0.754297 1.228034 0.618963 0.228157 -0.544625 -0.636649 -0.346475 -2.018583 2.062824 -0.479279 -0.080222 -1.009969 -0.769711 -0.882272 -2.083398 1.324646 -2.887496 0.306835 1.613858 -1.166535 -0.807722
66 0.719069 1.070944 0.285627 2.000074 0.002456 0.534588 -0.562685 1.447729 0.065362 -1.170162 -1.250507 1.647638 -1.664791 0.776378 -2.239195 1.746974 0.712029 -0.252061 1.110894 -0.010652 -2.000799 -0.773167 -0.131749 -0.693914 0.969819 0.754526 -0.848668 0.000838 0.346669 -1.153302 -0.778875 -0.282055 -0.219549 -0.270013 -0.804427 -0.027420 -1.527586 -0.079314 -0.220948 -0.023288 -1.037614 -1.261799 -0.805086 -1.361772 0.607830 0.519664 1.392988 -0.425952 -0.609699 -0.715219
67 0.789766 -0.245269 -0.606626 2.328905 1.294368 1.472538 -0.292051 0.632394 0.118436 0.225250 -0.562369 -0.473048 2.388768 0.662909 0.318339 -2.147655 0.155543 0.976964 -0.580559 -0.026314 -0.608598 0.912511 -0.825704 -0.009817 -0.399464 0.191428 -0.205818 0.507751 0.639136 1.817306 -1.364500 0.331339 -0.340029 -0.848411 1.323432 -1.472727 -1.755248 -1.184772 0.253104 0.667998 2.007311 0.099768 -0.241109 -0.062541 -2.661624 -0.716236 -0.535079 2.284017 -0.848981 -1.797897
68 0.561981 -0.530254 1.400101 1.198066 0.127846 1.447644 -2.270607 -0.421918 0.087345 0.411976 -0.915095 0.883017 1.002853 1.542775 0.666707 -1.713765 -0.273624 -0.149319 -0.534029 -0.525875 1.086145 -0.231569 -1.954072 -0.394046 0.488613 0.025891 0.096236 -1.060433 -0.811024 -1.569443 0.201137 -0.850763 1.723166 -0.630382 0.768118 0.375084 -1.223260 0.887580 -1.037499 0.635344 1.828429 -0.952241 -0.072658 -0.288369 -0.712373 -0.572188 -0.980668 0.042318 -1.140038 0.737583
69 0.322716 1.783102 -1.078176 0.001190 0.816202 -0.048381 -2.026684 -0.569154 0.239102 0.868518 3.175121 -0.370167 -0.664656 -1.418916 0.285654 -0.181806 -0.826428 1.141762 -2.532561 -1.156924 -0.334657 -1.528647 1.031973 -1.280669 -0.143046 0.758709 0.715894 0.953109 1.342409 -0.988121 -0.767376 1.340076 -0.276910 -1.155945 -1.407460 -0.736661 0.883969 -2.216641 2.320895 -0.188931 0.785020 -1.367417 -1.380964 -0.279403 0.960580 -0.323623 -1.465032 -0.899994 2.889109 1.051682
70 -1.558182 -0.715890 -0.096792 -0.645246 0.192503 -0.856093 -0.885233 -0.558525 -1.625258 0.681510 -1.666549 1.499504 -0.764568 -0.893815 0.113389 -1.591711 -0.361855 -0.402436 -0.182846 -0.555854 0.951907 -0.014053 -0.189269 -0.721557 1.182188 -0.415699 -1.033166 -0.624705 -0.180903 0.964958 0.079477 -0.366842 -0.755653 1.328220 1.608713 -0.481708 -0.930527 0.253162 -1.826233 0.256377 -2.073913 1.084203 -0.393294 1.174880 1.430932 -0.502411 0.366252 -0.628531 0.605333 -0.017662
71 0.633172 -0.619183 1.337734 -1.755145 -0.101328 -1.206618 0.133226 -0.081932 -0.397692 0.437675 -0.699569 -0.168422 2.071805 0.026381 0.691617 -0.489099 -2.966436 0.331667 -0.056386 0.764274 1.133629 -0.559210 1.377320 1.145819 -1.344057 -1.217503 0.067263 -1.486869 3.059069 0.068877 -1.412693 0.462486 -0.332968 1.117203 0.263405 -0.528055 -1.540368 -1.407524 1.278516 -0.324054 -0.567801 -0.253543 1.253140 1.307092 0.369152 0.498806 -0.825185 0.006083 0.021066 -1.434803
72 -1.892050 -0.488180 0.033345 -0.524944 2.225539 -0.573836 1.137231 -1.321937 0.605929 -0.734561 -0.448492 -0.064411 -0.671308 0.266116 -0.597276 -1.090352 0.605019 -0.289290 -0.403106 -2.154481 -0.538093 0.439610 2.234999 0.399632 1.509815 -2.475399 -0.955205 -0.581761 0.029209 1.423290 -1.065189 -1.869540 0.677599 -0.677492 -1.811189 0.018054 -0.033567 0.028972 1.471569 -0.082788 2.184636 -0.835354 -0.322566 -2.699273 2.142515 -0.005756 1.773512 -1.432191 -0.115744 0.101985
73 0.043229 0.165672 3.371510 -0.950727 -2.420130 -0.377151 1.263164 1.336747 -0.701015 0.037151 0.830519 -0.406481 -0.775451 2.099336 -1.326638 -0.666656 0.051005 -0.000988 -0.816387 1.131429 1.637536 0.256299 0.877689 0.758733 1.101371 0.434519 0.027805 1.350527 -0.852921 -1.336294 0.000505 0.905612 1.855527 1.010942 -0.043952 -0.526612 -0.239940 -0.412545 -1.771362 -1.123321 -0.498346 -1.568760 0.049093 -0.585597 0.527778 0.344424 -1.126054 0.540739 0.805556 -0.295491
74 0.642779 0.593324 -0.199488 0.476026 0.975877 -1.513408 0.971903 0.269192 -0.793751 -1.302362 -0.757299 0.073980 -0.216859 -1.137852 -1.162598 0.823495 -0.432559 1.496007 0.295881 -1.062402 0.559055 -0.727573 0.070317 1.250405 -0.874737 0.595291 -0.477216 0.622212 -0.769173 0.882441 2.010722 0.002947 -1.026831 -0.810057 -1.765656 -2.189349 0.807056 0.086684 -2.287571 0.289753 0.080782 0.169243 1.027947 -0.121944 -0.034539 0.111578 -2.051161 -1.415061 -1.287871 0.268108
75 -0.413834 0.480545 -1.247189 -0.039700 -0.816360 0.154121 0.557062 0.254482 0.182380 -0.202473 -0.626051 -0.634531 1.253245 0.861878 -1.427237 0.872717 0.607760 -2.501159 1.106697 -1.455980 0.271457 -0.295681 -0.576016 -1.894785 -0.395483 1.034560 -0.252359 -1.176625 -0.371255 -0.046638 -1.567501 0.959392 1.317327 -0.098750 -1.558102 0.848706 -0.187214 -0.117020 -0.038077 -0.240692 -0.563964 -0.418201 -0.156795 -0.864307 -0.074015 -0.927235 -0.134109 0.345841 -1.909268 1.527088
76 0.757865 -2.233406 0.589352 -1.239353 0.744040 1.427842 0.321938 -0.515958 1.630902 1.307549 -0.173278 0.576768 -0.091349 -1.111606 -1.792253 -0.187441 1.107842 -1.797024 0.196317 -0.036162 -0.838724 -1.266849 0.869535 0.333932 -2.046647 -2.699890 -0.207020 0.363494 -0.182852 0.199494 0.279637 -1.439852 -1.229333 0.394874 1.204514 -0.914045 -0.727658 0.632387 0.473184 0.949963 -2.267123 0.651814 0.747651 0.166114 0.728621 0.897107 0.468511 0.209810 -0.235906 0.204038
77 -1.118177 -0.836394 1.686961 0.742370 0.062829 -1.280116 -0.534908 1.001929 -0.906603 -0.341756 0.260558 0.516480 -0.506881 1.241451 0.609510 0.090729 -1.468955 -1.786680 -0.058940 0.019139 -0.073016 -0.712262 -1.114922 0.158114 -0.671529 0.086335 -0.843413 -0.555772 -0.307863 0.152686 1.376547 1.182574 -0.476471 -0.266727 1.174203 0.895303 -1.137735 -0.181722 -0.154609 -1.847021 1.738877 -0.204891 0.294560 2.159051 1.076752 -0.348853 -0.179748 0.560516 -1.545615 0.049562
78 0.217586 0.317622 0.005148 0.860447 -1.536771 -1.043669 -0.791386 -0.023689 -0.194422 0.080616 0.280778 -1.208066 -0.000935 0.363974 -0.724413 0.075753 -1.195351 -0.794743 -0.528993 0.825247 0.635044 0.602676 0.522752 -2.226070 0.185426 0.767586 -2.349251 0.028085 0.795716 -0.003995 2.406187 0.897332 -0.862871 -3.006163 -0.583733 -1.550642 0.236955 -0.429796 -1.608632 0.507917 -0.882886 -1.993705 -1.171420 -1.522688 -0.377921 0.866036 0.899983 -0.612844 0.524101 -0.903416
79 0.044405 -0.537369 0.384762 -0.085255 -0.197257 0.953590 -1.404384 0.367367 0.452455 0.097324 1.323819 1.235998 -0.813182 0.238091 0.277751 1.785398 0.341180 0.254542 0.420952 1.321855 -1.028734 0.365026 -0.766068 -1.132231 1.570708 1.731342 -1.530742 -1.100750 0.205225 0.982703 0.209148 -0.459709 -0.471080 0.952305 0.782640 -0.738074 0.482634 -1.670860 1.308925 -2.844697 -0.754685 -0.896069 0.849450 0.094491 -0.853322 -0.716042 -0.142026 1.013143 -0.646393 -0.069085
80 -0.153317 0.321568 -0.874173 -0.196043 0.474254 0.107656 1.796156 0.544016 0.567876 0.946169 -0.968848 -1.774755 0.093852 1.254268 0.069289 -0.320041 -0.845368 0.259844 -0.010834 -0.009111 1.767041 0.702065 0.407398 -1.035634 -0.659874 -0.752927 -0.202000 -1.142162 1.217545 -0.619795 0.679950 -0.028278 0.019156 0.906546 -0.375584 -0.067405 -0.246330 -0.653850 -1.839271 -0.617987 0.130063 1.873370 0.245706 -1.315755 -0.841776 -0.355173 0.181962 1.073964 1.060785 -0.009547
81 1.361070 0.810407 0.155563 -0.669529 0.916142 0.228193 -0.145612 0.539988 -1.278167 2.849884 1.521052 -0.123472 0.952373 -1.495057 -0.504577 -0.269075 -0.795944 0.400403 0.122415 -0.766133 2.513630 0.871229 0.829023 1.470245 0.419221 0.387113 1.435877 0.389047 -0.321843 -0.412712 0.303107 0.440575 0.546613 0.635538 0.876441 0.777856 -1.776644 -0.730609 -0.591597 1.531820 -1.407806 -0.267575 0.665360 0.030224 0.319999 0.299842 0.490221 -0.589524 -0.789767 0.574976
82 -0.312452 -0.296482 -0.702448 -1.331977 0.012859 0.896255 0.078473 -0.437352 1.238657 -0.279895 1.261587 1.227880 1.145438 -0.489908 0.362852 -1.268254 1.784351 -0.159829 -2.676809 1.124432 1.057271 0.473330 0.660721 -1.013716 -1.208746 0.297191 -0.037337 0.383521 -0.159153 -0.505087 -0.280647 -1.763577 -1.174973 2.125443 0.547891 0.655104 -2.271271 -1.582956 -2.551225 0.963587 -1.537152 -1.398118 -1.240711 1.571819 -0.465481 -0.090597 -0.030852 -0.104276 0.059959 2.640528
83 0.148986 0.300104 -0.204249 -0.485331 -1.978263 -1.533401 -1.426774 -1.430176 1.578518 1.118851 -1.140122 -0.988599 0.503821 -2.353648 -1.405970 0.576847 -0.385476 -1.237579 -1.435746 0.474186 -2.044679 0.368295 -0.523958 -0.005231 1.503712 -0.400254 -0.055735 -1.165957 -0.012087 -0.778327 -1.529590 -0.367434 0.504370 0.200809 -1.616552 1.408922 0.084988 -0.846329 -0.045545 0.665066 0.977394 -0.128588 0.394691 1.222304 0.462003 1.169662 -1.048148 0.341228 -0.356742 -0.072221
84 1.280695 0.659053 0.247008 0.478768 -0.344937 -1.258419 -0.734531 1.841659 -0.409145 0.931206 0.109319 -1.633720 1.600746 -1.257134 1.600250 -0.030659 -1.179440 -0.080526 1.283127 2.231744 -0.139235 1.044514 0.873352 -0.220472 -1.741205 2.810353 -0.171680 1.418110 -1.157977 1.888710 -1.207894 -0.878358 0.620864 -0.586831 1.352705 -0.042350 -1.565585 0.227288 1.980880 0.091919 -0.501222 0.219665 1.408417 0.427363 -0.765147 0.360808 -0.486799 0.966960 0.461535 1.470737
85 0.638237 1.065736 -1.837193 1.217757 -0.803563 -0.702336 0.064912 1.277840 -0.115271 -0.252026 -0.154371 -0.384537 0.557483 -0.504438 0.650785 -0.145900 -0.099355 0.661671 0.126245 -1.083819 0.413151 0.786021 -1.036612 0.775301 -0.526001 1.886373 -1.694674 -0.655554 -1.629968 1.383821 -1.353027 1.790399 -0.400757 1.362072 0.717340 1.312892 -0.949612 0.232211 0.252431 -1.056052 -1.416525 1.001046 0.951296 1.390515 2.171592 0.761385 -0.251306 -0.890043 2.781254 1.298293
86 1.063971 -0.289321 0.106577 -1.231880 0.550921 0.255360 -0.561092 -0.774777 1.149582 0.884160 0.062759 -1.274891 0.251988 0.245802 -0.172035 -0.499876 -0.233831 0.070739 0.768760 -1.316233 -0.286168 -0.451519 2.002622 -1.006903 -1.106801 1.336569 0.621543 -0.085310 0.728264 0.009076 -0.771943 1.387766 0.020478 -1.178554 0.026835 -0.432356 1.109792 0.117385 2.144617 -0.171935 0.195926 0.691814 0.051486 -0.274643 -0.113322 0.093093 0.507511 0.041185 1.117351 -0.841223
87 -0.297857 0.989470 0.767224 -0.016114 0.910676 0.184524 -0.902886 -2.026767 -0.428743 -0.312671 0.490785 -1.121176 -1.135865 0.973109 1.297621 -0.940545 -1.041858 -2.318287 2.532801 0.247053 -0.590598 -1.185424 3.677855 0.195305 0.458841 -0.820722 -0.028894 -0.498788 0.295279 1.375766 0.195173 0.344298 0.100383 -0.574669 0.238506 0.109535 1.051865 -0.755374 0.276909 -0.766938 0.165920 -0.798181 -0.337496 0.571726 -1.514044 0.429612 0.552300 -0.247042 -0.055224 0.488580
88 -0.171265 1.407480 1.248577 0.529176 -0.492069 0.762843 -0.873621 -0.185317 -1.703246 -1.019683 -0.446123 -0.554354 -0.084365 -1.681367 -1.553258 -0.027485 1.377323 1.827750 -0.611010 2.419395 -0.484989 -0.075041 0.991335 0.102905 -0.341857 -0.641048 -1.096267 0.749858 -1.542710 -1.442693 0.756249 0.103291 2.939185 -0.662231 0.267442 1.113621 0.972741 3.160502 -1.277775 -0.145437 -1.132689 -1.518789 -0.313922 -0.016115 0.051872 1.122788 1.723109 -1.099650 -0.385328 -0.342242
89 -0.451481 0.800268 0.308911 0.375393 -0.919920 0.597198 -0.556284 -1.653469 -1.183090 -1.039898 0.939882 0.785616 -0.643123 0.168753 -0.391763 1.558126 1.118188 -0.951472 0.057410 -1.583423 1.906691 -0.809511 -1.174952 -0.185310 -0.686106 -0.214145 -0.190587 -0.346791 0.487183 0.757014 0.488107 -0.455408 -2.275760 -0.325048 0.300309 1.179619 3.086271 -0.191146 -0.484837 0.579591 0.826137 0.082937 -0.593643 -0.698047 0.850828 0.004811 0.762126 -0.172401 -0.063891 1.219115
90 -0.306095 0.251411 -0.888940 1.272148 -0.942831 0.989500 -1.811968 -0.009170 -1.107045 0.872731 -0.444409 0.856025 1.135903 0.532254 -0.814124 1.519733 0.993977 -0.378589 -0.638916 0.390151 -0.968273 0.668267 0.063067 -0.971711 2.309223 -0.158388 -0.209491 1.159674 -1.411709 -0.624088 1.558350 0.726436 -0.899863 0.998375 1.029276 -1.012890 -0.534491 -1.316774 -1.071093 -1.305932 1.687202 0.280401 0.016370 0.343566 -0.747568 -0.431718 1.032636 -2.211499 -0.107428 0.183747
91 0.627450 -0.227714 0.813986 -1.189446 -0.177069 -0.774629 0.342297 -1.575608 0.342695 0.260202 -0.218884 0.332380 -0.318002 1.330090 1.661912 -0.310082 -0.763013 -2.355121 -0.465124 -0.778745 -0.492272 -0.331288 0.995222 -0.565347 1.244505 1.391729 0.439010 -0.560319 0.095333 -0.154859 -0.242770 1.118959 1.055935 0.799713 0.083161 2.063490 -0.966813 1.394868 -0.461997 1.491509 0.314079 -0.291713 0.691436 0.814370 -0.250195 0.960849 1.011428 -1.942646 0.143903 0.040006
92 -0.398805 1.403259 0.291115 0.999026 1.085544 -0.899039 -0.652007 0.301830 -0.005967 -1.125263 1.118550 -0.463252 0.935955 -0.418125 -0.295719 0.597081 -2.390892 -0.118821 -1.075807 0.170663 -1.336842 -0.417862 1.748206 2.018802 0.564444 0.851780 -1.524402 -0.218609 0.094862 -0.105260 -0.169925 1.048533 -0.110122 0.086362 0.000950 2.280705 0.541354 -1.003274 1.010975 -1.644129 1.418634 -0.992502 -0.448159 -3.351181 0.030629 0.517538 -0.041656 -1.395767 0.809675 -0.329718
93 0.958808 -1.086524 0.197563 -0.103426 0.246380 -1.296207 1.533275 0.194372 -1.921667 -1.157320 2.338120 0.123730 -0.130247 0.228567 0.498237 -0.084823 1.864364 0.237874 -0.419306 -0.978010 -1.394093 0.387936 0.751774 0.729784 0.216285 1.412226 0.731546 0.616200 0.634234 -1.017465 0.462700 0.816897 -1.075999 -0.297233 0.656390 1.609947 1.340411 -0.173736 -0.435367 -1.185300 0.149671 -0.458079 0.142417 -1.052835 0.230543 0.746115 0.413756 -0.416251 0.459640 -0.232126
94 0.403251 -1.795491 1.789716 0.104333 -0.712198 1.258197 0.438682 1.857472 -0.380475 -1.000719 1.007913 -0.583352 0.010416 -1.243218 1.287300 1.647542 -1.677621 -0.867022 0.189848 1.713373 -0.325712 0.279452 -1.028936 -1.169844 0.093125 -1.690453 0.699784 -1.602358 1.449373 -1.036354 -1.252231 -0.416870 -1.737891 -0.373646 0.060637 -1.019777 0.277030 0.633940 -0.162876 0.420298 0.997931 -0.779449 -0.561147 -0.328179 1.558975 -0.363203 -1.204941 -0.493595 0.665540 -0.141486
95 -0.735321 -0.848046 -0.333123 -0.703607 -0.281963 -1.007411 0.660326 -1.367888 -0.219170 -1.094340 0.552719 0.349400 -1.538247 -1.720072 0.258162 1.517808 -0.530917 -1.978928 2.578092 -0.930000 -2.271478 -0.208103 -0.594334 0.699282 0.331034 1.163209 2.696997 0.572052 -0.179952 -0.110690 0.178634 -0.870516 -0.955255 0.592109 -1.214876 0.047520 -0.080603 -0.540480 0.595096 -1.609762 0.639714 1.341878 -0.812894 0.762623 0.061561 -1.488532 1.010997 0.728566 0.759281 0.789576
96 0.289724 -0.029911 0.749149 -2.513008 -0.155296 -1.124538 -0.580454 -0.157249 0.155897 -0.876816 0.532595 -1.598804 -1.319998 -0.766789 0.538154 1.001411 0.688341 -1.187474 0.417143 0.869032 -0.447431 -0.544253 0.012582 0.513039 -0.135245 0.766931 -0.309125 -0.179425 -0.519194 1.291823 0.351044 0.158025 -1.034954 -0.100950 -1.209509 -2.519473 -0.852729 0.140239 0.094689 -0.382297 -0.139173 0.328874 -0.422755 -0.459783 -0.676437 -0.888967 0.183145 -0.605097 0.837042 -1.173295
97 -0.993273 0.527084 -0.242927 -0.164615 -1.209509 0.152926 0.667658 0.473362 0.943377 0.953405 0.172486 0.670544 1.009388 1.945987 -0.865368 0.405435 -0.061181 -2.185756 -0.270938 1.593289 1.074772 -2.145010 0.379685 -0.517293 -1.221078 0.083194 0.214277 0.510550 0.372543 -0.447854 -1.302503 0.584112 -1.607289 -0.928480 -0.248075 -3.731866 0.577831 -0.221646 -0.261430 -1.020603 2.664755 -0.691056 -0.210649 0.490678 -1.072108 -0.009256 -0.311558 -2.543211 1.922371 -0.932348
98 -1.342278 1.593036 1.778571 0.223238 1.445639 -0.286816 -1.015787 -0.398340 0.952730 1.693509 -0.986991 1.455424 1.705142 0.949628 2.169537 -0.458406 1.921559 1.247621 1.527948 -0.104702 0.730054 -0.586606 -0.316030 0.233804 0.092408 -1.628842 -1.322520 -0.877321 -0.790227 -0.763941 0.525896 -0.423185 0.064767 -0.705895 1.139378 0.039803 0.735842 1.277572 0.723862 -0.233622 2.786900 0.686830 -1.774336 -0.311695 -0.735912 -0.547122 1.894640 1.486948 -1.329966 1.343453
99 1.932424 0.119659 -0.466161 -0.820021 0.083784 0.450576 0.300598 -0.812281 -0.082754 1.348422 0.975789 -0.403315 0.175988 -0.096799 -1.348839 1.916435 1.167324 1.021977 0.181191 -0.623379 0.241274 -0.271371 -0.698713 -0.853391 -0.521814 -0.355609 -1.009341 0.587007 -0.613387 0.178529 -0.784365 -0.917410 0.228891 -1.232412 0.328106 -1.353883 0.014424 -0.720118 0.961352 1.115463 1.712020 -0.444864 -0.957415 -0.839276 0.505514 -1.828868 -1.285770 -0.402731 1.737231 -1.155477
END
#################################################################
SECTION3 (Edges Information)
EndPoint0 EndPoint1 Weight
0 1 1.000000
0 9 1.000000
0 10 1.000000
0 90 1.000000
1 0 1.000000
1 2 1.000000
1 11 1.000000
1 91 1.000000
2 1 1.000000
2 3 1.000000
2 12 1.000000
2 92 1.000000
3 2 1.000000
3 4 1.000000
3 13 1.000000
3 93 1.000000
4 3 1.000000
4 5 1.000000
4 14 1.000000
4 94 1.000000
5 4 1.000000
5 6 1.000000
5 15 1.000000
5 95 1.000000
6 5 1.000000
6 7 1.000000
6 16 1.000000
6 96 1.000000
7 6 1.000000
7 8 1.000000
7 17 1.000000
7 97 1.000000
8 7 1.000000
8 9 1.000000
8 18 1.000000
8 98 1.000000
9 0 1.000000
9 8 1.000000
9 19 1.000000
9 99 1.000000
10 0 1.000000
10 11 1.000000
10 19 1.000000
10 20 1.000000
11 1 1.000000
11 10 1.000000
11 12 1.000000
11 21 1.000000
12 2 1.000000
12 11 1.000000
12 13 1.000000
12 22 1.000000
13 3 1.000000
13 12 1.000000
13 14 1.000000
13 23 1.000000
14 4 1.000000
14 13 1.000000
14 15 1.000000
14 24 1.000000
15 5 1.000000
15 14 1.000000
15 16 1.000000
15 25 1.000000
16 6 1.000000
16 15 1.000000
16 17 1.000000
16 26 1.000000
17 7 1.000000
17 16 1.000000
17 18 1.000000
17 27 1.000000
18 8 1.000000
18 17 1.000000
18 19 1.000000
18 28 1.000000
19 9 1.000000
19 10 1.000000
19 18 1.000000
19 29 1.000000
20 10 1.000000
20 21 1.000000
20 29 1.000000
20 30 1.000000
21 11 1.000000
21 20 1.000000
21 22 1.000000
21 31 1.000000
22 12 1.000000
22 21 1.000000
22 23 1.000000
22 32 1.000000
23 13 1.000000
23 22 1.000000
23 24 1.000000
23 33 1.000000
24 14 1.000000
24 23 1.000000
24 25 1.000000
24 34 1.000000
25 15 1.000000
25 24 1.000000
25 26 1.000000
25 35 1.000000
26 16 1.000000
26 25 1.000000
26 27 1.000000
26 36 1.000000
27 17 1.000000
27 26 1.000000
27 28 1.000000
27 37 1.000000
28 18 1.000000
28 27 1.000000
28 29 1.000000
28 38 1.000000
29 19 1.000000
29 20 1.000000
29 28 1.000000
29 39 1.000000
30 20 1.000000
30 31 1.000000
30 39 1.000000
30 40 1.000000
31 21 1.000000
31 30 1.000000
31 32 1.000000
31 41 1.000000
32 22 1.000000
32 31 1.000000
32 33 1.000000
32 42 1.000000
33 23 1.000000
33 32 1.000000
33 34 1.000000
33 43 1.000000
34 24 1.000000
34 33 1.000000
34 35 1.000000
34 44 1.000000
35 25 1.000000
35 34 1.000000
35 36 1.000000
35 45 1.000000
36 26 1.000000
36 35 1.000000
36 37 1.000000
36 46 1.000000
37 27 1.000000
37 36 1.000000
37 38 1.000000
37 47 1.000000
38 28 1.000000
38 37 1.000000
38 39 1.000000
38 48 1.000000
39 29 1.000000
39 30 1.000000
39 38 1.000000
39 49 1.000000
40 30 1.000000
40 41 1.000000
40 49 1.000000
40 50 1.000000
41 31 1.000000
41 40 1.000000
41 42 1.000000
41 51 1.000000
42 32 1.000000
42 41 1.000000
42 43 1.000000
42 52 1.000000
43 33 1.000000
43 42 1.000000
43 44 1.000000
43 53 1.000000
44 34 1.000000
44 43 1.000000
44 45 1.000000
44 54 1.000000
45 35 1.000000
45 44 1.000000
45 46 1.000000
45 55 1.000000
46 36 1.000000
46 45 1.000000
46 47 1.000000
46 56 1.000000
47 37 1.000000
47 46 1.000000
47 48 1.000000
47 57 1.000000
48 38 1.000000
48 47 1.000000
48 49 1.000000
48 58 1.000000
49 39 1.000000
49 40 1.000000
49 48 1.000000
49 59 1.000000
50 40 1.000000
50 51 1.000000
50 59 1.000000
50 60 1.000000
51 41 1.000000
51 50 1.000000
51 52 1.000000
51 61 1.000000
52 42 1.000000
52 51 1.000000
52 53 1.000000
52 62 1.000000
53 43 1.000000
53 52 1.000000
53 54 1.000000
53 63 1.000000
54 44 1.000000
54 53 1.000000
54 55 1.000000
54 64 1.000000
55 45 1.000000
55 54 1.000000
55 56 1.000000
55 65 1.000000
56 46 1.000000
56 55 1.000000
56 57 1.000000
56 66 1.000000
57 47 1.000000
57 56 1.000000
57 58 1.000000
57 67 1.000000
58 48 1.000000
58 57 1.000000
58 59 1.000000
58 68 1.000000
59 49 1.000000
59 50 1.000000
59 58 1.000000
59 69 1.000000
60 50 1.000000
60 61 1.000000
60 69 1.000000
60 70 1.000000
61 51 1.000000
61 60 1.000000
61 62 1.000000
61 71 1.000000
62 52 1.000000
62 61 1.000000
62 63 1.000000
62 72 1.000000
63 53 1.000000
63 62 1.000000
63 64 1.000000
63 73 1.000000
64 54 1.000000
64 63 1.000000
64 65 1.000000
64 74 1.000000
65 55 1.000000
65 64 1.000000
65 66 1.000000
65 75 1.000000
66 56 1.000000
66 65 1.000000
66 67 1.000000
66 76 1.000000
67 57 1.000000
67 66 1.000000
67 68 1.000000
67 77 1.000000
68 58 1.000000
68 67 1.000000
68 69 1.000000
68 78 1.000000
69 59 1.000000
69 60 1.000000
69 68 1.000000
69 79 1.000000
70 60 1.000000
70 71 1.000000
70 79 1.000000
70 80 1.000000
71 61 1.000000
71 70 1.000000
71 72 1.000000
71 81 1.000000
72 62 1.000000
72 71 1.000000
72 73 1.000000
72 82 1.000000
73 63 1.000000
73 72 1.000000
73 74 1.000000
73 83 1.000000
74 64 1.000000
74 73 1.000000
74 75 1.000000
74 84 1.000000
75 65 1.000000
75 74 1.000000
75 76 1.000000
75 85 1.000000
76 66 1.000000
76 75 1.000000
76 77 1.000000
76 86 1.000000
77 67 1.000000
77 76 1.000000
77 78 1.000000
77 87 1.000000
78 68 1.000000
78 77 1.000000
78 79 1.000000
78 88 1.000000
79 69 1.000000
79 70 1.000000
79 78 1.000000
79 89 1.000000
80 70 1.000000
80 81 1.000000
80 89 1.000000
80 90 1.000000
81 71 1.000000
81 80 1.000000
81 82 1.000000
81 91 1.000000
82 72 1.000000
82 81 1.000000
82 83 1.000000
82 92 1.000000
83 73 1.000000
83 82 1.000000
83 84 1.000000
83 93 1.000000
84 74 1.000000
84 83 1.000000
84 85 1.000000
84 94 1.000000
85 75 1.000000
85 84 1.000000
85 86 1.000000
85 95 1.000000
86 76 1.000000
86 85 1.000000
86 87 1.000000
86 96 1.000000
87 77 1.000000
87 86 1.000000
87 88 1.000000
87 97 1.000000
88 78 1.000000
88 87 1.000000
88 89 1.000000
88 98 1.000000
89 79 1.000000
89 80 1.000000
89 88 1.000000
89 99 1.000000
90 0 1.000000
90 80 1.000000
90 91 1.000000
90 99 1.000000
91 1 1.000000
91 81 1.000000
91 90 1.000000
91 92 1.000000
92 2 1.000000
92 82 1.000000
92 91 1.000000
92 93 1.000000
93 3 1.000000
93 83 1.000000
93 92 1.000000
93 94 1.000000
94 4 1.000000
94 84 1.000000
94 93 1.000000
94 95 1.000000
95 5 1.000000
95 85 1.000000
95 94 1.000000
95 96 1.000000
96 6 1.000000
96 86 1.000000
96 95 1.000000
96 97 1.000000
97 7 1.000000
97 87 1.000000
97 96 1.000000
97 98 1.000000
98 8 1.000000
98 88 1.000000
98 97 1.000000
98 99 1.000000
99 9 1.000000
99 89 1.000000
99 90 1.000000
99 98 1.000000
END
#################################################################
SECTION4 (TrueSubGraph Information)
EndPoint0 EndPoint1 Weight
19 9 1.0
9 8 1.0
8 18 1.0
18 17 1.0
END
#################################################################
SECTION5 (Labels Information)
1 0 0 0 1 0 0 1 0 0 0 1 1 1 1 1 1 0 1 1 1 0 0 1 1 0 1 1 0 1 1 0 1 1 1 1 0 1 1 1 0 0 1 1 0 1 0 1 1 0 
END
#################################################################
SECTION6 (bt Information)
5 -5 -5 -5 5 -5 -5 5 -5 -5 -5 5 5 5 5 5 5 -5 5 5 5 -5 -5 5 5 -5 5 5 -5 5 5 -5 5 5 5 5 -5 5 5 5 -5 -5 5 5 -5 5 -5 5 5 -5 
END
#################################################################
