#################################################################
#APDM Input Graph, this input graph includes 3 sections:
#section1 : general information
#section2 : nodes
#section3 : edges
#section4 : trueSubGraph (Optional)
#
#if nodes haven't information set weight to null
#################################################################
SECTION1 (General Information)
numNodes = 100
numEdges = 200
usedAlgorithm = NULL
dataSource = SimulationData2
END
#################################################################
SECTION2 (Nodes Information)
NodeID Base Counts
0 1.578038 -0.301702 -1.203624 1.738951 -0.129660 1.625490 0.928450 0.616209 -0.439855 -0.904931 -0.789148 -0.831093 -0.847711 0.321225 -0.707714 -1.487797 0.761066 0.343042 -0.077665 -0.274842 0.197768 0.603283 -0.523326 0.726365 0.355433 0.544445 -0.638377 0.345404 0.673365 0.970471 0.126765 0.593837 1.250379 -1.557864 -1.470651 -0.786968 0.559231 1.619023 -2.903624 -1.030266 -0.836618 -1.757101 -1.249003 -0.282626 1.551027 -1.687644 -0.177900 1.553082 -0.536216 -0.020752
1 0.478370 1.024650 -1.905810 -0.604761 -0.050555 -0.002932 1.011980 0.056803 0.035815 -0.049121 1.333305 -0.885574 1.103040 -1.774530 0.627020 0.078742 -0.775929 2.372020 0.387526 1.321207 0.916011 1.397125 -0.106706 -0.551526 -0.075424 -0.893686 -0.662756 2.038802 -1.333576 1.047103 -0.374413 -1.652988 0.307032 1.067528 -0.755496 0.418042 0.499559 0.229431 0.229556 0.722853 -0.829484 -1.253040 0.387541 0.009710 -0.589741 -0.519952 -0.572464 1.425914 -0.145802 -0.260667
2 1.684663 0.731177 0.350283 -0.827119 0.608775 0.447841 -0.535967 -0.506163 0.496293 0.196591 1.013417 -1.283554 -1.090557 1.403087 -1.603705 -1.602585 1.013920 1.281349 -0.091373 -0.728819 0.274476 0.591615 0.846609 -0.750331 -0.201613 -0.594168 0.519521 -0.037744 0.247274 0.884768 0.262419 0.015557 0.883810 0.301136 0.616602 -1.186583 0.146239 0.514377 2.769292 -0.246603 0.274999 1.168776 -1.180647 -0.613367 0.411816 -0.526298 -2.337666 -0.732580 0.481568 -1.427617
3 6.290408 3.280558 4.497693 6.375543 -1.486097 3.377778 4.448751 5.372009 4.723566 4.171527 5.096741 5.406695 5.820339 3.889659 5.746048 5.030987 4.886209 0.444418 6.522398 4.654487 5.575454 5.106776 4.888727 5.310586 5.386129 4.370209 6.236098 5.671781 6.381799 3.511624 3.712996 3.036195 7.109408 6.296790 6.857896 4.289331 5.226371 5.249598 7.717097 4.774811 4.315452 -0.396397 5.210687 5.285319 -0.061056 5.511221 4.000165 5.057152 5.128097 6.160188
4 4.137903 4.829993 5.858530 5.450708 -0.195274 6.465246 3.919976 6.607352 6.914427 5.387291 5.134591 5.560192 4.323960 3.515337 5.900450 5.282974 3.633127 -0.664703 6.106009 5.118489 5.324067 5.037119 4.838438 5.108169 5.754675 6.369676 5.051781 4.292146 4.029802 5.437177 6.590699 6.257589 4.839555 5.660005 3.933929 3.730149 3.210267 6.817154 4.718460 5.118255 2.850039 -0.883724 6.143179 4.655372 -0.389242 4.008629 3.144128 4.755186 5.464139 4.755357
5 0.515913 -1.289242 -0.444915 1.129553 0.029316 0.925343 -0.271734 -0.443567 -0.481774 0.173485 -0.374693 1.433267 -0.563260 -1.789983 1.974952 0.581595 0.536477 -0.352999 1.562877 -0.608308 -1.349553 1.690438 1.379750 -0.871045 0.843825 -1.042225 0.231923 0.987364 -0.232512 -0.249514 -0.536221 0.481811 0.563941 -1.995379 0.042115 0.232943 -2.214583 1.545751 -0.792989 -0.240326 -0.295502 -0.477267 0.555717 0.095070 -0.399285 0.450339 -1.167983 1.069408 -0.805920 -0.016762
6 -0.793509 0.091170 1.270214 -0.291208 0.800117 -0.886743 0.419861 -1.066540 -0.228671 -0.716680 0.208728 0.977289 0.770617 0.926832 0.340988 -0.799144 -0.313773 -1.617956 -0.483938 0.032483 0.389654 1.641025 -0.877680 -0.911880 0.899593 0.289738 -0.458322 0.018303 -1.415163 1.735740 0.978925 -0.017796 2.569091 0.594888 -1.154997 0.170267 -1.241318 -0.516037 -1.231042 0.411884 0.100621 -2.232050 0.039881 -2.002127 0.194987 -1.197464 1.088896 0.495395 -0.559054 -1.939225
7 0.184138 0.254105 0.635904 0.090802 -0.231837 0.527333 -0.331652 -0.534127 1.469359 1.027510 -0.691303 1.031448 -0.396911 0.937724 -1.910346 -0.782053 1.266826 1.107210 -0.087823 -0.243626 0.251318 0.360367 -0.691677 -0.948602 -0.424503 -0.649815 0.647557 -0.662355 -0.333640 0.853566 -0.111432 -2.558146 -0.746359 0.843745 0.066852 -0.514871 -0.621666 -1.652667 2.377985 1.278790 0.938365 -1.558857 -0.809926 -0.229186 -1.246266 0.994248 0.833490 1.026468 -0.651794 -1.635656
8 -0.578302 1.077955 -0.440603 -0.413605 0.990569 0.557048 0.650376 2.733482 -2.000884 -0.178133 -1.869472 0.516091 -0.638770 -1.019627 -0.607305 -0.951262 -1.754841 0.506573 0.059022 -0.694099 1.011101 0.998906 -0.864914 1.463742 1.155557 -0.915522 0.361977 -1.318182 1.317030 -1.840612 -1.306450 -0.055852 -1.282419 -0.122252 0.997046 -0.564726 -0.257829 -0.287865 1.840068 -2.260912 1.681485 -1.133520 0.831871 0.697064 -0.350119 -0.398606 -0.651692 -1.146774 0.365799 1.917320
9 1.384140 0.479669 0.058913 -1.276090 -1.068005 0.705572 0.334791 1.039566 -0.414366 2.448174 -0.492218 2.032734 -0.653164 -1.491914 0.844076 0.160869 1.686502 -1.223496 0.099598 -1.614445 0.104417 -2.107480 1.068298 0.342726 -0.651109 -0.775958 0.552144 0.951524 0.940964 -1.108647 -0.633386 -0.278320 -1.673380 0.656410 -1.170304 -0.727926 2.081647 -1.955040 0.049983 -0.745702 -0.314185 0.496129 -0.101426 -0.207951 -0.502310 0.001922 -1.215512 0.931880 0.251263 -0.290540
10 0.342879 -0.294482 -1.281515 0.554346 -0.009345 1.260600 -1.197340 0.660434 0.262677 0.598242 0.344847 1.648049 0.296602 -0.248578 -1.452169 1.598829 -0.732765 0.168471 -1.270803 -0.587671 0.313895 -0.793621 0.404712 -0.389708 -0.967920 2.198060 -0.803583 -1.126033 0.898719 -1.404395 -1.114643 1.613492 0.203213 0.041451 -0.807550 0.754713 0.095198 1.639772 -0.069480 -0.697345 0.499177 0.477457 1.305988 -0.300715 1.045541 1.996895 0.614043 -0.533281 -1.556438 -1.245396
11 -0.452529 -2.522923 0.720412 -0.301746 -0.481483 0.744264 -0.186893 1.147067 -1.731983 1.026842 -1.190533 0.406083 -0.454222 0.251613 0.043813 -0.615782 0.976670 -0.956875 1.441255 -1.075041 0.708645 -0.080016 -1.401696 0.167337 -2.489334 0.331490 1.922207 -0.645663 -0.023040 -0.759329 -1.029831 -0.998660 0.861494 -2.448607 -0.938002 -0.002274 0.785326 -0.175195 0.114045 0.265502 -0.183708 -1.935477 -0.605453 0.751491 -0.257046 2.743326 -0.799833 2.337852 -0.087455 0.042441
12 0.184992 -0.636397 0.576649 1.092295 0.846596 -1.815384 0.252220 0.663526 1.589793 -0.337106 0.525521 -1.332693 1.727056 -0.176923 -0.293632 0.702755 -1.606822 1.882166 0.264065 1.419908 -0.803339 0.586261 0.167883 -1.051737 1.231632 -0.521637 0.026937 0.725241 1.235191 -0.804593 0.059575 1.521029 -0.477815 1.756461 0.162177 0.302265 0.974653 -0.970518 -0.428690 -0.172991 -0.620817 -0.273253 -0.353169 -0.805658 -0.289046 0.896078 -0.195311 -0.246327 -1.285025 0.004265
13 1.310654 -0.459651 -0.214403 -1.237404 1.233768 1.230145 -1.047298 -0.499521 -0.487913 -0.289169 0.071531 2.181421 -0.955071 -0.669507 0.671466 0.075329 1.348145 0.028085 -0.985984 -0.270523 -0.113925 -0.549675 -0.212439 -1.757042 -0.852789 0.426413 -0.552578 1.038468 0.202934 0.601399 0.448810 0.903849 -0.415325 1.623756 1.232549 -0.789521 -1.595475 0.150201 -0.022614 1.763465 -2.277642 0.793071 1.603725 -0.826123 -0.712399 -1.708794 0.509339 0.800742 0.305068 0.259932
14 0.721583 -0.623398 -0.584338 -0.956766 0.375140 0.197784 -0.730739 0.416173 -0.815751 1.296962 0.045985 0.812183 -0.111118 0.147386 0.311949 -1.201588 -1.373841 -0.651019 -1.803391 1.063102 2.301482 -0.736505 -0.318013 0.359865 0.420959 -0.772628 -1.125222 -0.122267 -0.270859 -1.452237 0.521448 0.435795 -1.889852 -1.127021 -0.061219 0.571575 1.217095 -0.627661 0.239722 1.102586 -0.744512 0.771353 0.149100 -0.099303 -0.439296 0.537331 -0.274452 1.561718 -1.743215 -0.280745
15 0.282383 -0.289197 1.335205 -0.965971 0.148766 1.338443 -0.593887 -0.279407 0.668944 -0.062877 -0.937499 -2.039832 1.406805 -1.547448 0.462209 -1.135964 1.949596 -0.455570 0.998722 0.220785 -0.278242 0.125512 -1.148792 -0.317441 -0.942281 0.046003 0.590039 -2.229208 0.964790 1.349925 0.746726 -1.921462 -1.171013 -0.153803 0.154632 0.246330 0.762692 0.282629 -0.934953 -1.206897 0.004249 0.685515 2.044542 0.761387 1.407653 1.109902 -0.392574 -0.276261 0.077102 -0.328651
16 1.378037 -1.829790 0.025464 1.459840 0.118880 -0.651197 2.257287 0.807455 -1.581577 0.026571 1.642919 -1.650355 1.351906 0.011872 0.908562 1.421006 -0.867145 -0.159774 0.087819 1.507708 0.292005 0.478658 0.366547 -0.424569 -0.249336 0.850785 -0.333522 -1.583456 0.333982 1.232269 -0.164867 -0.388230 2.325465 1.412475 0.240393 -0.236279 -0.315547 3.399931 -1.142095 0.536840 -0.854669 0.019267 0.389376 0.266886 2.684384 0.492792 1.425626 0.037072 -0.756009 -1.624355
17 0.873768 1.551937 -0.584092 -0.721276 -1.029205 -1.514017 1.503316 -0.381753 1.498784 -0.324887 0.643677 -0.520010 -0.292550 -0.792013 -0.431954 0.402927 1.056827 -0.484571 0.282070 0.232987 -0.009481 0.507491 -0.288932 -0.758628 -0.078667 -0.227166 1.788818 -0.138457 -1.091676 0.832282 -1.043233 -1.179858 1.482481 -0.044477 0.022019 0.442475 -1.406050 -3.164290 -2.173022 0.025711 -0.381437 -0.613196 -0.126393 -0.488356 0.341375 0.478967 -0.407631 -0.717408 -1.357637 -0.880186
18 0.232039 1.023256 -2.404809 0.668170 0.324719 -0.440575 -0.492757 1.230134 0.071929 -0.839853 1.624836 0.646022 0.095938 0.813004 1.390090 0.228202 -0.046898 -0.499022 -0.638705 0.414227 0.955516 0.234067 0.077449 -0.172013 -0.695022 0.945415 1.137402 0.052271 2.337264 -0.095725 0.263010 1.126261 0.992141 -0.542475 -0.977055 0.396240 -1.255226 -0.204692 0.658528 -1.422814 1.012491 -0.100286 -0.894040 0.888965 -1.796697 -1.422850 0.403261 1.007410 -0.412517 -0.146910
19 -0.970435 -0.232888 -0.431622 0.223245 1.322789 -0.961280 0.490485 1.310341 0.131271 1.376590 0.444237 2.217090 0.020352 -2.426214 0.498212 1.730785 0.027164 -0.230425 -0.086608 0.251508 -0.523930 -0.291003 0.331199 -0.982749 -1.472063 -0.948572 1.300198 0.845707 -0.890188 -0.272293 -1.245619 0.880505 -0.010191 -1.892918 1.229365 -0.722743 -1.106396 -1.620267 1.474735 -1.755376 1.027062 -1.345300 -1.511082 0.833766 -0.916040 0.728401 -0.138407 -0.144456 0.866421 -0.750188
20 0.803308 0.623485 -1.180143 0.530905 1.192029 0.039757 0.117875 -0.138993 -0.596678 0.806802 -0.209067 -0.572535 0.487148 -0.610341 1.320506 -0.523087 -0.271542 -0.916623 0.048355 0.683826 -0.518705 -0.075499 0.450743 0.947258 1.574510 0.712825 0.557670 0.132242 -0.262866 1.363553 -0.830704 0.323037 1.907265 0.652767 0.105958 0.933566 -0.197888 1.206482 -0.263018 -0.294161 0.431318 1.142212 0.857931 0.280203 -0.577606 -0.834808 -2.497992 -0.711058 0.389212 -0.734105
21 -1.951753 0.111918 0.206613 0.764728 -0.743406 -0.088779 -0.944836 0.391282 0.194402 1.455027 0.691838 -1.149411 -0.375349 -1.583966 -0.921515 1.412880 1.569922 0.287532 -0.754103 -0.629978 -0.454950 -0.985270 0.209049 -0.271750 -0.225908 1.296273 -0.748640 -1.573229 0.239734 -0.687871 1.066592 1.097504 0.809716 0.853305 -0.214286 0.270681 -1.057026 0.692753 -0.351015 0.156244 -1.082792 -1.613307 -0.132001 -1.216787 0.950379 -0.565659 -1.286692 -0.261413 -0.794972 -0.189815
22 -0.988890 -1.301100 -0.466839 -1.084601 1.680744 0.677965 -0.781792 0.784806 -1.898551 -0.895312 -0.880054 -1.094343 -0.446766 0.317198 -1.082427 1.811603 0.393541 -0.505197 -0.268019 1.783233 -0.104236 -0.611898 -1.513456 -0.376058 -0.640535 0.018289 0.867355 0.114030 1.479735 -2.481683 1.181298 -0.802310 -0.346824 1.424697 2.370086 0.272279 0.222868 -0.025653 -0.375712 0.221462 -0.614801 0.227818 -0.098554 0.814607 2.857135 0.012790 0.935938 -0.545021 0.206847 2.119274
23 -0.140071 0.008128 1.761539 -0.070454 -0.206307 0.508620 1.024301 -0.041592 -0.075256 -0.683231 1.186391 -0.001599 -0.042598 -0.726012 0.101855 -0.049824 0.102320 -0.939951 1.059465 -0.331846 -2.030719 -0.346033 -0.081271 -0.372012 0.968966 0.171202 0.603040 -0.124046 0.194881 0.369412 0.800550 -0.303945 -0.219282 1.361011 -0.818146 1.400353 -0.545162 0.472914 -0.502468 -0.646204 -0.262598 1.863128 -0.230627 1.577755 -0.559971 -1.453993 0.302254 0.115215 -0.528871 1.135105
24 -0.245595 0.514040 0.377887 -0.755131 -0.341922 -0.244835 -0.585415 0.698989 0.128512 0.091070 -0.587094 -1.499833 -0.763177 0.120407 -0.653431 1.023632 0.119311 -1.156873 -1.710749 -0.796862 -0.339161 -0.034130 1.635107 0.454655 1.204109 0.303673 1.091818 1.185874 0.148177 0.963358 -1.064915 0.015504 -2.628048 0.192926 0.178347 0.291302 1.575208 -0.818652 0.268941 0.087050 -1.267455 -0.327328 -0.997542 0.306689 -0.522956 0.568565 -0.329718 -0.414341 0.568862 1.244412
25 1.729201 -0.600225 -0.266797 -0.548473 -0.415956 0.575757 -0.659132 -0.368234 -0.565877 -0.310157 2.169846 0.477888 -1.256016 0.139847 0.672982 -0.233254 0.133538 -0.383097 2.275292 0.749346 -2.858800 -0.529987 0.539471 0.933375 0.883098 2.107581 0.134737 -0.427959 0.301798 1.332610 -0.009279 -0.375253 0.318763 -0.238874 -1.470315 -0.805850 -0.577028 -1.076183 0.153063 1.980306 -0.896876 -1.293727 -0.525659 0.922572 1.044498 0.543199 0.712473 -1.226234 1.868658 1.583453
26 1.234918 -0.180956 0.451653 -1.091330 1.699540 1.011175 1.779001 0.351066 -0.792546 0.620948 -0.216025 0.268588 0.147591 0.570277 -2.106340 -0.425715 1.557726 -1.668182 -1.340796 -0.232328 -0.131737 0.198206 -0.531988 1.084853 -1.572253 0.113844 -0.369111 0.610273 -0.777014 0.045694 0.655658 -1.182489 0.591260 2.110049 -0.030837 -2.467896 0.645840 -0.158630 0.060162 0.876606 -2.053309 2.552326 -0.529310 -0.282823 0.378385 0.425005 1.836611 0.112627 -2.327839 -0.713300
27 -0.508280 1.445527 -0.439861 2.178802 1.684214 0.066703 -0.151942 -0.163728 -0.223486 -0.865527 0.531494 0.260539 -0.500008 1.065656 0.079202 1.697229 1.919647 -0.030951 0.259826 -0.438344 -0.707275 2.015006 -2.498477 -1.049276 -0.682210 -0.765311 -0.438924 0.182617 0.403963 -0.574114 -0.108570 -1.805127 2.010960 -0.604392 1.063666 0.089167 0.103073 -1.349720 1.239646 0.160641 -0.043011 0.243415 0.144061 0.322538 0.806500 -0.576335 -0.286295 1.454071 0.955941 -0.917543
28 -0.930874 -1.238617 -0.280809 -1.660364 -0.329573 -0.175271 0.308020 1.437238 -1.413202 -0.213659 1.442171 -0.959733 -0.831837 0.112087 0.845478 -0.891998 -0.976324 -0.502986 -0.051803 -0.117815 -1.688545 -0.183956 0.320146 -1.196160 -0.227827 1.400081 -0.982798 0.450675 -0.238003 -0.550918 1.421025 0.635851 -0.961499 -1.609163 -0.227960 -0.620389 1.746200 -0.227170 1.415530 0.709245 -1.768319 0.848950 1.016394 -1.023519 -0.152046 -0.574079 0.821570 -0.445171 -0.550332 0.845812
29 -1.550311 0.477704 1.102417 0.433573 -0.947741 1.304873 1.808605 1.102607 -0.581716 -0.279966 1.476388 -1.367750 -0.966165 -1.075993 -0.378249 0.152371 0.283470 -0.102640 0.960766 -0.635033 -0.571226 0.091658 -0.841361 1.405742 0.534783 0.166364 -1.700716 -0.985338 1.595721 0.145650 -0.483557 -0.931188 -0.262030 0.834388 -0.622595 -1.721825 0.417294 -0.730643 0.463806 0.244655 1.545451 0.516543 0.595063 -0.597531 -1.087737 -2.143710 -1.158448 0.906671 0.192094 1.460310
30 -1.254673 1.183606 -0.068746 0.880456 -0.040301 0.365939 -0.622086 -1.764305 -0.776298 0.090740 0.602184 -0.696944 0.116431 -0.119382 -0.362196 -0.040100 0.025071 -1.553532 0.914938 -0.470868 1.013913 0.617517 -0.196186 1.137922 1.149611 1.992083 -0.687100 -0.636068 0.191393 -0.074951 -0.008993 0.290815 0.509149 -1.618424 1.435236 -0.746507 -0.147440 -1.612456 1.255400 -0.462521 4.081378 -0.592964 -0.801885 -1.723150 0.606894 -1.002361 0.591506 -0.162130 -0.295376 0.970158
31 -0.044005 -0.258440 0.855793 -3.358048 -0.577553 -0.088266 1.303035 -0.771157 -0.209595 -0.249332 0.245201 0.553825 1.677417 -0.460971 -0.628235 -0.036468 -1.078552 0.224953 -0.299299 -2.137739 0.531423 0.402121 -0.367274 0.723547 0.422073 -1.171099 -0.240236 1.618136 0.484023 -0.844295 -0.499898 1.009480 0.708971 2.090714 1.520477 0.060728 0.377913 -0.411456 0.660811 -0.464710 -0.040519 2.190272 -0.177168 1.409050 -0.076028 -0.410169 -1.158588 1.171014 0.467589 -1.384159
32 1.680193 0.697851 1.209613 0.154076 -1.273915 -0.064023 1.319937 -0.537907 0.015134 -0.300143 -0.799678 -0.459120 0.061384 -0.279151 0.192542 -0.803944 -1.260496 0.118335 1.338552 -2.250286 -1.068242 -1.549752 0.491695 0.243234 1.595726 0.445904 1.180095 -0.105711 1.659118 0.567893 0.585270 -0.126343 -0.146133 -0.365038 0.817962 -0.626791 -1.611496 -0.940933 -0.730993 -0.966356 -0.958829 0.301713 -0.820727 1.717673 -0.073362 -0.294598 -1.874707 -0.541158 0.439093 -0.137356
33 0.219136 -0.761335 -0.533331 0.742556 0.269779 1.068436 0.697045 -1.325062 0.126837 -0.199529 1.073381 -0.424564 -1.012607 0.151014 0.978802 0.378080 -1.333109 -0.128594 0.223166 0.539956 -0.447660 1.483921 -2.671450 0.799182 0.434286 0.649877 2.156954 1.651368 0.404091 -0.632227 -0.976060 -1.005108 0.007498 0.547824 0.354166 -0.067325 -0.556889 -1.832303 2.460866 0.999490 0.316406 1.223396 0.288543 0.141145 0.537568 -0.243282 0.341483 -0.328077 0.036239 -0.207357
34 0.875040 0.088855 0.679866 0.548492 -0.482587 0.104479 -1.745876 1.139855 0.555489 0.317524 0.303459 -0.663480 -0.657114 0.274294 1.375891 -0.868246 -0.544487 -1.282007 0.439843 1.596726 1.781638 -1.306310 0.545500 1.267388 -1.769414 -0.414126 1.546335 0.552248 -1.740720 -0.040866 0.891431 -1.110509 0.916732 2.013800 -0.170037 -0.395604 0.550759 -0.616260 0.655291 -0.588428 0.628243 -0.141734 -0.271392 0.061624 -1.427461 0.384794 -0.389379 0.286493 0.317947 1.636172
35 -0.577837 -0.317279 -0.103720 -0.010659 -1.354172 -0.608727 -0.593685 0.146232 -1.506599 -0.284723 0.808817 0.069042 -0.209851 0.380310 -1.450521 1.018069 1.874303 0.322049 -0.457472 -0.676067 -1.594498 -0.121935 0.162135 -0.812022 -0.502676 -0.415290 2.017888 -0.980133 1.501816 -0.137125 2.031938 1.218127 -0.164805 -0.807910 0.076815 -1.190945 1.661360 -0.911685 -1.444463 -0.100482 -0.869133 2.148497 -0.074144 0.293534 0.333339 0.735082 -2.788355 -0.861823 -1.756068 1.148148
36 -1.356384 -0.725799 -0.668176 -1.367878 -0.794739 1.153435 0.222833 0.206333 -0.383727 0.156930 0.279155 -0.669309 1.304682 2.007818 0.002835 -0.923619 0.770664 0.415769 -1.530418 -2.915224 0.437858 1.291850 -2.565487 -0.753565 0.715915 1.064185 -1.218636 -0.002983 -1.159785 0.721026 -0.730954 0.641013 -0.650090 -0.241915 1.840987 0.873304 0.833330 -0.847156 0.953745 -0.299574 0.697492 -0.246367 -0.216088 1.440908 0.891441 0.655726 1.380364 1.408589 2.012863 -1.249429
37 -1.709608 -0.280058 -0.548486 0.376334 1.800452 -0.396823 -0.877484 -0.315245 0.421988 -0.409760 -0.270062 0.008515 0.172944 1.005526 -1.679561 -0.816222 -1.643922 1.253924 -0.077319 -0.410668 0.106358 0.711942 -2.087165 -0.949914 0.209265 0.947857 2.691875 -0.809582 -0.703314 -0.219088 1.729273 -0.590938 1.311902 0.947727 0.114049 1.989376 -0.007266 -0.077280 0.341658 -1.550544 0.319198 -0.574437 -0.098104 -1.684551 2.009676 -0.960803 -0.153747 1.387182 -0.977955 2.107236
38 0.168406 0.567221 -0.218723 2.090967 0.120447 -1.153983 -0.873589 0.327127 -1.182251 -0.975185 -0.417497 1.113674 -1.113050 0.965633 -0.026110 -0.410572 0.021415 1.533341 0.346830 2.596019 -1.928148 1.526442 -0.763311 1.043551 -0.521407 0.492231 -0.012544 1.664485 1.026594 0.601517 0.432652 -0.543567 0.656934 0.304467 1.512503 -0.769012 -0.432141 0.874344 -0.603074 -0.413821 -0.477837 0.365466 0.059419 -0.382727 0.275309 0.549566 1.680151 0.121706 -0.240152 1.863674
39 0.341056 0.167797 -2.606545 0.879851 1.357103 -0.746837 -0.889522 0.803012 -1.127215 1.686463 0.133627 1.186892 -0.503540 0.760033 -0.008883 -0.445668 -1.732741 0.357307 -1.093205 0.115460 -1.499688 0.349902 0.006314 0.531892 1.197049 0.480493 -0.986075 -0.046191 -1.417126 1.355122 -0.280369 -0.287350 -0.296823 0.566179 2.121215 -1.051177 -1.097115 -1.721781 0.139797 1.822507 -0.245808 0.416470 1.574789 -0.537287 0.427792 -0.762548 -0.299690 -0.551985 -0.286505 0.382572
40 2.509115 0.319792 0.810015 -1.425021 -2.442502 0.024538 0.721584 1.177197 0.099407 0.068281 0.778826 0.336007 0.783624 2.220016 0.796428 -1.361665 -1.224858 3.319279 0.724092 0.324539 -1.217057 1.249329 1.044100 -0.462184 0.395476 -0.002116 -0.873248 -0.511779 2.038906 0.141405 -0.754153 1.266916 -0.266189 0.057486 -1.162266 -0.377008 -1.177161 -1.197394 0.305341 0.395459 -0.094380 1.374369 1.048478 -0.419443 0.981699 -0.456799 -0.051707 -0.809228 0.652509 -1.050080
41 -0.407960 0.352099 -0.319000 0.415770 -1.284966 -0.711813 1.156354 -0.732802 -1.176193 -0.915883 1.648579 -1.699479 -1.305338 -1.255618 -0.321592 0.405054 -0.754897 -0.144340 -0.617406 0.577986 0.105530 -0.124176 0.513065 0.739099 -0.927886 0.045257 0.694372 0.613792 1.000725 -0.101951 0.057190 -2.288504 0.701818 1.288499 0.466753 -0.319898 1.488136 -0.384600 1.535512 -0.410643 -0.907101 0.034926 0.413842 0.708266 -1.040557 0.265499 0.117199 -1.455466 0.767507 -1.083540
42 0.223636 1.326713 0.387863 0.923134 -0.769849 0.312895 -1.126189 -0.762448 1.133893 0.578673 1.881638 0.577935 0.801801 -0.074990 -0.622244 0.120819 0.418938 -1.735291 -0.952579 0.606393 0.326973 -0.725537 0.704119 0.115027 -0.847101 0.228690 1.014113 -1.011268 -1.121090 0.827018 -0.747464 -0.793919 0.392977 0.327635 -0.755059 -0.484028 0.701780 -1.789085 -1.358883 0.412230 -0.290732 1.963595 0.323639 -0.066730 1.307270 -1.041854 -1.334294 -1.130263 -0.127532 -0.462287
43 -0.466393 -0.791923 0.348201 -1.824811 -0.086462 -2.197284 -0.196596 0.819610 -1.679307 0.647093 -0.347813 0.370572 -0.458001 -0.646331 1.958395 1.190950 0.935493 1.063155 1.320606 0.456810 1.152601 -0.783598 2.375346 0.158446 0.777312 -0.061759 -0.794803 -2.094035 0.120621 -0.793529 0.472390 -1.152400 -0.606617 -1.850680 1.428350 -0.063132 0.265147 0.263145 -0.688891 3.160620 0.662538 1.548677 0.993999 -2.159668 0.081280 0.751593 -1.300575 0.695075 0.406000 -0.694476
44 -1.225864 0.737975 0.369237 -0.609290 2.639790 -0.800704 0.052710 -2.563567 -0.567208 0.878055 0.848568 0.755640 -0.257107 0.199778 0.452212 -1.061472 0.670196 -1.131273 -0.686421 -0.550491 1.118799 -0.623518 -1.726457 -0.518304 0.618786 -0.257984 -1.222177 -0.312521 0.113513 1.157287 -0.420227 -1.733353 1.588718 -0.397571 -0.023971 -1.400441 -0.563007 0.766767 0.994456 0.316809 -1.626360 -0.719050 0.274954 1.201915 -0.784825 -0.255599 0.021724 -0.061999 -0.583341 0.643342
45 1.030992 -0.677016 0.165509 -1.478388 -0.282644 -2.201980 0.116344 0.763271 2.813026 -0.794979 -1.495284 0.191537 0.875992 0.196323 -0.553141 -1.540091 -1.225187 0.187409 -0.026791 0.583465 -0.643833 0.607991 0.444587 -0.893889 -0.596157 -0.145071 0.507229 0.906269 -0.144694 -0.292497 -1.053107 0.321880 -0.085838 -0.107285 0.217389 0.096444 -0.319622 -0.224761 -2.089106 0.629191 0.469904 0.604163 -0.319517 0.997514 -0.049327 0.829636 0.142438 -0.603758 -1.103772 -0.261393
46 0.637566 0.641604 -1.856741 0.947745 -1.095996 -0.529923 0.721595 -0.251797 -1.038374 -1.104463 -0.324791 1.011260 0.171635 -0.011030 0.164664 0.504483 -0.256806 -0.366251 0.770214 0.994630 -1.303373 1.518025 -0.343548 -0.888497 2.794363 0.045422 -0.564022 -0.977428 1.171151 -0.419485 -0.396949 -1.037101 -0.217595 0.523837 2.206791 -0.471111 0.541152 -0.361344 0.132196 -0.579780 -0.664503 -1.243065 0.966189 0.694275 -0.282603 1.023552 0.988233 0.713822 -2.856229 -0.231870
47 -1.373011 -1.189851 0.101510 0.343487 -0.957494 0.336627 0.200563 -0.500241 -0.951295 -0.138249 0.255928 0.925739 -0.922347 0.224134 -1.505265 0.411647 0.501975 -0.048002 0.389569 -0.175771 -0.108688 -1.191539 -1.802017 1.982592 -0.137352 -1.725131 1.376687 1.054299 0.805478 0.813554 -0.791689 1.173352 0.366392 0.869272 -1.981000 1.020023 -0.479822 0.480956 1.138149 -0.897615 0.559598 -1.716907 1.387216 1.253356 0.792107 -0.046898 0.213656 -0.170535 -0.923327 0.048461
48 0.565297 -0.609021 -0.858835 0.133213 1.692385 -0.447786 0.010743 -0.396879 -0.027930 0.146493 -2.392748 0.129347 0.807012 0.358028 0.473624 0.070189 1.333467 2.164048 0.017546 1.128928 -0.554039 0.720400 -0.211608 0.240691 0.946242 -1.618127 1.142819 -0.110233 0.340198 -0.633049 1.798279 0.930989 -1.277381 1.346187 -0.748879 0.857734 -0.459261 0.414496 0.321851 0.038971 1.241480 0.417877 1.427053 -0.515193 -1.343565 1.188781 0.299924 0.132783 -0.797493 0.935398
49 2.357247 0.093129 0.220232 0.980458 0.057529 -1.032250 -2.843836 0.317062 -0.349025 -1.550792 -2.270938 1.596041 -0.201789 0.265758 0.364825 -0.003442 0.969213 -1.096910 0.304735 -2.031355 -0.750233 -2.389033 -1.139935 -0.192747 -0.791809 0.731087 0.870281 2.205801 0.379992 -1.132319 -0.541779 0.165354 -0.166800 -2.052606 0.015085 0.806434 0.382193 -0.750998 0.169917 -0.145094 0.007065 0.917824 -0.262940 -1.188807 -1.219838 0.212123 1.144103 -0.815481 0.246347 0.502156
50 1.773111 -0.525463 -0.089839 2.467813 0.227879 -0.156583 -1.497226 -0.867427 -0.673806 -0.356784 -1.195188 -0.888843 -0.831391 -1.852708 -0.386028 -0.076684 -0.110892 -1.098350 0.633378 0.377435 -1.011727 0.124892 -0.402381 0.678891 0.068579 1.222072 0.067666 0.826315 2.060150 -0.387691 -1.331955 -0.091271 -0.159624 0.231058 -1.372620 0.047310 0.962951 -0.356382 -0.655959 -1.176642 2.134883 0.503316 -1.363386 -0.185332 0.858830 1.135267 0.592152 -0.664121 1.034697 0.440582
51 -0.674290 -0.290746 -0.917538 -0.701856 0.902553 -0.272986 -1.130174 -0.714047 0.167338 -1.491080 -1.115289 0.976256 0.766809 1.138939 0.391242 0.895260 -1.377718 0.260061 -2.076769 1.202439 0.838042 0.323278 0.138845 -0.044256 0.797522 -0.507395 -0.401600 1.076244 -0.258841 -0.089978 -0.351575 -0.066791 -1.253108 -0.200573 -1.135917 1.111258 -1.561763 1.567335 -0.374108 0.237127 -2.941584 0.121919 -0.501406 1.007858 1.809184 0.106114 0.476375 0.262618 0.653647 -0.100272
52 -0.510664 0.705038 -0.747977 -0.185689 -1.025055 0.851490 0.205238 0.630781 -1.606927 -0.409320 1.070430 -0.461368 1.616517 -0.167408 1.222396 -0.332847 -0.632903 0.282220 0.138255 1.039701 0.708606 0.553477 0.618976 0.403567 -0.616006 -1.196721 0.460406 -2.337163 -0.358113 -0.104400 -0.199738 0.519826 1.367244 -2.002912 0.291214 0.141286 1.184877 2.219479 0.962482 -1.366837 -0.610508 -0.237570 0.676215 1.753150 -0.627552 1.778947 0.551039 0.897540 1.380697 -0.422553
53 -1.934746 -1.459121 0.709387 0.296827 0.340030 1.340704 0.151583 0.862197 0.427180 -0.383390 1.063589 -0.123022 1.519200 -0.355486 -0.349859 -1.789622 0.986313 -1.702777 1.005445 -0.574623 0.025061 -0.583680 -0.603790 0.231336 0.764867 1.081798 -0.935996 -0.211099 -0.127422 -0.349457 3.083106 -0.941430 -0.196989 -0.253314 0.833192 1.008358 -0.024922 0.434149 -0.047034 0.821193 0.787170 0.028030 -1.662721 -0.832409 -0.210891 -0.051617 -0.822847 -1.327034 0.113811 -1.194947
54 6.419537 5.171999 5.131413 4.112334 0.110450 3.747699 5.276115 3.152941 5.357082 3.510306 5.517601 2.726123 4.651933 4.497540 5.271443 5.007951 5.951235 -0.348793 5.625298 5.479298 4.951270 4.498482 5.589732 6.149652 4.014888 5.726284 3.833257 4.912370 4.190408 5.088915 4.560550 5.330237 4.837476 5.026423 3.786417 4.767841 4.857265 5.812933 5.999941 3.652173 5.104728 -0.588701 1.906109 5.974288 0.745114 6.150366 5.029705 3.874776 5.502049 3.476993
55 4.191216 1.165000 1.198293 -0.231707 -1.114299 1.785638 -0.549481 0.593981 1.307204 0.008190 0.198538 0.186759 -0.579876 0.272550 -0.907071 0.340373 0.547764 0.776230 -1.537524 0.892554 0.700635 -1.072577 -0.221094 0.920535 1.006488 0.517008 -1.665687 0.341265 -0.464957 0.466989 0.329149 -0.349112 1.108137 -0.776925 0.423847 1.691994 -0.113045 1.233410 1.259006 0.063560 1.106894 -0.321292 0.532112 0.915798 -0.731106 -1.445983 0.523244 0.518358 -1.227144 1.878518
56 1.089726 1.205019 -0.083375 0.270331 1.548815 -0.948398 -1.391713 1.002098 -0.955737 0.961553 0.200969 -1.334888 -0.614506 0.747966 0.110728 0.194280 -2.639774 0.464977 -0.946415 0.712551 -1.112222 1.196991 -1.877280 -0.440711 1.440401 0.002488 -0.698110 -0.058080 -0.441673 0.760270 -0.077708 0.372880 -0.770361 -0.797972 0.228893 0.536434 0.138186 0.404724 0.755064 1.565855 1.390585 0.895580 -1.245235 -0.447121 -0.566614 0.284935 -1.419896 -0.818242 -0.957807 0.372768
57 0.005107 -0.378963 -0.625663 0.224729 -0.700690 -0.967038 0.262190 2.236881 -2.287177 1.477143 0.584396 -1.213894 -0.949810 0.863671 -0.886247 -0.305168 -0.505769 -0.003902 -1.006448 0.973786 0.884694 1.356889 -0.218422 -1.017894 -1.945480 -0.400821 -1.109210 -1.205336 -0.125684 -0.803647 -0.493608 -0.190026 -0.148445 -0.445016 -0.067579 -0.965630 1.505303 -0.796947 -1.287110 -0.635901 -0.726596 -1.150816 -1.993077 0.247571 1.133194 0.012714 -0.427186 1.431159 0.123310 -1.798284
58 0.246428 0.687655 -0.511930 -0.610204 -0.575442 0.396011 1.071964 -0.814562 -0.470380 -1.488616 -0.540438 0.161035 0.352322 0.068189 0.945508 0.149111 0.460198 0.039914 0.680942 -1.374485 0.493711 -0.863085 1.283082 2.143146 -1.887391 -0.498817 0.578286 1.086309 -0.849753 -0.793843 -0.895855 -1.294802 0.276980 -0.706257 -0.364270 -0.793651 0.318872 0.654671 0.141564 0.253107 -0.136124 -0.049270 -0.039284 -0.045066 0.483632 0.376983 0.493816 0.463119 0.490435 1.392829
59 1.146843 0.683378 -0.484501 -1.682209 -0.923960 -0.615953 -0.171551 -0.432890 -0.316532 0.070062 1.340645 -1.476001 0.222318 -1.807499 0.467560 -0.307514 2.214400 0.305774 -1.195748 1.193295 -0.924026 0.793018 0.640186 0.816048 2.301025 0.411953 0.948748 -0.045491 -0.291592 -1.278092 -0.618160 0.456037 0.086557 -1.708533 -0.618905 0.226632 -0.148045 -0.113466 -1.537934 -0.085484 0.635202 1.058650 2.478488 0.338572 -0.825450 -1.235688 0.078120 1.924735 0.460899 -0.147853
60 -2.053800 -0.758642 2.132088 -1.003521 0.359403 0.221524 1.405452 0.808724 0.387808 -0.234409 -1.654405 -1.106240 -0.626093 -0.276958 -0.442741 -0.417116 0.783845 -0.341631 1.076446 -0.742175 0.053522 2.386744 0.829386 -2.235442 -1.121197 0.490441 -1.619133 0.487646 -0.126429 -1.227328 -0.632482 0.447902 0.589078 -0.572673 0.119557 -0.728710 -1.272832 0.134834 0.460121 0.202919 0.370651 -1.222862 0.230187 -1.401411 -0.153732 1.838948 -0.100935 -0.047216 -2.077511 0.787503
61 0.404880 -0.587969 0.727754 -2.058386 -0.745016 0.954999 -0.628569 0.029174 0.118327 -0.046441 -0.379514 1.438567 0.049130 -0.768567 -1.235350 -0.220276 2.407544 -0.915845 0.171104 -1.915419 0.828332 -0.915858 3.795743 -0.505366 0.154260 -0.484758 -0.322146 2.085683 -0.855340 -1.437662 -0.866941 -0.523976 0.673041 -1.193064 0.345026 0.669488 -1.066566 -0.186618 -0.597542 0.247269 -0.073575 -0.033166 -0.514634 -1.902829 1.331478 0.855689 1.319037 1.479270 -1.508946 1.647740
62 -1.610365 0.243031 1.745822 0.357112 1.412098 -1.361043 0.581830 0.667623 -0.469828 1.004281 0.501396 -1.507189 -0.506843 -0.788657 -0.079484 -1.507119 1.550583 0.064419 0.623254 -0.816238 0.734439 0.469665 -0.840183 -0.051288 -0.015046 -0.472225 1.189060 0.412777 0.183764 1.317946 1.345234 -0.891128 0.578597 -0.457572 0.568531 -1.507281 -0.166232 0.116291 1.050569 -1.504629 1.049282 0.832856 -0.121384 0.425470 0.362690 1.028505 -0.636541 1.218118 -0.628619 -0.223396
63 4.353657 6.100555 6.299155 3.789488 0.699019 6.365967 7.757343 4.681929 5.317631 5.513768 4.808996 5.394104 6.229314 5.150839 4.210616 4.564217 5.058309 -0.864823 3.868837 3.965936 3.788323 4.581663 5.172849 4.863438 6.124748 4.603213 6.309703 5.673649 3.904259 6.108524 5.825486 4.275791 5.336258 4.363367 5.844931 3.742207 5.593311 4.642594 6.261459 4.919187 3.868644 -0.360451 5.192488 4.492022 -1.278119 4.341271 6.114859 5.641343 5.507723 3.982105
64 5.727745 4.587260 5.079125 5.630741 0.281197 6.047814 5.747467 6.197914 5.084292 4.263798 5.347619 4.488320 6.213446 5.923021 6.077626 5.965554 4.769585 1.688475 5.822488 3.782849 7.263212 4.688825 4.664592 6.648942 6.855549 4.547944 6.381476 3.404136 5.807007 2.871676 4.577852 4.301307 6.185518 5.359389 4.236901 5.667077 3.422576 6.082390 4.399563 4.555048 2.424807 -0.298257 4.211862 6.551710 -1.204823 5.384379 4.492568 3.709628 4.899627 6.378644
65 -0.770780 0.460705 -0.744149 0.374666 -0.930609 0.096530 -0.123786 0.714188 -0.457510 -1.506566 -0.024268 -0.538345 0.545019 -0.287423 -0.593773 -0.304725 0.935280 -0.131167 -0.169968 0.307130 -0.630726 0.088114 1.117886 0.778221 0.408810 -0.632206 0.040136 -1.476602 0.754957 0.781670 -1.336669 0.600678 -2.215089 2.173627 0.335010 -0.258230 1.147862 0.466456 1.494048 1.073671 -0.037877 -1.666092 1.109191 1.620795 -1.426908 -1.426074 -1.673830 0.135377 0.577775 -0.044409
66 2.352352 -0.455526 0.039230 -0.757368 -0.024744 -1.460756 1.826577 -0.217694 0.792278 0.410069 -1.085449 -0.160168 0.868370 0.123522 1.643364 -1.214692 0.653285 -0.773340 0.112035 -0.391553 -1.192837 0.440333 -0.983579 0.146299 -0.842444 0.866587 0.833176 -1.022939 -0.487809 -0.961760 0.228127 -0.029978 -0.118730 0.495762 -0.053249 -0.173040 0.839709 -0.874224 1.369949 -0.072695 0.897309 0.053322 -0.178556 -1.827102 1.463008 0.940946 0.667907 0.917351 1.545375 -0.840966
67 -0.533007 1.042452 -0.172285 0.842775 -1.174984 -0.611178 0.079720 1.336898 1.048372 -1.457891 -0.380905 0.413533 -0.410161 -0.180171 -0.570189 0.774586 0.526566 -1.975081 0.620295 0.774291 0.992535 0.250243 -1.690668 1.053976 1.179616 -0.232843 -0.115041 -0.317845 -0.116846 -0.096640 -0.619730 1.035388 1.511995 -0.920080 0.772239 2.167194 1.381150 -0.101981 -0.946728 0.308479 0.608302 0.235765 1.684281 0.176398 0.652596 1.268087 -0.481341 0.833904 1.055141 1.218143
68 -0.934926 0.584905 0.319259 -0.818393 -1.598759 1.605818 0.897617 1.291303 2.389145 0.054229 -1.001659 0.538002 -1.474016 -0.416296 -0.840940 -0.945681 -1.915581 2.343853 0.893280 -0.573684 -0.940146 0.091232 0.525116 -0.828619 -1.316303 -0.427335 -1.165010 -0.104110 0.755631 -1.677559 -1.597461 -0.229287 -0.631970 -1.412017 0.512110 -0.413210 -0.977386 1.265941 -1.420988 0.970610 -1.115621 0.156373 0.307625 1.267360 1.065970 -0.725971 -0.055154 -1.412390 1.275579 -1.677048
69 0.789859 1.152629 0.994109 1.005260 -0.240109 -0.181101 2.012989 -2.090769 -0.100553 -0.677256 -0.031037 1.093226 -0.433904 -0.124041 0.252521 -1.502409 0.158823 0.857552 -0.481662 0.324940 -0.074702 0.414104 -0.771465 -0.441624 0.702418 -0.602667 0.252920 1.467333 -0.347928 0.558766 -0.304028 -1.105565 0.491287 -0.654765 -1.032398 0.792415 -1.332492 -0.313179 -2.532341 -0.078241 -1.457379 0.697306 1.423938 0.207543 -1.126688 0.808730 -1.944975 1.428247 -0.244401 -0.260303
70 1.059314 0.901100 1.186293 -2.041550 1.009455 -1.680980 -0.249019 -1.069392 -0.640579 -0.034423 -0.183346 -1.005574 2.348922 0.855871 -0.084226 -1.665415 -0.335881 1.093374 -0.615172 1.207300 -0.015472 -2.936053 0.170614 -0.196034 -0.615043 0.520539 0.085423 -0.752287 0.401446 0.761827 -0.338521 0.399502 2.390802 -0.478505 -2.141527 -0.300312 -0.511510 0.021042 3.017325 -0.505929 -0.039600 -1.312270 -0.356243 0.684964 0.585062 1.115611 -0.625346 1.623566 -0.217290 -1.465947
71 -0.674682 -0.763393 2.336404 0.084312 -0.462917 -0.694514 0.153613 -1.977674 0.483784 0.001481 -0.276546 -0.854391 -0.958724 0.514161 -0.549298 0.282321 1.881373 -3.025628 -0.168432 -0.137858 -0.071118 -0.934429 1.474533 -1.504395 1.181721 0.641260 1.143035 1.015029 0.433198 -0.577796 0.057907 -0.192284 0.048960 -0.370504 -2.021429 -0.101581 0.037905 0.693340 -0.260527 -1.033578 -0.861337 1.749009 0.038358 1.086976 -1.233348 0.451663 -1.526490 -0.651730 -0.591176 -0.029529
72 0.712765 0.888480 -1.481688 -0.166019 -0.233520 0.322322 2.094763 0.931574 0.963775 1.495625 -0.675806 -0.357218 1.270240 -0.533079 0.541924 -1.363226 -1.692808 2.458666 0.714042 -1.328334 -1.226477 -1.704529 -2.026387 -0.143811 -0.983556 1.146340 0.116454 -0.468706 -1.762245 -1.555619 0.672869 -0.082459 -1.531009 0.289011 -0.270007 -1.107893 -0.712903 -1.086013 -0.553620 1.372639 0.085776 0.682690 -1.769661 -0.249254 -0.705055 -0.765908 -0.609380 0.656282 1.347889 2.432322
73 4.520272 5.259401 4.950441 6.851011 0.308080 5.723587 5.589365 5.331801 5.063072 4.524750 3.967617 4.777275 6.567171 5.737945 6.369589 5.155070 6.224958 0.769265 3.398612 4.580211 3.091857 6.550385 6.451633 6.631153 6.103962 5.857359 6.478380 4.383346 6.280554 5.667553 5.224871 5.034152 3.999700 4.471811 5.208468 3.628195 6.381104 5.266707 5.599035 5.403553 5.366127 -1.151839 5.234977 4.518258 -0.638274 6.393458 4.594740 5.652687 3.504393 5.701237
74 5.187284 5.770955 4.383730 5.939332 -0.583693 5.288327 4.933488 4.599655 4.993316 5.924497 7.176362 3.191995 4.369259 5.393219 4.217363 3.667353 4.227120 -0.435302 6.366085 5.978081 4.304750 6.483353 6.360502 4.527111 6.168632 3.872056 4.249290 5.369647 5.974054 4.590861 6.015482 3.934811 4.398301 4.983466 4.018466 6.397937 4.876690 4.877512 7.013592 4.689532 5.960804 -0.521991 4.902512 4.621207 1.785684 5.171787 4.768844 4.072051 5.995443 4.330820
75 -0.943236 -1.178313 1.213363 -1.045862 -0.015980 0.087716 1.258907 0.393295 0.348536 -0.821435 -0.044527 -1.187451 -1.483465 -0.857491 0.569041 -0.479359 1.223223 -0.657868 0.678099 -1.383640 -1.418288 -0.136444 -0.211800 -0.804250 -1.815235 0.066017 0.120701 -0.409353 -0.427415 -0.696046 -0.044614 -1.299327 -0.515659 -0.540156 0.410913 0.148271 0.887974 -0.824552 0.704848 0.761065 -2.419313 -0.078869 -0.747436 -0.208768 1.307198 0.556843 -0.359632 1.428481 1.940635 -0.706833
76 1.134821 -1.483285 1.562288 2.342318 -0.371950 -1.137387 -0.423340 0.977002 0.584726 0.179888 -1.496997 -0.326826 -1.348922 1.777496 -1.139411 -1.703368 -1.476357 -0.308632 -1.049583 1.360057 0.498112 0.600441 -1.676005 -1.556329 -0.008920 1.576242 0.371781 -0.055286 0.021671 -1.160008 -1.450924 0.869525 0.275506 -0.287226 -0.396697 -0.893236 0.239358 -0.891661 -0.826669 0.783900 -0.189328 -2.638137 -0.924808 0.986945 1.539149 0.988570 1.534769 1.039868 -1.065153 0.056819
77 -0.063774 1.121346 -0.660193 -0.584445 0.992493 0.776407 0.034197 1.487877 -0.409891 -0.382938 0.994846 0.473310 0.821463 -1.136846 -0.825669 0.651756 -0.112027 -0.488357 -0.874733 0.533639 0.836199 1.223728 -0.635477 -0.804779 -0.305912 0.410216 1.058276 1.407471 0.104602 0.029252 1.450602 1.194991 -1.061249 0.156316 -2.250325 1.546135 0.184690 1.846594 0.606351 -1.214437 -0.990185 1.308471 -0.191144 -0.517206 1.438087 1.335109 -0.109452 0.017165 0.032029 0.369024
78 -0.001499 -0.775456 0.988607 -0.250560 -0.632066 -0.491966 0.782066 0.689916 1.086816 -0.454000 0.191135 0.972171 -0.078393 0.311538 -0.176421 0.880377 1.312348 -1.195990 -0.015888 0.295291 -2.042811 1.031887 0.738427 -2.137151 -0.635503 1.136433 -0.601522 -1.241528 -2.398853 -0.206447 0.850756 1.805233 -0.503818 -1.710383 -0.012454 -0.835713 -0.522353 -0.249694 -0.147628 1.486079 -0.439088 0.108745 0.809813 -0.936550 0.139591 1.397129 0.803856 2.287567 0.175274 -0.000764
79 -0.038849 -1.167253 0.691808 -0.928825 0.891556 -0.083715 -1.059241 1.266892 -0.521610 1.792903 -0.252548 -0.379508 1.573659 -0.830102 1.725891 0.534256 0.862912 -1.038780 -0.717169 -1.467825 -0.748122 1.192918 -2.250234 1.571256 0.467507 -1.086995 -0.542876 -0.522122 0.658538 1.373161 -0.616040 1.712611 0.197837 0.530873 -1.059460 1.889976 -0.279752 -1.554101 0.548412 -1.429559 -0.072912 1.274401 -2.377557 -0.574057 -1.099984 0.724351 1.202918 -0.430549 0.826467 -2.235165
80 -1.046834 0.874297 1.436436 1.182456 -1.849728 2.404641 0.900372 -0.056590 1.153679 -0.199035 0.701465 -0.806801 -1.419200 1.301745 -0.754017 1.619254 -1.765575 0.182159 1.430634 -2.034020 -0.497867 -1.164563 0.260305 0.459349 -1.897662 0.540543 -1.166697 0.206209 1.135875 0.249612 0.760577 1.933459 -0.053124 1.240205 -1.389134 0.240380 0.363492 0.640026 -2.507435 0.460087 -0.029754 0.850978 -1.196865 0.267353 0.850867 0.770014 0.112593 0.521792 -0.994918 1.578531
81 -2.549917 -0.418052 1.039055 0.668778 -1.058035 1.499622 -1.379362 0.536278 -0.371852 0.075980 2.473497 -0.040233 0.767457 -0.752815 -1.491978 1.072095 -0.601001 -0.168886 1.529940 -0.573257 1.340150 2.533787 -0.195578 0.571336 -0.055436 0.206771 0.125853 1.224884 2.844835 -0.341177 1.109656 -0.494320 -0.281939 0.438586 -0.592023 0.533085 1.898482 0.151616 2.080095 2.700972 -0.252110 -0.777596 -0.018801 -0.880044 0.326412 -0.137402 -0.323333 1.051063 0.766643 -1.040113
82 -0.356008 -1.062908 0.378803 -0.173676 0.775179 1.274699 1.060843 -0.153124 -0.678048 1.295588 -0.700855 -2.176135 0.673807 -0.383293 -0.673229 0.755195 -0.625402 -0.204674 -0.158840 -0.624039 0.766134 -0.436230 1.031060 0.138130 -0.827808 1.114543 0.277749 0.604394 0.131992 0.396496 0.677105 1.956682 0.576965 0.598957 0.043197 -1.957721 -0.472941 -0.209156 1.122215 1.107871 -0.172884 -0.832888 -0.077114 0.104075 0.330577 -0.016522 0.398433 -1.560736 -1.155527 -0.952538
83 4.874341 5.209928 5.234044 5.207356 -0.493417 6.168425 4.754149 4.823645 3.621282 5.836852 4.701714 4.391537 5.921512 5.874531 5.818094 4.828636 6.208047 -0.547394 3.927259 4.913210 5.770942 5.640330 5.325978 5.896301 4.891408 5.796528 3.719182 4.677978 5.389262 4.428732 5.104631 4.591625 4.266744 4.523990 4.105556 4.418569 5.802137 3.915704 5.458087 7.710364 4.929123 1.687242 4.484475 4.504254 -0.492703 5.836737 4.626174 5.587767 5.458296 4.113180
84 -1.263066 -1.214427 0.357807 0.406738 0.845113 0.384566 1.395031 0.423834 0.486593 -0.367273 -0.992690 0.623032 -0.093676 -2.385898 -0.196341 1.333138 -1.128333 -1.075546 -0.972344 -1.041354 0.715095 -0.615683 -0.061138 0.189551 0.047268 -0.558794 -2.153586 -0.937788 -0.928336 -1.384997 -1.315808 -0.774494 -0.771325 -0.754490 -1.005702 -0.369074 -1.559576 0.946458 0.694314 -0.767223 1.738383 -0.268647 -1.865878 0.135566 -1.461083 1.091743 -1.287180 1.418773 0.989892 0.670153
85 0.439439 -1.746877 1.069221 1.504655 0.162265 -0.404788 -1.014850 -0.617296 -0.569469 0.623421 -1.270581 0.717773 0.383370 -1.002599 0.790761 0.129390 -0.381878 -0.265261 0.288760 -0.529799 0.032654 0.220905 0.728026 -1.460860 0.033971 -1.172123 -0.034519 -1.961077 -0.383610 1.377876 0.178592 -0.472870 1.144268 -0.923765 -0.499295 -0.004831 0.066051 -0.985955 -0.285525 0.386658 0.325315 0.540272 1.455049 0.677844 0.462890 0.394079 -0.578831 0.537557 -0.224725 0.703514
86 -0.434765 -0.053153 -0.053248 -0.069776 -0.154768 0.510037 0.519116 -0.018235 -1.471407 -0.619574 -1.791447 1.158781 -1.002760 0.908962 -1.411090 0.238576 1.801601 -0.625146 0.456790 -0.424083 -0.925657 -0.006864 -1.193700 0.447159 1.530411 -0.951498 1.441636 -0.615868 1.273088 -0.898068 0.512721 0.395993 0.071020 0.812770 -2.005197 -0.409868 0.830589 -0.325063 -0.033872 1.306321 -0.919624 0.514733 -0.565024 -1.252797 0.878985 1.185710 -0.040013 -0.966844 -0.492472 0.834150
87 -1.166990 -1.929010 0.278658 1.887861 -0.153117 0.368849 -0.541067 -0.123303 -1.106007 0.330209 0.026340 -0.821570 -0.661607 0.892429 2.416253 0.197486 0.525431 -0.359692 -1.460618 -1.689994 -1.686416 0.462128 0.619051 -1.247297 1.219454 1.097901 0.456576 0.788775 -0.679837 -0.575958 -0.963675 -0.796493 0.254665 -0.694327 -0.517627 0.594305 -0.430624 0.928781 1.578131 1.209082 -1.606585 0.640243 -0.258184 -0.588531 -0.049248 1.398894 -1.137851 -1.140590 1.776289 0.848363
88 1.924253 1.055271 -0.460171 -0.730490 0.752956 1.186736 -1.080457 1.950638 -0.521102 0.674595 0.528959 -0.846749 -0.795130 -0.389372 1.335379 -0.211225 2.037710 0.628313 -0.865887 1.195116 -1.780183 0.731305 0.896030 -1.824282 0.096186 -0.295510 2.043507 0.226704 -1.438619 -1.810311 -0.205513 -0.581498 0.229999 -1.074059 -0.300404 -1.122637 -1.214603 0.173357 -0.727657 0.228157 0.122912 -0.176703 -0.978122 -0.133584 0.539949 1.051460 -1.085567 0.473028 -0.114313 0.604118
89 1.075631 -0.719278 0.458557 0.755224 -1.254574 -2.536229 -0.406065 -0.472880 -0.149408 0.086368 0.990166 0.579056 -0.658326 -0.452685 0.995075 0.017197 -0.428743 -0.664919 0.462497 -0.236691 -0.161933 -0.190414 0.222730 -0.905544 -0.115551 1.960880 0.352669 -0.883318 0.071254 -1.672183 -0.018798 -0.758770 -1.888986 -0.466139 1.053991 0.531286 -0.553275 -0.126596 2.329663 0.667316 -0.680894 0.654549 -0.363182 0.883313 -0.690678 0.941799 0.946731 -0.507187 2.061330 1.387341
90 -0.994760 -0.613492 0.718831 0.109007 0.024490 -0.102965 -1.289458 0.314178 0.145479 0.994626 -0.160181 0.895196 -0.894761 -0.396281 0.029819 -1.598659 1.275992 0.797682 -0.462789 0.262962 -0.707496 0.247286 -0.538446 -1.148541 -1.087647 -0.173382 0.745376 -2.451312 -0.868127 -1.586741 -1.030402 0.394881 -0.543712 -0.886670 0.652991 1.033857 2.326826 0.933467 -1.054809 1.689332 -0.382092 0.092411 1.261024 0.797581 1.678685 -0.996031 -0.245077 0.974187 -1.424010 1.670376
91 -0.083184 2.435413 -0.486103 -0.829040 -1.046927 -0.018174 0.782611 -0.434793 0.750901 0.348834 -0.895466 -0.541968 -0.315858 2.359166 -0.034054 -1.692351 0.269937 -0.420478 -0.697064 -0.424214 0.171956 0.312112 -0.397843 1.831380 -0.056488 -0.187338 -0.864884 -0.953950 0.753989 0.559395 -0.251752 1.523995 -1.244965 0.010818 0.004316 0.361563 2.233838 1.607556 1.033489 1.357680 -0.074058 0.028719 -0.659575 0.435816 0.541712 1.454145 -1.352501 -2.364722 -1.610132 1.153602
92 -0.599375 1.405615 1.272312 0.711122 1.245056 1.780520 -0.411295 1.844219 0.320579 -0.194059 1.602396 -0.791644 0.995169 -0.167382 -0.785202 0.247322 1.388424 -0.680527 -1.596813 2.176272 1.123430 -0.749844 0.173728 -0.560153 1.335331 -1.496827 -0.117940 0.329063 -1.168827 -0.739157 -0.806449 0.469937 -0.094271 -0.061309 0.160256 1.040851 -0.964342 0.415111 0.985261 -0.088717 -0.460310 0.534370 -0.891993 0.958743 -0.330759 0.035297 0.598202 0.059810 2.096629 0.755877
93 5.507524 4.546965 5.292458 6.739087 0.534717 6.480953 5.753751 5.419282 4.948592 5.935395 4.993207 2.787661 5.822654 6.880100 3.091060 6.055505 3.901925 -0.082549 3.612729 4.007220 5.863358 5.505753 3.838049 4.161139 5.760370 3.759865 5.048722 5.934364 6.127606 5.408939 6.705599 4.386743 5.225683 5.184531 4.699552 4.796500 5.807608 4.521069 3.363708 4.622844 4.321904 -0.914769 4.345313 5.607390 2.146685 4.909387 6.943677 6.513599 4.094158 3.564206
94 4.681367 6.428913 5.762232 4.140004 -0.037601 6.854663 6.799392 5.651649 5.803384 4.172423 4.361142 3.854965 4.938028 4.266502 4.822090 4.818610 4.582996 -1.221363 5.503020 3.596509 3.578912 5.978437 5.779321 6.081236 6.472999 5.592353 6.294503 4.795842 3.462100 4.968660 5.840983 5.295725 6.604138 5.123834 2.980057 5.131607 3.333430 4.395320 4.202775 5.786961 4.059479 0.443852 6.896748 3.756513 0.186705 5.379922 5.537696 4.172624 2.885785 4.632687
95 0.353932 -0.160769 -0.378129 1.146271 -0.593202 1.683069 0.854351 -0.049209 -0.101715 -0.509647 -0.612224 -0.013924 0.621669 -0.013764 0.435280 -0.001327 -1.364945 -0.640563 -1.595928 1.109031 0.267360 1.022229 0.823688 -0.587233 0.636640 -0.477822 0.378510 -1.643966 -0.504020 0.560378 -1.252997 -0.135576 0.062453 1.238417 -0.042838 2.762540 1.439513 -0.296985 0.130438 0.285535 -0.007039 -1.690318 0.195811 0.520799 -1.291620 -0.779143 0.588536 0.198262 -0.019316 -0.071788
96 -0.900448 1.218506 -0.558954 0.022946 -1.673997 -1.283127 0.478266 1.967695 -1.007151 -0.138088 2.747566 0.456276 0.564036 -0.446862 -2.378645 -0.069142 -0.388756 0.569820 0.007396 1.057778 -1.542608 -0.210204 -0.272882 0.850579 -0.941794 1.079487 -0.137647 -0.750160 -0.004667 1.337371 2.035020 0.753370 -2.674707 0.975928 0.645627 0.017739 0.469522 -1.360278 -0.511867 -0.385245 -0.821641 2.111083 -1.397632 0.307046 0.767313 0.871135 -1.249581 0.799105 0.778798 -0.116101
97 -0.178871 -0.556080 0.279467 1.634537 0.369469 -0.396055 -0.187949 -0.460485 -1.412765 -0.855870 -0.476834 -1.568532 0.961310 0.866128 -1.336397 -0.968297 2.066040 -2.259342 -2.328228 0.692218 1.141998 -0.903665 0.778720 0.695746 0.644601 0.629850 0.454913 -0.405896 -0.930130 -1.720714 0.041332 1.904379 0.846579 0.705848 0.956578 1.142641 1.048106 -0.412470 0.409810 -1.422358 0.228905 -0.022760 0.277382 -0.489307 -1.118450 0.192265 1.239569 0.275461 -0.552882 -0.073456
98 -2.016909 -2.020692 -1.770190 -0.169815 0.254590 0.001091 0.269210 -0.791407 -1.195436 0.919331 -1.140052 -0.102540 0.259020 1.509257 -0.001985 -0.831303 1.428397 0.198823 -1.181282 2.773591 -1.175176 0.907327 0.789375 0.612129 -0.494362 1.235575 0.487942 -0.044433 -0.043142 -0.063976 -0.966668 -0.070467 -0.306494 0.854952 0.126911 -0.711982 0.368716 -1.220280 -0.522691 0.247269 1.193781 0.723669 -1.810681 0.879724 -0.796665 0.705999 -1.234680 0.080600 1.147562 1.039245
99 -1.593102 1.217903 1.443923 -0.823789 2.176850 0.669543 0.564652 0.026130 0.370619 -0.504669 1.707254 -0.970366 0.687620 -1.099310 0.273107 1.232837 -0.367403 2.626939 0.314527 -2.146846 0.440221 -1.046997 -0.927543 -0.403229 0.573418 -1.351807 1.167751 -0.687050 0.162918 1.316996 0.094954 -0.516362 0.206118 0.111081 1.205271 1.197130 -1.503512 0.146435 -0.352829 0.102016 0.716212 0.276899 -0.227412 0.332544 -0.021933 0.112106 0.314704 0.479312 1.012380 0.127250
END
#################################################################
SECTION3 (Edges Information)
EndPoint0 EndPoint1 Weight
0 1 1.000000
0 9 1.000000
0 10 1.000000
0 90 1.000000
1 0 1.000000
1 2 1.000000
1 11 1.000000
1 91 1.000000
2 1 1.000000
2 3 1.000000
2 12 1.000000
2 92 1.000000
3 2 1.000000
3 4 1.000000
3 13 1.000000
3 93 1.000000
4 3 1.000000
4 5 1.000000
4 14 1.000000
4 94 1.000000
5 4 1.000000
5 6 1.000000
5 15 1.000000
5 95 1.000000
6 5 1.000000
6 7 1.000000
6 16 1.000000
6 96 1.000000
7 6 1.000000
7 8 1.000000
7 17 1.000000
7 97 1.000000
8 7 1.000000
8 9 1.000000
8 18 1.000000
8 98 1.000000
9 0 1.000000
9 8 1.000000
9 19 1.000000
9 99 1.000000
10 0 1.000000
10 11 1.000000
10 19 1.000000
10 20 1.000000
11 1 1.000000
11 10 1.000000
11 12 1.000000
11 21 1.000000
12 2 1.000000
12 11 1.000000
12 13 1.000000
12 22 1.000000
13 3 1.000000
13 12 1.000000
13 14 1.000000
13 23 1.000000
14 4 1.000000
14 13 1.000000
14 15 1.000000
14 24 1.000000
15 5 1.000000
15 14 1.000000
15 16 1.000000
15 25 1.000000
16 6 1.000000
16 15 1.000000
16 17 1.000000
16 26 1.000000
17 7 1.000000
17 16 1.000000
17 18 1.000000
17 27 1.000000
18 8 1.000000
18 17 1.000000
18 19 1.000000
18 28 1.000000
19 9 1.000000
19 10 1.000000
19 18 1.000000
19 29 1.000000
20 10 1.000000
20 21 1.000000
20 29 1.000000
20 30 1.000000
21 11 1.000000
21 20 1.000000
21 22 1.000000
21 31 1.000000
22 12 1.000000
22 21 1.000000
22 23 1.000000
22 32 1.000000
23 13 1.000000
23 22 1.000000
23 24 1.000000
23 33 1.000000
24 14 1.000000
24 23 1.000000
24 25 1.000000
24 34 1.000000
25 15 1.000000
25 24 1.000000
25 26 1.000000
25 35 1.000000
26 16 1.000000
26 25 1.000000
26 27 1.000000
26 36 1.000000
27 17 1.000000
27 26 1.000000
27 28 1.000000
27 37 1.000000
28 18 1.000000
28 27 1.000000
28 29 1.000000
28 38 1.000000
29 19 1.000000
29 20 1.000000
29 28 1.000000
29 39 1.000000
30 20 1.000000
30 31 1.000000
30 39 1.000000
30 40 1.000000
31 21 1.000000
31 30 1.000000
31 32 1.000000
31 41 1.000000
32 22 1.000000
32 31 1.000000
32 33 1.000000
32 42 1.000000
33 23 1.000000
33 32 1.000000
33 34 1.000000
33 43 1.000000
34 24 1.000000
34 33 1.000000
34 35 1.000000
34 44 1.000000
35 25 1.000000
35 34 1.000000
35 36 1.000000
35 45 1.000000
36 26 1.000000
36 35 1.000000
36 37 1.000000
36 46 1.000000
37 27 1.000000
37 36 1.000000
37 38 1.000000
37 47 1.000000
38 28 1.000000
38 37 1.000000
38 39 1.000000
38 48 1.000000
39 29 1.000000
39 30 1.000000
39 38 1.000000
39 49 1.000000
40 30 1.000000
40 41 1.000000
40 49 1.000000
40 50 1.000000
41 31 1.000000
41 40 1.000000
41 42 1.000000
41 51 1.000000
42 32 1.000000
42 41 1.000000
42 43 1.000000
42 52 1.000000
43 33 1.000000
43 42 1.000000
43 44 1.000000
43 53 1.000000
44 34 1.000000
44 43 1.000000
44 45 1.000000
44 54 1.000000
45 35 1.000000
45 44 1.000000
45 46 1.000000
45 55 1.000000
46 36 1.000000
46 45 1.000000
46 47 1.000000
46 56 1.000000
47 37 1.000000
47 46 1.000000
47 48 1.000000
47 57 1.000000
48 38 1.000000
48 47 1.000000
48 49 1.000000
48 58 1.000000
49 39 1.000000
49 40 1.000000
49 48 1.000000
49 59 1.000000
50 40 1.000000
50 51 1.000000
50 59 1.000000
50 60 1.000000
51 41 1.000000
51 50 1.000000
51 52 1.000000
51 61 1.000000
52 42 1.000000
52 51 1.000000
52 53 1.000000
52 62 1.000000
53 43 1.000000
53 52 1.000000
53 54 1.000000
53 63 1.000000
54 44 1.000000
54 53 1.000000
54 55 1.000000
54 64 1.000000
55 45 1.000000
55 54 1.000000
55 56 1.000000
55 65 1.000000
56 46 1.000000
56 55 1.000000
56 57 1.000000
56 66 1.000000
57 47 1.000000
57 56 1.000000
57 58 1.000000
57 67 1.000000
58 48 1.000000
58 57 1.000000
58 59 1.000000
58 68 1.000000
59 49 1.000000
59 50 1.000000
59 58 1.000000
59 69 1.000000
60 50 1.000000
60 61 1.000000
60 69 1.000000
60 70 1.000000
61 51 1.000000
61 60 1.000000
61 62 1.000000
61 71 1.000000
62 52 1.000000
62 61 1.000000
62 63 1.000000
62 72 1.000000
63 53 1.000000
63 62 1.000000
63 64 1.000000
63 73 1.000000
64 54 1.000000
64 63 1.000000
64 65 1.000000
64 74 1.000000
65 55 1.000000
65 64 1.000000
65 66 1.000000
65 75 1.000000
66 56 1.000000
66 65 1.000000
66 67 1.000000
66 76 1.000000
67 57 1.000000
67 66 1.000000
67 68 1.000000
67 77 1.000000
68 58 1.000000
68 67 1.000000
68 69 1.000000
68 78 1.000000
69 59 1.000000
69 60 1.000000
69 68 1.000000
69 79 1.000000
70 60 1.000000
70 71 1.000000
70 79 1.000000
70 80 1.000000
71 61 1.000000
71 70 1.000000
71 72 1.000000
71 81 1.000000
72 62 1.000000
72 71 1.000000
72 73 1.000000
72 82 1.000000
73 63 1.000000
73 72 1.000000
73 74 1.000000
73 83 1.000000
74 64 1.000000
74 73 1.000000
74 75 1.000000
74 84 1.000000
75 65 1.000000
75 74 1.000000
75 76 1.000000
75 85 1.000000
76 66 1.000000
76 75 1.000000
76 77 1.000000
76 86 1.000000
77 67 1.000000
77 76 1.000000
77 78 1.000000
77 87 1.000000
78 68 1.000000
78 77 1.000000
78 79 1.000000
78 88 1.000000
79 69 1.000000
79 70 1.000000
79 78 1.000000
79 89 1.000000
80 70 1.000000
80 81 1.000000
80 89 1.000000
80 90 1.000000
81 71 1.000000
81 80 1.000000
81 82 1.000000
81 91 1.000000
82 72 1.000000
82 81 1.000000
82 83 1.000000
82 92 1.000000
83 73 1.000000
83 82 1.000000
83 84 1.000000
83 93 1.000000
84 74 1.000000
84 83 1.000000
84 85 1.000000
84 94 1.000000
85 75 1.000000
85 84 1.000000
85 86 1.000000
85 95 1.000000
86 76 1.000000
86 85 1.000000
86 87 1.000000
86 96 1.000000
87 77 1.000000
87 86 1.000000
87 88 1.000000
87 97 1.000000
88 78 1.000000
88 87 1.000000
88 89 1.000000
88 98 1.000000
89 79 1.000000
89 80 1.000000
89 88 1.000000
89 99 1.000000
90 0 1.000000
90 80 1.000000
90 91 1.000000
90 99 1.000000
91 1 1.000000
91 81 1.000000
91 90 1.000000
91 92 1.000000
92 2 1.000000
92 82 1.000000
92 91 1.000000
92 93 1.000000
93 3 1.000000
93 83 1.000000
93 92 1.000000
93 94 1.000000
94 4 1.000000
94 84 1.000000
94 93 1.000000
94 95 1.000000
95 5 1.000000
95 85 1.000000
95 94 1.000000
95 96 1.000000
96 6 1.000000
96 86 1.000000
96 95 1.000000
96 97 1.000000
97 7 1.000000
97 87 1.000000
97 96 1.000000
97 98 1.000000
98 8 1.000000
98 88 1.000000
98 97 1.000000
98 99 1.000000
99 9 1.000000
99 89 1.000000
99 90 1.000000
99 98 1.000000
END
#################################################################
SECTION4 (TrueSubGraph Information)
EndPoint0 EndPoint1 Weight
4 94 1.0
4 3 1.0
3 93 1.0
93 83 1.0
83 73 1.0
73 63 1.0
73 74 1.0
74 64 1.0
64 54 1.0
END
#################################################################
SECTION5 (Labels Information)
1 1 1 1 0 1 1 1 1 1 1 1 1 1 1 1 1 0 1 1 1 1 1 1 1 1 1 1 1 1 1 1 1 1 1 1 1 1 1 1 1 0 1 1 0 1 1 1 1 1 
END
#################################################################
SECTION6 (bt Information)
5 5 5 5 -5 5 5 5 5 5 5 5 5 5 5 5 5 -5 5 5 5 5 5 5 5 5 5 5 5 5 5 5 5 5 5 5 5 5 5 5 5 -5 5 5 -5 5 5 5 5 5 
END
#################################################################
