0.9260869565217391 0.568 0.7041322314049587 5835.254825459387
0.9507575757575758 0.6693333333333333 0.7856025039123631 7210.260233298918
0.9139784946236559 0.68 0.779816513761468 6900.254815425142
0.9272030651340997 0.6453333333333333 0.7610062893081762 6803.99312395568
0.9372549019607843 0.6373333333333333 0.7587301587301587 6901.920650432268
0.9291044776119403 0.664 0.7744945567651633 6824.639090771413
0.9400749063670412 0.6693333333333333 0.7819314641744548 7139.639529449015
0.9215686274509803 0.6266666666666667 0.746031746031746 6642.134656782289
0.9411764705882353 0.6826666666666666 0.7913446676970634 7057.593592021782
0.947565543071161 0.6746666666666666 0.7881619937694704 6909.72739179163
0.914179104477612 0.6533333333333333 0.7620528771384136 6489.085369458413
0.933852140077821 0.64 0.759493670886076 6578.956665123313
0.9442231075697212 0.632 0.757188498402556 6686.221208718112
0.9251968503937008 0.6266666666666667 0.7472178060413355 6602.566106562984
0.9496124031007752 0.6533333333333333 0.7740916271721959 6871.125437492146
0.9341085271317829 0.6426666666666667 0.7614533965244865 6542.826108231788
0.9389312977099237 0.656 0.7723704866562009 6856.7581136972685
0.9126984126984127 0.6133333333333333 0.733652312599681 6097.892474124991
0.9333333333333333 0.672 0.7813953488372094 6854.759400268839
0.9538461538461539 0.6613333333333333 0.7811023622047244 6960.745106263421
0.95703125 0.6533333333333333 0.7765451664025357 6901.775000147928
0.9516129032258065 0.6293333333333333 0.7576243980738363 6682.9491116527415
0.9037656903765691 0.576 0.7035830618892508 6112.426997667785
0.9191489361702128 0.576 0.7081967213114754 5861.883299368652
0.9459459459459459 0.6533333333333333 0.7728706624605678 6737.466769526111
0.952 0.6346666666666667 0.7615999999999999 6883.440253832452
0.9206349206349206 0.6186666666666667 0.7400318979266348 6216.553795481432
0.9455252918287937 0.648 0.768987341772152 6688.799027667534
0.9565217391304348 0.6453333333333333 0.7707006369426752 6872.118998513481
0.9365079365079365 0.6293333333333333 0.7527910685805422 6442.910731449017
0.9425287356321839 0.656 0.7735849056603773 6943.2085547635115
0.9584905660377359 0.6773333333333333 0.7937500000000001 7043.067898963183
0.9243027888446215 0.6186666666666667 0.7412140575079873 6489.175008979242
0.9568627450980393 0.6506666666666666 0.7746031746031746 6841.948354594412
0.9398496240601504 0.6666666666666666 0.7800312012480499 6836.576108161617
0.9256198347107438 0.5973333333333334 0.7260940032414912 6107.556342474543
0.9274193548387096 0.6133333333333333 0.7383627608346709 6369.944590769778
0.9428571428571428 0.704 0.8061068702290076 7081.223127038001
0.9053497942386831 0.5866666666666667 0.7119741100323623 6066.831587648385
0.9362549800796812 0.6266666666666667 0.7507987220447285 6956.921012506512
0.9385245901639344 0.6106666666666667 0.7399030694668821 6598.034562856392
0.8923076923076924 0.6186666666666667 0.7307086614173229 6133.0407049528785
0.92 0.6133333333333333 0.7360000000000001 6672.04341263341
0.9386973180076629 0.6533333333333333 0.7704402515723271 6870.565745925053
0.921875 0.6293333333333333 0.7480190174326465 6355.962695039124
0.9343629343629344 0.6453333333333333 0.7634069400630916 6782.589442918593
0.9529411764705882 0.648 0.7714285714285715 6631.656826271881
0.9148148148148149 0.6586666666666666 0.765891472868217 6552.350404216784
0.9398496240601504 0.6666666666666666 0.7800312012480499 7076.500228609506
0.9233870967741935 0.6106666666666667 0.7351524879614767 6182.193743181428
