0.9442379182156134 0.6773333333333333 0.7888198757763975 6903.059653483988
0.9878419452887538 0.8666666666666667 0.9232954545454545 9048.132587109594
0.9094650205761317 0.5893333333333334 0.715210355987055 6167.235555888233
0.8413793103448276 0.3253333333333333 0.46923076923076923 3010.087227776737
0.910377358490566 0.5146666666666667 0.657580919931857 5396.182728217214
0.9415204678362573 0.8586666666666667 0.898186889818689 8416.45302807095
0.9221789883268483 0.632 0.7500000000000001 6706.016527922334
0.9432989690721649 0.976 0.9593709043250328 9114.166996542139
0.9138576779026217 0.6506666666666666 0.7601246105919003 6567.761926737098
0.9446640316205533 0.6373333333333333 0.7611464968152867 6646.12296107897
0.9807162534435262 0.9493333333333334 0.9647696476964771 8958.560150774674
0.9738562091503268 0.7946666666666666 0.8751835535976504 8123.06148335297
0.5967741935483871 0.09866666666666667 0.16933638443935928 662.2399611256354
0.9335038363171355 0.9733333333333334 0.9530026109660574 8927.514834955957
0.9402390438247012 0.6293333333333333 0.7539936102236422 6606.2040456927
0.9741100323624595 0.8026666666666666 0.8801169590643275 8131.042287758545
0.9440298507462687 0.6746666666666666 0.7869362363919128 7057.865041178603
0.9827089337175793 0.9093333333333333 0.9445983379501386 8874.971535611221
0.8863636363636364 0.416 0.5662431941923775 4035.1709043185965
0.9383886255924171 0.528 0.6757679180887372 5560.175599129156
0.9494584837545126 0.7013333333333334 0.8067484662576686 7277.05472266224
0.6290322580645161 0.104 0.17848970251716245 764.6281963820757
0.9913544668587896 0.9173333333333333 0.9529085872576178 9280.188621062778
0.8606060606060606 0.37866666666666665 0.5259259259259259 3712.2600070056146
0.9578544061302682 0.6666666666666666 0.7861635220125786 6899.889467052661
0.9547169811320755 0.6746666666666666 0.790625 7261.064260968843
0.6237623762376238 0.168 0.2647058823529412 1129.639814517482
0.9480874316939891 0.9253333333333333 0.9365721997300945 8531.698584732247
0.952 0.6346666666666667 0.7615999999999999 6736.753545157365
0.9971428571428571 0.9306666666666666 0.9627586206896552 8746.63531352265
0.9684542586750788 0.8186666666666667 0.8872832369942196 8557.12293053029
0.9540229885057471 0.664 0.7830188679245284 6820.459130106567
0.9210526315789473 0.6533333333333333 0.7644305772230889 6740.449385816059
0.9555555555555556 0.688 0.8 7254.75773363016
0.9695121951219512 0.848 0.9046941678520625 8322.677121143497
0.930327868852459 0.6053333333333333 0.7334410339256865 6120.208649608236
0.7951807228915663 0.352 0.48798521256931604 3245.696410208842
0.9697986577181208 0.7706666666666667 0.8588410104011889 7816.739363175256
0.8369565217391305 0.4106666666666667 0.5509838998211092 3919.7644779278226
0.9162790697674419 0.5253333333333333 0.6677966101694915 5713.841608659199
0.976897689768977 0.7893333333333333 0.873156342182891 8331.090397832926
0.823943661971831 0.312 0.4526112185686654 2913.9789256906215
0.9850746268656716 0.88 0.9295774647887323 9058.208609810968
0.47692307692307695 0.08266666666666667 0.1409090909090909 470.0600747591232
0.6753246753246753 0.13866666666666666 0.2300884955752212 1027.6551991244344
0.93359375 0.6373333333333333 0.757527733755943 6705.221118072494
0.6436781609195402 0.14933333333333335 0.24242424242424243 955.6713389531982
0.9399293286219081 0.7093333333333334 0.8085106382978723 7253.729646970114
0.916 0.6106666666666667 0.7327999999999999 6516.890105569202
0.9317269076305221 0.6186666666666667 0.7435897435897436 6248.943299185104
