1.0 0.9 0.9473684210526316 0.371
0.8333333333333334 1.0 0.9090909090909091 0.295
0.13636363636363635 0.3 0.18749999999999997 0.173
0.125 0.5 0.2 0.109
0.1 0.5 0.16666666666666669 0.09
0.13559322033898305 0.8 0.23188405797101452 0.061
0.1 0.7 0.175 0.079
0.11764705882352941 1.0 0.21052631578947367 0.226
0.10989010989010989 1.0 0.198019801980198 0.309
0.10101010101010101 1.0 0.1834862385321101 0.056
1.0 0.9 0.9473684210526316 0.431
0.5263157894736842 1.0 0.6896551724137931 0.275
0.037037037037037035 0.1 0.05405405405405406 0.135
0.10416666666666667 0.5 0.1724137931034483 0.1
0.13725490196078433 0.7 0.2295081967213115 0.077
0.078125 0.5 0.13513513513513514 0.094
0.11428571428571428 0.8 0.19999999999999998 0.105
0.12345679012345678 1.0 0.21978021978021975 0.076
0.11235955056179775 1.0 0.20202020202020202 0.059
0.1 1.0 0.18181818181818182 0.22
